           1           1  0.000000000000000E+000 -8.047945205476136E-018
           1           2  0.000000000000000E+000 -1.695205479451534E-017
           2           1  0.000000000000000E+000 -8.047945205474908E-018
           2           2  0.000000000000000E+000 -1.695205479451502E-017
           3           1  0.000000000000000E+000 -8.047945205475532E-018
           3           2  0.000000000000000E+000 -1.695205479451497E-017
           4           1  0.000000000000000E+000 -8.047945205475065E-018
           4           2  0.000000000000000E+000 -1.695205479451465E-017
           5           1  0.000000000000000E+000 -8.047945205474889E-018
           5           2  0.000000000000000E+000 -1.695205479451245E-017
           6           1  0.000000000000000E+000 -8.047945205474709E-018
           6           2  0.000000000000000E+000 -1.695205479451185E-017
           7           1  0.000000000000000E+000 -8.047945205474057E-018
           7           2  0.000000000000000E+000 -1.695205479451152E-017
           8           1  0.000000000000000E+000 -8.047945205475239E-018
           8           2  0.000000000000000E+000 -1.695205479451049E-017
           9           1  0.000000000000000E+000 -8.047945205471833E-018
           9           2  0.000000000000000E+000 -1.695205479450803E-017
          10           1  0.000000000000000E+000 -8.047945205469768E-018
          10           2  0.000000000000000E+000 -1.695205479450722E-017
          11           1  0.000000000000000E+000 -8.047945205470831E-018
          11           2  0.000000000000000E+000 -1.695205479450768E-017
          12           1  0.000000000000000E+000 -8.047945205472718E-018
          12           2  0.000000000000000E+000 -1.695205479451133E-017
          13           1  0.000000000000000E+000 -8.047945205477692E-018
          13           2  0.000000000000000E+000 -1.695205479451663E-017
          14           1  0.000000000000000E+000 -8.047945205482419E-018
          14           2  0.000000000000000E+000 -1.695205479452580E-017
          15           1  0.000000000000000E+000 -8.047945205484843E-018
          15           2  0.000000000000000E+000 -1.695205479453022E-017
          16           1  0.000000000000000E+000 -8.047945205481527E-018
          16           2  0.000000000000000E+000 -1.695205479452398E-017
          17           1  0.000000000000000E+000 -8.047945205480837E-018
          17           2  0.000000000000000E+000 -1.695205479452326E-017
          18           1  0.000000000000000E+000 -8.047945205479880E-018
          18           2  0.000000000000000E+000 -1.695205479452406E-017
          19           1  0.000000000000000E+000 -8.047945205479304E-018
          19           2  0.000000000000000E+000 -1.695205479452230E-017
          20           1  0.000000000000000E+000 -8.047945205482505E-018
          20           2  0.000000000000000E+000 -1.695205479452280E-017
          21           1  0.000000000000000E+000 -8.047945205475945E-018
          21           2  0.000000000000000E+000 -1.695205479451435E-017
          22           1  0.000000000000000E+000 -8.047945205475808E-018
          22           2  0.000000000000000E+000 -1.695205479451508E-017
          23           1  0.000000000000000E+000 -8.047945205475496E-018
          23           2  0.000000000000000E+000 -1.695205479451514E-017
          24           1  0.000000000000000E+000 -8.047945205475358E-018
          24           2  0.000000000000000E+000 -1.695205479451432E-017
          25           1  0.000000000000000E+000 -8.047945205474233E-018
          25           2  0.000000000000000E+000 -1.695205479451307E-017
          26           1  0.000000000000000E+000 -8.047945205473971E-018
          26           2  0.000000000000000E+000 -1.695205479451237E-017
          27           1  0.000000000000000E+000 -8.047945205475187E-018
          27           2  0.000000000000000E+000 -1.695205479451250E-017
          28           1  0.000000000000000E+000 -8.047945205476000E-018
          28           2  0.000000000000000E+000 -1.695205479451142E-017
          29           1  0.000000000000000E+000 -8.047945205472504E-018
          29           2  0.000000000000000E+000 -1.695205479450988E-017
          30           1  0.000000000000000E+000 -8.047945205469884E-018
          30           2  0.000000000000000E+000 -1.695205479450816E-017
          31           1  0.000000000000000E+000 -8.047945205470500E-018
          31           2  0.000000000000000E+000 -1.695205479451003E-017
          32           1  0.000000000000000E+000 -8.047945205472349E-018
          32           2  0.000000000000000E+000 -1.695205479451142E-017
          33           1  0.000000000000000E+000 -8.047945205476398E-018
          33           2  0.000000000000000E+000 -1.695205479451728E-017
          34           1  0.000000000000000E+000 -8.047945205481176E-018
          34           2  0.000000000000000E+000 -1.695205479452294E-017
          35           1  0.000000000000000E+000 -8.047945205483006E-018
          35           2  0.000000000000000E+000 -1.695205479452616E-017
          36           1  0.000000000000000E+000 -8.047945205480208E-018
          36           2  0.000000000000000E+000 -1.695205479452056E-017
          37           1  0.000000000000000E+000 -8.047945205481646E-018
          37           2  0.000000000000000E+000 -1.695205479452458E-017
          38           1  0.000000000000000E+000 -8.047945205482624E-018
          38           2  0.000000000000000E+000 -1.695205479452848E-017
          39           1  0.000000000000000E+000 -8.047945205480487E-018
          39           2  0.000000000000000E+000 -1.695205479452313E-017
          40           1  0.000000000000000E+000 -8.047945205480666E-018
          40           2  0.000000000000000E+000 -1.695205479452157E-017
          41           1  0.000000000000000E+000 -8.047945205475131E-018
          41           2  0.000000000000000E+000 -1.695205479451269E-017
          42           1  0.000000000000000E+000 -8.047945205476053E-018
          42           2  0.000000000000000E+000 -1.695205479451399E-017
          43           1  0.000000000000000E+000 -8.047945205476339E-018
          43           2  0.000000000000000E+000 -1.695205479451684E-017
          44           1  0.000000000000000E+000 -8.047945205475717E-018
          44           2  0.000000000000000E+000 -1.695205479451587E-017
          45           1  0.000000000000000E+000 -8.047945205474527E-018
          45           2  0.000000000000000E+000 -1.695205479451457E-017
          46           1  0.000000000000000E+000 -8.047945205473808E-018
          46           2  0.000000000000000E+000 -1.695205479451195E-017
          47           1  0.000000000000000E+000 -8.047945205475211E-018
          47           2  0.000000000000000E+000 -1.695205479451206E-017
          48           1  0.000000000000000E+000 -8.047945205476082E-018
          48           2  0.000000000000000E+000 -1.695205479451226E-017
          49           1  0.000000000000000E+000 -8.047945205472310E-018
          49           2  0.000000000000000E+000 -1.695205479451050E-017
          50           1  0.000000000000000E+000 -8.047945205470327E-018
          50           2  0.000000000000000E+000 -1.695205479450831E-017
          51           1  0.000000000000000E+000 -8.047945205471038E-018
          51           2  0.000000000000000E+000 -1.695205479451029E-017
          52           1  0.000000000000000E+000 -8.047945205473469E-018
          52           2  0.000000000000000E+000 -1.695205479451353E-017
          53           1  0.000000000000000E+000 -8.047945205475439E-018
          53           2  0.000000000000000E+000 -1.695205479451595E-017
          54           1  0.000000000000000E+000 -8.047945205479683E-018
          54           2  0.000000000000000E+000 -1.695205479452278E-017
          55           1  0.000000000000000E+000 -8.047945205481276E-018
          55           2  0.000000000000000E+000 -1.695205479452577E-017
          56           1  0.000000000000000E+000 -8.047945205479076E-018
          56           2  0.000000000000000E+000 -1.695205479452102E-017
          57           1  0.000000000000000E+000 -8.047945205484309E-018
          57           2  0.000000000000000E+000 -1.695205479453011E-017
          58           1  0.000000000000000E+000 -8.047945205481963E-018
          58           2  0.000000000000000E+000 -1.695205479452365E-017
          59           1  0.000000000000000E+000 -8.047945205482085E-018
          59           2  0.000000000000000E+000 -1.695205479452200E-017
          60           1  0.000000000000000E+000 -8.047945205479710E-018
          60           2  0.000000000000000E+000 -1.695205479452250E-017
          61           1  0.000000000000000E+000 -8.047945205476476E-018
          61           2  0.000000000000000E+000 -1.695205479451554E-017
          62           1  0.000000000000000E+000 -8.047945205477031E-018
          62           2  0.000000000000000E+000 -1.695205479451475E-017
          63           1  0.000000000000000E+000 -8.047945205477832E-018
          63           2  0.000000000000000E+000 -1.695205479451775E-017
          64           1  0.000000000000000E+000 -8.047945205476863E-018
          64           2  0.000000000000000E+000 -1.695205479451619E-017
          65           1  0.000000000000000E+000 -8.047945205474131E-018
          65           2  0.000000000000000E+000 -1.695205479451171E-017
          66           1  0.000000000000000E+000 -8.047945205474800E-018
          66           2  0.000000000000000E+000 -1.695205479451157E-017
          67           1  0.000000000000000E+000 -8.047945205476176E-018
          67           2  0.000000000000000E+000 -1.695205479451420E-017
          68           1  0.000000000000000E+000 -8.047945205475940E-018
          68           2  0.000000000000000E+000 -1.695205479451448E-017
          69           1  0.000000000000000E+000 -8.047945205473792E-018
          69           2  0.000000000000000E+000 -1.695205479451224E-017
          70           1  0.000000000000000E+000 -8.047945205469786E-018
          70           2  0.000000000000000E+000 -1.695205479450855E-017
          71           1  0.000000000000000E+000 -8.047945205471400E-018
          71           2  0.000000000000000E+000 -1.695205479450978E-017
          72           1  0.000000000000000E+000 -8.047945205473614E-018
          72           2  0.000000000000000E+000 -1.695205479451197E-017
          73           1  0.000000000000000E+000 -8.047945205474204E-018
          73           2  0.000000000000000E+000 -1.695205479451392E-017
          74           1  0.000000000000000E+000 -8.047945205479282E-018
          74           2  0.000000000000000E+000 -1.695205479452074E-017
          75           1  0.000000000000000E+000 -8.047945205481328E-018
          75           2  0.000000000000000E+000 -1.695205479452379E-017
          76           1  0.000000000000000E+000 -8.047945205479630E-018
          76           2  0.000000000000000E+000 -1.695205479452083E-017
          77           1  0.000000000000000E+000 -8.047945205481938E-018
          77           2  0.000000000000000E+000 -1.695205479452626E-017
          78           1  0.000000000000000E+000 -8.047945205482254E-018
          78           2  0.000000000000000E+000 -1.695205479452649E-017
          79           1  0.000000000000000E+000 -8.047945205481357E-018
          79           2  0.000000000000000E+000 -1.695205479452363E-017
          80           1  0.000000000000000E+000 -8.047945205479099E-018
          80           2  0.000000000000000E+000 -1.695205479452144E-017
          81           1  0.000000000000000E+000 -8.047945205477751E-018
          81           2  0.000000000000000E+000 -1.695205479451649E-017
          82           1  0.000000000000000E+000 -8.047945205477547E-018
          82           2  0.000000000000000E+000 -1.695205479451585E-017
          83           1  0.000000000000000E+000 -8.047945205477056E-018
          83           2  0.000000000000000E+000 -1.695205479451521E-017
          84           1  0.000000000000000E+000 -8.047945205476681E-018
          84           2  0.000000000000000E+000 -1.695205479451427E-017
          85           1  0.000000000000000E+000 -8.047945205475700E-018
          85           2  0.000000000000000E+000 -1.695205479451409E-017
          86           1  0.000000000000000E+000 -8.047945205474999E-018
          86           2  0.000000000000000E+000 -1.695205479451291E-017
          87           1  0.000000000000000E+000 -8.047945205476208E-018
          87           2  0.000000000000000E+000 -1.695205479451470E-017
          88           1  0.000000000000000E+000 -8.047945205477219E-018
          88           2  0.000000000000000E+000 -1.695205479451731E-017
          89           1  0.000000000000000E+000 -8.047945205475780E-018
          89           2  0.000000000000000E+000 -1.695205479451547E-017
          90           1  0.000000000000000E+000 -8.047945205474734E-018
          90           2  0.000000000000000E+000 -1.695205479451477E-017
          91           1  0.000000000000000E+000 -8.047945205476279E-018
          91           2  0.000000000000000E+000 -1.695205479451551E-017
          92           1  0.000000000000000E+000 -8.047945205474697E-018
          92           2  0.000000000000000E+000 -1.695205479451287E-017
          93           1  0.000000000000000E+000 -8.047945205475444E-018
          93           2  0.000000000000000E+000 -1.695205479451492E-017
          94           1  0.000000000000000E+000 -8.047945205479824E-018
          94           2  0.000000000000000E+000 -1.695205479452109E-017
          95           1  0.000000000000000E+000 -8.047945205482468E-018
          95           2  0.000000000000000E+000 -1.695205479452478E-017
          96           1  0.000000000000000E+000 -8.047945205481042E-018
          96           2  0.000000000000000E+000 -1.695205479452196E-017
          97           1  0.000000000000000E+000 -8.047945205480456E-018
          97           2  0.000000000000000E+000 -1.695205479452300E-017
          98           1  0.000000000000000E+000 -8.047945205481744E-018
          98           2  0.000000000000000E+000 -1.695205479452638E-017
          99           1  0.000000000000000E+000 -8.047945205480778E-018
          99           2  0.000000000000000E+000 -1.695205479452583E-017
         100           1  0.000000000000000E+000 -8.047945205481679E-018
         100           2  0.000000000000000E+000 -1.695205479452611E-017
         101           1  0.000000000000000E+000 -8.047945205477935E-018
         101           2  0.000000000000000E+000 -1.695205479451718E-017
         102           1  0.000000000000000E+000 -8.047945205477814E-018
         102           2  0.000000000000000E+000 -1.695205479451717E-017
         103           1  0.000000000000000E+000 -8.047945205478227E-018
         103           2  0.000000000000000E+000 -1.695205479451741E-017
         104           1  0.000000000000000E+000 -8.047945205477652E-018
         104           2  0.000000000000000E+000 -1.695205479451673E-017
         105           1  0.000000000000000E+000 -8.047945205476412E-018
         105           2  0.000000000000000E+000 -1.695205479451522E-017
         106           1  0.000000000000000E+000 -8.047945205475583E-018
         106           2  0.000000000000000E+000 -1.695205479451432E-017
         107           1  0.000000000000000E+000 -8.047945205475042E-018
         107           2  0.000000000000000E+000 -1.695205479451466E-017
         108           1  0.000000000000000E+000 -8.047945205476258E-018
         108           2  0.000000000000000E+000 -1.695205479451632E-017
         109           1  0.000000000000000E+000 -8.047945205476452E-018
         109           2  0.000000000000000E+000 -1.695205479451639E-017
         110           1  0.000000000000000E+000 -8.047945205477188E-018
         110           2  0.000000000000000E+000 -1.695205479451608E-017
         111           1  0.000000000000000E+000 -8.047945205478695E-018
         111           2  0.000000000000000E+000 -1.695205479451653E-017
         112           1  0.000000000000000E+000 -8.047945205478053E-018
         112           2  0.000000000000000E+000 -1.695205479451705E-017
         113           1  0.000000000000000E+000 -8.047945205478042E-018
         113           2  0.000000000000000E+000 -1.695205479451839E-017
         114           1  0.000000000000000E+000 -8.047945205479404E-018
         114           2  0.000000000000000E+000 -1.695205479452063E-017
         115           1  0.000000000000000E+000 -8.047945205481544E-018
         115           2  0.000000000000000E+000 -1.695205479452307E-017
         116           1  0.000000000000000E+000 -8.047945205480616E-018
         116           2  0.000000000000000E+000 -1.695205479452279E-017
         117           1  0.000000000000000E+000 -8.047945205479407E-018
         117           2  0.000000000000000E+000 -1.695205479452180E-017
         118           1  0.000000000000000E+000 -8.047945205480062E-018
         118           2  0.000000000000000E+000 -1.695205479452198E-017
         119           1  0.000000000000000E+000 -8.047945205479559E-018
         119           2  0.000000000000000E+000 -1.695205479452096E-017
         120           1  0.000000000000000E+000 -8.047945205479582E-018
         120           2  0.000000000000000E+000 -1.695205479452137E-017
         121           1  0.000000000000000E+000 -8.047945205477800E-018
         121           2  0.000000000000000E+000 -1.695205479451790E-017
         122           1  0.000000000000000E+000 -8.047945205477968E-018
         122           2  0.000000000000000E+000 -1.695205479451815E-017
         123           1  0.000000000000000E+000 -8.047945205478553E-018
         123           2  0.000000000000000E+000 -1.695205479451862E-017
         124           1  0.000000000000000E+000 -8.047945205477766E-018
         124           2  0.000000000000000E+000 -1.695205479451900E-017
         125           1  0.000000000000000E+000 -8.047945205477405E-018
         125           2  0.000000000000000E+000 -1.695205479451682E-017
         126           1  0.000000000000000E+000 -8.047945205476253E-018
         126           2  0.000000000000000E+000 -1.695205479451676E-017
         127           1  0.000000000000000E+000 -8.047945205475233E-018
         127           2  0.000000000000000E+000 -1.695205479451509E-017
         128           1  0.000000000000000E+000 -8.047945205476176E-018
         128           2  0.000000000000000E+000 -1.695205479451596E-017
         129           1  0.000000000000000E+000 -8.047945205477965E-018
         129           2  0.000000000000000E+000 -1.695205479451872E-017
         130           1  0.000000000000000E+000 -8.047945205479267E-018
         130           2  0.000000000000000E+000 -1.695205479451925E-017
         131           1  0.000000000000000E+000 -8.047945205480760E-018
         131           2  0.000000000000000E+000 -1.695205479451999E-017
         132           1  0.000000000000000E+000 -8.047945205478017E-018
         132           2  0.000000000000000E+000 -1.695205479451644E-017
         133           1  0.000000000000000E+000 -8.047945205478717E-018
         133           2  0.000000000000000E+000 -1.695205479451735E-017
         134           1  0.000000000000000E+000 -8.047945205478638E-018
         134           2  0.000000000000000E+000 -1.695205479451791E-017
         135           1  0.000000000000000E+000 -8.047945205480592E-018
         135           2  0.000000000000000E+000 -1.695205479452229E-017
         136           1  0.000000000000000E+000 -8.047945205479415E-018
         136           2  0.000000000000000E+000 -1.695205479452121E-017
         137           1  0.000000000000000E+000 -8.047945205479880E-018
         137           2  0.000000000000000E+000 -1.695205479452172E-017
         138           1  0.000000000000000E+000 -8.047945205478798E-018
         138           2  0.000000000000000E+000 -1.695205479451895E-017
         139           1  0.000000000000000E+000 -8.047945205478626E-018
         139           2  0.000000000000000E+000 -1.695205479451685E-017
         140           1  0.000000000000000E+000 -8.047945205478567E-018
         140           2  0.000000000000000E+000 -1.695205479451835E-017
         141           1  0.000000000000000E+000 -8.047945205479130E-018
         141           2  0.000000000000000E+000 -1.695205479451895E-017
         142           1  0.000000000000000E+000 -8.047945205478336E-018
         142           2  0.000000000000000E+000 -1.695205479451870E-017
         143           1  0.000000000000000E+000 -8.047945205478740E-018
         143           2  0.000000000000000E+000 -1.695205479451917E-017
         144           1  0.000000000000000E+000 -8.047945205479042E-018
         144           2  0.000000000000000E+000 -1.695205479451839E-017
         145           1  0.000000000000000E+000 -8.047945205477304E-018
         145           2  0.000000000000000E+000 -1.695205479451729E-017
         146           1  0.000000000000000E+000 -8.047945205476307E-018
         146           2  0.000000000000000E+000 -1.695205479451669E-017
         147           1  0.000000000000000E+000 -8.047945205476003E-018
         147           2  0.000000000000000E+000 -1.695205479451635E-017
         148           1  0.000000000000000E+000 -8.047945205476909E-018
         148           2  0.000000000000000E+000 -1.695205479451683E-017
         149           1  0.000000000000000E+000 -8.047945205478176E-018
         149           2  0.000000000000000E+000 -1.695205479451890E-017
         150           1  0.000000000000000E+000 -8.047945205479684E-018
         150           2  0.000000000000000E+000 -1.695205479452102E-017
         151           1  0.000000000000000E+000 -8.047945205479370E-018
         151           2  0.000000000000000E+000 -1.695205479452037E-017
         152           1  0.000000000000000E+000 -8.047945205480213E-018
         152           2  0.000000000000000E+000 -1.695205479452291E-017
         153           1  0.000000000000000E+000 -8.047945205478701E-018
         153           2  0.000000000000000E+000 -1.695205479451933E-017
         154           1  0.000000000000000E+000 -8.047945205477362E-018
         154           2  0.000000000000000E+000 -1.695205479451632E-017
         155           1  0.000000000000000E+000 -8.047945205478405E-018
         155           2  0.000000000000000E+000 -1.695205479451910E-017
         156           1  0.000000000000000E+000 -8.047945205479196E-018
         156           2  0.000000000000000E+000 -1.695205479452068E-017
         157           1  0.000000000000000E+000 -8.047945205479151E-018
         157           2  0.000000000000000E+000 -1.695205479451976E-017
         158           1  0.000000000000000E+000 -8.047945205477399E-018
         158           2  0.000000000000000E+000 -1.695205479451792E-017
         159           1  0.000000000000000E+000 -8.047945205477060E-018
         159           2  0.000000000000000E+000 -1.695205479451640E-017
         160           1  0.000000000000000E+000 -8.047945205476892E-018
         160           2  0.000000000000000E+000 -1.695205479451656E-017
         161           1  0.000000000000000E+000 -8.047945205479200E-018
         161           2  0.000000000000000E+000 -1.695205479451875E-017
         162           1  0.000000000000000E+000 -8.047945205478675E-018
         162           2  0.000000000000000E+000 -1.695205479451837E-017
         163           1  0.000000000000000E+000 -8.047945205478590E-018
         163           2  0.000000000000000E+000 -1.695205479451840E-017
         164           1  0.000000000000000E+000 -8.047945205478832E-018
         164           2  0.000000000000000E+000 -1.695205479451777E-017
         165           1  0.000000000000000E+000 -8.047945205477093E-018
         165           2  0.000000000000000E+000 -1.695205479451677E-017
         166           1  0.000000000000000E+000 -8.047945205475808E-018
         166           2  0.000000000000000E+000 -1.695205479451737E-017
         167           1  0.000000000000000E+000 -8.047945205476637E-018
         167           2  0.000000000000000E+000 -1.695205479451786E-017
         168           1  0.000000000000000E+000 -8.047945205478330E-018
         168           2  0.000000000000000E+000 -1.695205479451919E-017
         169           1  0.000000000000000E+000 -8.047945205480324E-018
         169           2  0.000000000000000E+000 -1.695205479452147E-017
         170           1  0.000000000000000E+000 -8.047945205480686E-018
         170           2  0.000000000000000E+000 -1.695205479452039E-017
         171           1  0.000000000000000E+000 -8.047945205479319E-018
         171           2  0.000000000000000E+000 -1.695205479452118E-017
         172           1  0.000000000000000E+000 -8.047945205479681E-018
         172           2  0.000000000000000E+000 -1.695205479452512E-017
         173           1  0.000000000000000E+000 -8.047945205479271E-018
         173           2  0.000000000000000E+000 -1.695205479452267E-017
         174           1  0.000000000000000E+000 -8.047945205479447E-018
         174           2  0.000000000000000E+000 -1.695205479452126E-017
         175           1  0.000000000000000E+000 -8.047945205480233E-018
         175           2  0.000000000000000E+000 -1.695205479452312E-017
         176           1  0.000000000000000E+000 -8.047945205477898E-018
         176           2  0.000000000000000E+000 -1.695205479451622E-017
         177           1  0.000000000000000E+000 -8.047945205477975E-018
         177           2  0.000000000000000E+000 -1.695205479451708E-017
         178           1  0.000000000000000E+000 -8.047945205477066E-018
         178           2  0.000000000000000E+000 -1.695205479451680E-017
         179           1  0.000000000000000E+000 -8.047945205476914E-018
         179           2  0.000000000000000E+000 -1.695205479451609E-017
         180           1  0.000000000000000E+000 -8.047945205477452E-018
         180           2  0.000000000000000E+000 -1.695205479451701E-017
         181           1  0.000000000000000E+000 -8.047945205478467E-018
         181           2  0.000000000000000E+000 -1.695205479451820E-017
         182           1  0.000000000000000E+000 -8.047945205477874E-018
         182           2  0.000000000000000E+000 -1.695205479451764E-017
         183           1  0.000000000000000E+000 -8.047945205477829E-018
         183           2  0.000000000000000E+000 -1.695205479451722E-017
         184           1  0.000000000000000E+000 -8.047945205477826E-018
         184           2  0.000000000000000E+000 -1.695205479451663E-017
         185           1  0.000000000000000E+000 -8.047945205477410E-018
         185           2  0.000000000000000E+000 -1.695205479451632E-017
         186           1  0.000000000000000E+000 -8.047945205476245E-018
         186           2  0.000000000000000E+000 -1.695205479451646E-017
         187           1  0.000000000000000E+000 -8.047945205476945E-018
         187           2  0.000000000000000E+000 -1.695205479451805E-017
         188           1  0.000000000000000E+000 -8.047945205478703E-018
         188           2  0.000000000000000E+000 -1.695205479451927E-017
         189           1  0.000000000000000E+000 -8.047945205480479E-018
         189           2  0.000000000000000E+000 -1.695205479452187E-017
         190           1  0.000000000000000E+000 -8.047945205481370E-018
         190           2  0.000000000000000E+000 -1.695205479452244E-017
         191           1  0.000000000000000E+000 -8.047945205480801E-018
         191           2  0.000000000000000E+000 -1.695205479452568E-017
         192           1  0.000000000000000E+000 -8.047945205481291E-018
         192           2  0.000000000000000E+000 -1.695205479452918E-017
         193           1  0.000000000000000E+000 -8.047945205482012E-018
         193           2  0.000000000000000E+000 -1.695205479452903E-017
         194           1  0.000000000000000E+000 -8.047945205483408E-018
         194           2  0.000000000000000E+000 -1.695205479453036E-017
         195           1  0.000000000000000E+000 -8.047945205476268E-018
         195           2  0.000000000000000E+000 -1.695205479451461E-017
         196           1  0.000000000000000E+000 -8.047945205482679E-018
         196           2  0.000000000000000E+000 -1.695205479452276E-017
         197           1  0.000000000000000E+000 -8.047945205478076E-018
         197           2  0.000000000000000E+000 -1.695205479451728E-017
         198           1  0.000000000000000E+000 -8.047945205477982E-018
         198           2  0.000000000000000E+000 -1.695205479451816E-017
         199           1  0.000000000000000E+000 -8.047945205475137E-018
         199           2  0.000000000000000E+000 -1.695205479451534E-017
         200           1  0.000000000000000E+000 -8.047945205475586E-018
         200           2  0.000000000000000E+000 -1.695205479451531E-017
         201           1  0.000000000000000E+000 -8.047945205477301E-018
         201           2  0.000000000000000E+000 -1.695205479451794E-017
         202           1  0.000000000000000E+000 -8.047945205477441E-018
         202           2  0.000000000000000E+000 -1.695205479451685E-017
         203           1  0.000000000000000E+000 -8.047945205476694E-018
         203           2  0.000000000000000E+000 -1.695205479451649E-017
         204           1  0.000000000000000E+000 -8.047945205477259E-018
         204           2  0.000000000000000E+000 -1.695205479451669E-017
         205           1  0.000000000000000E+000 -8.047945205477681E-018
         205           2  0.000000000000000E+000 -1.695205479451563E-017
         206           1  0.000000000000000E+000 -8.047945205477279E-018
         206           2  0.000000000000000E+000 -1.695205479451755E-017
         207           1  0.000000000000000E+000 -8.047945205476695E-018
         207           2  0.000000000000000E+000 -1.695205479452016E-017
         208           1  0.000000000000000E+000 -8.047945205478687E-018
         208           2  0.000000000000000E+000 -1.695205479452023E-017
         209           1  0.000000000000000E+000 -8.047945205479695E-018
         209           2  0.000000000000000E+000 -1.695205479452118E-017
         210           1  0.000000000000000E+000 -8.047945205480287E-018
         210           2  0.000000000000000E+000 -1.695205479452252E-017
         211           1  0.000000000000000E+000 -8.047945205480595E-018
         211           2  0.000000000000000E+000 -1.695205479452442E-017
         212           1  0.000000000000000E+000 -8.047945205480619E-018
         212           2  0.000000000000000E+000 -1.695205479452588E-017
         213           1  0.000000000000000E+000 -8.047945205481023E-018
         213           2  0.000000000000000E+000 -1.695205479452694E-017
         214           1  0.000000000000000E+000 -8.047945205478316E-018
         214           2  0.000000000000000E+000 -1.695205479452101E-017
         215           1  0.000000000000000E+000 -8.047945205477365E-018
         215           2  0.000000000000000E+000 -1.695205479451807E-017
         216           1  0.000000000000000E+000 -8.047945205480015E-018
         216           2  0.000000000000000E+000 -1.695205479452031E-017
         217           1  0.000000000000000E+000 -8.047945205478530E-018
         217           2  0.000000000000000E+000 -1.695205479451976E-017
         218           1  0.000000000000000E+000 -8.047945205477453E-018
         218           2  0.000000000000000E+000 -1.695205479451969E-017
         219           1  0.000000000000000E+000 -8.047945205475600E-018
         219           2  0.000000000000000E+000 -1.695205479451733E-017
         220           1  0.000000000000000E+000 -8.047945205476540E-018
         220           2  0.000000000000000E+000 -1.695205479451631E-017
         221           1  0.000000000000000E+000 -8.047945205476891E-018
         221           2  0.000000000000000E+000 -1.695205479451636E-017
         222           1  0.000000000000000E+000 -8.047945205477068E-018
         222           2  0.000000000000000E+000 -1.695205479451612E-017
         223           1  0.000000000000000E+000 -8.047945205475872E-018
         223           2  0.000000000000000E+000 -1.695205479451550E-017
         224           1  0.000000000000000E+000 -8.047945205476307E-018
         224           2  0.000000000000000E+000 -1.695205479451657E-017
         225           1  0.000000000000000E+000 -8.047945205476392E-018
         225           2  0.000000000000000E+000 -1.695205479451615E-017
         226           1  0.000000000000000E+000 -8.047945205477170E-018
         226           2  0.000000000000000E+000 -1.695205479451784E-017
         227           1  0.000000000000000E+000 -8.047945205477299E-018
         227           2  0.000000000000000E+000 -1.695205479451960E-017
         228           1  0.000000000000000E+000 -8.047945205478288E-018
         228           2  0.000000000000000E+000 -1.695205479451809E-017
         229           1  0.000000000000000E+000 -8.047945205478803E-018
         229           2  0.000000000000000E+000 -1.695205479451982E-017
         230           1  0.000000000000000E+000 -8.047945205478766E-018
         230           2  0.000000000000000E+000 -1.695205479452282E-017
         231           1  0.000000000000000E+000 -8.047945205478644E-018
         231           2  0.000000000000000E+000 -1.695205479452058E-017
         232           1  0.000000000000000E+000 -8.047945205481160E-018
         232           2  0.000000000000000E+000 -1.695205479452435E-017
         233           1  0.000000000000000E+000 -8.047945205479210E-018
         233           2  0.000000000000000E+000 -1.695205479451968E-017
         234           1  0.000000000000000E+000 -8.047945205478190E-018
         234           2  0.000000000000000E+000 -1.695205479451850E-017
         235           1  0.000000000000000E+000 -8.047945205479955E-018
         235           2  0.000000000000000E+000 -1.695205479452186E-017
         236           1  0.000000000000000E+000 -8.047945205480287E-018
         236           2  0.000000000000000E+000 -1.695205479452210E-017
         237           1  0.000000000000000E+000 -8.047945205479103E-018
         237           2  0.000000000000000E+000 -1.695205479452065E-017
         238           1  0.000000000000000E+000 -8.047945205479165E-018
         238           2  0.000000000000000E+000 -1.695205479451991E-017
         239           1  0.000000000000000E+000 -8.047945205475923E-018
         239           2  0.000000000000000E+000 -1.695205479451766E-017
         240           1  0.000000000000000E+000 -8.047945205476908E-018
         240           2  0.000000000000000E+000 -1.695205479451893E-017
         241           1  0.000000000000000E+000 -8.047945205476455E-018
         241           2  0.000000000000000E+000 -1.695205479451463E-017
         242           1  0.000000000000000E+000 -8.047945205476862E-018
         242           2  0.000000000000000E+000 -1.695205479451512E-017
         243           1  0.000000000000000E+000 -8.047945205475600E-018
         243           2  0.000000000000000E+000 -1.695205479451463E-017
         244           1  0.000000000000000E+000 -8.047945205475439E-018
         244           2  0.000000000000000E+000 -1.695205479451495E-017
         245           1  0.000000000000000E+000 -8.047945205475130E-018
         245           2  0.000000000000000E+000 -1.695205479451574E-017
         246           1  0.000000000000000E+000 -8.047945205476190E-018
         246           2  0.000000000000000E+000 -1.695205479451675E-017
         247           1  0.000000000000000E+000 -8.047945205476784E-018
         247           2  0.000000000000000E+000 -1.695205479451752E-017
         248           1  0.000000000000000E+000 -8.047945205477646E-018
         248           2  0.000000000000000E+000 -1.695205479451697E-017
         249           1  0.000000000000000E+000 -8.047945205478177E-018
         249           2  0.000000000000000E+000 -1.695205479451669E-017
         250           1  0.000000000000000E+000 -8.047945205478421E-018
         250           2  0.000000000000000E+000 -1.695205479451869E-017
         251           1  0.000000000000000E+000 -8.047945205477598E-018
         251           2  0.000000000000000E+000 -1.695205479451694E-017
         252           1  0.000000000000000E+000 -8.047945205477445E-018
         252           2  0.000000000000000E+000 -1.695205479451818E-017
         253           1  0.000000000000000E+000 -8.047945205477638E-018
         253           2  0.000000000000000E+000 -1.695205479451837E-017
         254           1  0.000000000000000E+000 -8.047945205477980E-018
         254           2  0.000000000000000E+000 -1.695205479451950E-017
         255           1  0.000000000000000E+000 -8.047945205478672E-018
         255           2  0.000000000000000E+000 -1.695205479452007E-017
         256           1  0.000000000000000E+000 -8.047945205478832E-018
         256           2  0.000000000000000E+000 -1.695205479452183E-017
         257           1  0.000000000000000E+000 -8.047945205478475E-018
         257           2  0.000000000000000E+000 -1.695205479452187E-017
         258           1  0.000000000000000E+000 -8.047945205479268E-018
         258           2  0.000000000000000E+000 -1.695205479452051E-017
         259           1  0.000000000000000E+000 -8.047945205478398E-018
         259           2  0.000000000000000E+000 -1.695205479451852E-017
         260           1  0.000000000000000E+000 -8.047945205478351E-018
         260           2  0.000000000000000E+000 -1.695205479451996E-017
         261           1  0.000000000000000E+000 -8.047945205475911E-018
         261           2  0.000000000000000E+000 -1.695205479451494E-017
         262           1  0.000000000000000E+000 -8.047945205476587E-018
         262           2  0.000000000000000E+000 -1.695205479451517E-017
         263           1  0.000000000000000E+000 -8.047945205475755E-018
         263           2  0.000000000000000E+000 -1.695205479451435E-017
         264           1  0.000000000000000E+000 -8.047945205475486E-018
         264           2  0.000000000000000E+000 -1.695205479451480E-017
         265           1  0.000000000000000E+000 -8.047945205474466E-018
         265           2  0.000000000000000E+000 -1.695205479451427E-017
         266           1  0.000000000000000E+000 -8.047945205476079E-018
         266           2  0.000000000000000E+000 -1.695205479451597E-017
         267           1  0.000000000000000E+000 -8.047945205475999E-018
         267           2  0.000000000000000E+000 -1.695205479451652E-017
         268           1  0.000000000000000E+000 -8.047945205476233E-018
         268           2  0.000000000000000E+000 -1.695205479451636E-017
         269           1  0.000000000000000E+000 -8.047945205477054E-018
         269           2  0.000000000000000E+000 -1.695205479451658E-017
         270           1  0.000000000000000E+000 -8.047945205476959E-018
         270           2  0.000000000000000E+000 -1.695205479451696E-017
         271           1  0.000000000000000E+000 -8.047945205477216E-018
         271           2  0.000000000000000E+000 -1.695205479451753E-017
         272           1  0.000000000000000E+000 -8.047945205476814E-018
         272           2  0.000000000000000E+000 -1.695205479451612E-017
         273           1  0.000000000000000E+000 -8.047945205476510E-018
         273           2  0.000000000000000E+000 -1.695205479451644E-017
         274           1  0.000000000000000E+000 -8.047945205477627E-018
         274           2  0.000000000000000E+000 -1.695205479451872E-017
         275           1  0.000000000000000E+000 -8.047945205478895E-018
         275           2  0.000000000000000E+000 -1.695205479452005E-017
         276           1  0.000000000000000E+000 -8.047945205478239E-018
         276           2  0.000000000000000E+000 -1.695205479452046E-017
         277           1  0.000000000000000E+000 -8.047945205478031E-018
         277           2  0.000000000000000E+000 -1.695205479451974E-017
         278           1  0.000000000000000E+000 -8.047945205479730E-018
         278           2  0.000000000000000E+000 -1.695205479452308E-017
         279           1  0.000000000000000E+000 -8.047945205481137E-018
         279           2  0.000000000000000E+000 -1.695205479452190E-017
         280           1  0.000000000000000E+000 -8.047945205482160E-018
         280           2  0.000000000000000E+000 -1.695205479452242E-017
         281           1  0.000000000000000E+000 -8.047945205476862E-018
         281           2  0.000000000000000E+000 -1.695205479451721E-017
         282           1  0.000000000000000E+000 -8.047945205476006E-018
         282           2  0.000000000000000E+000 -1.695205479451661E-017
         283           1  0.000000000000000E+000 -8.047945205475979E-018
         283           2  0.000000000000000E+000 -1.695205479451558E-017
         284           1  0.000000000000000E+000 -8.047945205474184E-018
         284           2  0.000000000000000E+000 -1.695205479451381E-017
         285           1  0.000000000000000E+000 -8.047945205474221E-018
         285           2  0.000000000000000E+000 -1.695205479451332E-017
         286           1  0.000000000000000E+000 -8.047945205475988E-018
         286           2  0.000000000000000E+000 -1.695205479451434E-017
         287           1  0.000000000000000E+000 -8.047945205475624E-018
         287           2  0.000000000000000E+000 -1.695205479451490E-017
         288           1  0.000000000000000E+000 -8.047945205474909E-018
         288           2  0.000000000000000E+000 -1.695205479451582E-017
         289           1  0.000000000000000E+000 -8.047945205474361E-018
         289           2  0.000000000000000E+000 -1.695205479451416E-017
         290           1  0.000000000000000E+000 -8.047945205474785E-018
         290           2  0.000000000000000E+000 -1.695205479451313E-017
         291           1  0.000000000000000E+000 -8.047945205475153E-018
         291           2  0.000000000000000E+000 -1.695205479451450E-017
         292           1  0.000000000000000E+000 -8.047945205475842E-018
         292           2  0.000000000000000E+000 -1.695205479451465E-017
         293           1  0.000000000000000E+000 -8.047945205476945E-018
         293           2  0.000000000000000E+000 -1.695205479451461E-017
         294           1  0.000000000000000E+000 -8.047945205477945E-018
         294           2  0.000000000000000E+000 -1.695205479451599E-017
         295           1  0.000000000000000E+000 -8.047945205479965E-018
         295           2  0.000000000000000E+000 -1.695205479452031E-017
         296           1  0.000000000000000E+000 -8.047945205479573E-018
         296           2  0.000000000000000E+000 -1.695205479452161E-017
         297           1  0.000000000000000E+000 -8.047945205478863E-018
         297           2  0.000000000000000E+000 -1.695205479452252E-017
         298           1  0.000000000000000E+000 -8.047945205478717E-018
         298           2  0.000000000000000E+000 -1.695205479452256E-017
         299           1  0.000000000000000E+000 -8.047945205482642E-018
         299           2  0.000000000000000E+000 -1.695205479452573E-017
         300           1  0.000000000000000E+000 -8.047945205480670E-018
         300           2  0.000000000000000E+000 -1.695205479452354E-017
         301           1  0.000000000000000E+000 -8.047945205478461E-018
         301           2  0.000000000000000E+000 -1.695205479451822E-017
         302           1  0.000000000000000E+000 -8.047945205477589E-018
         302           2  0.000000000000000E+000 -1.695205479451954E-017
         303           1  0.000000000000000E+000 -8.047945205477425E-018
         303           2  0.000000000000000E+000 -1.695205479451899E-017
         304           1  0.000000000000000E+000 -8.047945205476139E-018
         304           2  0.000000000000000E+000 -1.695205479451618E-017
         305           1  0.000000000000000E+000 -8.047945205475986E-018
         305           2  0.000000000000000E+000 -1.695205479451456E-017
         306           1  0.000000000000000E+000 -8.047945205476162E-018
         306           2  0.000000000000000E+000 -1.695205479451442E-017
         307           1  0.000000000000000E+000 -8.047945205474703E-018
         307           2  0.000000000000000E+000 -1.695205479451396E-017
         308           1  0.000000000000000E+000 -8.047945205473475E-018
         308           2  0.000000000000000E+000 -1.695205479451363E-017
         309           1  0.000000000000000E+000 -8.047945205473099E-018
         309           2  0.000000000000000E+000 -1.695205479451245E-017
         310           1  0.000000000000000E+000 -8.047945205473848E-018
         310           2  0.000000000000000E+000 -1.695205479451247E-017
         311           1  0.000000000000000E+000 -8.047945205473443E-018
         311           2  0.000000000000000E+000 -1.695205479451093E-017
         312           1  0.000000000000000E+000 -8.047945205473127E-018
         312           2  0.000000000000000E+000 -1.695205479451055E-017
         313           1  0.000000000000000E+000 -8.047945205474623E-018
         313           2  0.000000000000000E+000 -1.695205479451196E-017
         314           1  0.000000000000000E+000 -8.047945205477918E-018
         314           2  0.000000000000000E+000 -1.695205479451611E-017
         315           1  0.000000000000000E+000 -8.047945205479564E-018
         315           2  0.000000000000000E+000 -1.695205479452035E-017
         316           1  0.000000000000000E+000 -8.047945205479958E-018
         316           2  0.000000000000000E+000 -1.695205479452434E-017
         317           1  0.000000000000000E+000 -8.047945205479492E-018
         317           2  0.000000000000000E+000 -1.695205479452466E-017
         318           1  0.000000000000000E+000 -8.047945205480043E-018
         318           2  0.000000000000000E+000 -1.695205479452379E-017
         319           1  0.000000000000000E+000 -8.047945205480592E-018
         319           2  0.000000000000000E+000 -1.695205479452642E-017
         320           1  0.000000000000000E+000 -8.047945205479222E-018
         320           2  0.000000000000000E+000 -1.695205479452460E-017
         321           1  0.000000000000000E+000 -8.047945205477612E-018
         321           2  0.000000000000000E+000 -1.695205479451857E-017
         322           1  0.000000000000000E+000 -8.047945205477102E-018
         322           2  0.000000000000000E+000 -1.695205479451825E-017
         323           1  0.000000000000000E+000 -8.047945205476917E-018
         323           2  0.000000000000000E+000 -1.695205479451898E-017
         324           1  0.000000000000000E+000 -8.047945205477379E-018
         324           2  0.000000000000000E+000 -1.695205479451860E-017
         325           1  0.000000000000000E+000 -8.047945205477123E-018
         325           2  0.000000000000000E+000 -1.695205479451626E-017
         326           1  0.000000000000000E+000 -8.047945205476302E-018
         326           2  0.000000000000000E+000 -1.695205479451492E-017
         327           1  0.000000000000000E+000 -8.047945205474607E-018
         327           2  0.000000000000000E+000 -1.695205479451429E-017
         328           1  0.000000000000000E+000 -8.047945205473510E-018
         328           2  0.000000000000000E+000 -1.695205479451444E-017
         329           1  0.000000000000000E+000 -8.047945205471655E-018
         329           2  0.000000000000000E+000 -1.695205479451084E-017
         330           1  0.000000000000000E+000 -8.047945205473637E-018
         330           2  0.000000000000000E+000 -1.695205479451252E-017
         331           1  0.000000000000000E+000 -8.047945205474027E-018
         331           2  0.000000000000000E+000 -1.695205479451195E-017
         332           1  0.000000000000000E+000 -8.047945205473010E-018
         332           2  0.000000000000000E+000 -1.695205479451238E-017
         333           1  0.000000000000000E+000 -8.047945205473809E-018
         333           2  0.000000000000000E+000 -1.695205479451439E-017
         334           1  0.000000000000000E+000 -8.047945205477207E-018
         334           2  0.000000000000000E+000 -1.695205479451745E-017
         335           1  0.000000000000000E+000 -8.047945205480190E-018
         335           2  0.000000000000000E+000 -1.695205479452343E-017
         336           1  0.000000000000000E+000 -8.047945205479940E-018
         336           2  0.000000000000000E+000 -1.695205479452663E-017
         337           1  0.000000000000000E+000 -8.047945205479821E-018
         337           2  0.000000000000000E+000 -1.695205479452476E-017
         338           1  0.000000000000000E+000 -8.047945205480451E-018
         338           2  0.000000000000000E+000 -1.695205479452471E-017
         339           1  0.000000000000000E+000 -8.047945205480763E-018
         339           2  0.000000000000000E+000 -1.695205479452600E-017
         340           1  0.000000000000000E+000 -8.047945205481487E-018
         340           2  0.000000000000000E+000 -1.695205479452511E-017
         341           1  0.000000000000000E+000 -8.047945205477096E-018
         341           2  0.000000000000000E+000 -1.695205479451793E-017
         342           1  0.000000000000000E+000 -8.047945205475421E-018
         342           2  0.000000000000000E+000 -1.695205479451692E-017
         343           1  0.000000000000000E+000 -8.047945205475928E-018
         343           2  0.000000000000000E+000 -1.695205479451657E-017
         344           1  0.000000000000000E+000 -8.047945205476299E-018
         344           2  0.000000000000000E+000 -1.695205479451751E-017
         345           1  0.000000000000000E+000 -8.047945205476355E-018
         345           2  0.000000000000000E+000 -1.695205479451643E-017
         346           1  0.000000000000000E+000 -8.047945205475683E-018
         346           2  0.000000000000000E+000 -1.695205479451424E-017
         347           1  0.000000000000000E+000 -8.047945205474874E-018
         347           2  0.000000000000000E+000 -1.695205479451285E-017
         348           1  0.000000000000000E+000 -8.047945205473033E-018
         348           2  0.000000000000000E+000 -1.695205479451317E-017
         349           1  0.000000000000000E+000 -8.047945205472227E-018
         349           2  0.000000000000000E+000 -1.695205479451103E-017
         350           1  0.000000000000000E+000 -8.047945205472960E-018
         350           2  0.000000000000000E+000 -1.695205479451160E-017
         351           1  0.000000000000000E+000 -8.047945205473162E-018
         351           2  0.000000000000000E+000 -1.695205479451313E-017
         352           1  0.000000000000000E+000 -8.047945205473285E-018
         352           2  0.000000000000000E+000 -1.695205479451187E-017
         353           1  0.000000000000000E+000 -8.047945205476398E-018
         353           2  0.000000000000000E+000 -1.695205479451574E-017
         354           1  0.000000000000000E+000 -8.047945205479592E-018
         354           2  0.000000000000000E+000 -1.695205479452177E-017
         355           1  0.000000000000000E+000 -8.047945205480971E-018
         355           2  0.000000000000000E+000 -1.695205479452604E-017
         356           1  0.000000000000000E+000 -8.047945205479909E-018
         356           2  0.000000000000000E+000 -1.695205479452501E-017
         357           1  0.000000000000000E+000 -8.047945205480111E-018
         357           2  0.000000000000000E+000 -1.695205479452599E-017
         358           1  0.000000000000000E+000 -8.047945205481870E-018
         358           2  0.000000000000000E+000 -1.695205479452914E-017
         359           1  0.000000000000000E+000 -8.047945205481174E-018
         359           2  0.000000000000000E+000 -1.695205479452519E-017
         360           1  0.000000000000000E+000 -8.047945205482570E-018
         360           2  0.000000000000000E+000 -1.695205479452594E-017
         361           1  0.000000000000000E+000 -8.047945205476296E-018
         361           2  0.000000000000000E+000 -1.695205479451661E-017
         362           1  0.000000000000000E+000 -8.047945205476900E-018
         362           2  0.000000000000000E+000 -1.695205479451740E-017
         363           1  0.000000000000000E+000 -8.047945205475942E-018
         363           2  0.000000000000000E+000 -1.695205479451649E-017
         364           1  0.000000000000000E+000 -8.047945205476711E-018
         364           2  0.000000000000000E+000 -1.695205479451649E-017
         365           1  0.000000000000000E+000 -8.047945205476285E-018
         365           2  0.000000000000000E+000 -1.695205479451606E-017
         366           1  0.000000000000000E+000 -8.047945205475464E-018
         366           2  0.000000000000000E+000 -1.695205479451365E-017
         367           1  0.000000000000000E+000 -8.047945205475472E-018
         367           2  0.000000000000000E+000 -1.695205479451340E-017
         368           1  0.000000000000000E+000 -8.047945205474373E-018
         368           2  0.000000000000000E+000 -1.695205479451192E-017
         369           1  0.000000000000000E+000 -8.047945205472498E-018
         369           2  0.000000000000000E+000 -1.695205479451175E-017
         370           1  0.000000000000000E+000 -8.047945205472443E-018
         370           2  0.000000000000000E+000 -1.695205479451078E-017
         371           1  0.000000000000000E+000 -8.047945205471997E-018
         371           2  0.000000000000000E+000 -1.695205479450950E-017
         372           1  0.000000000000000E+000 -8.047945205474255E-018
         372           2  0.000000000000000E+000 -1.695205479451216E-017
         373           1  0.000000000000000E+000 -8.047945205477764E-018
         373           2  0.000000000000000E+000 -1.695205479451550E-017
         374           1  0.000000000000000E+000 -8.047945205480706E-018
         374           2  0.000000000000000E+000 -1.695205479452222E-017
         375           1  0.000000000000000E+000 -8.047945205482830E-018
         375           2  0.000000000000000E+000 -1.695205479452623E-017
         376           1  0.000000000000000E+000 -8.047945205480430E-018
         376           2  0.000000000000000E+000 -1.695205479452505E-017
         377           1  0.000000000000000E+000 -8.047945205480475E-018
         377           2  0.000000000000000E+000 -1.695205479452273E-017
         378           1  0.000000000000000E+000 -8.047945205480179E-018
         378           2  0.000000000000000E+000 -1.695205479452273E-017
         379           1  0.000000000000000E+000 -8.047945205481203E-018
         379           2  0.000000000000000E+000 -1.695205479452573E-017
         380           1  0.000000000000000E+000 -8.047945205480764E-018
         380           2  0.000000000000000E+000 -1.695205479452407E-017
         381           1  0.000000000000000E+000 -8.047945205476845E-018
         381           2  0.000000000000000E+000 -1.695205479451338E-017
         382           1  0.000000000000000E+000 -8.047945205477433E-018
         382           2  0.000000000000000E+000 -1.695205479451839E-017
         383           1  0.000000000000000E+000 -8.047945205476020E-018
         383           2  0.000000000000000E+000 -1.695205479451597E-017
         384           1  0.000000000000000E+000 -8.047945205475928E-018
         384           2  0.000000000000000E+000 -1.695205479451586E-017
         385           1  0.000000000000000E+000 -8.047945205477136E-018
         385           2  0.000000000000000E+000 -1.695205479451482E-017
         386           1  0.000000000000000E+000 -8.047945205475273E-018
         386           2  0.000000000000000E+000 -1.695205479451369E-017
         387           1  0.000000000000000E+000 -8.047945205477201E-018
         387           2  0.000000000000000E+000 -1.695205479451537E-017
         388           1  0.000000000000000E+000 -8.047945205476600E-018
         388           2  0.000000000000000E+000 -1.695205479451308E-017
         389           1  0.000000000000000E+000 -8.047945205473836E-018
         389           2  0.000000000000000E+000 -1.695205479451216E-017
         390           1  0.000000000000000E+000 -8.047945205473933E-018
         390           2  0.000000000000000E+000 -1.695205479450980E-017
         391           1  0.000000000000000E+000 -8.047945205472620E-018
         391           2  0.000000000000000E+000 -1.695205479450939E-017
         392           1  0.000000000000000E+000 -8.047945205474056E-018
         392           2  0.000000000000000E+000 -1.695205479451072E-017
         393           1  0.000000000000000E+000 -8.047945205478185E-018
         393           2  0.000000000000000E+000 -1.695205479451638E-017
         394           1  0.000000000000000E+000 -8.047945205481616E-018
         394           2  0.000000000000000E+000 -1.695205479452415E-017
         395           1  0.000000000000000E+000 -8.047945205483009E-018
         395           2  0.000000000000000E+000 -1.695205479452825E-017
         396           1  0.000000000000000E+000 -8.047945205483151E-018
         396           2  0.000000000000000E+000 -1.695205479452759E-017
         397           1  0.000000000000000E+000 -8.047945205481988E-018
         397           2  0.000000000000000E+000 -1.695205479452510E-017
         398           1  0.000000000000000E+000 -8.047945205480818E-018
         398           2  0.000000000000000E+000 -1.695205479452427E-017
         399           1  0.000000000000000E+000 -8.047945205480476E-018
         399           2  0.000000000000000E+000 -1.695205479452391E-017
         400           1  0.000000000000000E+000 -8.047945205483380E-018
         400           2  0.000000000000000E+000 -1.695205479452970E-017
