           1           1  0.000000000000000E+000 -1.702127659572969E-017
           1           2  0.000000000000000E+000 -7.978723404247324E-018
           2           1  0.000000000000000E+000 -1.702127659573019E-017
           2           2  0.000000000000000E+000 -7.978723404247970E-018
           3           1  0.000000000000000E+000 -1.702127659573228E-017
           3           2  0.000000000000000E+000 -7.978723404247124E-018
           4           1  0.000000000000000E+000 -1.702127659573593E-017
           4           2  0.000000000000000E+000 -7.978723404248278E-018
           5           1  0.000000000000000E+000 -1.702127659574443E-017
           5           2  0.000000000000000E+000 -7.978723404254866E-018
           6           1  0.000000000000000E+000 -1.702127659574486E-017
           6           2  0.000000000000000E+000 -7.978723404254905E-018
           7           1  0.000000000000000E+000 -1.702127659574415E-017
           7           2  0.000000000000000E+000 -7.978723404255113E-018
           8           1  0.000000000000000E+000 -1.702127659574309E-017
           8           2  0.000000000000000E+000 -7.978723404253963E-018
           9           1  0.000000000000000E+000 -1.702127659574180E-017
           9           2  0.000000000000000E+000 -7.978723404253030E-018
          10           1  0.000000000000000E+000 -1.702127659574092E-017
          10           2  0.000000000000000E+000 -7.978723404253472E-018
          11           1  0.000000000000000E+000 -1.702127659574409E-017
          11           2  0.000000000000000E+000 -7.978723404255005E-018
          12           1  0.000000000000000E+000 -1.702127659574322E-017
          12           2  0.000000000000000E+000 -7.978723404253970E-018
          13           1  0.000000000000000E+000 -1.702127659574354E-017
          13           2  0.000000000000000E+000 -7.978723404254601E-018
          14           1  0.000000000000000E+000 -1.702127659574310E-017
          14           2  0.000000000000000E+000 -7.978723404254828E-018
          15           1  0.000000000000000E+000 -1.702127659574454E-017
          15           2  0.000000000000000E+000 -7.978723404255469E-018
          16           1  0.000000000000000E+000 -1.702127659574475E-017
          16           2  0.000000000000000E+000 -7.978723404255141E-018
          17           1  0.000000000000000E+000 -1.702127659574323E-017
          17           2  0.000000000000000E+000 -7.978723404254686E-018
          18           1  0.000000000000000E+000 -1.702127659574212E-017
          18           2  0.000000000000000E+000 -7.978723404254392E-018
          19           1  0.000000000000000E+000 -1.702127659574065E-017
          19           2  0.000000000000000E+000 -7.978723404254296E-018
          20           1  0.000000000000000E+000 -1.702127659574114E-017
          20           2  0.000000000000000E+000 -7.978723404254748E-018
          21           1  0.000000000000000E+000 -1.702127659572758E-017
          21           2  0.000000000000000E+000 -7.978723404245155E-018
          22           1  0.000000000000000E+000 -1.702127659573144E-017
          22           2  0.000000000000000E+000 -7.978723404247754E-018
          23           1  0.000000000000000E+000 -1.702127659573383E-017
          23           2  0.000000000000000E+000 -7.978723404248106E-018
          24           1  0.000000000000000E+000 -1.702127659573754E-017
          24           2  0.000000000000000E+000 -7.978723404250186E-018
          25           1  0.000000000000000E+000 -1.702127659574048E-017
          25           2  0.000000000000000E+000 -7.978723404251412E-018
          26           1  0.000000000000000E+000 -1.702127659574405E-017
          26           2  0.000000000000000E+000 -7.978723404254141E-018
          27           1  0.000000000000000E+000 -1.702127659574510E-017
          27           2  0.000000000000000E+000 -7.978723404255555E-018
          28           1  0.000000000000000E+000 -1.702127659574065E-017
          28           2  0.000000000000000E+000 -7.978723404252808E-018
          29           1  0.000000000000000E+000 -1.702127659572824E-017
          29           2  0.000000000000000E+000 -7.978723404246514E-018
          30           1  0.000000000000000E+000 -1.702127659572390E-017
          30           2  0.000000000000000E+000 -7.978723404244509E-018
          31           1  0.000000000000000E+000 -1.702127659574310E-017
          31           2  0.000000000000000E+000 -7.978723404254386E-018
          32           1  0.000000000000000E+000 -1.702127659574297E-017
          32           2  0.000000000000000E+000 -7.978723404254566E-018
          33           1  0.000000000000000E+000 -1.702127659574310E-017
          33           2  0.000000000000000E+000 -7.978723404254649E-018
          34           1  0.000000000000000E+000 -1.702127659574274E-017
          34           2  0.000000000000000E+000 -7.978723404254725E-018
          35           1  0.000000000000000E+000 -1.702127659574512E-017
          35           2  0.000000000000000E+000 -7.978723404255356E-018
          36           1  0.000000000000000E+000 -1.702127659574519E-017
          36           2  0.000000000000000E+000 -7.978723404255607E-018
          37           1  0.000000000000000E+000 -1.702127659574444E-017
          37           2  0.000000000000000E+000 -7.978723404255068E-018
          38           1  0.000000000000000E+000 -1.702127659574185E-017
          38           2  0.000000000000000E+000 -7.978723404254629E-018
          39           1  0.000000000000000E+000 -1.702127659574280E-017
          39           2  0.000000000000000E+000 -7.978723404255168E-018
          40           1  0.000000000000000E+000 -1.702127659574261E-017
          40           2  0.000000000000000E+000 -7.978723404254985E-018
          41           1  0.000000000000000E+000 -1.702127659572653E-017
          41           2  0.000000000000000E+000 -7.978723404245959E-018
          42           1  0.000000000000000E+000 -1.702127659573303E-017
          42           2  0.000000000000000E+000 -7.978723404248415E-018
          43           1  0.000000000000000E+000 -1.702127659573272E-017
          43           2  0.000000000000000E+000 -7.978723404247679E-018
          44           1  0.000000000000000E+000 -1.702127659573393E-017
          44           2  0.000000000000000E+000 -7.978723404245590E-018
          45           1  0.000000000000000E+000 -1.702127659574372E-017
          45           2  0.000000000000000E+000 -7.978723404255016E-018
          46           1  0.000000000000000E+000 -1.702127659574509E-017
          46           2  0.000000000000000E+000 -7.978723404251890E-018
          47           1  0.000000000000000E+000 -1.702127659574469E-017
          47           2  0.000000000000000E+000 -7.978723404255016E-018
          48           1  0.000000000000000E+000 -1.702127659574752E-017
          48           2  0.000000000000000E+000 -7.978723404256669E-018
          49           1  0.000000000000000E+000 -1.702127659573618E-017
          49           2  0.000000000000000E+000 -7.978723404251514E-018
          50           1  0.000000000000000E+000 -1.702127659574428E-017
          50           2  0.000000000000000E+000 -7.978723404255537E-018
          51           1  0.000000000000000E+000 -1.702127659574548E-017
          51           2  0.000000000000000E+000 -7.978723404255909E-018
          52           1  0.000000000000000E+000 -1.702127659574398E-017
          52           2  0.000000000000000E+000 -7.978723404255218E-018
          53           1  0.000000000000000E+000 -1.702127659574319E-017
          53           2  0.000000000000000E+000 -7.978723404255114E-018
          54           1  0.000000000000000E+000 -1.702127659574353E-017
          54           2  0.000000000000000E+000 -7.978723404254703E-018
          55           1  0.000000000000000E+000 -1.702127659574488E-017
          55           2  0.000000000000000E+000 -7.978723404255637E-018
          56           1  0.000000000000000E+000 -1.702127659574556E-017
          56           2  0.000000000000000E+000 -7.978723404255760E-018
          57           1  0.000000000000000E+000 -1.702127659574476E-017
          57           2  0.000000000000000E+000 -7.978723404255127E-018
          58           1  0.000000000000000E+000 -1.702127659574343E-017
          58           2  0.000000000000000E+000 -7.978723404255356E-018
          59           1  0.000000000000000E+000 -1.702127659574196E-017
          59           2  0.000000000000000E+000 -7.978723404253834E-018
          60           1  0.000000000000000E+000 -1.702127659574293E-017
          60           2  0.000000000000000E+000 -7.978723404254204E-018
          61           1  0.000000000000000E+000 -1.702127659572966E-017
          61           2  0.000000000000000E+000 -7.978723404245623E-018
          62           1  0.000000000000000E+000 -1.702127659573126E-017
          62           2  0.000000000000000E+000 -7.978723404248451E-018
          63           1  0.000000000000000E+000 -1.702127659573347E-017
          63           2  0.000000000000000E+000 -7.978723404248363E-018
          64           1  0.000000000000000E+000 -1.702127659573534E-017
          64           2  0.000000000000000E+000 -7.978723404248283E-018
          65           1  0.000000000000000E+000 -1.702127659573942E-017
          65           2  0.000000000000000E+000 -7.978723404252737E-018
          66           1  0.000000000000000E+000 -1.702127659574352E-017
          66           2  0.000000000000000E+000 -7.978723404255743E-018
          67           1  0.000000000000000E+000 -1.702127659574707E-017
          67           2  0.000000000000000E+000 -7.978723404254762E-018
          68           1  0.000000000000000E+000 -1.702127659574482E-017
          68           2  0.000000000000000E+000 -7.978723404255840E-018
          69           1  0.000000000000000E+000 -1.702127659574469E-017
          69           2  0.000000000000000E+000 -7.978723404254842E-018
          70           1  0.000000000000000E+000 -1.702127659574399E-017
          70           2  0.000000000000000E+000 -7.978723404254999E-018
          71           1  0.000000000000000E+000 -1.702127659574576E-017
          71           2  0.000000000000000E+000 -7.978723404255261E-018
          72           1  0.000000000000000E+000 -1.702127659574501E-017
          72           2  0.000000000000000E+000 -7.978723404254937E-018
          73           1  0.000000000000000E+000 -1.702127659574687E-017
          73           2  0.000000000000000E+000 -7.978723404255934E-018
          74           1  0.000000000000000E+000 -1.702127659574416E-017
          74           2  0.000000000000000E+000 -7.978723404254708E-018
          75           1  0.000000000000000E+000 -1.702127659574502E-017
          75           2  0.000000000000000E+000 -7.978723404255869E-018
          76           1  0.000000000000000E+000 -1.702127659574607E-017
          76           2  0.000000000000000E+000 -7.978723404256144E-018
          77           1  0.000000000000000E+000 -1.702127659574536E-017
          77           2  0.000000000000000E+000 -7.978723404256096E-018
          78           1  0.000000000000000E+000 -1.702127659574391E-017
          78           2  0.000000000000000E+000 -7.978723404255737E-018
          79           1  0.000000000000000E+000 -1.702127659574765E-017
          79           2  0.000000000000000E+000 -7.978723404256859E-018
          80           1  0.000000000000000E+000 -1.702127659574688E-017
          80           2  0.000000000000000E+000 -7.978723404257204E-018
          81           1  0.000000000000000E+000 -1.702127659572733E-017
          81           2  0.000000000000000E+000 -7.978723404245368E-018
          82           1  0.000000000000000E+000 -1.702127659573028E-017
          82           2  0.000000000000000E+000 -7.978723404247673E-018
          83           1  0.000000000000000E+000 -1.702127659573058E-017
          83           2  0.000000000000000E+000 -7.978723404247463E-018
          84           1  0.000000000000000E+000 -1.702127659573559E-017
          84           2  0.000000000000000E+000 -7.978723404249069E-018
          85           1  0.000000000000000E+000 -1.702127659574071E-017
          85           2  0.000000000000000E+000 -7.978723404250552E-018
          86           1  0.000000000000000E+000 -1.702127659574457E-017
          86           2  0.000000000000000E+000 -7.978723404255102E-018
          87           1  0.000000000000000E+000 -1.702127659574554E-017
          87           2  0.000000000000000E+000 -7.978723404255464E-018
          88           1  0.000000000000000E+000 -1.702127659574488E-017
          88           2  0.000000000000000E+000 -7.978723404255560E-018
          89           1  0.000000000000000E+000 -1.702127659574541E-017
          89           2  0.000000000000000E+000 -7.978723404255721E-018
          90           1  0.000000000000000E+000 -1.702127659574452E-017
          90           2  0.000000000000000E+000 -7.978723404255344E-018
          91           1  0.000000000000000E+000 -1.702127659574492E-017
          91           2  0.000000000000000E+000 -7.978723404255372E-018
          92           1  0.000000000000000E+000 -1.702127659574474E-017
          92           2  0.000000000000000E+000 -7.978723404254760E-018
          93           1  0.000000000000000E+000 -1.702127659574433E-017
          93           2  0.000000000000000E+000 -7.978723404254774E-018
          94           1  0.000000000000000E+000 -1.702127659574423E-017
          94           2  0.000000000000000E+000 -7.978723404254678E-018
          95           1  0.000000000000000E+000 -1.702127659574489E-017
          95           2  0.000000000000000E+000 -7.978723404255811E-018
          96           1  0.000000000000000E+000 -1.702127659574585E-017
          96           2  0.000000000000000E+000 -7.978723404256396E-018
          97           1  0.000000000000000E+000 -1.702127659574627E-017
          97           2  0.000000000000000E+000 -7.978723404256455E-018
          98           1  0.000000000000000E+000 -1.702127659574469E-017
          98           2  0.000000000000000E+000 -7.978723404255446E-018
          99           1  0.000000000000000E+000 -1.702127659574504E-017
          99           2  0.000000000000000E+000 -7.978723404255725E-018
         100           1  0.000000000000000E+000 -1.702127659574695E-017
         100           2  0.000000000000000E+000 -7.978723404256404E-018
         101           1  0.000000000000000E+000 -1.702127659572833E-017
         101           2  0.000000000000000E+000 -7.978723404246133E-018
         102           1  0.000000000000000E+000 -1.702127659572958E-017
         102           2  0.000000000000000E+000 -7.978723404244485E-018
         103           1  0.000000000000000E+000 -1.702127659572989E-017
         103           2  0.000000000000000E+000 -7.978723404245731E-018
         104           1  0.000000000000000E+000 -1.702127659573035E-017
         104           2  0.000000000000000E+000 -7.978723404247779E-018
         105           1  0.000000000000000E+000 -1.702127659573685E-017
         105           2  0.000000000000000E+000 -7.978723404249432E-018
         106           1  0.000000000000000E+000 -1.702127659574365E-017
         106           2  0.000000000000000E+000 -7.978723404254777E-018
         107           1  0.000000000000000E+000 -1.702127659574605E-017
         107           2  0.000000000000000E+000 -7.978723404253375E-018
         108           1  0.000000000000000E+000 -1.702127659574842E-017
         108           2  0.000000000000000E+000 -7.978723404254883E-018
         109           1  0.000000000000000E+000 -1.702127659574564E-017
         109           2  0.000000000000000E+000 -7.978723404255899E-018
         110           1  0.000000000000000E+000 -1.702127659575120E-017
         110           2  0.000000000000000E+000 -7.978723404255185E-018
         111           1  0.000000000000000E+000 -1.702127659575013E-017
         111           2  0.000000000000000E+000 -7.978723404255706E-018
         112           1  0.000000000000000E+000 -1.702127659574836E-017
         112           2  0.000000000000000E+000 -7.978723404255014E-018
         113           1  0.000000000000000E+000 -1.702127659574392E-017
         113           2  0.000000000000000E+000 -7.978723404255228E-018
         114           1  0.000000000000000E+000 -1.702127659574416E-017
         114           2  0.000000000000000E+000 -7.978723404255174E-018
         115           1  0.000000000000000E+000 -1.702127659574605E-017
         115           2  0.000000000000000E+000 -7.978723404255349E-018
         116           1  0.000000000000000E+000 -1.702127659574569E-017
         116           2  0.000000000000000E+000 -7.978723404256279E-018
         117           1  0.000000000000000E+000 -1.702127659574433E-017
         117           2  0.000000000000000E+000 -7.978723404255193E-018
         118           1  0.000000000000000E+000 -1.702127659574384E-017
         118           2  0.000000000000000E+000 -7.978723404255557E-018
         119           1  0.000000000000000E+000 -1.702127659574327E-017
         119           2  0.000000000000000E+000 -7.978723404254970E-018
         120           1  0.000000000000000E+000 -1.702127659574671E-017
         120           2  0.000000000000000E+000 -7.978723404256079E-018
         121           1  0.000000000000000E+000 -1.702127659572807E-017
         121           2  0.000000000000000E+000 -7.978723404246905E-018
         122           1  0.000000000000000E+000 -1.702127659572563E-017
         122           2  0.000000000000000E+000 -7.978723404244888E-018
         123           1  0.000000000000000E+000 -1.702127659572911E-017
         123           2  0.000000000000000E+000 -7.978723404246759E-018
         124           1  0.000000000000000E+000 -1.702127659572909E-017
         124           2  0.000000000000000E+000 -7.978723404245824E-018
         125           1  0.000000000000000E+000 -1.702127659573293E-017
         125           2  0.000000000000000E+000 -7.978723404246614E-018
         126           1  0.000000000000000E+000 -1.702127659573809E-017
         126           2  0.000000000000000E+000 -7.978723404250304E-018
         127           1  0.000000000000000E+000 -1.702127659574479E-017
         127           2  0.000000000000000E+000 -7.978723404254706E-018
         128           1  0.000000000000000E+000 -1.702127659574486E-017
         128           2  0.000000000000000E+000 -7.978723404255068E-018
         129           1  0.000000000000000E+000 -1.702127659574362E-017
         129           2  0.000000000000000E+000 -7.978723404256238E-018
         130           1  0.000000000000000E+000 -1.702127659574560E-017
         130           2  0.000000000000000E+000 -7.978723404255225E-018
         131           1  0.000000000000000E+000 -1.702127659574502E-017
         131           2  0.000000000000000E+000 -7.978723404255142E-018
         132           1  0.000000000000000E+000 -1.702127659574456E-017
         132           2  0.000000000000000E+000 -7.978723404254458E-018
         133           1  0.000000000000000E+000 -1.702127659574570E-017
         133           2  0.000000000000000E+000 -7.978723404254997E-018
         134           1  0.000000000000000E+000 -1.702127659574474E-017
         134           2  0.000000000000000E+000 -7.978723404255530E-018
         135           1  0.000000000000000E+000 -1.702127659574521E-017
         135           2  0.000000000000000E+000 -7.978723404255933E-018
         136           1  0.000000000000000E+000 -1.702127659574467E-017
         136           2  0.000000000000000E+000 -7.978723404255871E-018
         137           1  0.000000000000000E+000 -1.702127659574330E-017
         137           2  0.000000000000000E+000 -7.978723404254823E-018
         138           1  0.000000000000000E+000 -1.702127659574326E-017
         138           2  0.000000000000000E+000 -7.978723404254099E-018
         139           1  0.000000000000000E+000 -1.702127659574453E-017
         139           2  0.000000000000000E+000 -7.978723404254383E-018
         140           1  0.000000000000000E+000 -1.702127659574620E-017
         140           2  0.000000000000000E+000 -7.978723404255757E-018
         141           1  0.000000000000000E+000 -1.702127659572987E-017
         141           2  0.000000000000000E+000 -7.978723404247802E-018
         142           1  0.000000000000000E+000 -1.702127659572708E-017
         142           2  0.000000000000000E+000 -7.978723404245126E-018
         143           1  0.000000000000000E+000 -1.702127659572651E-017
         143           2  0.000000000000000E+000 -7.978723404243386E-018
         144           1  0.000000000000000E+000 -1.702127659572398E-017
         144           2  0.000000000000000E+000 -7.978723404243964E-018
         145           1  0.000000000000000E+000 -1.702127659572824E-017
         145           2  0.000000000000000E+000 -7.978723404244345E-018
         146           1  0.000000000000000E+000 -1.702127659572954E-017
         146           2  0.000000000000000E+000 -7.978723404244516E-018
         147           1  0.000000000000000E+000 -1.702127659574411E-017
         147           2  0.000000000000000E+000 -7.978723404254108E-018
         148           1  0.000000000000000E+000 -1.702127659573600E-017
         148           2  0.000000000000000E+000 -7.978723404247030E-018
         149           1  0.000000000000000E+000 -1.702127659574445E-017
         149           2  0.000000000000000E+000 -7.978723404254313E-018
         150           1  0.000000000000000E+000 -1.702127659574389E-017
         150           2  0.000000000000000E+000 -7.978723404255253E-018
         151           1  0.000000000000000E+000 -1.702127659573948E-017
         151           2  0.000000000000000E+000 -7.978723404251424E-018
         152           1  0.000000000000000E+000 -1.702127659574394E-017
         152           2  0.000000000000000E+000 -7.978723404255313E-018
         153           1  0.000000000000000E+000 -1.702127659574371E-017
         153           2  0.000000000000000E+000 -7.978723404254677E-018
         154           1  0.000000000000000E+000 -1.702127659574527E-017
         154           2  0.000000000000000E+000 -7.978723404255390E-018
         155           1  0.000000000000000E+000 -1.702127659574435E-017
         155           2  0.000000000000000E+000 -7.978723404255900E-018
         156           1  0.000000000000000E+000 -1.702127659574468E-017
         156           2  0.000000000000000E+000 -7.978723404255515E-018
         157           1  0.000000000000000E+000 -1.702127659574267E-017
         157           2  0.000000000000000E+000 -7.978723404254537E-018
         158           1  0.000000000000000E+000 -1.702127659574332E-017
         158           2  0.000000000000000E+000 -7.978723404254857E-018
         159           1  0.000000000000000E+000 -1.702127659574434E-017
         159           2  0.000000000000000E+000 -7.978723404254848E-018
         160           1  0.000000000000000E+000 -1.702127659574473E-017
         160           2  0.000000000000000E+000 -7.978723404255467E-018
         161           1  0.000000000000000E+000 -1.702127659572409E-017
         161           2  0.000000000000000E+000 -7.978723404244497E-018
         162           1  0.000000000000000E+000 -1.702127659572464E-017
         162           2  0.000000000000000E+000 -7.978723404241958E-018
         163           1  0.000000000000000E+000 -1.702127659572446E-017
         163           2  0.000000000000000E+000 -7.978723404240639E-018
         164           1  0.000000000000000E+000 -1.702127659572495E-017
         164           2  0.000000000000000E+000 -7.978723404241625E-018
         165           1  0.000000000000000E+000 -1.702127659572543E-017
         165           2  0.000000000000000E+000 -7.978723404241235E-018
         166           1  0.000000000000000E+000 -1.702127659572972E-017
         166           2  0.000000000000000E+000 -7.978723404244503E-018
         167           1  0.000000000000000E+000 -1.702127659574314E-017
         167           2  0.000000000000000E+000 -7.978723404254076E-018
         168           1  0.000000000000000E+000 -1.702127659573466E-017
         168           2  0.000000000000000E+000 -7.978723404245502E-018
         169           1  0.000000000000000E+000 -1.702127659573553E-017
         169           2  0.000000000000000E+000 -7.978723404248520E-018
         170           1  0.000000000000000E+000 -1.702127659573101E-017
         170           2  0.000000000000000E+000 -7.978723404245568E-018
         171           1  0.000000000000000E+000 -1.702127659574221E-017
         171           2  0.000000000000000E+000 -7.978723404253800E-018
         172           1  0.000000000000000E+000 -1.702127659574213E-017
         172           2  0.000000000000000E+000 -7.978723404254047E-018
         173           1  0.000000000000000E+000 -1.702127659573401E-017
         173           2  0.000000000000000E+000 -7.978723404247620E-018
         174           1  0.000000000000000E+000 -1.702127659574446E-017
         174           2  0.000000000000000E+000 -7.978723404254960E-018
         175           1  0.000000000000000E+000 -1.702127659574552E-017
         175           2  0.000000000000000E+000 -7.978723404255302E-018
         176           1  0.000000000000000E+000 -1.702127659574325E-017
         176           2  0.000000000000000E+000 -7.978723404254644E-018
         177           1  0.000000000000000E+000 -1.702127659574347E-017
         177           2  0.000000000000000E+000 -7.978723404254301E-018
         178           1  0.000000000000000E+000 -1.702127659574266E-017
         178           2  0.000000000000000E+000 -7.978723404254466E-018
         179           1  0.000000000000000E+000 -1.702127659574402E-017
         179           2  0.000000000000000E+000 -7.978723404255122E-018
         180           1  0.000000000000000E+000 -1.702127659574455E-017
         180           2  0.000000000000000E+000 -7.978723404255387E-018
         181           1  0.000000000000000E+000 -1.702127659572969E-017
         181           2  0.000000000000000E+000 -7.978723404245888E-018
         182           1  0.000000000000000E+000 -1.702127659572819E-017
         182           2  0.000000000000000E+000 -7.978723404243885E-018
         183           1  0.000000000000000E+000 -1.702127659572345E-017
         183           2  0.000000000000000E+000 -7.978723404243306E-018
         184           1  0.000000000000000E+000 -1.702127659574114E-017
         184           2  0.000000000000000E+000 -7.978723404253130E-018
         185           1  0.000000000000000E+000 -1.702127659574150E-017
         185           2  0.000000000000000E+000 -7.978723404252036E-018
         186           1  0.000000000000000E+000 -1.702127659574289E-017
         186           2  0.000000000000000E+000 -7.978723404254467E-018
         187           1  0.000000000000000E+000 -1.702127659573367E-017
         187           2  0.000000000000000E+000 -7.978723404246663E-018
         188           1  0.000000000000000E+000 -1.702127659574327E-017
         188           2  0.000000000000000E+000 -7.978723404254020E-018
         189           1  0.000000000000000E+000 -1.702127659574289E-017
         189           2  0.000000000000000E+000 -7.978723404254399E-018
         190           1  0.000000000000000E+000 -1.702127659574216E-017
         190           2  0.000000000000000E+000 -7.978723404254039E-018
         191           1  0.000000000000000E+000 -1.702127659574127E-017
         191           2  0.000000000000000E+000 -7.978723404253631E-018
         192           1  0.000000000000000E+000 -1.702127659574160E-017
         192           2  0.000000000000000E+000 -7.978723404253306E-018
         193           1  0.000000000000000E+000 -1.702127659574264E-017
         193           2  0.000000000000000E+000 -7.978723404254306E-018
         194           1  0.000000000000000E+000 -1.702127659573421E-017
         194           2  0.000000000000000E+000 -7.978723404248538E-018
         195           1  0.000000000000000E+000 -1.702127659573886E-017
         195           2  0.000000000000000E+000 -7.978723404253985E-018
         196           1  0.000000000000000E+000 -1.702127659574341E-017
         196           2  0.000000000000000E+000 -7.978723404254714E-018
         197           1  0.000000000000000E+000 -1.702127659573443E-017
         197           2  0.000000000000000E+000 -7.978723404249471E-018
         198           1  0.000000000000000E+000 -1.702127659574154E-017
         198           2  0.000000000000000E+000 -7.978723404254036E-018
         199           1  0.000000000000000E+000 -1.702127659574266E-017
         199           2  0.000000000000000E+000 -7.978723404254236E-018
         200           1  0.000000000000000E+000 -1.702127659574175E-017
         200           2  0.000000000000000E+000 -7.978723404254230E-018
         201           1  0.000000000000000E+000 -1.702127659574307E-017
         201           2  0.000000000000000E+000 -7.978723404253993E-018
         202           1  0.000000000000000E+000 -1.702127659573060E-017
         202           2  0.000000000000000E+000 -7.978723404247488E-018
         203           1  0.000000000000000E+000 -1.702127659574224E-017
         203           2  0.000000000000000E+000 -7.978723404253893E-018
         204           1  0.000000000000000E+000 -1.702127659574307E-017
         204           2  0.000000000000000E+000 -7.978723404253705E-018
         205           1  0.000000000000000E+000 -1.702127659574262E-017
         205           2  0.000000000000000E+000 -7.978723404254332E-018
         206           1  0.000000000000000E+000 -1.702127659574327E-017
         206           2  0.000000000000000E+000 -7.978723404254909E-018
         207           1  0.000000000000000E+000 -1.702127659574497E-017
         207           2  0.000000000000000E+000 -7.978723404254940E-018
         208           1  0.000000000000000E+000 -1.702127659574321E-017
         208           2  0.000000000000000E+000 -7.978723404254856E-018
         209           1  0.000000000000000E+000 -1.702127659574326E-017
         209           2  0.000000000000000E+000 -7.978723404254683E-018
         210           1  0.000000000000000E+000 -1.702127659574323E-017
         210           2  0.000000000000000E+000 -7.978723404254469E-018
         211           1  0.000000000000000E+000 -1.702127659574279E-017
         211           2  0.000000000000000E+000 -7.978723404254392E-018
         212           1  0.000000000000000E+000 -1.702127659574249E-017
         212           2  0.000000000000000E+000 -7.978723404254350E-018
         213           1  0.000000000000000E+000 -1.702127659573259E-017
         213           2  0.000000000000000E+000 -7.978723404246287E-018
         214           1  0.000000000000000E+000 -1.702127659573536E-017
         214           2  0.000000000000000E+000 -7.978723404247170E-018
         215           1  0.000000000000000E+000 -1.702127659573962E-017
         215           2  0.000000000000000E+000 -7.978723404251981E-018
         216           1  0.000000000000000E+000 -1.702127659574333E-017
         216           2  0.000000000000000E+000 -7.978723404254860E-018
         217           1  0.000000000000000E+000 -1.702127659573956E-017
         217           2  0.000000000000000E+000 -7.978723404252101E-018
         218           1  0.000000000000000E+000 -1.702127659572179E-017
         218           2  0.000000000000000E+000 -7.978723404244009E-018
         219           1  0.000000000000000E+000 -1.702127659574290E-017
         219           2  0.000000000000000E+000 -7.978723404254304E-018
         220           1  0.000000000000000E+000 -1.702127659574336E-017
         220           2  0.000000000000000E+000 -7.978723404254903E-018
         221           1  0.000000000000000E+000 -1.702127659574259E-017
         221           2  0.000000000000000E+000 -7.978723404254355E-018
         222           1  0.000000000000000E+000 -1.702127659573491E-017
         222           2  0.000000000000000E+000 -7.978723404248676E-018
         223           1  0.000000000000000E+000 -1.702127659574437E-017
         223           2  0.000000000000000E+000 -7.978723404254042E-018
         224           1  0.000000000000000E+000 -1.702127659574381E-017
         224           2  0.000000000000000E+000 -7.978723404254056E-018
         225           1  0.000000000000000E+000 -1.702127659574103E-017
         225           2  0.000000000000000E+000 -7.978723404249774E-018
         226           1  0.000000000000000E+000 -1.702127659574481E-017
         226           2  0.000000000000000E+000 -7.978723404255159E-018
         227           1  0.000000000000000E+000 -1.702127659574459E-017
         227           2  0.000000000000000E+000 -7.978723404255242E-018
         228           1  0.000000000000000E+000 -1.702127659574430E-017
         228           2  0.000000000000000E+000 -7.978723404255080E-018
         229           1  0.000000000000000E+000 -1.702127659574409E-017
         229           2  0.000000000000000E+000 -7.978723404255056E-018
         230           1  0.000000000000000E+000 -1.702127659574342E-017
         230           2  0.000000000000000E+000 -7.978723404254706E-018
         231           1  0.000000000000000E+000 -1.702127659574410E-017
         231           2  0.000000000000000E+000 -7.978723404254560E-018
         232           1  0.000000000000000E+000 -1.702127659574324E-017
         232           2  0.000000000000000E+000 -7.978723404254507E-018
         233           1  0.000000000000000E+000 -1.702127659574326E-017
         233           2  0.000000000000000E+000 -7.978723404254581E-018
         234           1  0.000000000000000E+000 -1.702127659574285E-017
         234           2  0.000000000000000E+000 -7.978723404254429E-018
         235           1  0.000000000000000E+000 -1.702127659574315E-017
         235           2  0.000000000000000E+000 -7.978723404254493E-018
         236           1  0.000000000000000E+000 -1.702127659574220E-017
         236           2  0.000000000000000E+000 -7.978723404254997E-018
         237           1  0.000000000000000E+000 -1.702127659573747E-017
         237           2  0.000000000000000E+000 -7.978723404251093E-018
         238           1  0.000000000000000E+000 -1.702127659574076E-017
         238           2  0.000000000000000E+000 -7.978723404253500E-018
         239           1  0.000000000000000E+000 -1.702127659574447E-017
         239           2  0.000000000000000E+000 -7.978723404254708E-018
         240           1  0.000000000000000E+000 -1.702127659574287E-017
         240           2  0.000000000000000E+000 -7.978723404254424E-018
         241           1  0.000000000000000E+000 -1.702127659574335E-017
         241           2  0.000000000000000E+000 -7.978723404254107E-018
         242           1  0.000000000000000E+000 -1.702127659574382E-017
         242           2  0.000000000000000E+000 -7.978723404254685E-018
         243           1  0.000000000000000E+000 -1.702127659574349E-017
         243           2  0.000000000000000E+000 -7.978723404254786E-018
         244           1  0.000000000000000E+000 -1.702127659574368E-017
         244           2  0.000000000000000E+000 -7.978723404254637E-018
         245           1  0.000000000000000E+000 -1.702127659574476E-017
         245           2  0.000000000000000E+000 -7.978723404255290E-018
         246           1  0.000000000000000E+000 -1.702127659574503E-017
         246           2  0.000000000000000E+000 -7.978723404254723E-018
         247           1  0.000000000000000E+000 -1.702127659574450E-017
         247           2  0.000000000000000E+000 -7.978723404254985E-018
         248           1  0.000000000000000E+000 -1.702127659574293E-017
         248           2  0.000000000000000E+000 -7.978723404254672E-018
         249           1  0.000000000000000E+000 -1.702127659574425E-017
         249           2  0.000000000000000E+000 -7.978723404254205E-018
         250           1  0.000000000000000E+000 -1.702127659574312E-017
         250           2  0.000000000000000E+000 -7.978723404254096E-018
         251           1  0.000000000000000E+000 -1.702127659574344E-017
         251           2  0.000000000000000E+000 -7.978723404254182E-018
         252           1  0.000000000000000E+000 -1.702127659574317E-017
         252           2  0.000000000000000E+000 -7.978723404254333E-018
         253           1  0.000000000000000E+000 -1.702127659574389E-017
         253           2  0.000000000000000E+000 -7.978723404254723E-018
         254           1  0.000000000000000E+000 -1.702127659574416E-017
         254           2  0.000000000000000E+000 -7.978723404254221E-018
         255           1  0.000000000000000E+000 -1.702127659574348E-017
         255           2  0.000000000000000E+000 -7.978723404254597E-018
         256           1  0.000000000000000E+000 -1.702127659574393E-017
         256           2  0.000000000000000E+000 -7.978723404253675E-018
         257           1  0.000000000000000E+000 -1.702127659573452E-017
         257           2  0.000000000000000E+000 -7.978723404251808E-018
         258           1  0.000000000000000E+000 -1.702127659574145E-017
         258           2  0.000000000000000E+000 -7.978723404253822E-018
         259           1  0.000000000000000E+000 -1.702127659573098E-017
         259           2  0.000000000000000E+000 -7.978723404249292E-018
         260           1  0.000000000000000E+000 -1.702127659574377E-017
         260           2  0.000000000000000E+000 -7.978723404254977E-018
         261           1  0.000000000000000E+000 -1.702127659574397E-017
         261           2  0.000000000000000E+000 -7.978723404253968E-018
         262           1  0.000000000000000E+000 -1.702127659574319E-017
         262           2  0.000000000000000E+000 -7.978723404254560E-018
         263           1  0.000000000000000E+000 -1.702127659574363E-017
         263           2  0.000000000000000E+000 -7.978723404254594E-018
         264           1  0.000000000000000E+000 -1.702127659574410E-017
         264           2  0.000000000000000E+000 -7.978723404254876E-018
         265           1  0.000000000000000E+000 -1.702127659574463E-017
         265           2  0.000000000000000E+000 -7.978723404254968E-018
         266           1  0.000000000000000E+000 -1.702127659574409E-017
         266           2  0.000000000000000E+000 -7.978723404254782E-018
         267           1  0.000000000000000E+000 -1.702127659574391E-017
         267           2  0.000000000000000E+000 -7.978723404255627E-018
         268           1  0.000000000000000E+000 -1.702127659574472E-017
         268           2  0.000000000000000E+000 -7.978723404255114E-018
         269           1  0.000000000000000E+000 -1.702127659574419E-017
         269           2  0.000000000000000E+000 -7.978723404254943E-018
         270           1  0.000000000000000E+000 -1.702127659574373E-017
         270           2  0.000000000000000E+000 -7.978723404254096E-018
         271           1  0.000000000000000E+000 -1.702127659574295E-017
         271           2  0.000000000000000E+000 -7.978723404254010E-018
         272           1  0.000000000000000E+000 -1.702127659574277E-017
         272           2  0.000000000000000E+000 -7.978723404254079E-018
         273           1  0.000000000000000E+000 -1.702127659574348E-017
         273           2  0.000000000000000E+000 -7.978723404254552E-018
         274           1  0.000000000000000E+000 -1.702127659574276E-017
         274           2  0.000000000000000E+000 -7.978723404252777E-018
         275           1  0.000000000000000E+000 -1.702127659574418E-017
         275           2  0.000000000000000E+000 -7.978723404255003E-018
         276           1  0.000000000000000E+000 -1.702127659574323E-017
         276           2  0.000000000000000E+000 -7.978723404255042E-018
         277           1  0.000000000000000E+000 -1.702127659574264E-017
         277           2  0.000000000000000E+000 -7.978723404254090E-018
         278           1  0.000000000000000E+000 -1.702127659574178E-017
         278           2  0.000000000000000E+000 -7.978723404253732E-018
         279           1  0.000000000000000E+000 -1.702127659574189E-017
         279           2  0.000000000000000E+000 -7.978723404253686E-018
         280           1  0.000000000000000E+000 -1.702127659574209E-017
         280           2  0.000000000000000E+000 -7.978723404253797E-018
         281           1  0.000000000000000E+000 -1.702127659574304E-017
         281           2  0.000000000000000E+000 -7.978723404254591E-018
         282           1  0.000000000000000E+000 -1.702127659573992E-017
         282           2  0.000000000000000E+000 -7.978723404250196E-018
         283           1  0.000000000000000E+000 -1.702127659574459E-017
         283           2  0.000000000000000E+000 -7.978723404254817E-018
         284           1  0.000000000000000E+000 -1.702127659574451E-017
         284           2  0.000000000000000E+000 -7.978723404254698E-018
         285           1  0.000000000000000E+000 -1.702127659574459E-017
         285           2  0.000000000000000E+000 -7.978723404255281E-018
         286           1  0.000000000000000E+000 -1.702127659574416E-017
         286           2  0.000000000000000E+000 -7.978723404255364E-018
         287           1  0.000000000000000E+000 -1.702127659574457E-017
         287           2  0.000000000000000E+000 -7.978723404255375E-018
         288           1  0.000000000000000E+000 -1.702127659574448E-017
         288           2  0.000000000000000E+000 -7.978723404255455E-018
         289           1  0.000000000000000E+000 -1.702127659574446E-017
         289           2  0.000000000000000E+000 -7.978723404255507E-018
         290           1  0.000000000000000E+000 -1.702127659574373E-017
         290           2  0.000000000000000E+000 -7.978723404254792E-018
         291           1  0.000000000000000E+000 -1.702127659574331E-017
         291           2  0.000000000000000E+000 -7.978723404254162E-018
         292           1  0.000000000000000E+000 -1.702127659574267E-017
         292           2  0.000000000000000E+000 -7.978723404254483E-018
         293           1  0.000000000000000E+000 -1.702127659574344E-017
         293           2  0.000000000000000E+000 -7.978723404254874E-018
         294           1  0.000000000000000E+000 -1.702127659574405E-017
         294           2  0.000000000000000E+000 -7.978723404254891E-018
         295           1  0.000000000000000E+000 -1.702127659574397E-017
         295           2  0.000000000000000E+000 -7.978723404255233E-018
         296           1  0.000000000000000E+000 -1.702127659574271E-017
         296           2  0.000000000000000E+000 -7.978723404252531E-018
         297           1  0.000000000000000E+000 -1.702127659574371E-017
         297           2  0.000000000000000E+000 -7.978723404254535E-018
         298           1  0.000000000000000E+000 -1.702127659574347E-017
         298           2  0.000000000000000E+000 -7.978723404254594E-018
         299           1  0.000000000000000E+000 -1.702127659574270E-017
         299           2  0.000000000000000E+000 -7.978723404254458E-018
         300           1  0.000000000000000E+000 -1.702127659574366E-017
         300           2  0.000000000000000E+000 -7.978723404254443E-018
         301           1  0.000000000000000E+000 -1.702127659574378E-017
         301           2  0.000000000000000E+000 -7.978723404253973E-018
         302           1  0.000000000000000E+000 -1.702127659574413E-017
         302           2  0.000000000000000E+000 -7.978723404254666E-018
         303           1  0.000000000000000E+000 -1.702127659574343E-017
         303           2  0.000000000000000E+000 -7.978723404254720E-018
         304           1  0.000000000000000E+000 -1.702127659574473E-017
         304           2  0.000000000000000E+000 -7.978723404254771E-018
         305           1  0.000000000000000E+000 -1.702127659574498E-017
         305           2  0.000000000000000E+000 -7.978723404255044E-018
         306           1  0.000000000000000E+000 -1.702127659574466E-017
         306           2  0.000000000000000E+000 -7.978723404255369E-018
         307           1  0.000000000000000E+000 -1.702127659574525E-017
         307           2  0.000000000000000E+000 -7.978723404254762E-018
         308           1  0.000000000000000E+000 -1.702127659574639E-017
         308           2  0.000000000000000E+000 -7.978723404255920E-018
         309           1  0.000000000000000E+000 -1.702127659574493E-017
         309           2  0.000000000000000E+000 -7.978723404254856E-018
         310           1  0.000000000000000E+000 -1.702127659574488E-017
         310           2  0.000000000000000E+000 -7.978723404254852E-018
         311           1  0.000000000000000E+000 -1.702127659574385E-017
         311           2  0.000000000000000E+000 -7.978723404254800E-018
         312           1  0.000000000000000E+000 -1.702127659574302E-017
         312           2  0.000000000000000E+000 -7.978723404254626E-018
         313           1  0.000000000000000E+000 -1.702127659574275E-017
         313           2  0.000000000000000E+000 -7.978723404254361E-018
         314           1  0.000000000000000E+000 -1.702127659574271E-017
         314           2  0.000000000000000E+000 -7.978723404254723E-018
         315           1  0.000000000000000E+000 -1.702127659574046E-017
         315           2  0.000000000000000E+000 -7.978723404254034E-018
         316           1  0.000000000000000E+000 -1.702127659574398E-017
         316           2  0.000000000000000E+000 -7.978723404255216E-018
         317           1  0.000000000000000E+000 -1.702127659574459E-017
         317           2  0.000000000000000E+000 -7.978723404255176E-018
         318           1  0.000000000000000E+000 -1.702127659574344E-017
         318           2  0.000000000000000E+000 -7.978723404254614E-018
         319           1  0.000000000000000E+000 -1.702127659574298E-017
         319           2  0.000000000000000E+000 -7.978723404254306E-018
         320           1  0.000000000000000E+000 -1.702127659574387E-017
         320           2  0.000000000000000E+000 -7.978723404254342E-018
         321           1  0.000000000000000E+000 -1.702127659574286E-017
         321           2  0.000000000000000E+000 -7.978723404253873E-018
         322           1  0.000000000000000E+000 -1.702127659574335E-017
         322           2  0.000000000000000E+000 -7.978723404254276E-018
         323           1  0.000000000000000E+000 -1.702127659574269E-017
         323           2  0.000000000000000E+000 -7.978723404254036E-018
         324           1  0.000000000000000E+000 -1.702127659574327E-017
         324           2  0.000000000000000E+000 -7.978723404254563E-018
         325           1  0.000000000000000E+000 -1.702127659574504E-017
         325           2  0.000000000000000E+000 -7.978723404254868E-018
         326           1  0.000000000000000E+000 -1.702127659574672E-017
         326           2  0.000000000000000E+000 -7.978723404255609E-018
         327           1  0.000000000000000E+000 -1.702127659574707E-017
         327           2  0.000000000000000E+000 -7.978723404255957E-018
         328           1  0.000000000000000E+000 -1.702127659574663E-017
         328           2  0.000000000000000E+000 -7.978723404257276E-018
         329           1  0.000000000000000E+000 -1.702127659574634E-017
         329           2  0.000000000000000E+000 -7.978723404256458E-018
         330           1  0.000000000000000E+000 -1.702127659574587E-017
         330           2  0.000000000000000E+000 -7.978723404256134E-018
         331           1  0.000000000000000E+000 -1.702127659574225E-017
         331           2  0.000000000000000E+000 -7.978723404253951E-018
         332           1  0.000000000000000E+000 -1.702127659574145E-017
         332           2  0.000000000000000E+000 -7.978723404253187E-018
         333           1  0.000000000000000E+000 -1.702127659574011E-017
         333           2  0.000000000000000E+000 -7.978723404253050E-018
         334           1  0.000000000000000E+000 -1.702127659574128E-017
         334           2  0.000000000000000E+000 -7.978723404253250E-018
         335           1  0.000000000000000E+000 -1.702127659574265E-017
         335           2  0.000000000000000E+000 -7.978723404254409E-018
         336           1  0.000000000000000E+000 -1.702127659574300E-017
         336           2  0.000000000000000E+000 -7.978723404254740E-018
         337           1  0.000000000000000E+000 -1.702127659574390E-017
         337           2  0.000000000000000E+000 -7.978723404254261E-018
         338           1  0.000000000000000E+000 -1.702127659574220E-017
         338           2  0.000000000000000E+000 -7.978723404254848E-018
         339           1  0.000000000000000E+000 -1.702127659574237E-017
         339           2  0.000000000000000E+000 -7.978723404253453E-018
         340           1  0.000000000000000E+000 -1.702127659574337E-017
         340           2  0.000000000000000E+000 -7.978723404254815E-018
         341           1  0.000000000000000E+000 -1.702127659574163E-017
         341           2  0.000000000000000E+000 -7.978723404254415E-018
         342           1  0.000000000000000E+000 -1.702127659574224E-017
         342           2  0.000000000000000E+000 -7.978723404253943E-018
         343           1  0.000000000000000E+000 -1.702127659574141E-017
         343           2  0.000000000000000E+000 -7.978723404253950E-018
         344           1  0.000000000000000E+000 -1.702127659574239E-017
         344           2  0.000000000000000E+000 -7.978723404253735E-018
         345           1  0.000000000000000E+000 -1.702127659574254E-017
         345           2  0.000000000000000E+000 -7.978723404254173E-018
         346           1  0.000000000000000E+000 -1.702127659574386E-017
         346           2  0.000000000000000E+000 -7.978723404254628E-018
         347           1  0.000000000000000E+000 -1.702127659574439E-017
         347           2  0.000000000000000E+000 -7.978723404255460E-018
         348           1  0.000000000000000E+000 -1.702127659574676E-017
         348           2  0.000000000000000E+000 -7.978723404256848E-018
         349           1  0.000000000000000E+000 -1.702127659574498E-017
         349           2  0.000000000000000E+000 -7.978723404254785E-018
         350           1  0.000000000000000E+000 -1.702127659574549E-017
         350           2  0.000000000000000E+000 -7.978723404255467E-018
         351           1  0.000000000000000E+000 -1.702127659574124E-017
         351           2  0.000000000000000E+000 -7.978723404253766E-018
         352           1  0.000000000000000E+000 -1.702127659574069E-017
         352           2  0.000000000000000E+000 -7.978723404252925E-018
         353           1  0.000000000000000E+000 -1.702127659574029E-017
         353           2  0.000000000000000E+000 -7.978723404252287E-018
         354           1  0.000000000000000E+000 -1.702127659574127E-017
         354           2  0.000000000000000E+000 -7.978723404253891E-018
         355           1  0.000000000000000E+000 -1.702127659574227E-017
         355           2  0.000000000000000E+000 -7.978723404254088E-018
         356           1  0.000000000000000E+000 -1.702127659574323E-017
         356           2  0.000000000000000E+000 -7.978723404254170E-018
         357           1  0.000000000000000E+000 -1.702127659574489E-017
         357           2  0.000000000000000E+000 -7.978723404255122E-018
         358           1  0.000000000000000E+000 -1.702127659574096E-017
         358           2  0.000000000000000E+000 -7.978723404253208E-018
         359           1  0.000000000000000E+000 -1.702127659574169E-017
         359           2  0.000000000000000E+000 -7.978723404253831E-018
         360           1  0.000000000000000E+000 -1.702127659574142E-017
         360           2  0.000000000000000E+000 -7.978723404254010E-018
         361           1  0.000000000000000E+000 -1.702127659574117E-017
         361           2  0.000000000000000E+000 -7.978723404254342E-018
         362           1  0.000000000000000E+000 -1.702127659574012E-017
         362           2  0.000000000000000E+000 -7.978723404253774E-018
         363           1  0.000000000000000E+000 -1.702127659574051E-017
         363           2  0.000000000000000E+000 -7.978723404253546E-018
         364           1  0.000000000000000E+000 -1.702127659574189E-017
         364           2  0.000000000000000E+000 -7.978723404253759E-018
         365           1  0.000000000000000E+000 -1.702127659574397E-017
         365           2  0.000000000000000E+000 -7.978723404255392E-018
         366           1  0.000000000000000E+000 -1.702127659574412E-017
         366           2  0.000000000000000E+000 -7.978723404255321E-018
         367           1  0.000000000000000E+000 -1.702127659574097E-017
         367           2  0.000000000000000E+000 -7.978723404253236E-018
         368           1  0.000000000000000E+000 -1.702127659574124E-017
         368           2  0.000000000000000E+000 -7.978723404254124E-018
         369           1  0.000000000000000E+000 -1.702127659574341E-017
         369           2  0.000000000000000E+000 -7.978723404254678E-018
         370           1  0.000000000000000E+000 -1.702127659574473E-017
         370           2  0.000000000000000E+000 -7.978723404255460E-018
         371           1  0.000000000000000E+000 -1.702127659574280E-017
         371           2  0.000000000000000E+000 -7.978723404254456E-018
         372           1  0.000000000000000E+000 -1.702127659574062E-017
         372           2  0.000000000000000E+000 -7.978723404252943E-018
         373           1  0.000000000000000E+000 -1.702127659574012E-017
         373           2  0.000000000000000E+000 -7.978723404253306E-018
         374           1  0.000000000000000E+000 -1.702127659574140E-017
         374           2  0.000000000000000E+000 -7.978723404253430E-018
         375           1  0.000000000000000E+000 -1.702127659574231E-017
         375           2  0.000000000000000E+000 -7.978723404253624E-018
         376           1  0.000000000000000E+000 -1.702127659574540E-017
         376           2  0.000000000000000E+000 -7.978723404255741E-018
         377           1  0.000000000000000E+000 -1.702127659574611E-017
         377           2  0.000000000000000E+000 -7.978723404256033E-018
         378           1  0.000000000000000E+000 -1.702127659574038E-017
         378           2  0.000000000000000E+000 -7.978723404252951E-018
         379           1  0.000000000000000E+000 -1.702127659574068E-017
         379           2  0.000000000000000E+000 -7.978723404253201E-018
         380           1  0.000000000000000E+000 -1.702127659574109E-017
         380           2  0.000000000000000E+000 -7.978723404253352E-018
         381           1  0.000000000000000E+000 -1.702127659574145E-017
         381           2  0.000000000000000E+000 -7.978723404254355E-018
         382           1  0.000000000000000E+000 -1.702127659573973E-017
         382           2  0.000000000000000E+000 -7.978723404253282E-018
         383           1  0.000000000000000E+000 -1.702127659573948E-017
         383           2  0.000000000000000E+000 -7.978723404253623E-018
         384           1  0.000000000000000E+000 -1.702127659574205E-017
         384           2  0.000000000000000E+000 -7.978723404254175E-018
         385           1  0.000000000000000E+000 -1.702127659574781E-017
         385           2  0.000000000000000E+000 -7.978723404256612E-018
         386           1  0.000000000000000E+000 -1.702127659574505E-017
         386           2  0.000000000000000E+000 -7.978723404255233E-018
         387           1  0.000000000000000E+000 -1.702127659574283E-017
         387           2  0.000000000000000E+000 -7.978723404253786E-018
         388           1  0.000000000000000E+000 -1.702127659574231E-017
         388           2  0.000000000000000E+000 -7.978723404253965E-018
         389           1  0.000000000000000E+000 -1.702127659574496E-017
         389           2  0.000000000000000E+000 -7.978723404254977E-018
         390           1  0.000000000000000E+000 -1.702127659574394E-017
         390           2  0.000000000000000E+000 -7.978723404254971E-018
         391           1  0.000000000000000E+000 -1.702127659574276E-017
         391           2  0.000000000000000E+000 -7.978723404254866E-018
         392           1  0.000000000000000E+000 -1.702127659573993E-017
         392           2  0.000000000000000E+000 -7.978723404253393E-018
         393           1  0.000000000000000E+000 -1.702127659574014E-017
         393           2  0.000000000000000E+000 -7.978723404253742E-018
         394           1  0.000000000000000E+000 -1.702127659574386E-017
         394           2  0.000000000000000E+000 -7.978723404255333E-018
         395           1  0.000000000000000E+000 -1.702127659574230E-017
         395           2  0.000000000000000E+000 -7.978723404254811E-018
         396           1  0.000000000000000E+000 -1.702127659574543E-017
         396           2  0.000000000000000E+000 -7.978723404254396E-018
         397           1  0.000000000000000E+000 -1.702127659574443E-017
         397           2  0.000000000000000E+000 -7.978723404254883E-018
         398           1  0.000000000000000E+000 -1.702127659574488E-017
         398           2  0.000000000000000E+000 -7.978723404255460E-018
         399           1  0.000000000000000E+000 -1.702127659573990E-017
         399           2  0.000000000000000E+000 -7.978723404253019E-018
         400           1  0.000000000000000E+000 -1.702127659573923E-017
         400           2  0.000000000000000E+000 -7.978723404252355E-018
