           1           1  0.000000000000000E+000 -2.599557522123471E-018
           1           2  0.000000000000000E+000 -2.240044247787594E-017
           2           1  0.000000000000000E+000 -2.599557522122893E-018
           2           2  0.000000000000000E+000 -2.240044247787417E-017
           3           1  0.000000000000000E+000 -2.599557522123228E-018
           3           2  0.000000000000000E+000 -2.240044247787503E-017
           4           1  0.000000000000000E+000 -2.599557522124194E-018
           4           2  0.000000000000000E+000 -2.240044247787635E-017
           5           1  0.000000000000000E+000 -2.599557522125037E-018
           5           2  0.000000000000000E+000 -2.240044247787702E-017
           6           1  0.000000000000000E+000 -2.599557522123521E-018
           6           2  0.000000000000000E+000 -2.240044247787558E-017
           7           1  0.000000000000000E+000 -2.599557522118327E-018
           7           2  0.000000000000000E+000 -2.240044247787270E-017
           8           1  0.000000000000000E+000 -2.599557522126041E-018
           8           2  0.000000000000000E+000 -2.240044247787738E-017
           9           1  0.000000000000000E+000 -2.599557522125939E-018
           9           2  0.000000000000000E+000 -2.240044247787705E-017
          10           1  0.000000000000000E+000 -2.599557522121075E-018
          10           2  0.000000000000000E+000 -2.240044247787995E-017
          11           1  0.000000000000000E+000 -2.599557522124324E-018
          11           2  0.000000000000000E+000 -2.240044247787797E-017
          12           1  0.000000000000000E+000 -2.599557522124660E-018
          12           2  0.000000000000000E+000 -2.240044247787483E-017
          13           1  0.000000000000000E+000 -2.599557522122886E-018
          13           2  0.000000000000000E+000 -2.240044247787508E-017
          14           1  0.000000000000000E+000 -2.599557522124039E-018
          14           2  0.000000000000000E+000 -2.240044247787354E-017
          15           1  0.000000000000000E+000 -2.599557522123793E-018
          15           2  0.000000000000000E+000 -2.240044247787588E-017
          16           1  0.000000000000000E+000 -2.599557522120611E-018
          16           2  0.000000000000000E+000 -2.240044247787462E-017
          17           1  0.000000000000000E+000 -2.599557522124122E-018
          17           2  0.000000000000000E+000 -2.240044247787643E-017
          18           1  0.000000000000000E+000 -2.599557522128860E-018
          18           2  0.000000000000000E+000 -2.240044247787647E-017
          19           1  0.000000000000000E+000 -2.599557522128052E-018
          19           2  0.000000000000000E+000 -2.240044247787854E-017
          20           1  0.000000000000000E+000 -2.599557522122016E-018
          20           2  0.000000000000000E+000 -2.240044247787537E-017
          21           1  0.000000000000000E+000 -2.599557522123698E-018
          21           2  0.000000000000000E+000 -2.240044247787475E-017
          22           1  0.000000000000000E+000 -2.599557522123444E-018
          22           2  0.000000000000000E+000 -2.240044247787607E-017
          23           1  0.000000000000000E+000 -2.599557522123442E-018
          23           2  0.000000000000000E+000 -2.240044247787509E-017
          24           1  0.000000000000000E+000 -2.599557522124631E-018
          24           2  0.000000000000000E+000 -2.240044247787793E-017
          25           1  0.000000000000000E+000 -2.599557522122975E-018
          25           2  0.000000000000000E+000 -2.240044247787576E-017
          26           1  0.000000000000000E+000 -2.599557522128251E-018
          26           2  0.000000000000000E+000 -2.240044247787942E-017
          27           1  0.000000000000000E+000 -2.599557522126246E-018
          27           2  0.000000000000000E+000 -2.240044247787744E-017
          28           1  0.000000000000000E+000 -2.599557522129255E-018
          28           2  0.000000000000000E+000 -2.240044247788330E-017
          29           1  0.000000000000000E+000 -2.599557522129909E-018
          29           2  0.000000000000000E+000 -2.240044247787895E-017
          30           1  0.000000000000000E+000 -2.599557522123577E-018
          30           2  0.000000000000000E+000 -2.240044247787622E-017
          31           1  0.000000000000000E+000 -2.599557522125133E-018
          31           2  0.000000000000000E+000 -2.240044247787772E-017
          32           1  0.000000000000000E+000 -2.599557522123492E-018
          32           2  0.000000000000000E+000 -2.240044247787510E-017
          33           1  0.000000000000000E+000 -2.599557522121498E-018
          33           2  0.000000000000000E+000 -2.240044247787466E-017
          34           1  0.000000000000000E+000 -2.599557522124198E-018
          34           2  0.000000000000000E+000 -2.240044247787666E-017
          35           1  0.000000000000000E+000 -2.599557522121066E-018
          35           2  0.000000000000000E+000 -2.240044247787474E-017
          36           1  0.000000000000000E+000 -2.599557522122834E-018
          36           2  0.000000000000000E+000 -2.240044247787450E-017
          37           1  0.000000000000000E+000 -2.599557522121353E-018
          37           2  0.000000000000000E+000 -2.240044247787386E-017
          38           1  0.000000000000000E+000 -2.599557522124651E-018
          38           2  0.000000000000000E+000 -2.240044247787576E-017
          39           1  0.000000000000000E+000 -2.599557522124871E-018
          39           2  0.000000000000000E+000 -2.240044247787676E-017
          40           1  0.000000000000000E+000 -2.599557522120154E-018
          40           2  0.000000000000000E+000 -2.240044247787473E-017
          41           1  0.000000000000000E+000 -2.599557522122684E-018
          41           2  0.000000000000000E+000 -2.240044247787454E-017
          42           1  0.000000000000000E+000 -2.599557522119748E-018
          42           2  0.000000000000000E+000 -2.240044247787534E-017
          43           1  0.000000000000000E+000 -2.599557522123111E-018
          43           2  0.000000000000000E+000 -2.240044247787534E-017
          44           1  0.000000000000000E+000 -2.599557522123335E-018
          44           2  0.000000000000000E+000 -2.240044247787471E-017
          45           1  0.000000000000000E+000 -2.599557522124352E-018
          45           2  0.000000000000000E+000 -2.240044247787646E-017
          46           1  0.000000000000000E+000 -2.599557522122690E-018
          46           2  0.000000000000000E+000 -2.240044247787565E-017
          47           1  0.000000000000000E+000 -2.599557522130817E-018
          47           2  0.000000000000000E+000 -2.240044247787871E-017
          48           1  0.000000000000000E+000 -2.599557522127707E-018
          48           2  0.000000000000000E+000 -2.240044247788161E-017
          49           1  0.000000000000000E+000 -2.599557522117435E-018
          49           2  0.000000000000000E+000 -2.240044247787646E-017
          50           1  0.000000000000000E+000 -2.599557522124084E-018
          50           2  0.000000000000000E+000 -2.240044247787651E-017
          51           1  0.000000000000000E+000 -2.599557522121058E-018
          51           2  0.000000000000000E+000 -2.240044247787581E-017
          52           1  0.000000000000000E+000 -2.599557522121100E-018
          52           2  0.000000000000000E+000 -2.240044247787596E-017
          53           1  0.000000000000000E+000 -2.599557522118503E-018
          53           2  0.000000000000000E+000 -2.240044247787432E-017
          54           1  0.000000000000000E+000 -2.599557522119596E-018
          54           2  0.000000000000000E+000 -2.240044247787494E-017
          55           1  0.000000000000000E+000 -2.599557522121244E-018
          55           2  0.000000000000000E+000 -2.240044247787341E-017
          56           1  0.000000000000000E+000 -2.599557522120210E-018
          56           2  0.000000000000000E+000 -2.240044247787552E-017
          57           1  0.000000000000000E+000 -2.599557522120954E-018
          57           2  0.000000000000000E+000 -2.240044247787394E-017
          58           1  0.000000000000000E+000 -2.599557522124059E-018
          58           2  0.000000000000000E+000 -2.240044247787743E-017
          59           1  0.000000000000000E+000 -2.599557522120816E-018
          59           2  0.000000000000000E+000 -2.240044247787532E-017
          60           1  0.000000000000000E+000 -2.599557522120281E-018
          60           2  0.000000000000000E+000 -2.240044247787429E-017
          61           1  0.000000000000000E+000 -2.599557522123549E-018
          61           2  0.000000000000000E+000 -2.240044247787543E-017
          62           1  0.000000000000000E+000 -2.599557522123469E-018
          62           2  0.000000000000000E+000 -2.240044247787601E-017
          63           1  0.000000000000000E+000 -2.599557522122552E-018
          63           2  0.000000000000000E+000 -2.240044247787441E-017
          64           1  0.000000000000000E+000 -2.599557522123457E-018
          64           2  0.000000000000000E+000 -2.240044247787587E-017
          65           1  0.000000000000000E+000 -2.599557522124141E-018
          65           2  0.000000000000000E+000 -2.240044247787596E-017
          66           1  0.000000000000000E+000 -2.599557522125126E-018
          66           2  0.000000000000000E+000 -2.240044247787668E-017
          67           1  0.000000000000000E+000 -2.599557522124937E-018
          67           2  0.000000000000000E+000 -2.240044247787682E-017
          68           1  0.000000000000000E+000 -2.599557522123407E-018
          68           2  0.000000000000000E+000 -2.240044247787662E-017
          69           1  0.000000000000000E+000 -2.599557522128870E-018
          69           2  0.000000000000000E+000 -2.240044247788248E-017
          70           1  0.000000000000000E+000 -2.599557522118407E-018
          70           2  0.000000000000000E+000 -2.240044247787428E-017
          71           1  0.000000000000000E+000 -2.599557522118649E-018
          71           2  0.000000000000000E+000 -2.240044247787387E-017
          72           1  0.000000000000000E+000 -2.599557522123299E-018
          72           2  0.000000000000000E+000 -2.240044247787357E-017
          73           1  0.000000000000000E+000 -2.599557522119909E-018
          73           2  0.000000000000000E+000 -2.240044247787349E-017
          74           1  0.000000000000000E+000 -2.599557522117170E-018
          74           2  0.000000000000000E+000 -2.240044247787404E-017
          75           1  0.000000000000000E+000 -2.599557522119441E-018
          75           2  0.000000000000000E+000 -2.240044247787323E-017
          76           1  0.000000000000000E+000 -2.599557522117638E-018
          76           2  0.000000000000000E+000 -2.240044247787338E-017
          77           1  0.000000000000000E+000 -2.599557522121287E-018
          77           2  0.000000000000000E+000 -2.240044247787760E-017
          78           1  0.000000000000000E+000 -2.599557522123574E-018
          78           2  0.000000000000000E+000 -2.240044247787638E-017
          79           1  0.000000000000000E+000 -2.599557522120717E-018
          79           2  0.000000000000000E+000 -2.240044247787434E-017
          80           1  0.000000000000000E+000 -2.599557522118335E-018
          80           2  0.000000000000000E+000 -2.240044247787667E-017
          81           1  0.000000000000000E+000 -2.599557522124138E-018
          81           2  0.000000000000000E+000 -2.240044247787659E-017
          82           1  0.000000000000000E+000 -2.599557522124304E-018
          82           2  0.000000000000000E+000 -2.240044247787636E-017
          83           1  0.000000000000000E+000 -2.599557522124614E-018
          83           2  0.000000000000000E+000 -2.240044247787635E-017
          84           1  0.000000000000000E+000 -2.599557522123940E-018
          84           2  0.000000000000000E+000 -2.240044247787613E-017
          85           1  0.000000000000000E+000 -2.599557522120236E-018
          85           2  0.000000000000000E+000 -2.240044247787471E-017
          86           1  0.000000000000000E+000 -2.599557522123163E-018
          86           2  0.000000000000000E+000 -2.240044247787685E-017
          87           1  0.000000000000000E+000 -2.599557522127449E-018
          87           2  0.000000000000000E+000 -2.240044247787896E-017
          88           1  0.000000000000000E+000 -2.599557522120831E-018
          88           2  0.000000000000000E+000 -2.240044247787740E-017
          89           1  0.000000000000000E+000 -2.599557522117206E-018
          89           2  0.000000000000000E+000 -2.240044247787879E-017
          90           1  0.000000000000000E+000 -2.599557522113767E-018
          90           2  0.000000000000000E+000 -2.240044247787277E-017
          91           1  0.000000000000000E+000 -2.599557522115004E-018
          91           2  0.000000000000000E+000 -2.240044247787481E-017
          92           1  0.000000000000000E+000 -2.599557522120929E-018
          92           2  0.000000000000000E+000 -2.240044247787370E-017
          93           1  0.000000000000000E+000 -2.599557522125919E-018
          93           2  0.000000000000000E+000 -2.240044247787715E-017
          94           1  0.000000000000000E+000 -2.599557522118039E-018
          94           2  0.000000000000000E+000 -2.240044247787181E-017
          95           1  0.000000000000000E+000 -2.599557522118574E-018
          95           2  0.000000000000000E+000 -2.240044247787049E-017
          96           1  0.000000000000000E+000 -2.599557522121672E-018
          96           2  0.000000000000000E+000 -2.240044247787446E-017
          97           1  0.000000000000000E+000 -2.599557522123047E-018
          97           2  0.000000000000000E+000 -2.240044247787504E-017
          98           1  0.000000000000000E+000 -2.599557522125428E-018
          98           2  0.000000000000000E+000 -2.240044247787678E-017
          99           1  0.000000000000000E+000 -2.599557522125916E-018
          99           2  0.000000000000000E+000 -2.240044247788233E-017
         100           1  0.000000000000000E+000 -2.599557522126006E-018
         100           2  0.000000000000000E+000 -2.240044247787901E-017
         101           1  0.000000000000000E+000 -2.599557522123390E-018
         101           2  0.000000000000000E+000 -2.240044247787549E-017
         102           1  0.000000000000000E+000 -2.599557522124112E-018
         102           2  0.000000000000000E+000 -2.240044247787597E-017
         103           1  0.000000000000000E+000 -2.599557522123420E-018
         103           2  0.000000000000000E+000 -2.240044247787497E-017
         104           1  0.000000000000000E+000 -2.599557522124196E-018
         104           2  0.000000000000000E+000 -2.240044247787694E-017
         105           1  0.000000000000000E+000 -2.599557522119516E-018
         105           2  0.000000000000000E+000 -2.240044247788314E-017
         106           1  0.000000000000000E+000 -2.599557522124741E-018
         106           2  0.000000000000000E+000 -2.240044247787405E-017
         107           1  0.000000000000000E+000 -2.599557522121702E-018
         107           2  0.000000000000000E+000 -2.240044247787442E-017
         108           1  0.000000000000000E+000 -2.599557522123696E-018
         108           2  0.000000000000000E+000 -2.240044247787419E-017
         109           1  0.000000000000000E+000 -2.599557522111891E-018
         109           2  0.000000000000000E+000 -2.240044247787575E-017
         110           1  0.000000000000000E+000 -2.599557522117933E-018
         110           2  0.000000000000000E+000 -2.240044247787367E-017
         111           1  0.000000000000000E+000 -2.599557522134935E-018
         111           2  0.000000000000000E+000 -2.240044247787655E-017
         112           1  0.000000000000000E+000 -2.599557522122503E-018
         112           2  0.000000000000000E+000 -2.240044247787164E-017
         113           1  0.000000000000000E+000 -2.599557522113934E-018
         113           2  0.000000000000000E+000 -2.240044247787099E-017
         114           1  0.000000000000000E+000 -2.599557522122147E-018
         114           2  0.000000000000000E+000 -2.240044247787459E-017
         115           1  0.000000000000000E+000 -2.599557522118063E-018
         115           2  0.000000000000000E+000 -2.240044247787318E-017
         116           1  0.000000000000000E+000 -2.599557522120145E-018
         116           2  0.000000000000000E+000 -2.240044247787439E-017
         117           1  0.000000000000000E+000 -2.599557522124384E-018
         117           2  0.000000000000000E+000 -2.240044247787568E-017
         118           1  0.000000000000000E+000 -2.599557522124229E-018
         118           2  0.000000000000000E+000 -2.240044247787578E-017
         119           1  0.000000000000000E+000 -2.599557522126213E-018
         119           2  0.000000000000000E+000 -2.240044247787565E-017
         120           1  0.000000000000000E+000 -2.599557522124835E-018
         120           2  0.000000000000000E+000 -2.240044247787567E-017
         121           1  0.000000000000000E+000 -2.599557522123918E-018
         121           2  0.000000000000000E+000 -2.240044247787604E-017
         122           1  0.000000000000000E+000 -2.599557522124440E-018
         122           2  0.000000000000000E+000 -2.240044247787593E-017
         123           1  0.000000000000000E+000 -2.599557522125396E-018
         123           2  0.000000000000000E+000 -2.240044247787649E-017
         124           1  0.000000000000000E+000 -2.599557522124417E-018
         124           2  0.000000000000000E+000 -2.240044247787557E-017
         125           1  0.000000000000000E+000 -2.599557522115314E-018
         125           2  0.000000000000000E+000 -2.240044247787367E-017
         126           1  0.000000000000000E+000 -2.599557522123050E-018
         126           2  0.000000000000000E+000 -2.240044247787456E-017
         127           1  0.000000000000000E+000 -2.599557522122670E-018
         127           2  0.000000000000000E+000 -2.240044247787479E-017
         128           1  0.000000000000000E+000 -2.599557522123098E-018
         128           2  0.000000000000000E+000 -2.240044247787482E-017
         129           1  0.000000000000000E+000 -2.599557522124466E-018
         129           2  0.000000000000000E+000 -2.240044247787567E-017
         130           1  0.000000000000000E+000 -2.599557522125015E-018
         130           2  0.000000000000000E+000 -2.240044247787397E-017
         131           1  0.000000000000000E+000 -2.599557522127077E-018
         131           2  0.000000000000000E+000 -2.240044247787497E-017
         132           1  0.000000000000000E+000 -2.599557522123801E-018
         132           2  0.000000000000000E+000 -2.240044247787520E-017
         133           1  0.000000000000000E+000 -2.599557522122661E-018
         133           2  0.000000000000000E+000 -2.240044247787484E-017
         134           1  0.000000000000000E+000 -2.599557522119061E-018
         134           2  0.000000000000000E+000 -2.240044247787372E-017
         135           1  0.000000000000000E+000 -2.599557522121977E-018
         135           2  0.000000000000000E+000 -2.240044247787332E-017
         136           1  0.000000000000000E+000 -2.599557522121714E-018
         136           2  0.000000000000000E+000 -2.240044247787404E-017
         137           1  0.000000000000000E+000 -2.599557522125367E-018
         137           2  0.000000000000000E+000 -2.240044247787626E-017
         138           1  0.000000000000000E+000 -2.599557522124407E-018
         138           2  0.000000000000000E+000 -2.240044247787615E-017
         139           1  0.000000000000000E+000 -2.599557522124923E-018
         139           2  0.000000000000000E+000 -2.240044247787639E-017
         140           1  0.000000000000000E+000 -2.599557522124087E-018
         140           2  0.000000000000000E+000 -2.240044247787605E-017
         141           1  0.000000000000000E+000 -2.599557522124431E-018
         141           2  0.000000000000000E+000 -2.240044247787679E-017
         142           1  0.000000000000000E+000 -2.599557522120895E-018
         142           2  0.000000000000000E+000 -2.240044247787448E-017
         143           1  0.000000000000000E+000 -2.599557522122015E-018
         143           2  0.000000000000000E+000 -2.240044247787458E-017
         144           1  0.000000000000000E+000 -2.599557522124027E-018
         144           2  0.000000000000000E+000 -2.240044247787691E-017
         145           1  0.000000000000000E+000 -2.599557522122459E-018
         145           2  0.000000000000000E+000 -2.240044247787521E-017
         146           1  0.000000000000000E+000 -2.599557522121878E-018
         146           2  0.000000000000000E+000 -2.240044247787447E-017
         147           1  0.000000000000000E+000 -2.599557522122891E-018
         147           2  0.000000000000000E+000 -2.240044247787428E-017
         148           1  0.000000000000000E+000 -2.599557522121337E-018
         148           2  0.000000000000000E+000 -2.240044247787423E-017
         149           1  0.000000000000000E+000 -2.599557522125120E-018
         149           2  0.000000000000000E+000 -2.240044247787674E-017
         150           1  0.000000000000000E+000 -2.599557522126444E-018
         150           2  0.000000000000000E+000 -2.240044247787623E-017
         151           1  0.000000000000000E+000 -2.599557522126157E-018
         151           2  0.000000000000000E+000 -2.240044247787579E-017
         152           1  0.000000000000000E+000 -2.599557522122802E-018
         152           2  0.000000000000000E+000 -2.240044247787387E-017
         153           1  0.000000000000000E+000 -2.599557522117643E-018
         153           2  0.000000000000000E+000 -2.240044247787234E-017
         154           1  0.000000000000000E+000 -2.599557522120004E-018
         154           2  0.000000000000000E+000 -2.240044247787568E-017
         155           1  0.000000000000000E+000 -2.599557522120722E-018
         155           2  0.000000000000000E+000 -2.240044247787374E-017
         156           1  0.000000000000000E+000 -2.599557522129284E-018
         156           2  0.000000000000000E+000 -2.240044247787714E-017
         157           1  0.000000000000000E+000 -2.599557522123439E-018
         157           2  0.000000000000000E+000 -2.240044247787325E-017
         158           1  0.000000000000000E+000 -2.599557522123801E-018
         158           2  0.000000000000000E+000 -2.240044247787580E-017
         159           1  0.000000000000000E+000 -2.599557522123536E-018
         159           2  0.000000000000000E+000 -2.240044247787626E-017
         160           1  0.000000000000000E+000 -2.599557522123936E-018
         160           2  0.000000000000000E+000 -2.240044247787623E-017
         161           1  0.000000000000000E+000 -2.599557522123414E-018
         161           2  0.000000000000000E+000 -2.240044247787618E-017
         162           1  0.000000000000000E+000 -2.599557522125218E-018
         162           2  0.000000000000000E+000 -2.240044247787641E-017
         163           1  0.000000000000000E+000 -2.599557522125879E-018
         163           2  0.000000000000000E+000 -2.240044247787851E-017
         164           1  0.000000000000000E+000 -2.599557522124701E-018
         164           2  0.000000000000000E+000 -2.240044247787693E-017
         165           1  0.000000000000000E+000 -2.599557522117962E-018
         165           2  0.000000000000000E+000 -2.240044247787671E-017
         166           1  0.000000000000000E+000 -2.599557522123413E-018
         166           2  0.000000000000000E+000 -2.240044247787381E-017
         167           1  0.000000000000000E+000 -2.599557522123881E-018
         167           2  0.000000000000000E+000 -2.240044247787492E-017
         168           1  0.000000000000000E+000 -2.599557522124981E-018
         168           2  0.000000000000000E+000 -2.240044247787516E-017
         169           1  0.000000000000000E+000 -2.599557522125104E-018
         169           2  0.000000000000000E+000 -2.240044247787606E-017
         170           1  0.000000000000000E+000 -2.599557522126069E-018
         170           2  0.000000000000000E+000 -2.240044247787586E-017
         171           1  0.000000000000000E+000 -2.599557522123166E-018
         171           2  0.000000000000000E+000 -2.240044247787391E-017
         172           1  0.000000000000000E+000 -2.599557522122482E-018
         172           2  0.000000000000000E+000 -2.240044247787230E-017
         173           1  0.000000000000000E+000 -2.599557522117500E-018
         173           2  0.000000000000000E+000 -2.240044247787221E-017
         174           1  0.000000000000000E+000 -2.599557522120925E-018
         174           2  0.000000000000000E+000 -2.240044247787507E-017
         175           1  0.000000000000000E+000 -2.599557522124452E-018
         175           2  0.000000000000000E+000 -2.240044247787518E-017
         176           1  0.000000000000000E+000 -2.599557522121586E-018
         176           2  0.000000000000000E+000 -2.240044247787338E-017
         177           1  0.000000000000000E+000 -2.599557522125368E-018
         177           2  0.000000000000000E+000 -2.240044247787641E-017
         178           1  0.000000000000000E+000 -2.599557522120940E-018
         178           2  0.000000000000000E+000 -2.240044247787547E-017
         179           1  0.000000000000000E+000 -2.599557522126150E-018
         179           2  0.000000000000000E+000 -2.240044247787487E-017
         180           1  0.000000000000000E+000 -2.599557522123938E-018
         180           2  0.000000000000000E+000 -2.240044247787630E-017
         181           1  0.000000000000000E+000 -2.599557522118211E-018
         181           2  0.000000000000000E+000 -2.240044247787689E-017
         182           1  0.000000000000000E+000 -2.599557522120513E-018
         182           2  0.000000000000000E+000 -2.240044247787425E-017
         183           1  0.000000000000000E+000 -2.599557522119764E-018
         183           2  0.000000000000000E+000 -2.240044247787573E-017
         184           1  0.000000000000000E+000 -2.599557522123084E-018
         184           2  0.000000000000000E+000 -2.240044247787923E-017
         185           1  0.000000000000000E+000 -2.599557522125959E-018
         185           2  0.000000000000000E+000 -2.240044247787758E-017
         186           1  0.000000000000000E+000 -2.599557522124389E-018
         186           2  0.000000000000000E+000 -2.240044247787638E-017
         187           1  0.000000000000000E+000 -2.599557522124122E-018
         187           2  0.000000000000000E+000 -2.240044247787456E-017
         188           1  0.000000000000000E+000 -2.599557522124092E-018
         188           2  0.000000000000000E+000 -2.240044247787409E-017
         189           1  0.000000000000000E+000 -2.599557522123923E-018
         189           2  0.000000000000000E+000 -2.240044247787541E-017
         190           1  0.000000000000000E+000 -2.599557522124143E-018
         190           2  0.000000000000000E+000 -2.240044247787528E-017
         191           1  0.000000000000000E+000 -2.599557522122150E-018
         191           2  0.000000000000000E+000 -2.240044247787496E-017
         192           1  0.000000000000000E+000 -2.599557522113716E-018
         192           2  0.000000000000000E+000 -2.240044247787326E-017
         193           1  0.000000000000000E+000 -2.599557522123240E-018
         193           2  0.000000000000000E+000 -2.240044247787612E-017
         194           1  0.000000000000000E+000 -2.599557522125699E-018
         194           2  0.000000000000000E+000 -2.240044247787635E-017
         195           1  0.000000000000000E+000 -2.599557522123916E-018
         195           2  0.000000000000000E+000 -2.240044247787560E-017
         196           1  0.000000000000000E+000 -2.599557522128892E-018
         196           2  0.000000000000000E+000 -2.240044247788178E-017
         197           1  0.000000000000000E+000 -2.599557522124680E-018
         197           2  0.000000000000000E+000 -2.240044247787688E-017
         198           1  0.000000000000000E+000 -2.599557522121168E-018
         198           2  0.000000000000000E+000 -2.240044247786914E-017
         199           1  0.000000000000000E+000 -2.599557522124035E-018
         199           2  0.000000000000000E+000 -2.240044247787491E-017
         200           1  0.000000000000000E+000 -2.599557522120633E-018
         200           2  0.000000000000000E+000 -2.240044247787234E-017
         201           1  0.000000000000000E+000 -2.599557522118910E-018
         201           2  0.000000000000000E+000 -2.240044247787596E-017
         202           1  0.000000000000000E+000 -2.599557522123111E-018
         202           2  0.000000000000000E+000 -2.240044247787619E-017
         203           1  0.000000000000000E+000 -2.599557522122671E-018
         203           2  0.000000000000000E+000 -2.240044247787653E-017
         204           1  0.000000000000000E+000 -2.599557522115441E-018
         204           2  0.000000000000000E+000 -2.240044247787626E-017
         205           1  0.000000000000000E+000 -2.599557522129848E-018
         205           2  0.000000000000000E+000 -2.240044247787870E-017
         206           1  0.000000000000000E+000 -2.599557522122673E-018
         206           2  0.000000000000000E+000 -2.240044247787608E-017
         207           1  0.000000000000000E+000 -2.599557522120481E-018
         207           2  0.000000000000000E+000 -2.240044247787521E-017
         208           1  0.000000000000000E+000 -2.599557522122557E-018
         208           2  0.000000000000000E+000 -2.240044247787451E-017
         209           1  0.000000000000000E+000 -2.599557522123361E-018
         209           2  0.000000000000000E+000 -2.240044247787533E-017
         210           1  0.000000000000000E+000 -2.599557522122866E-018
         210           2  0.000000000000000E+000 -2.240044247787520E-017
         211           1  0.000000000000000E+000 -2.599557522113582E-018
         211           2  0.000000000000000E+000 -2.240044247787369E-017
         212           1  0.000000000000000E+000 -2.599557522121094E-018
         212           2  0.000000000000000E+000 -2.240044247787427E-017
         213           1  0.000000000000000E+000 -2.599557522125739E-018
         213           2  0.000000000000000E+000 -2.240044247787697E-017
         214           1  0.000000000000000E+000 -2.599557522115606E-018
         214           2  0.000000000000000E+000 -2.240044247787475E-017
         215           1  0.000000000000000E+000 -2.599557522126325E-018
         215           2  0.000000000000000E+000 -2.240044247787922E-017
         216           1  0.000000000000000E+000 -2.599557522125610E-018
         216           2  0.000000000000000E+000 -2.240044247787673E-017
         217           1  0.000000000000000E+000 -2.599557522129084E-018
         217           2  0.000000000000000E+000 -2.240044247787869E-017
         218           1  0.000000000000000E+000 -2.599557522123003E-018
         218           2  0.000000000000000E+000 -2.240044247787565E-017
         219           1  0.000000000000000E+000 -2.599557522124292E-018
         219           2  0.000000000000000E+000 -2.240044247787532E-017
         220           1  0.000000000000000E+000 -2.599557522124196E-018
         220           2  0.000000000000000E+000 -2.240044247787523E-017
         221           1  0.000000000000000E+000 -2.599557522120555E-018
         221           2  0.000000000000000E+000 -2.240044247787640E-017
         222           1  0.000000000000000E+000 -2.599557522130485E-018
         222           2  0.000000000000000E+000 -2.240044247787929E-017
         223           1  0.000000000000000E+000 -2.599557522121942E-018
         223           2  0.000000000000000E+000 -2.240044247787724E-017
         224           1  0.000000000000000E+000 -2.599557522119204E-018
         224           2  0.000000000000000E+000 -2.240044247787612E-017
         225           1  0.000000000000000E+000 -2.599557522124570E-018
         225           2  0.000000000000000E+000 -2.240044247787638E-017
         226           1  0.000000000000000E+000 -2.599557522119951E-018
         226           2  0.000000000000000E+000 -2.240044247787736E-017
         227           1  0.000000000000000E+000 -2.599557522124342E-018
         227           2  0.000000000000000E+000 -2.240044247787677E-017
         228           1  0.000000000000000E+000 -2.599557522123245E-018
         228           2  0.000000000000000E+000 -2.240044247787533E-017
         229           1  0.000000000000000E+000 -2.599557522116489E-018
         229           2  0.000000000000000E+000 -2.240044247787209E-017
         230           1  0.000000000000000E+000 -2.599557522112159E-018
         230           2  0.000000000000000E+000 -2.240044247787215E-017
         231           1  0.000000000000000E+000 -2.599557522124250E-018
         231           2  0.000000000000000E+000 -2.240044247787553E-017
         232           1  0.000000000000000E+000 -2.599557522118569E-018
         232           2  0.000000000000000E+000 -2.240044247787287E-017
         233           1  0.000000000000000E+000 -2.599557522123334E-018
         233           2  0.000000000000000E+000 -2.240044247787459E-017
         234           1  0.000000000000000E+000 -2.599557522117867E-018
         234           2  0.000000000000000E+000 -2.240044247787753E-017
         235           1  0.000000000000000E+000 -2.599557522116532E-018
         235           2  0.000000000000000E+000 -2.240044247787761E-017
         236           1  0.000000000000000E+000 -2.599557522123599E-018
         236           2  0.000000000000000E+000 -2.240044247787491E-017
         237           1  0.000000000000000E+000 -2.599557522124140E-018
         237           2  0.000000000000000E+000 -2.240044247787546E-017
         238           1  0.000000000000000E+000 -2.599557522123884E-018
         238           2  0.000000000000000E+000 -2.240044247787374E-017
         239           1  0.000000000000000E+000 -2.599557522124255E-018
         239           2  0.000000000000000E+000 -2.240044247787516E-017
         240           1  0.000000000000000E+000 -2.599557522124376E-018
         240           2  0.000000000000000E+000 -2.240044247787565E-017
         241           1  0.000000000000000E+000 -2.599557522114848E-018
         241           2  0.000000000000000E+000 -2.240044247787474E-017
         242           1  0.000000000000000E+000 -2.599557522136901E-018
         242           2  0.000000000000000E+000 -2.240044247788163E-017
         243           1  0.000000000000000E+000 -2.599557522127355E-018
         243           2  0.000000000000000E+000 -2.240044247787858E-017
         244           1  0.000000000000000E+000 -2.599557522124651E-018
         244           2  0.000000000000000E+000 -2.240044247787873E-017
         245           1  0.000000000000000E+000 -2.599557522124044E-018
         245           2  0.000000000000000E+000 -2.240044247787684E-017
         246           1  0.000000000000000E+000 -2.599557522120330E-018
         246           2  0.000000000000000E+000 -2.240044247787498E-017
         247           1  0.000000000000000E+000 -2.599557522121973E-018
         247           2  0.000000000000000E+000 -2.240044247787577E-017
         248           1  0.000000000000000E+000 -2.599557522108981E-018
         248           2  0.000000000000000E+000 -2.240044247786610E-017
         249           1  0.000000000000000E+000 -2.599557522115643E-018
         249           2  0.000000000000000E+000 -2.240044247787386E-017
         250           1  0.000000000000000E+000 -2.599557522122720E-018
         250           2  0.000000000000000E+000 -2.240044247787516E-017
         251           1  0.000000000000000E+000 -2.599557522122780E-018
         251           2  0.000000000000000E+000 -2.240044247787610E-017
         252           1  0.000000000000000E+000 -2.599557522126801E-018
         252           2  0.000000000000000E+000 -2.240044247787750E-017
         253           1  0.000000000000000E+000 -2.599557522122924E-018
         253           2  0.000000000000000E+000 -2.240044247787539E-017
         254           1  0.000000000000000E+000 -2.599557522124060E-018
         254           2  0.000000000000000E+000 -2.240044247787723E-017
         255           1  0.000000000000000E+000 -2.599557522122630E-018
         255           2  0.000000000000000E+000 -2.240044247788144E-017
         256           1  0.000000000000000E+000 -2.599557522121258E-018
         256           2  0.000000000000000E+000 -2.240044247787537E-017
         257           1  0.000000000000000E+000 -2.599557522119760E-018
         257           2  0.000000000000000E+000 -2.240044247787290E-017
         258           1  0.000000000000000E+000 -2.599557522123036E-018
         258           2  0.000000000000000E+000 -2.240044247787455E-017
         259           1  0.000000000000000E+000 -2.599557522123459E-018
         259           2  0.000000000000000E+000 -2.240044247787579E-017
         260           1  0.000000000000000E+000 -2.599557522125063E-018
         260           2  0.000000000000000E+000 -2.240044247787710E-017
         261           1  0.000000000000000E+000 -2.599557522121289E-018
         261           2  0.000000000000000E+000 -2.240044247787563E-017
         262           1  0.000000000000000E+000 -2.599557522114103E-018
         262           2  0.000000000000000E+000 -2.240044247787364E-017
         263           1  0.000000000000000E+000 -2.599557522123765E-018
         263           2  0.000000000000000E+000 -2.240044247787619E-017
         264           1  0.000000000000000E+000 -2.599557522122427E-018
         264           2  0.000000000000000E+000 -2.240044247787561E-017
         265           1  0.000000000000000E+000 -2.599557522122582E-018
         265           2  0.000000000000000E+000 -2.240044247787545E-017
         266           1  0.000000000000000E+000 -2.599557522123778E-018
         266           2  0.000000000000000E+000 -2.240044247787590E-017
         267           1  0.000000000000000E+000 -2.599557522124440E-018
         267           2  0.000000000000000E+000 -2.240044247787621E-017
         268           1  0.000000000000000E+000 -2.599557522125126E-018
         268           2  0.000000000000000E+000 -2.240044247787638E-017
         269           1  0.000000000000000E+000 -2.599557522117629E-018
         269           2  0.000000000000000E+000 -2.240044247787591E-017
         270           1  0.000000000000000E+000 -2.599557522115457E-018
         270           2  0.000000000000000E+000 -2.240044247787458E-017
         271           1  0.000000000000000E+000 -2.599557522121191E-018
         271           2  0.000000000000000E+000 -2.240044247787426E-017
         272           1  0.000000000000000E+000 -2.599557522123229E-018
         272           2  0.000000000000000E+000 -2.240044247787565E-017
         273           1  0.000000000000000E+000 -2.599557522125132E-018
         273           2  0.000000000000000E+000 -2.240044247787704E-017
         274           1  0.000000000000000E+000 -2.599557522125473E-018
         274           2  0.000000000000000E+000 -2.240044247787676E-017
         275           1  0.000000000000000E+000 -2.599557522134709E-018
         275           2  0.000000000000000E+000 -2.240044247788554E-017
         276           1  0.000000000000000E+000 -2.599557522125501E-018
         276           2  0.000000000000000E+000 -2.240044247787654E-017
         277           1  0.000000000000000E+000 -2.599557522125475E-018
         277           2  0.000000000000000E+000 -2.240044247787640E-017
         278           1  0.000000000000000E+000 -2.599557522124098E-018
         278           2  0.000000000000000E+000 -2.240044247787570E-017
         279           1  0.000000000000000E+000 -2.599557522121875E-018
         279           2  0.000000000000000E+000 -2.240044247787134E-017
         280           1  0.000000000000000E+000 -2.599557522124021E-018
         280           2  0.000000000000000E+000 -2.240044247787491E-017
         281           1  0.000000000000000E+000 -2.599557522125451E-018
         281           2  0.000000000000000E+000 -2.240044247787613E-017
         282           1  0.000000000000000E+000 -2.599557522122145E-018
         282           2  0.000000000000000E+000 -2.240044247787567E-017
         283           1  0.000000000000000E+000 -2.599557522121313E-018
         283           2  0.000000000000000E+000 -2.240044247787590E-017
         284           1  0.000000000000000E+000 -2.599557522124116E-018
         284           2  0.000000000000000E+000 -2.240044247787614E-017
         285           1  0.000000000000000E+000 -2.599557522124179E-018
         285           2  0.000000000000000E+000 -2.240044247787622E-017
         286           1  0.000000000000000E+000 -2.599557522123821E-018
         286           2  0.000000000000000E+000 -2.240044247787473E-017
         287           1  0.000000000000000E+000 -2.599557522120908E-018
         287           2  0.000000000000000E+000 -2.240044247787402E-017
         288           1  0.000000000000000E+000 -2.599557522123224E-018
         288           2  0.000000000000000E+000 -2.240044247787611E-017
         289           1  0.000000000000000E+000 -2.599557522122951E-018
         289           2  0.000000000000000E+000 -2.240044247787582E-017
         290           1  0.000000000000000E+000 -2.599557522122678E-018
         290           2  0.000000000000000E+000 -2.240044247787589E-017
         291           1  0.000000000000000E+000 -2.599557522122455E-018
         291           2  0.000000000000000E+000 -2.240044247787635E-017
         292           1  0.000000000000000E+000 -2.599557522123322E-018
         292           2  0.000000000000000E+000 -2.240044247787585E-017
         293           1  0.000000000000000E+000 -2.599557522128122E-018
         293           2  0.000000000000000E+000 -2.240044247788218E-017
         294           1  0.000000000000000E+000 -2.599557522126943E-018
         294           2  0.000000000000000E+000 -2.240044247787893E-017
         295           1  0.000000000000000E+000 -2.599557522122670E-018
         295           2  0.000000000000000E+000 -2.240044247787574E-017
         296           1  0.000000000000000E+000 -2.599557522125201E-018
         296           2  0.000000000000000E+000 -2.240044247787688E-017
         297           1  0.000000000000000E+000 -2.599557522126374E-018
         297           2  0.000000000000000E+000 -2.240044247787692E-017
         298           1  0.000000000000000E+000 -2.599557522124777E-018
         298           2  0.000000000000000E+000 -2.240044247787688E-017
         299           1  0.000000000000000E+000 -2.599557522124039E-018
         299           2  0.000000000000000E+000 -2.240044247787612E-017
         300           1  0.000000000000000E+000 -2.599557522126080E-018
         300           2  0.000000000000000E+000 -2.240044247787759E-017
         301           1  0.000000000000000E+000 -2.599557522120429E-018
         301           2  0.000000000000000E+000 -2.240044247787436E-017
         302           1  0.000000000000000E+000 -2.599557522124984E-018
         302           2  0.000000000000000E+000 -2.240044247787934E-017
         303           1  0.000000000000000E+000 -2.599557522117762E-018
         303           2  0.000000000000000E+000 -2.240044247787566E-017
         304           1  0.000000000000000E+000 -2.599557522123804E-018
         304           2  0.000000000000000E+000 -2.240044247787641E-017
         305           1  0.000000000000000E+000 -2.599557522123653E-018
         305           2  0.000000000000000E+000 -2.240044247787721E-017
         306           1  0.000000000000000E+000 -2.599557522123437E-018
         306           2  0.000000000000000E+000 -2.240044247787766E-017
         307           1  0.000000000000000E+000 -2.599557522125467E-018
         307           2  0.000000000000000E+000 -2.240044247787624E-017
         308           1  0.000000000000000E+000 -2.599557522123870E-018
         308           2  0.000000000000000E+000 -2.240044247787597E-017
         309           1  0.000000000000000E+000 -2.599557522122403E-018
         309           2  0.000000000000000E+000 -2.240044247787598E-017
         310           1  0.000000000000000E+000 -2.599557522122598E-018
         310           2  0.000000000000000E+000 -2.240044247787694E-017
         311           1  0.000000000000000E+000 -2.599557522123049E-018
         311           2  0.000000000000000E+000 -2.240044247787693E-017
         312           1  0.000000000000000E+000 -2.599557522122463E-018
         312           2  0.000000000000000E+000 -2.240044247787594E-017
         313           1  0.000000000000000E+000 -2.599557522123619E-018
         313           2  0.000000000000000E+000 -2.240044247787671E-017
         314           1  0.000000000000000E+000 -2.599557522118404E-018
         314           2  0.000000000000000E+000 -2.240044247787683E-017
         315           1  0.000000000000000E+000 -2.599557522122115E-018
         315           2  0.000000000000000E+000 -2.240044247787527E-017
         316           1  0.000000000000000E+000 -2.599557522126043E-018
         316           2  0.000000000000000E+000 -2.240044247787706E-017
         317           1  0.000000000000000E+000 -2.599557522126703E-018
         317           2  0.000000000000000E+000 -2.240044247787640E-017
         318           1  0.000000000000000E+000 -2.599557522125305E-018
         318           2  0.000000000000000E+000 -2.240044247787637E-017
         319           1  0.000000000000000E+000 -2.599557522124700E-018
         319           2  0.000000000000000E+000 -2.240044247787716E-017
         320           1  0.000000000000000E+000 -2.599557522126686E-018
         320           2  0.000000000000000E+000 -2.240044247787687E-017
         321           1  0.000000000000000E+000 -2.599557522123837E-018
         321           2  0.000000000000000E+000 -2.240044247787595E-017
         322           1  0.000000000000000E+000 -2.599557522122076E-018
         322           2  0.000000000000000E+000 -2.240044247787487E-017
         323           1  0.000000000000000E+000 -2.599557522122094E-018
         323           2  0.000000000000000E+000 -2.240044247787516E-017
         324           1  0.000000000000000E+000 -2.599557522121703E-018
         324           2  0.000000000000000E+000 -2.240044247787497E-017
         325           1  0.000000000000000E+000 -2.599557522121617E-018
         325           2  0.000000000000000E+000 -2.240044247787463E-017
         326           1  0.000000000000000E+000 -2.599557522123662E-018
         326           2  0.000000000000000E+000 -2.240044247787631E-017
         327           1  0.000000000000000E+000 -2.599557522124159E-018
         327           2  0.000000000000000E+000 -2.240044247787578E-017
         328           1  0.000000000000000E+000 -2.599557522121329E-018
         328           2  0.000000000000000E+000 -2.240044247787489E-017
         329           1  0.000000000000000E+000 -2.599557522123027E-018
         329           2  0.000000000000000E+000 -2.240044247787589E-017
         330           1  0.000000000000000E+000 -2.599557522121913E-018
         330           2  0.000000000000000E+000 -2.240044247787513E-017
         331           1  0.000000000000000E+000 -2.599557522123867E-018
         331           2  0.000000000000000E+000 -2.240044247787602E-017
         332           1  0.000000000000000E+000 -2.599557522124123E-018
         332           2  0.000000000000000E+000 -2.240044247787448E-017
         333           1  0.000000000000000E+000 -2.599557522123035E-018
         333           2  0.000000000000000E+000 -2.240044247787574E-017
         334           1  0.000000000000000E+000 -2.599557522123310E-018
         334           2  0.000000000000000E+000 -2.240044247787514E-017
         335           1  0.000000000000000E+000 -2.599557522124278E-018
         335           2  0.000000000000000E+000 -2.240044247787602E-017
         336           1  0.000000000000000E+000 -2.599557522123430E-018
         336           2  0.000000000000000E+000 -2.240044247787518E-017
         337           1  0.000000000000000E+000 -2.599557522124767E-018
         337           2  0.000000000000000E+000 -2.240044247787625E-017
         338           1  0.000000000000000E+000 -2.599557522123675E-018
         338           2  0.000000000000000E+000 -2.240044247787692E-017
         339           1  0.000000000000000E+000 -2.599557522121425E-018
         339           2  0.000000000000000E+000 -2.240044247787415E-017
         340           1  0.000000000000000E+000 -2.599557522122203E-018
         340           2  0.000000000000000E+000 -2.240044247787461E-017
         341           1  0.000000000000000E+000 -2.599557522121903E-018
         341           2  0.000000000000000E+000 -2.240044247787511E-017
         342           1  0.000000000000000E+000 -2.599557522123707E-018
         342           2  0.000000000000000E+000 -2.240044247787504E-017
         343           1  0.000000000000000E+000 -2.599557522120668E-018
         343           2  0.000000000000000E+000 -2.240044247787448E-017
         344           1  0.000000000000000E+000 -2.599557522122132E-018
         344           2  0.000000000000000E+000 -2.240044247787477E-017
         345           1  0.000000000000000E+000 -2.599557522122618E-018
         345           2  0.000000000000000E+000 -2.240044247787565E-017
         346           1  0.000000000000000E+000 -2.599557522122644E-018
         346           2  0.000000000000000E+000 -2.240044247787524E-017
         347           1  0.000000000000000E+000 -2.599557522121241E-018
         347           2  0.000000000000000E+000 -2.240044247787519E-017
         348           1  0.000000000000000E+000 -2.599557522124269E-018
         348           2  0.000000000000000E+000 -2.240044247787613E-017
         349           1  0.000000000000000E+000 -2.599557522123299E-018
         349           2  0.000000000000000E+000 -2.240044247787615E-017
         350           1  0.000000000000000E+000 -2.599557522122596E-018
         350           2  0.000000000000000E+000 -2.240044247787545E-017
         351           1  0.000000000000000E+000 -2.599557522122948E-018
         351           2  0.000000000000000E+000 -2.240044247787450E-017
         352           1  0.000000000000000E+000 -2.599557522122853E-018
         352           2  0.000000000000000E+000 -2.240044247787555E-017
         353           1  0.000000000000000E+000 -2.599557522122766E-018
         353           2  0.000000000000000E+000 -2.240044247787380E-017
         354           1  0.000000000000000E+000 -2.599557522124136E-018
         354           2  0.000000000000000E+000 -2.240044247787511E-017
         355           1  0.000000000000000E+000 -2.599557522125049E-018
         355           2  0.000000000000000E+000 -2.240044247787458E-017
         356           1  0.000000000000000E+000 -2.599557522124540E-018
         356           2  0.000000000000000E+000 -2.240044247787488E-017
         357           1  0.000000000000000E+000 -2.599557522124507E-018
         357           2  0.000000000000000E+000 -2.240044247787588E-017
         358           1  0.000000000000000E+000 -2.599557522121948E-018
         358           2  0.000000000000000E+000 -2.240044247787417E-017
         359           1  0.000000000000000E+000 -2.599557522120467E-018
         359           2  0.000000000000000E+000 -2.240044247787447E-017
         360           1  0.000000000000000E+000 -2.599557522124197E-018
         360           2  0.000000000000000E+000 -2.240044247787455E-017
         361           1  0.000000000000000E+000 -2.599557522121648E-018
         361           2  0.000000000000000E+000 -2.240044247787440E-017
         362           1  0.000000000000000E+000 -2.599557522120476E-018
         362           2  0.000000000000000E+000 -2.240044247787440E-017
         363           1  0.000000000000000E+000 -2.599557522123150E-018
         363           2  0.000000000000000E+000 -2.240044247787595E-017
         364           1  0.000000000000000E+000 -2.599557522122872E-018
         364           2  0.000000000000000E+000 -2.240044247787564E-017
         365           1  0.000000000000000E+000 -2.599557522121271E-018
         365           2  0.000000000000000E+000 -2.240044247787488E-017
         366           1  0.000000000000000E+000 -2.599557522125466E-018
         366           2  0.000000000000000E+000 -2.240044247787600E-017
         367           1  0.000000000000000E+000 -2.599557522126770E-018
         367           2  0.000000000000000E+000 -2.240044247787769E-017
         368           1  0.000000000000000E+000 -2.599557522124751E-018
         368           2  0.000000000000000E+000 -2.240044247787686E-017
         369           1  0.000000000000000E+000 -2.599557522123099E-018
         369           2  0.000000000000000E+000 -2.240044247787576E-017
         370           1  0.000000000000000E+000 -2.599557522123334E-018
         370           2  0.000000000000000E+000 -2.240044247787579E-017
         371           1  0.000000000000000E+000 -2.599557522121904E-018
         371           2  0.000000000000000E+000 -2.240044247787410E-017
         372           1  0.000000000000000E+000 -2.599557522122451E-018
         372           2  0.000000000000000E+000 -2.240044247787403E-017
         373           1  0.000000000000000E+000 -2.599557522122560E-018
         373           2  0.000000000000000E+000 -2.240044247787534E-017
         374           1  0.000000000000000E+000 -2.599557522124260E-018
         374           2  0.000000000000000E+000 -2.240044247787662E-017
         375           1  0.000000000000000E+000 -2.599557522124200E-018
         375           2  0.000000000000000E+000 -2.240044247787582E-017
         376           1  0.000000000000000E+000 -2.599557522124470E-018
         376           2  0.000000000000000E+000 -2.240044247787563E-017
         377           1  0.000000000000000E+000 -2.599557522122361E-018
         377           2  0.000000000000000E+000 -2.240044247787570E-017
         378           1  0.000000000000000E+000 -2.599557522123039E-018
         378           2  0.000000000000000E+000 -2.240044247787631E-017
         379           1  0.000000000000000E+000 -2.599557522123678E-018
         379           2  0.000000000000000E+000 -2.240044247787597E-017
         380           1  0.000000000000000E+000 -2.599557522121804E-018
         380           2  0.000000000000000E+000 -2.240044247787570E-017
         381           1  0.000000000000000E+000 -2.599557522121168E-018
         381           2  0.000000000000000E+000 -2.240044247787489E-017
         382           1  0.000000000000000E+000 -2.599557522121545E-018
         382           2  0.000000000000000E+000 -2.240044247787490E-017
         383           1  0.000000000000000E+000 -2.599557522123301E-018
         383           2  0.000000000000000E+000 -2.240044247787564E-017
         384           1  0.000000000000000E+000 -2.599557522128382E-018
         384           2  0.000000000000000E+000 -2.240044247787687E-017
         385           1  0.000000000000000E+000 -2.599557522128896E-018
         385           2  0.000000000000000E+000 -2.240044247787745E-017
         386           1  0.000000000000000E+000 -2.599557522127053E-018
         386           2  0.000000000000000E+000 -2.240044247787658E-017
         387           1  0.000000000000000E+000 -2.599557522126871E-018
         387           2  0.000000000000000E+000 -2.240044247787711E-017
         388           1  0.000000000000000E+000 -2.599557522121589E-018
         388           2  0.000000000000000E+000 -2.240044247787545E-017
         389           1  0.000000000000000E+000 -2.599557522123368E-018
         389           2  0.000000000000000E+000 -2.240044247787402E-017
         390           1  0.000000000000000E+000 -2.599557522122724E-018
         390           2  0.000000000000000E+000 -2.240044247787462E-017
         391           1  0.000000000000000E+000 -2.599557522121836E-018
         391           2  0.000000000000000E+000 -2.240044247787450E-017
         392           1  0.000000000000000E+000 -2.599557522122153E-018
         392           2  0.000000000000000E+000 -2.240044247787565E-017
         393           1  0.000000000000000E+000 -2.599557522121034E-018
         393           2  0.000000000000000E+000 -2.240044247787444E-017
         394           1  0.000000000000000E+000 -2.599557522124588E-018
         394           2  0.000000000000000E+000 -2.240044247787614E-017
         395           1  0.000000000000000E+000 -2.599557522123695E-018
         395           2  0.000000000000000E+000 -2.240044247787638E-017
         396           1  0.000000000000000E+000 -2.599557522123809E-018
         396           2  0.000000000000000E+000 -2.240044247787531E-017
         397           1  0.000000000000000E+000 -2.599557522126861E-018
         397           2  0.000000000000000E+000 -2.240044247787590E-017
         398           1  0.000000000000000E+000 -2.599557522127458E-018
         398           2  0.000000000000000E+000 -2.240044247787613E-017
         399           1  0.000000000000000E+000 -2.599557522122711E-018
         399           2  0.000000000000000E+000 -2.240044247787460E-017
         400           1  0.000000000000000E+000 -2.599557522125532E-018
         400           2  0.000000000000000E+000 -2.240044247787973E-017
