           1           1  0.000000000000000E+000 -1.144248326231827E-017
           1           2  0.000000000000000E+000 -1.355751673766352E-017
           2           1  0.000000000000000E+000 -1.144248326232119E-017
           2           2  0.000000000000000E+000 -1.355751673766656E-017
           3           1  0.000000000000000E+000 -1.144248326231920E-017
           3           2  0.000000000000000E+000 -1.355751673766661E-017
           4           1  0.000000000000000E+000 -1.144248326231982E-017
           4           2  0.000000000000000E+000 -1.355751673766916E-017
           5           1  0.000000000000000E+000 -1.144248326231837E-017
           5           2  0.000000000000000E+000 -1.355751673766870E-017
           6           1  0.000000000000000E+000 -1.144248326231933E-017
           6           2  0.000000000000000E+000 -1.355751673766889E-017
           7           1  0.000000000000000E+000 -1.144248326231912E-017
           7           2  0.000000000000000E+000 -1.355751673766841E-017
           8           1  0.000000000000000E+000 -1.144248326231836E-017
           8           2  0.000000000000000E+000 -1.355751673766814E-017
           9           1  0.000000000000000E+000 -1.144248326231789E-017
           9           2  0.000000000000000E+000 -1.355751673766839E-017
          10           1  0.000000000000000E+000 -1.144248326231871E-017
          10           2  0.000000000000000E+000 -1.355751673766961E-017
          11           1  0.000000000000000E+000 -1.144248326232233E-017
          11           2  0.000000000000000E+000 -1.355751673767278E-017
          12           1  0.000000000000000E+000 -1.144248326232756E-017
          12           2  0.000000000000000E+000 -1.355751673768116E-017
          13           1  0.000000000000000E+000 -1.144248326232532E-017
          13           2  0.000000000000000E+000 -1.355751673767963E-017
          14           1  0.000000000000000E+000 -1.144248326232397E-017
          14           2  0.000000000000000E+000 -1.355751673767839E-017
          15           1  0.000000000000000E+000 -1.144248326232190E-017
          15           2  0.000000000000000E+000 -1.355751673767547E-017
          16           1  0.000000000000000E+000 -1.144248326232570E-017
          16           2  0.000000000000000E+000 -1.355751673767637E-017
          17           1  0.000000000000000E+000 -1.144248326232943E-017
          17           2  0.000000000000000E+000 -1.355751673767864E-017
          18           1  0.000000000000000E+000 -1.144248326233163E-017
          18           2  0.000000000000000E+000 -1.355751673768158E-017
          19           1  0.000000000000000E+000 -1.144248326232696E-017
          19           2  0.000000000000000E+000 -1.355751673768157E-017
          20           1  0.000000000000000E+000 -1.144248326232806E-017
          20           2  0.000000000000000E+000 -1.355751673768203E-017
          21           1  0.000000000000000E+000 -1.144248326231852E-017
          21           2  0.000000000000000E+000 -1.355751673766641E-017
          22           1  0.000000000000000E+000 -1.144248326232024E-017
          22           2  0.000000000000000E+000 -1.355751673766815E-017
          23           1  0.000000000000000E+000 -1.144248326231973E-017
          23           2  0.000000000000000E+000 -1.355751673766840E-017
          24           1  0.000000000000000E+000 -1.144248326231949E-017
          24           2  0.000000000000000E+000 -1.355751673766856E-017
          25           1  0.000000000000000E+000 -1.144248326231940E-017
          25           2  0.000000000000000E+000 -1.355751673766921E-017
          26           1  0.000000000000000E+000 -1.144248326231934E-017
          26           2  0.000000000000000E+000 -1.355751673766926E-017
          27           1  0.000000000000000E+000 -1.144248326232017E-017
          27           2  0.000000000000000E+000 -1.355751673766942E-017
          28           1  0.000000000000000E+000 -1.144248326231988E-017
          28           2  0.000000000000000E+000 -1.355751673766899E-017
          29           1  0.000000000000000E+000 -1.144248326231923E-017
          29           2  0.000000000000000E+000 -1.355751673767004E-017
          30           1  0.000000000000000E+000 -1.144248326231877E-017
          30           2  0.000000000000000E+000 -1.355751673767112E-017
          31           1  0.000000000000000E+000 -1.144248326232189E-017
          31           2  0.000000000000000E+000 -1.355751673767456E-017
          32           1  0.000000000000000E+000 -1.144248326232807E-017
          32           2  0.000000000000000E+000 -1.355751673768111E-017
          33           1  0.000000000000000E+000 -1.144248326232660E-017
          33           2  0.000000000000000E+000 -1.355751673767961E-017
          34           1  0.000000000000000E+000 -1.144248326232212E-017
          34           2  0.000000000000000E+000 -1.355751673767752E-017
          35           1  0.000000000000000E+000 -1.144248326232346E-017
          35           2  0.000000000000000E+000 -1.355751673767741E-017
          36           1  0.000000000000000E+000 -1.144248326232666E-017
          36           2  0.000000000000000E+000 -1.355751673767698E-017
          37           1  0.000000000000000E+000 -1.144248326233072E-017
          37           2  0.000000000000000E+000 -1.355751673767868E-017
          38           1  0.000000000000000E+000 -1.144248326233291E-017
          38           2  0.000000000000000E+000 -1.355751673768314E-017
          39           1  0.000000000000000E+000 -1.144248326233151E-017
          39           2  0.000000000000000E+000 -1.355751673768244E-017
          40           1  0.000000000000000E+000 -1.144248326232670E-017
          40           2  0.000000000000000E+000 -1.355751673768088E-017
          41           1  0.000000000000000E+000 -1.144248326231594E-017
          41           2  0.000000000000000E+000 -1.355751673766547E-017
          42           1  0.000000000000000E+000 -1.144248326231838E-017
          42           2  0.000000000000000E+000 -1.355751673766816E-017
          43           1  0.000000000000000E+000 -1.144248326231982E-017
          43           2  0.000000000000000E+000 -1.355751673766903E-017
          44           1  0.000000000000000E+000 -1.144248326232083E-017
          44           2  0.000000000000000E+000 -1.355751673766903E-017
          45           1  0.000000000000000E+000 -1.144248326232144E-017
          45           2  0.000000000000000E+000 -1.355751673766959E-017
          46           1  0.000000000000000E+000 -1.144248326232105E-017
          46           2  0.000000000000000E+000 -1.355751673767041E-017
          47           1  0.000000000000000E+000 -1.144248326232058E-017
          47           2  0.000000000000000E+000 -1.355751673766981E-017
          48           1  0.000000000000000E+000 -1.144248326231989E-017
          48           2  0.000000000000000E+000 -1.355751673766923E-017
          49           1  0.000000000000000E+000 -1.144248326231859E-017
          49           2  0.000000000000000E+000 -1.355751673767067E-017
          50           1  0.000000000000000E+000 -1.144248326231826E-017
          50           2  0.000000000000000E+000 -1.355751673767081E-017
          51           1  0.000000000000000E+000 -1.144248326232105E-017
          51           2  0.000000000000000E+000 -1.355751673767481E-017
          52           1  0.000000000000000E+000 -1.144248326232795E-017
          52           2  0.000000000000000E+000 -1.355751673768279E-017
          53           1  0.000000000000000E+000 -1.144248326232601E-017
          53           2  0.000000000000000E+000 -1.355751673768058E-017
          54           1  0.000000000000000E+000 -1.144248326232261E-017
          54           2  0.000000000000000E+000 -1.355751673767837E-017
          55           1  0.000000000000000E+000 -1.144248326232465E-017
          55           2  0.000000000000000E+000 -1.355751673767842E-017
          56           1  0.000000000000000E+000 -1.144248326232573E-017
          56           2  0.000000000000000E+000 -1.355751673767648E-017
          57           1  0.000000000000000E+000 -1.144248326233044E-017
          57           2  0.000000000000000E+000 -1.355751673768015E-017
          58           1  0.000000000000000E+000 -1.144248326233241E-017
          58           2  0.000000000000000E+000 -1.355751673768330E-017
          59           1  0.000000000000000E+000 -1.144248326233108E-017
          59           2  0.000000000000000E+000 -1.355751673768306E-017
          60           1  0.000000000000000E+000 -1.144248326233022E-017
          60           2  0.000000000000000E+000 -1.355751673768108E-017
          61           1  0.000000000000000E+000 -1.144248326231687E-017
          61           2  0.000000000000000E+000 -1.355751673766867E-017
          62           1  0.000000000000000E+000 -1.144248326231755E-017
          62           2  0.000000000000000E+000 -1.355751673766802E-017
          63           1  0.000000000000000E+000 -1.144248326231907E-017
          63           2  0.000000000000000E+000 -1.355751673767004E-017
          64           1  0.000000000000000E+000 -1.144248326232140E-017
          64           2  0.000000000000000E+000 -1.355751673767139E-017
          65           1  0.000000000000000E+000 -1.144248326232067E-017
          65           2  0.000000000000000E+000 -1.355751673767042E-017
          66           1  0.000000000000000E+000 -1.144248326232157E-017
          66           2  0.000000000000000E+000 -1.355751673767161E-017
          67           1  0.000000000000000E+000 -1.144248326232081E-017
          67           2  0.000000000000000E+000 -1.355751673767240E-017
          68           1  0.000000000000000E+000 -1.144248326232000E-017
          68           2  0.000000000000000E+000 -1.355751673767003E-017
          69           1  0.000000000000000E+000 -1.144248326231930E-017
          69           2  0.000000000000000E+000 -1.355751673767105E-017
          70           1  0.000000000000000E+000 -1.144248326231901E-017
          70           2  0.000000000000000E+000 -1.355751673767166E-017
          71           1  0.000000000000000E+000 -1.144248326232244E-017
          71           2  0.000000000000000E+000 -1.355751673767345E-017
          72           1  0.000000000000000E+000 -1.144248326232824E-017
          72           2  0.000000000000000E+000 -1.355751673768139E-017
          73           1  0.000000000000000E+000 -1.144248326232649E-017
          73           2  0.000000000000000E+000 -1.355751673767983E-017
          74           1  0.000000000000000E+000 -1.144248326232448E-017
          74           2  0.000000000000000E+000 -1.355751673768063E-017
          75           1  0.000000000000000E+000 -1.144248326232351E-017
          75           2  0.000000000000000E+000 -1.355751673767797E-017
          76           1  0.000000000000000E+000 -1.144248326232559E-017
          76           2  0.000000000000000E+000 -1.355751673767476E-017
          77           1  0.000000000000000E+000 -1.144248326232957E-017
          77           2  0.000000000000000E+000 -1.355751673767967E-017
          78           1  0.000000000000000E+000 -1.144248326233224E-017
          78           2  0.000000000000000E+000 -1.355751673768153E-017
          79           1  0.000000000000000E+000 -1.144248326233128E-017
          79           2  0.000000000000000E+000 -1.355751673768260E-017
          80           1  0.000000000000000E+000 -1.144248326233168E-017
          80           2  0.000000000000000E+000 -1.355751673768441E-017
          81           1  0.000000000000000E+000 -1.144248326231726E-017
          81           2  0.000000000000000E+000 -1.355751673767026E-017
          82           1  0.000000000000000E+000 -1.144248326231846E-017
          82           2  0.000000000000000E+000 -1.355751673766993E-017
          83           1  0.000000000000000E+000 -1.144248326231914E-017
          83           2  0.000000000000000E+000 -1.355751673767028E-017
          84           1  0.000000000000000E+000 -1.144248326232008E-017
          84           2  0.000000000000000E+000 -1.355751673766919E-017
          85           1  0.000000000000000E+000 -1.144248326232089E-017
          85           2  0.000000000000000E+000 -1.355751673767013E-017
          86           1  0.000000000000000E+000 -1.144248326232099E-017
          86           2  0.000000000000000E+000 -1.355751673767125E-017
          87           1  0.000000000000000E+000 -1.144248326232030E-017
          87           2  0.000000000000000E+000 -1.355751673767222E-017
          88           1  0.000000000000000E+000 -1.144248326231999E-017
          88           2  0.000000000000000E+000 -1.355751673767212E-017
          89           1  0.000000000000000E+000 -1.144248326232107E-017
          89           2  0.000000000000000E+000 -1.355751673767162E-017
          90           1  0.000000000000000E+000 -1.144248326232014E-017
          90           2  0.000000000000000E+000 -1.355751673767125E-017
          91           1  0.000000000000000E+000 -1.144248326232170E-017
          91           2  0.000000000000000E+000 -1.355751673767187E-017
          92           1  0.000000000000000E+000 -1.144248326232575E-017
          92           2  0.000000000000000E+000 -1.355751673767745E-017
          93           1  0.000000000000000E+000 -1.144248326232669E-017
          93           2  0.000000000000000E+000 -1.355751673768236E-017
          94           1  0.000000000000000E+000 -1.144248326232491E-017
          94           2  0.000000000000000E+000 -1.355751673768157E-017
          95           1  0.000000000000000E+000 -1.144248326232347E-017
          95           2  0.000000000000000E+000 -1.355751673767781E-017
          96           1  0.000000000000000E+000 -1.144248326232607E-017
          96           2  0.000000000000000E+000 -1.355751673767628E-017
          97           1  0.000000000000000E+000 -1.144248326232796E-017
          97           2  0.000000000000000E+000 -1.355751673767942E-017
          98           1  0.000000000000000E+000 -1.144248326232937E-017
          98           2  0.000000000000000E+000 -1.355751673768035E-017
          99           1  0.000000000000000E+000 -1.144248326232943E-017
          99           2  0.000000000000000E+000 -1.355751673768253E-017
         100           1  0.000000000000000E+000 -1.144248326233109E-017
         100           2  0.000000000000000E+000 -1.355751673768340E-017
         101           1  0.000000000000000E+000 -1.144248326231952E-017
         101           2  0.000000000000000E+000 -1.355751673767239E-017
         102           1  0.000000000000000E+000 -1.144248326232046E-017
         102           2  0.000000000000000E+000 -1.355751673767095E-017
         103           1  0.000000000000000E+000 -1.144248326231962E-017
         103           2  0.000000000000000E+000 -1.355751673766996E-017
         104           1  0.000000000000000E+000 -1.144248326232053E-017
         104           2  0.000000000000000E+000 -1.355751673766995E-017
         105           1  0.000000000000000E+000 -1.144248326232029E-017
         105           2  0.000000000000000E+000 -1.355751673767006E-017
         106           1  0.000000000000000E+000 -1.144248326231954E-017
         106           2  0.000000000000000E+000 -1.355751673767045E-017
         107           1  0.000000000000000E+000 -1.144248326231775E-017
         107           2  0.000000000000000E+000 -1.355751673767141E-017
         108           1  0.000000000000000E+000 -1.144248326231885E-017
         108           2  0.000000000000000E+000 -1.355751673767205E-017
         109           1  0.000000000000000E+000 -1.144248326232003E-017
         109           2  0.000000000000000E+000 -1.355751673767286E-017
         110           1  0.000000000000000E+000 -1.144248326232172E-017
         110           2  0.000000000000000E+000 -1.355751673767325E-017
         111           1  0.000000000000000E+000 -1.144248326232330E-017
         111           2  0.000000000000000E+000 -1.355751673767439E-017
         112           1  0.000000000000000E+000 -1.144248326232462E-017
         112           2  0.000000000000000E+000 -1.355751673767673E-017
         113           1  0.000000000000000E+000 -1.144248326232776E-017
         113           2  0.000000000000000E+000 -1.355751673768356E-017
         114           1  0.000000000000000E+000 -1.144248326232453E-017
         114           2  0.000000000000000E+000 -1.355751673768212E-017
         115           1  0.000000000000000E+000 -1.144248326232408E-017
         115           2  0.000000000000000E+000 -1.355751673767909E-017
         116           1  0.000000000000000E+000 -1.144248326232660E-017
         116           2  0.000000000000000E+000 -1.355751673767887E-017
         117           1  0.000000000000000E+000 -1.144248326232965E-017
         117           2  0.000000000000000E+000 -1.355751673768066E-017
         118           1  0.000000000000000E+000 -1.144248326232897E-017
         118           2  0.000000000000000E+000 -1.355751673768316E-017
         119           1  0.000000000000000E+000 -1.144248326232872E-017
         119           2  0.000000000000000E+000 -1.355751673768300E-017
         120           1  0.000000000000000E+000 -1.144248326232826E-017
         120           2  0.000000000000000E+000 -1.355751673768264E-017
         121           1  0.000000000000000E+000 -1.144248326232077E-017
         121           2  0.000000000000000E+000 -1.355751673767344E-017
         122           1  0.000000000000000E+000 -1.144248326232218E-017
         122           2  0.000000000000000E+000 -1.355751673767300E-017
         123           1  0.000000000000000E+000 -1.144248326232194E-017
         123           2  0.000000000000000E+000 -1.355751673767167E-017
         124           1  0.000000000000000E+000 -1.144248326232219E-017
         124           2  0.000000000000000E+000 -1.355751673767225E-017
         125           1  0.000000000000000E+000 -1.144248326232059E-017
         125           2  0.000000000000000E+000 -1.355751673767202E-017
         126           1  0.000000000000000E+000 -1.144248326231901E-017
         126           2  0.000000000000000E+000 -1.355751673767492E-017
         127           1  0.000000000000000E+000 -1.144248326231873E-017
         127           2  0.000000000000000E+000 -1.355751673767674E-017
         128           1  0.000000000000000E+000 -1.144248326231908E-017
         128           2  0.000000000000000E+000 -1.355751673767668E-017
         129           1  0.000000000000000E+000 -1.144248326232088E-017
         129           2  0.000000000000000E+000 -1.355751673767615E-017
         130           1  0.000000000000000E+000 -1.144248326232093E-017
         130           2  0.000000000000000E+000 -1.355751673767475E-017
         131           1  0.000000000000000E+000 -1.144248326232226E-017
         131           2  0.000000000000000E+000 -1.355751673767325E-017
         132           1  0.000000000000000E+000 -1.144248326232300E-017
         132           2  0.000000000000000E+000 -1.355751673767408E-017
         133           1  0.000000000000000E+000 -1.144248326232905E-017
         133           2  0.000000000000000E+000 -1.355751673768346E-017
         134           1  0.000000000000000E+000 -1.144248326232693E-017
         134           2  0.000000000000000E+000 -1.355751673768543E-017
         135           1  0.000000000000000E+000 -1.144248326232608E-017
         135           2  0.000000000000000E+000 -1.355751673768082E-017
         136           1  0.000000000000000E+000 -1.144248326232856E-017
         136           2  0.000000000000000E+000 -1.355751673768184E-017
         137           1  0.000000000000000E+000 -1.144248326232979E-017
         137           2  0.000000000000000E+000 -1.355751673768276E-017
         138           1  0.000000000000000E+000 -1.144248326232754E-017
         138           2  0.000000000000000E+000 -1.355751673768219E-017
         139           1  0.000000000000000E+000 -1.144248326232850E-017
         139           2  0.000000000000000E+000 -1.355751673768270E-017
         140           1  0.000000000000000E+000 -1.144248326232840E-017
         140           2  0.000000000000000E+000 -1.355751673768291E-017
         141           1  0.000000000000000E+000 -1.144248326232316E-017
         141           2  0.000000000000000E+000 -1.355751673767415E-017
         142           1  0.000000000000000E+000 -1.144248326232351E-017
         142           2  0.000000000000000E+000 -1.355751673767447E-017
         143           1  0.000000000000000E+000 -1.144248326232480E-017
         143           2  0.000000000000000E+000 -1.355751673767397E-017
         144           1  0.000000000000000E+000 -1.144248326232470E-017
         144           2  0.000000000000000E+000 -1.355751673767584E-017
         145           1  0.000000000000000E+000 -1.144248326232280E-017
         145           2  0.000000000000000E+000 -1.355751673767795E-017
         146           1  0.000000000000000E+000 -1.144248326232099E-017
         146           2  0.000000000000000E+000 -1.355751673768043E-017
         147           1  0.000000000000000E+000 -1.144248326232003E-017
         147           2  0.000000000000000E+000 -1.355751673767936E-017
         148           1  0.000000000000000E+000 -1.144248326232114E-017
         148           2  0.000000000000000E+000 -1.355751673768064E-017
         149           1  0.000000000000000E+000 -1.144248326232161E-017
         149           2  0.000000000000000E+000 -1.355751673767879E-017
         150           1  0.000000000000000E+000 -1.144248326232247E-017
         150           2  0.000000000000000E+000 -1.355751673767655E-017
         151           1  0.000000000000000E+000 -1.144248326232421E-017
         151           2  0.000000000000000E+000 -1.355751673767539E-017
         152           1  0.000000000000000E+000 -1.144248326232332E-017
         152           2  0.000000000000000E+000 -1.355751673767365E-017
         153           1  0.000000000000000E+000 -1.144248326232709E-017
         153           2  0.000000000000000E+000 -1.355751673767854E-017
         154           1  0.000000000000000E+000 -1.144248326233056E-017
         154           2  0.000000000000000E+000 -1.355751673768417E-017
         155           1  0.000000000000000E+000 -1.144248326233083E-017
         155           2  0.000000000000000E+000 -1.355751673768296E-017
         156           1  0.000000000000000E+000 -1.144248326233010E-017
         156           2  0.000000000000000E+000 -1.355751673768326E-017
         157           1  0.000000000000000E+000 -1.144248326232849E-017
         157           2  0.000000000000000E+000 -1.355751673768386E-017
         158           1  0.000000000000000E+000 -1.144248326232771E-017
         158           2  0.000000000000000E+000 -1.355751673768302E-017
         159           1  0.000000000000000E+000 -1.144248326232791E-017
         159           2  0.000000000000000E+000 -1.355751673768330E-017
         160           1  0.000000000000000E+000 -1.144248326232992E-017
         160           2  0.000000000000000E+000 -1.355751673768654E-017
         161           1  0.000000000000000E+000 -1.144248326232538E-017
         161           2  0.000000000000000E+000 -1.355751673767701E-017
         162           1  0.000000000000000E+000 -1.144248326232610E-017
         162           2  0.000000000000000E+000 -1.355751673767571E-017
         163           1  0.000000000000000E+000 -1.144248326232631E-017
         163           2  0.000000000000000E+000 -1.355751673767640E-017
         164           1  0.000000000000000E+000 -1.144248326232611E-017
         164           2  0.000000000000000E+000 -1.355751673767901E-017
         165           1  0.000000000000000E+000 -1.144248326232532E-017
         165           2  0.000000000000000E+000 -1.355751673768045E-017
         166           1  0.000000000000000E+000 -1.144248326232431E-017
         166           2  0.000000000000000E+000 -1.355751673768081E-017
         167           1  0.000000000000000E+000 -1.144248326232275E-017
         167           2  0.000000000000000E+000 -1.355751673768147E-017
         168           1  0.000000000000000E+000 -1.144248326232155E-017
         168           2  0.000000000000000E+000 -1.355751673768097E-017
         169           1  0.000000000000000E+000 -1.144248326232157E-017
         169           2  0.000000000000000E+000 -1.355751673768056E-017
         170           1  0.000000000000000E+000 -1.144248326232478E-017
         170           2  0.000000000000000E+000 -1.355751673767887E-017
         171           1  0.000000000000000E+000 -1.144248326232474E-017
         171           2  0.000000000000000E+000 -1.355751673767372E-017
         172           1  0.000000000000000E+000 -1.144248326232539E-017
         172           2  0.000000000000000E+000 -1.355751673767350E-017
         173           1  0.000000000000000E+000 -1.144248326232703E-017
         173           2  0.000000000000000E+000 -1.355751673767644E-017
         174           1  0.000000000000000E+000 -1.144248326233073E-017
         174           2  0.000000000000000E+000 -1.355751673768328E-017
         175           1  0.000000000000000E+000 -1.144248326233202E-017
         175           2  0.000000000000000E+000 -1.355751673768564E-017
         176           1  0.000000000000000E+000 -1.144248326232942E-017
         176           2  0.000000000000000E+000 -1.355751673768426E-017
         177           1  0.000000000000000E+000 -1.144248326232868E-017
         177           2  0.000000000000000E+000 -1.355751673768369E-017
         178           1  0.000000000000000E+000 -1.144248326232915E-017
         178           2  0.000000000000000E+000 -1.355751673768579E-017
         179           1  0.000000000000000E+000 -1.144248326232906E-017
         179           2  0.000000000000000E+000 -1.355751673768482E-017
         180           1  0.000000000000000E+000 -1.144248326233253E-017
         180           2  0.000000000000000E+000 -1.355751673768857E-017
         181           1  0.000000000000000E+000 -1.144248326232437E-017
         181           2  0.000000000000000E+000 -1.355751673767761E-017
         182           1  0.000000000000000E+000 -1.144248326232666E-017
         182           2  0.000000000000000E+000 -1.355751673767686E-017
         183           1  0.000000000000000E+000 -1.144248326232685E-017
         183           2  0.000000000000000E+000 -1.355751673767832E-017
         184           1  0.000000000000000E+000 -1.144248326232591E-017
         184           2  0.000000000000000E+000 -1.355751673768017E-017
         185           1  0.000000000000000E+000 -1.144248326232602E-017
         185           2  0.000000000000000E+000 -1.355751673768049E-017
         186           1  0.000000000000000E+000 -1.144248326232593E-017
         186           2  0.000000000000000E+000 -1.355751673768085E-017
         187           1  0.000000000000000E+000 -1.144248326232545E-017
         187           2  0.000000000000000E+000 -1.355751673768337E-017
         188           1  0.000000000000000E+000 -1.144248326232436E-017
         188           2  0.000000000000000E+000 -1.355751673768210E-017
         189           1  0.000000000000000E+000 -1.144248326232302E-017
         189           2  0.000000000000000E+000 -1.355751673768091E-017
         190           1  0.000000000000000E+000 -1.144248326232575E-017
         190           2  0.000000000000000E+000 -1.355751673767961E-017
         191           1  0.000000000000000E+000 -1.144248326232742E-017
         191           2  0.000000000000000E+000 -1.355751673767694E-017
         192           1  0.000000000000000E+000 -1.144248326232816E-017
         192           2  0.000000000000000E+000 -1.355751673767716E-017
         193           1  0.000000000000000E+000 -1.144248326232777E-017
         193           2  0.000000000000000E+000 -1.355751673767786E-017
         194           1  0.000000000000000E+000 -1.144248326233165E-017
         194           2  0.000000000000000E+000 -1.355751673768461E-017
         195           1  0.000000000000000E+000 -1.144248326233303E-017
         195           2  0.000000000000000E+000 -1.355751673768820E-017
         196           1  0.000000000000000E+000 -1.144248326233270E-017
         196           2  0.000000000000000E+000 -1.355751673768791E-017
         197           1  0.000000000000000E+000 -1.144248326233149E-017
         197           2  0.000000000000000E+000 -1.355751673768692E-017
         198           1  0.000000000000000E+000 -1.144248326233100E-017
         198           2  0.000000000000000E+000 -1.355751673768757E-017
         199           1  0.000000000000000E+000 -1.144248326233345E-017
         199           2  0.000000000000000E+000 -1.355751673768879E-017
         200           1  0.000000000000000E+000 -1.144248326233150E-017
         200           2  0.000000000000000E+000 -1.355751673768699E-017
         201           1  0.000000000000000E+000 -1.144248326232797E-017
         201           2  0.000000000000000E+000 -1.355751673767696E-017
         202           1  0.000000000000000E+000 -1.144248326232773E-017
         202           2  0.000000000000000E+000 -1.355751673767728E-017
         203           1  0.000000000000000E+000 -1.144248326232725E-017
         203           2  0.000000000000000E+000 -1.355751673767841E-017
         204           1  0.000000000000000E+000 -1.144248326232698E-017
         204           2  0.000000000000000E+000 -1.355751673767990E-017
         205           1  0.000000000000000E+000 -1.144248326232654E-017
         205           2  0.000000000000000E+000 -1.355751673768021E-017
         206           1  0.000000000000000E+000 -1.144248326232762E-017
         206           2  0.000000000000000E+000 -1.355751673768083E-017
         207           1  0.000000000000000E+000 -1.144248326232713E-017
         207           2  0.000000000000000E+000 -1.355751673768053E-017
         208           1  0.000000000000000E+000 -1.144248326232642E-017
         208           2  0.000000000000000E+000 -1.355751673768114E-017
         209           1  0.000000000000000E+000 -1.144248326232764E-017
         209           2  0.000000000000000E+000 -1.355751673768253E-017
         210           1  0.000000000000000E+000 -1.144248326232962E-017
         210           2  0.000000000000000E+000 -1.355751673768316E-017
         211           1  0.000000000000000E+000 -1.144248326232932E-017
         211           2  0.000000000000000E+000 -1.355751673768132E-017
         212           1  0.000000000000000E+000 -1.144248326232715E-017
         212           2  0.000000000000000E+000 -1.355751673767830E-017
         213           1  0.000000000000000E+000 -1.144248326232788E-017
         213           2  0.000000000000000E+000 -1.355751673767948E-017
         214           1  0.000000000000000E+000 -1.144248326232993E-017
         214           2  0.000000000000000E+000 -1.355751673768416E-017
         215           1  0.000000000000000E+000 -1.144248326233532E-017
         215           2  0.000000000000000E+000 -1.355751673769146E-017
         216           1  0.000000000000000E+000 -1.144248326233723E-017
         216           2  0.000000000000000E+000 -1.355751673769421E-017
         217           1  0.000000000000000E+000 -1.144248326233906E-017
         217           2  0.000000000000000E+000 -1.355751673769661E-017
         218           1  0.000000000000000E+000 -1.144248326233640E-017
         218           2  0.000000000000000E+000 -1.355751673769297E-017
         219           1  0.000000000000000E+000 -1.144248326233957E-017
         219           2  0.000000000000000E+000 -1.355751673769561E-017
         220           1  0.000000000000000E+000 -1.144248326233489E-017
         220           2  0.000000000000000E+000 -1.355751673768666E-017
         221           1  0.000000000000000E+000 -1.144248326232964E-017
         221           2  0.000000000000000E+000 -1.355751673767743E-017
         222           1  0.000000000000000E+000 -1.144248326232890E-017
         222           2  0.000000000000000E+000 -1.355751673767757E-017
         223           1  0.000000000000000E+000 -1.144248326232849E-017
         223           2  0.000000000000000E+000 -1.355751673767816E-017
         224           1  0.000000000000000E+000 -1.144248326232723E-017
         224           2  0.000000000000000E+000 -1.355751673767899E-017
         225           1  0.000000000000000E+000 -1.144248326232767E-017
         225           2  0.000000000000000E+000 -1.355751673768018E-017
         226           1  0.000000000000000E+000 -1.144248326232891E-017
         226           2  0.000000000000000E+000 -1.355751673768101E-017
         227           1  0.000000000000000E+000 -1.144248326232951E-017
         227           2  0.000000000000000E+000 -1.355751673768065E-017
         228           1  0.000000000000000E+000 -1.144248326233051E-017
         228           2  0.000000000000000E+000 -1.355751673768518E-017
         229           1  0.000000000000000E+000 -1.144248326233058E-017
         229           2  0.000000000000000E+000 -1.355751673768461E-017
         230           1  0.000000000000000E+000 -1.144248326233141E-017
         230           2  0.000000000000000E+000 -1.355751673768470E-017
         231           1  0.000000000000000E+000 -1.144248326233107E-017
         231           2  0.000000000000000E+000 -1.355751673768447E-017
         232           1  0.000000000000000E+000 -1.144248326232846E-017
         232           2  0.000000000000000E+000 -1.355751673768304E-017
         233           1  0.000000000000000E+000 -1.144248326232881E-017
         233           2  0.000000000000000E+000 -1.355751673768558E-017
         234           1  0.000000000000000E+000 -1.144248326233168E-017
         234           2  0.000000000000000E+000 -1.355751673768957E-017
         235           1  0.000000000000000E+000 -1.144248326233755E-017
         235           2  0.000000000000000E+000 -1.355751673769454E-017
         236           1  0.000000000000000E+000 -1.144248326233485E-017
         236           2  0.000000000000000E+000 -1.355751673768934E-017
         237           1  0.000000000000000E+000 -1.144248326233604E-017
         237           2  0.000000000000000E+000 -1.355751673769055E-017
         238           1  0.000000000000000E+000 -1.144248326232583E-017
         238           2  0.000000000000000E+000 -1.355751673767520E-017
         239           1  0.000000000000000E+000 -1.144248326232615E-017
         239           2  0.000000000000000E+000 -1.355751673767605E-017
         240           1  0.000000000000000E+000 -1.144248326232234E-017
         240           2  0.000000000000000E+000 -1.355751673766948E-017
         241           1  0.000000000000000E+000 -1.144248326232963E-017
         241           2  0.000000000000000E+000 -1.355751673767729E-017
         242           1  0.000000000000000E+000 -1.144248326232925E-017
         242           2  0.000000000000000E+000 -1.355751673767693E-017
         243           1  0.000000000000000E+000 -1.144248326232765E-017
         243           2  0.000000000000000E+000 -1.355751673767834E-017
         244           1  0.000000000000000E+000 -1.144248326232894E-017
         244           2  0.000000000000000E+000 -1.355751673768080E-017
         245           1  0.000000000000000E+000 -1.144248326232879E-017
         245           2  0.000000000000000E+000 -1.355751673768213E-017
         246           1  0.000000000000000E+000 -1.144248326232872E-017
         246           2  0.000000000000000E+000 -1.355751673768174E-017
         247           1  0.000000000000000E+000 -1.144248326232990E-017
         247           2  0.000000000000000E+000 -1.355751673768360E-017
         248           1  0.000000000000000E+000 -1.144248326233280E-017
         248           2  0.000000000000000E+000 -1.355751673768726E-017
         249           1  0.000000000000000E+000 -1.144248326233345E-017
         249           2  0.000000000000000E+000 -1.355751673768826E-017
         250           1  0.000000000000000E+000 -1.144248326233232E-017
         250           2  0.000000000000000E+000 -1.355751673768744E-017
         251           1  0.000000000000000E+000 -1.144248326233445E-017
         251           2  0.000000000000000E+000 -1.355751673769153E-017
         252           1  0.000000000000000E+000 -1.144248326232677E-017
         252           2  0.000000000000000E+000 -1.355751673768178E-017
         253           1  0.000000000000000E+000 -1.144248326232653E-017
         253           2  0.000000000000000E+000 -1.355751673768313E-017
         254           1  0.000000000000000E+000 -1.144248326232677E-017
         254           2  0.000000000000000E+000 -1.355751673768188E-017
         255           1  0.000000000000000E+000 -1.144248326232968E-017
         255           2  0.000000000000000E+000 -1.355751673768326E-017
         256           1  0.000000000000000E+000 -1.144248326232871E-017
         256           2  0.000000000000000E+000 -1.355751673768126E-017
         257           1  0.000000000000000E+000 -1.144248326232850E-017
         257           2  0.000000000000000E+000 -1.355751673768061E-017
         258           1  0.000000000000000E+000 -1.144248326232284E-017
         258           2  0.000000000000000E+000 -1.355751673767325E-017
         259           1  0.000000000000000E+000 -1.144248326232318E-017
         259           2  0.000000000000000E+000 -1.355751673767721E-017
         260           1  0.000000000000000E+000 -1.144248326232309E-017
         260           2  0.000000000000000E+000 -1.355751673767692E-017
         261           1  0.000000000000000E+000 -1.144248326232909E-017
         261           2  0.000000000000000E+000 -1.355751673767794E-017
         262           1  0.000000000000000E+000 -1.144248326232806E-017
         262           2  0.000000000000000E+000 -1.355751673767668E-017
         263           1  0.000000000000000E+000 -1.144248326232612E-017
         263           2  0.000000000000000E+000 -1.355751673767819E-017
         264           1  0.000000000000000E+000 -1.144248326232750E-017
         264           2  0.000000000000000E+000 -1.355751673768134E-017
         265           1  0.000000000000000E+000 -1.144248326232884E-017
         265           2  0.000000000000000E+000 -1.355751673768249E-017
         266           1  0.000000000000000E+000 -1.144248326232988E-017
         266           2  0.000000000000000E+000 -1.355751673768321E-017
         267           1  0.000000000000000E+000 -1.144248326232940E-017
         267           2  0.000000000000000E+000 -1.355751673768389E-017
         268           1  0.000000000000000E+000 -1.144248326232889E-017
         268           2  0.000000000000000E+000 -1.355751673768246E-017
         269           1  0.000000000000000E+000 -1.144248326232898E-017
         269           2  0.000000000000000E+000 -1.355751673768161E-017
         270           1  0.000000000000000E+000 -1.144248326232888E-017
         270           2  0.000000000000000E+000 -1.355751673768127E-017
         271           1  0.000000000000000E+000 -1.144248326232815E-017
         271           2  0.000000000000000E+000 -1.355751673768219E-017
         272           1  0.000000000000000E+000 -1.144248326232235E-017
         272           2  0.000000000000000E+000 -1.355751673767773E-017
         273           1  0.000000000000000E+000 -1.144248326232528E-017
         273           2  0.000000000000000E+000 -1.355751673768544E-017
         274           1  0.000000000000000E+000 -1.144248326232454E-017
         274           2  0.000000000000000E+000 -1.355751673768018E-017
         275           1  0.000000000000000E+000 -1.144248326232668E-017
         275           2  0.000000000000000E+000 -1.355751673767860E-017
         276           1  0.000000000000000E+000 -1.144248326232765E-017
         276           2  0.000000000000000E+000 -1.355751673767915E-017
         277           1  0.000000000000000E+000 -1.144248326233270E-017
         277           2  0.000000000000000E+000 -1.355751673768646E-017
         278           1  0.000000000000000E+000 -1.144248326233074E-017
         278           2  0.000000000000000E+000 -1.355751673768532E-017
         279           1  0.000000000000000E+000 -1.144248326232365E-017
         279           2  0.000000000000000E+000 -1.355751673767930E-017
         280           1  0.000000000000000E+000 -1.144248326232590E-017
         280           2  0.000000000000000E+000 -1.355751673768332E-017
         281           1  0.000000000000000E+000 -1.144248326232871E-017
         281           2  0.000000000000000E+000 -1.355751673768015E-017
         282           1  0.000000000000000E+000 -1.144248326232651E-017
         282           2  0.000000000000000E+000 -1.355751673767764E-017
         283           1  0.000000000000000E+000 -1.144248326232727E-017
         283           2  0.000000000000000E+000 -1.355751673768028E-017
         284           1  0.000000000000000E+000 -1.144248326232705E-017
         284           2  0.000000000000000E+000 -1.355751673768109E-017
         285           1  0.000000000000000E+000 -1.144248326232931E-017
         285           2  0.000000000000000E+000 -1.355751673768265E-017
         286           1  0.000000000000000E+000 -1.144248326232650E-017
         286           2  0.000000000000000E+000 -1.355751673767895E-017
         287           1  0.000000000000000E+000 -1.144248326232347E-017
         287           2  0.000000000000000E+000 -1.355751673767457E-017
         288           1  0.000000000000000E+000 -1.144248326231929E-017
         288           2  0.000000000000000E+000 -1.355751673766757E-017
         289           1  0.000000000000000E+000 -1.144248326232021E-017
         289           2  0.000000000000000E+000 -1.355751673766898E-017
         290           1  0.000000000000000E+000 -1.144248326232636E-017
         290           2  0.000000000000000E+000 -1.355751673767834E-017
         291           1  0.000000000000000E+000 -1.144248326232105E-017
         291           2  0.000000000000000E+000 -1.355751673767274E-017
         292           1  0.000000000000000E+000 -1.144248326232400E-017
         292           2  0.000000000000000E+000 -1.355751673768042E-017
         293           1  0.000000000000000E+000 -1.144248326232047E-017
         293           2  0.000000000000000E+000 -1.355751673767700E-017
         294           1  0.000000000000000E+000 -1.144248326232569E-017
         294           2  0.000000000000000E+000 -1.355751673768267E-017
         295           1  0.000000000000000E+000 -1.144248326233202E-017
         295           2  0.000000000000000E+000 -1.355751673768700E-017
         296           1  0.000000000000000E+000 -1.144248326233031E-017
         296           2  0.000000000000000E+000 -1.355751673768390E-017
         297           1  0.000000000000000E+000 -1.144248326233310E-017
         297           2  0.000000000000000E+000 -1.355751673768622E-017
         298           1  0.000000000000000E+000 -1.144248326233085E-017
         298           2  0.000000000000000E+000 -1.355751673768461E-017
         299           1  0.000000000000000E+000 -1.144248326232976E-017
         299           2  0.000000000000000E+000 -1.355751673768512E-017
         300           1  0.000000000000000E+000 -1.144248326233019E-017
         300           2  0.000000000000000E+000 -1.355751673768715E-017
         301           1  0.000000000000000E+000 -1.144248326232700E-017
         301           2  0.000000000000000E+000 -1.355751673767802E-017
         302           1  0.000000000000000E+000 -1.144248326232626E-017
         302           2  0.000000000000000E+000 -1.355751673767678E-017
         303           1  0.000000000000000E+000 -1.144248326232702E-017
         303           2  0.000000000000000E+000 -1.355751673767914E-017
         304           1  0.000000000000000E+000 -1.144248326232668E-017
         304           2  0.000000000000000E+000 -1.355751673767945E-017
         305           1  0.000000000000000E+000 -1.144248326232624E-017
         305           2  0.000000000000000E+000 -1.355751673767813E-017
         306           1  0.000000000000000E+000 -1.144248326232532E-017
         306           2  0.000000000000000E+000 -1.355751673767672E-017
         307           1  0.000000000000000E+000 -1.144248326232055E-017
         307           2  0.000000000000000E+000 -1.355751673766730E-017
         308           1  0.000000000000000E+000 -1.144248326232063E-017
         308           2  0.000000000000000E+000 -1.355751673766741E-017
         309           1  0.000000000000000E+000 -1.144248326232197E-017
         309           2  0.000000000000000E+000 -1.355751673767111E-017
         310           1  0.000000000000000E+000 -1.144248326232713E-017
         310           2  0.000000000000000E+000 -1.355751673767932E-017
         311           1  0.000000000000000E+000 -1.144248326232547E-017
         311           2  0.000000000000000E+000 -1.355751673767815E-017
         312           1  0.000000000000000E+000 -1.144248326232573E-017
         312           2  0.000000000000000E+000 -1.355751673768079E-017
         313           1  0.000000000000000E+000 -1.144248326232391E-017
         313           2  0.000000000000000E+000 -1.355751673767890E-017
         314           1  0.000000000000000E+000 -1.144248326232711E-017
         314           2  0.000000000000000E+000 -1.355751673768342E-017
         315           1  0.000000000000000E+000 -1.144248326232601E-017
         315           2  0.000000000000000E+000 -1.355751673767927E-017
         316           1  0.000000000000000E+000 -1.144248326233101E-017
         316           2  0.000000000000000E+000 -1.355751673768522E-017
         317           1  0.000000000000000E+000 -1.144248326232922E-017
         317           2  0.000000000000000E+000 -1.355751673767839E-017
         318           1  0.000000000000000E+000 -1.144248326233843E-017
         318           2  0.000000000000000E+000 -1.355751673769095E-017
         319           1  0.000000000000000E+000 -1.144248326233310E-017
         319           2  0.000000000000000E+000 -1.355751673768841E-017
         320           1  0.000000000000000E+000 -1.144248326232827E-017
         320           2  0.000000000000000E+000 -1.355751673768456E-017
         321           1  0.000000000000000E+000 -1.144248326232568E-017
         321           2  0.000000000000000E+000 -1.355751673767614E-017
         322           1  0.000000000000000E+000 -1.144248326232475E-017
         322           2  0.000000000000000E+000 -1.355751673767606E-017
         323           1  0.000000000000000E+000 -1.144248326232429E-017
         323           2  0.000000000000000E+000 -1.355751673767660E-017
         324           1  0.000000000000000E+000 -1.144248326232432E-017
         324           2  0.000000000000000E+000 -1.355751673767658E-017
         325           1  0.000000000000000E+000 -1.144248326232395E-017
         325           2  0.000000000000000E+000 -1.355751673767545E-017
         326           1  0.000000000000000E+000 -1.144248326231940E-017
         326           2  0.000000000000000E+000 -1.355751673766721E-017
         327           1  0.000000000000000E+000 -1.144248326231900E-017
         327           2  0.000000000000000E+000 -1.355751673766608E-017
         328           1  0.000000000000000E+000 -1.144248326232026E-017
         328           2  0.000000000000000E+000 -1.355751673766727E-017
         329           1  0.000000000000000E+000 -1.144248326232239E-017
         329           2  0.000000000000000E+000 -1.355751673767098E-017
         330           1  0.000000000000000E+000 -1.144248326232719E-017
         330           2  0.000000000000000E+000 -1.355751673767781E-017
         331           1  0.000000000000000E+000 -1.144248326232978E-017
         331           2  0.000000000000000E+000 -1.355751673768218E-017
         332           1  0.000000000000000E+000 -1.144248326232686E-017
         332           2  0.000000000000000E+000 -1.355751673767848E-017
         333           1  0.000000000000000E+000 -1.144248326232589E-017
         333           2  0.000000000000000E+000 -1.355751673767909E-017
         334           1  0.000000000000000E+000 -1.144248326232759E-017
         334           2  0.000000000000000E+000 -1.355751673768216E-017
         335           1  0.000000000000000E+000 -1.144248326232203E-017
         335           2  0.000000000000000E+000 -1.355751673767451E-017
         336           1  0.000000000000000E+000 -1.144248326232322E-017
         336           2  0.000000000000000E+000 -1.355751673767293E-017
         337           1  0.000000000000000E+000 -1.144248326233805E-017
         337           2  0.000000000000000E+000 -1.355751673769242E-017
         338           1  0.000000000000000E+000 -1.144248326233946E-017
         338           2  0.000000000000000E+000 -1.355751673769414E-017
         339           1  0.000000000000000E+000 -1.144248326233805E-017
         339           2  0.000000000000000E+000 -1.355751673769333E-017
         340           1  0.000000000000000E+000 -1.144248326234196E-017
         340           2  0.000000000000000E+000 -1.355751673770027E-017
         341           1  0.000000000000000E+000 -1.144248326232373E-017
         341           2  0.000000000000000E+000 -1.355751673767479E-017
         342           1  0.000000000000000E+000 -1.144248326232153E-017
         342           2  0.000000000000000E+000 -1.355751673767170E-017
         343           1  0.000000000000000E+000 -1.144248326232183E-017
         343           2  0.000000000000000E+000 -1.355751673767335E-017
         344           1  0.000000000000000E+000 -1.144248326232173E-017
         344           2  0.000000000000000E+000 -1.355751673767170E-017
         345           1  0.000000000000000E+000 -1.144248326232081E-017
         345           2  0.000000000000000E+000 -1.355751673767087E-017
         346           1  0.000000000000000E+000 -1.144248326231899E-017
         346           2  0.000000000000000E+000 -1.355751673766736E-017
         347           1  0.000000000000000E+000 -1.144248326231724E-017
         347           2  0.000000000000000E+000 -1.355751673766482E-017
         348           1  0.000000000000000E+000 -1.144248326231797E-017
         348           2  0.000000000000000E+000 -1.355751673766511E-017
         349           1  0.000000000000000E+000 -1.144248326232231E-017
         349           2  0.000000000000000E+000 -1.355751673767157E-017
         350           1  0.000000000000000E+000 -1.144248326232765E-017
         350           2  0.000000000000000E+000 -1.355751673767663E-017
         351           1  0.000000000000000E+000 -1.144248326232951E-017
         351           2  0.000000000000000E+000 -1.355751673768010E-017
         352           1  0.000000000000000E+000 -1.144248326233455E-017
         352           2  0.000000000000000E+000 -1.355751673768785E-017
         353           1  0.000000000000000E+000 -1.144248326233161E-017
         353           2  0.000000000000000E+000 -1.355751673768373E-017
         354           1  0.000000000000000E+000 -1.144248326233955E-017
         354           2  0.000000000000000E+000 -1.355751673769744E-017
         355           1  0.000000000000000E+000 -1.144248326233184E-017
         355           2  0.000000000000000E+000 -1.355751673768753E-017
         356           1  0.000000000000000E+000 -1.144248326233882E-017
         356           2  0.000000000000000E+000 -1.355751673769357E-017
         357           1  0.000000000000000E+000 -1.144248326234383E-017
         357           2  0.000000000000000E+000 -1.355751673770025E-017
         358           1  0.000000000000000E+000 -1.144248326234003E-017
         358           2  0.000000000000000E+000 -1.355751673769610E-017
         359           1  0.000000000000000E+000 -1.144248326234253E-017
         359           2  0.000000000000000E+000 -1.355751673770041E-017
         360           1  0.000000000000000E+000 -1.144248326233681E-017
         360           2  0.000000000000000E+000 -1.355751673769272E-017
         361           1  0.000000000000000E+000 -1.144248326232281E-017
         361           2  0.000000000000000E+000 -1.355751673767247E-017
         362           1  0.000000000000000E+000 -1.144248326232092E-017
         362           2  0.000000000000000E+000 -1.355751673767051E-017
         363           1  0.000000000000000E+000 -1.144248326231994E-017
         363           2  0.000000000000000E+000 -1.355751673767012E-017
         364           1  0.000000000000000E+000 -1.144248326231985E-017
         364           2  0.000000000000000E+000 -1.355751673766772E-017
         365           1  0.000000000000000E+000 -1.144248326231830E-017
         365           2  0.000000000000000E+000 -1.355751673766473E-017
         366           1  0.000000000000000E+000 -1.144248326231530E-017
         366           2  0.000000000000000E+000 -1.355751673766269E-017
         367           1  0.000000000000000E+000 -1.144248326231651E-017
         367           2  0.000000000000000E+000 -1.355751673766530E-017
         368           1  0.000000000000000E+000 -1.144248326231651E-017
         368           2  0.000000000000000E+000 -1.355751673766595E-017
         369           1  0.000000000000000E+000 -1.144248326231969E-017
         369           2  0.000000000000000E+000 -1.355751673766925E-017
         370           1  0.000000000000000E+000 -1.144248326232485E-017
         370           2  0.000000000000000E+000 -1.355751673767302E-017
         371           1  0.000000000000000E+000 -1.144248326232651E-017
         371           2  0.000000000000000E+000 -1.355751673767547E-017
         372           1  0.000000000000000E+000 -1.144248326232788E-017
         372           2  0.000000000000000E+000 -1.355751673767925E-017
         373           1  0.000000000000000E+000 -1.144248326232465E-017
         373           2  0.000000000000000E+000 -1.355751673767372E-017
         374           1  0.000000000000000E+000 -1.144248326232882E-017
         374           2  0.000000000000000E+000 -1.355751673767975E-017
         375           1  0.000000000000000E+000 -1.144248326233001E-017
         375           2  0.000000000000000E+000 -1.355751673768364E-017
         376           1  0.000000000000000E+000 -1.144248326233928E-017
         376           2  0.000000000000000E+000 -1.355751673769537E-017
         377           1  0.000000000000000E+000 -1.144248326234053E-017
         377           2  0.000000000000000E+000 -1.355751673769746E-017
         378           1  0.000000000000000E+000 -1.144248326234419E-017
         378           2  0.000000000000000E+000 -1.355751673770634E-017
         379           1  0.000000000000000E+000 -1.144248326234047E-017
         379           2  0.000000000000000E+000 -1.355751673769983E-017
         380           1  0.000000000000000E+000 -1.144248326233681E-017
         380           2  0.000000000000000E+000 -1.355751673769119E-017
         381           1  0.000000000000000E+000 -1.144248326231963E-017
         381           2  0.000000000000000E+000 -1.355751673767100E-017
         382           1  0.000000000000000E+000 -1.144248326232088E-017
         382           2  0.000000000000000E+000 -1.355751673767204E-017
         383           1  0.000000000000000E+000 -1.144248326232045E-017
         383           2  0.000000000000000E+000 -1.355751673767080E-017
         384           1  0.000000000000000E+000 -1.144248326231918E-017
         384           2  0.000000000000000E+000 -1.355751673766721E-017
         385           1  0.000000000000000E+000 -1.144248326231874E-017
         385           2  0.000000000000000E+000 -1.355751673766503E-017
         386           1  0.000000000000000E+000 -1.144248326231570E-017
         386           2  0.000000000000000E+000 -1.355751673766416E-017
         387           1  0.000000000000000E+000 -1.144248326231537E-017
         387           2  0.000000000000000E+000 -1.355751673766528E-017
         388           1  0.000000000000000E+000 -1.144248326231494E-017
         388           2  0.000000000000000E+000 -1.355751673766451E-017
         389           1  0.000000000000000E+000 -1.144248326231942E-017
         389           2  0.000000000000000E+000 -1.355751673766981E-017
         390           1  0.000000000000000E+000 -1.144248326232243E-017
         390           2  0.000000000000000E+000 -1.355751673766954E-017
         391           1  0.000000000000000E+000 -1.144248326232368E-017
         391           2  0.000000000000000E+000 -1.355751673767086E-017
         392           1  0.000000000000000E+000 -1.144248326232744E-017
         392           2  0.000000000000000E+000 -1.355751673767723E-017
         393           1  0.000000000000000E+000 -1.144248326232787E-017
         393           2  0.000000000000000E+000 -1.355751673767844E-017
         394           1  0.000000000000000E+000 -1.144248326233346E-017
         394           2  0.000000000000000E+000 -1.355751673768864E-017
         395           1  0.000000000000000E+000 -1.144248326233666E-017
         395           2  0.000000000000000E+000 -1.355751673769625E-017
         396           1  0.000000000000000E+000 -1.144248326234422E-017
         396           2  0.000000000000000E+000 -1.355751673770432E-017
         397           1  0.000000000000000E+000 -1.144248326234434E-017
         397           2  0.000000000000000E+000 -1.355751673770346E-017
         398           1  0.000000000000000E+000 -1.144248326234204E-017
         398           2  0.000000000000000E+000 -1.355751673770259E-017
         399           1  0.000000000000000E+000 -1.144248326233538E-017
         399           2  0.000000000000000E+000 -1.355751673769276E-017
         400           1  0.000000000000000E+000 -1.144248326233438E-017
         400           2  0.000000000000000E+000 -1.355751673768869E-017
