           1           1  0.000000000000000E+000 -1.655629139072949E-017
           1           2  0.000000000000000E+000 -8.443708609270291E-018
           2           1  0.000000000000000E+000 -1.655629139073046E-017
           2           2  0.000000000000000E+000 -8.443708609273079E-018
           3           1  0.000000000000000E+000 -1.655629139072979E-017
           3           2  0.000000000000000E+000 -8.443708609270238E-018
           4           1  0.000000000000000E+000 -1.655629139072962E-017
           4           2  0.000000000000000E+000 -8.443708609267756E-018
           5           1  0.000000000000000E+000 -1.655629139072892E-017
           5           2  0.000000000000000E+000 -8.443708609266822E-018
           6           1  0.000000000000000E+000 -1.655629139072905E-017
           6           2  0.000000000000000E+000 -8.443708609268389E-018
           7           1  0.000000000000000E+000 -1.655629139073050E-017
           7           2  0.000000000000000E+000 -8.443708609270414E-018
           8           1  0.000000000000000E+000 -1.655629139073165E-017
           8           2  0.000000000000000E+000 -8.443708609275224E-018
           9           1  0.000000000000000E+000 -1.655629139073042E-017
           9           2  0.000000000000000E+000 -8.443708609275178E-018
          10           1  0.000000000000000E+000 -1.655629139073032E-017
          10           2  0.000000000000000E+000 -8.443708609272936E-018
          11           1  0.000000000000000E+000 -1.655629139072924E-017
          11           2  0.000000000000000E+000 -8.443708609271252E-018
          12           1  0.000000000000000E+000 -1.655629139073012E-017
          12           2  0.000000000000000E+000 -8.443708609272503E-018
          13           1  0.000000000000000E+000 -1.655629139072884E-017
          13           2  0.000000000000000E+000 -8.443708609269326E-018
          14           1  0.000000000000000E+000 -1.655629139072879E-017
          14           2  0.000000000000000E+000 -8.443708609267214E-018
          15           1  0.000000000000000E+000 -1.655629139072868E-017
          15           2  0.000000000000000E+000 -8.443708609267443E-018
          16           1  0.000000000000000E+000 -1.655629139072921E-017
          16           2  0.000000000000000E+000 -8.443708609268445E-018
          17           1  0.000000000000000E+000 -1.655629139072980E-017
          17           2  0.000000000000000E+000 -8.443708609268793E-018
          18           1  0.000000000000000E+000 -1.655629139073112E-017
          18           2  0.000000000000000E+000 -8.443708609273934E-018
          19           1  0.000000000000000E+000 -1.655629139073201E-017
          19           2  0.000000000000000E+000 -8.443708609277853E-018
          20           1  0.000000000000000E+000 -1.655629139073028E-017
          20           2  0.000000000000000E+000 -8.443708609272164E-018
          21           1  0.000000000000000E+000 -1.655629139072901E-017
          21           2  0.000000000000000E+000 -8.443708609267194E-018
          22           1  0.000000000000000E+000 -1.655629139072896E-017
          22           2  0.000000000000000E+000 -8.443708609267144E-018
          23           1  0.000000000000000E+000 -1.655629139072828E-017
          23           2  0.000000000000000E+000 -8.443708609264944E-018
          24           1  0.000000000000000E+000 -1.655629139072831E-017
          24           2  0.000000000000000E+000 -8.443708609266411E-018
          25           1  0.000000000000000E+000 -1.655629139072927E-017
          25           2  0.000000000000000E+000 -8.443708609267884E-018
          26           1  0.000000000000000E+000 -1.655629139073053E-017
          26           2  0.000000000000000E+000 -8.443708609267616E-018
          27           1  0.000000000000000E+000 -1.655629139073068E-017
          27           2  0.000000000000000E+000 -8.443708609267796E-018
          28           1  0.000000000000000E+000 -1.655629139073022E-017
          28           2  0.000000000000000E+000 -8.443708609268192E-018
          29           1  0.000000000000000E+000 -1.655629139072952E-017
          29           2  0.000000000000000E+000 -8.443708609270150E-018
          30           1  0.000000000000000E+000 -1.655629139072897E-017
          30           2  0.000000000000000E+000 -8.443708609268844E-018
          31           1  0.000000000000000E+000 -1.655629139072678E-017
          31           2  0.000000000000000E+000 -8.443708609264359E-018
          32           1  0.000000000000000E+000 -1.655629139072717E-017
          32           2  0.000000000000000E+000 -8.443708609262952E-018
          33           1  0.000000000000000E+000 -1.655629139072723E-017
          33           2  0.000000000000000E+000 -8.443708609263368E-018
          34           1  0.000000000000000E+000 -1.655629139072777E-017
          34           2  0.000000000000000E+000 -8.443708609263826E-018
          35           1  0.000000000000000E+000 -1.655629139072843E-017
          35           2  0.000000000000000E+000 -8.443708609266388E-018
          36           1  0.000000000000000E+000 -1.655629139072962E-017
          36           2  0.000000000000000E+000 -8.443708609267271E-018
          37           1  0.000000000000000E+000 -1.655629139073041E-017
          37           2  0.000000000000000E+000 -8.443708609268223E-018
          38           1  0.000000000000000E+000 -1.655629139073057E-017
          38           2  0.000000000000000E+000 -8.443708609266987E-018
          39           1  0.000000000000000E+000 -1.655629139072989E-017
          39           2  0.000000000000000E+000 -8.443708609269184E-018
          40           1  0.000000000000000E+000 -1.655629139072913E-017
          40           2  0.000000000000000E+000 -8.443708609268289E-018
          41           1  0.000000000000000E+000 -1.655629139072744E-017
          41           2  0.000000000000000E+000 -8.443708609264346E-018
          42           1  0.000000000000000E+000 -1.655629139072777E-017
          42           2  0.000000000000000E+000 -8.443708609264109E-018
          43           1  0.000000000000000E+000 -1.655629139072684E-017
          43           2  0.000000000000000E+000 -8.443708609263863E-018
          44           1  0.000000000000000E+000 -1.655629139072763E-017
          44           2  0.000000000000000E+000 -8.443708609265906E-018
          45           1  0.000000000000000E+000 -1.655629139072978E-017
          45           2  0.000000000000000E+000 -8.443708609267744E-018
          46           1  0.000000000000000E+000 -1.655629139073000E-017
          46           2  0.000000000000000E+000 -8.443708609270905E-018
          47           1  0.000000000000000E+000 -1.655629139073064E-017
          47           2  0.000000000000000E+000 -8.443708609270474E-018
          48           1  0.000000000000000E+000 -1.655629139073015E-017
          48           2  0.000000000000000E+000 -8.443708609269768E-018
          49           1  0.000000000000000E+000 -1.655629139072985E-017
          49           2  0.000000000000000E+000 -8.443708609269603E-018
          50           1  0.000000000000000E+000 -1.655629139072964E-017
          50           2  0.000000000000000E+000 -8.443708609268055E-018
          51           1  0.000000000000000E+000 -1.655629139072785E-017
          51           2  0.000000000000000E+000 -8.443708609265935E-018
          52           1  0.000000000000000E+000 -1.655629139072737E-017
          52           2  0.000000000000000E+000 -8.443708609265907E-018
          53           1  0.000000000000000E+000 -1.655629139072776E-017
          53           2  0.000000000000000E+000 -8.443708609266753E-018
          54           1  0.000000000000000E+000 -1.655629139072814E-017
          54           2  0.000000000000000E+000 -8.443708609268181E-018
          55           1  0.000000000000000E+000 -1.655629139072948E-017
          55           2  0.000000000000000E+000 -8.443708609272485E-018
          56           1  0.000000000000000E+000 -1.655629139073148E-017
          56           2  0.000000000000000E+000 -8.443708609275529E-018
          57           1  0.000000000000000E+000 -1.655629139073198E-017
          57           2  0.000000000000000E+000 -8.443708609275677E-018
          58           1  0.000000000000000E+000 -1.655629139073048E-017
          58           2  0.000000000000000E+000 -8.443708609270363E-018
          59           1  0.000000000000000E+000 -1.655629139072844E-017
          59           2  0.000000000000000E+000 -8.443708609265984E-018
          60           1  0.000000000000000E+000 -1.655629139072822E-017
          60           2  0.000000000000000E+000 -8.443708609262419E-018
          61           1  0.000000000000000E+000 -1.655629139072836E-017
          61           2  0.000000000000000E+000 -8.443708609267705E-018
          62           1  0.000000000000000E+000 -1.655629139072782E-017
          62           2  0.000000000000000E+000 -8.443708609267454E-018
          63           1  0.000000000000000E+000 -1.655629139072847E-017
          63           2  0.000000000000000E+000 -8.443708609268586E-018
          64           1  0.000000000000000E+000 -1.655629139072892E-017
          64           2  0.000000000000000E+000 -8.443708609271090E-018
          65           1  0.000000000000000E+000 -1.655629139072958E-017
          65           2  0.000000000000000E+000 -8.443708609271312E-018
          66           1  0.000000000000000E+000 -1.655629139073042E-017
          66           2  0.000000000000000E+000 -8.443708609272677E-018
          67           1  0.000000000000000E+000 -1.655629139072977E-017
          67           2  0.000000000000000E+000 -8.443708609268149E-018
          68           1  0.000000000000000E+000 -1.655629139072922E-017
          68           2  0.000000000000000E+000 -8.443708609268174E-018
          69           1  0.000000000000000E+000 -1.655629139072937E-017
          69           2  0.000000000000000E+000 -8.443708609270050E-018
          70           1  0.000000000000000E+000 -1.655629139072940E-017
          70           2  0.000000000000000E+000 -8.443708609265491E-018
          71           1  0.000000000000000E+000 -1.655629139072822E-017
          71           2  0.000000000000000E+000 -8.443708609267026E-018
          72           1  0.000000000000000E+000 -1.655629139072830E-017
          72           2  0.000000000000000E+000 -8.443708609267939E-018
          73           1  0.000000000000000E+000 -1.655629139072898E-017
          73           2  0.000000000000000E+000 -8.443708609269060E-018
          74           1  0.000000000000000E+000 -1.655629139072960E-017
          74           2  0.000000000000000E+000 -8.443708609269508E-018
          75           1  0.000000000000000E+000 -1.655629139072971E-017
          75           2  0.000000000000000E+000 -8.443708609269630E-018
          76           1  0.000000000000000E+000 -1.655629139072945E-017
          76           2  0.000000000000000E+000 -8.443708609267958E-018
          77           1  0.000000000000000E+000 -1.655629139072893E-017
          77           2  0.000000000000000E+000 -8.443708609265613E-018
          78           1  0.000000000000000E+000 -1.655629139073201E-017
          78           2  0.000000000000000E+000 -8.443708609277950E-018
          79           1  0.000000000000000E+000 -1.655629139073193E-017
          79           2  0.000000000000000E+000 -8.443708609282016E-018
          80           1  0.000000000000000E+000 -1.655629139073243E-017
          80           2  0.000000000000000E+000 -8.443708609276564E-018
          81           1  0.000000000000000E+000 -1.655629139072845E-017
          81           2  0.000000000000000E+000 -8.443708609267526E-018
          82           1  0.000000000000000E+000 -1.655629139072794E-017
          82           2  0.000000000000000E+000 -8.443708609266698E-018
          83           1  0.000000000000000E+000 -1.655629139072873E-017
          83           2  0.000000000000000E+000 -8.443708609268905E-018
          84           1  0.000000000000000E+000 -1.655629139072813E-017
          84           2  0.000000000000000E+000 -8.443708609268628E-018
          85           1  0.000000000000000E+000 -1.655629139072938E-017
          85           2  0.000000000000000E+000 -8.443708609269203E-018
          86           1  0.000000000000000E+000 -1.655629139072917E-017
          86           2  0.000000000000000E+000 -8.443708609269354E-018
          87           1  0.000000000000000E+000 -1.655629139072891E-017
          87           2  0.000000000000000E+000 -8.443708609271036E-018
          88           1  0.000000000000000E+000 -1.655629139073434E-017
          88           2  0.000000000000000E+000 -8.443708609285502E-018
          89           1  0.000000000000000E+000 -1.655629139073455E-017
          89           2  0.000000000000000E+000 -8.443708609290208E-018
          90           1  0.000000000000000E+000 -1.655629139073409E-017
          90           2  0.000000000000000E+000 -8.443708609285837E-018
          91           1  0.000000000000000E+000 -1.655629139072834E-017
          91           2  0.000000000000000E+000 -8.443708609267520E-018
          92           1  0.000000000000000E+000 -1.655629139072815E-017
          92           2  0.000000000000000E+000 -8.443708609267016E-018
          93           1  0.000000000000000E+000 -1.655629139072931E-017
          93           2  0.000000000000000E+000 -8.443708609268634E-018
          94           1  0.000000000000000E+000 -1.655629139072930E-017
          94           2  0.000000000000000E+000 -8.443708609268306E-018
          95           1  0.000000000000000E+000 -1.655629139072905E-017
          95           2  0.000000000000000E+000 -8.443708609268069E-018
          96           1  0.000000000000000E+000 -1.655629139072944E-017
          96           2  0.000000000000000E+000 -8.443708609267628E-018
          97           1  0.000000000000000E+000 -1.655629139072977E-017
          97           2  0.000000000000000E+000 -8.443708609269801E-018
          98           1  0.000000000000000E+000 -1.655629139073419E-017
          98           2  0.000000000000000E+000 -8.443708609282564E-018
          99           1  0.000000000000000E+000 -1.655629139073491E-017
          99           2  0.000000000000000E+000 -8.443708609289437E-018
         100           1  0.000000000000000E+000 -1.655629139073353E-017
         100           2  0.000000000000000E+000 -8.443708609280748E-018
