           1           1  0.000000000000000E+000 -1.388888888888953E-017
           1           2  0.000000000000000E+000 -1.111111111111161E-017
           2           1  0.000000000000000E+000 -1.388888888888946E-017
           2           2  0.000000000000000E+000 -1.111111111111138E-017
           3           1  0.000000000000000E+000 -1.388888888888915E-017
           3           2  0.000000000000000E+000 -1.111111111111090E-017
           4           1  0.000000000000000E+000 -1.388888888888929E-017
           4           2  0.000000000000000E+000 -1.111111111111146E-017
           5           1  0.000000000000000E+000 -1.388888888889091E-017
           5           2  0.000000000000000E+000 -1.111111111111202E-017
           6           1  0.000000000000000E+000 -1.388888888888976E-017
           6           2  0.000000000000000E+000 -1.111111111111132E-017
           7           1  0.000000000000000E+000 -1.388888888888835E-017
           7           2  0.000000000000000E+000 -1.111111111111110E-017
           8           1  0.000000000000000E+000 -1.388888888888860E-017
           8           2  0.000000000000000E+000 -1.111111111111182E-017
           9           1  0.000000000000000E+000 -1.388888888888932E-017
           9           2  0.000000000000000E+000 -1.111111111111123E-017
          10           1  0.000000000000000E+000 -1.388888888888915E-017
          10           2  0.000000000000000E+000 -1.111111111111107E-017
          11           1  0.000000000000000E+000 -1.388888888888828E-017
          11           2  0.000000000000000E+000 -1.111111111111094E-017
          12           1  0.000000000000000E+000 -1.388888888888998E-017
          12           2  0.000000000000000E+000 -1.111111111111133E-017
          13           1  0.000000000000000E+000 -1.388888888888872E-017
          13           2  0.000000000000000E+000 -1.111111111111104E-017
          14           1  0.000000000000000E+000 -1.388888888888785E-017
          14           2  0.000000000000000E+000 -1.111111111111145E-017
          15           1  0.000000000000000E+000 -1.388888888889018E-017
          15           2  0.000000000000000E+000 -1.111111111111192E-017
          16           1  0.000000000000000E+000 -1.388888888888857E-017
          16           2  0.000000000000000E+000 -1.111111111111121E-017
          17           1  0.000000000000000E+000 -1.388888888888916E-017
          17           2  0.000000000000000E+000 -1.111111111111147E-017
          18           1  0.000000000000000E+000 -1.388888888889014E-017
          18           2  0.000000000000000E+000 -1.111111111111134E-017
          19           1  0.000000000000000E+000 -1.388888888888915E-017
          19           2  0.000000000000000E+000 -1.111111111111107E-017
          20           1  0.000000000000000E+000 -1.388888888888867E-017
          20           2  0.000000000000000E+000 -1.111111111111093E-017
          21           1  0.000000000000000E+000 -1.388888888888747E-017
          21           2  0.000000000000000E+000 -1.111111111111029E-017
          22           1  0.000000000000000E+000 -1.388888888888903E-017
          22           2  0.000000000000000E+000 -1.111111111111178E-017
          23           1  0.000000000000000E+000 -1.388888888888717E-017
          23           2  0.000000000000000E+000 -1.111111111111059E-017
          24           1  0.000000000000000E+000 -1.388888888888865E-017
          24           2  0.000000000000000E+000 -1.111111111111116E-017
          25           1  0.000000000000000E+000 -1.388888888888952E-017
          25           2  0.000000000000000E+000 -1.111111111111086E-017
          26           1  0.000000000000000E+000 -1.388888888888900E-017
          26           2  0.000000000000000E+000 -1.111111111111188E-017
          27           1  0.000000000000000E+000 -1.388888888888951E-017
          27           2  0.000000000000000E+000 -1.111111111111139E-017
          28           1  0.000000000000000E+000 -1.388888888889003E-017
          28           2  0.000000000000000E+000 -1.111111111111137E-017
          29           1  0.000000000000000E+000 -1.388888888888774E-017
          29           2  0.000000000000000E+000 -1.111111111111126E-017
          30           1  0.000000000000000E+000 -1.388888888888934E-017
          30           2  0.000000000000000E+000 -1.111111111111110E-017
          31           1  0.000000000000000E+000 -1.388888888888928E-017
          31           2  0.000000000000000E+000 -1.111111111111106E-017
          32           1  0.000000000000000E+000 -1.388888888888813E-017
          32           2  0.000000000000000E+000 -1.111111111111010E-017
          33           1  0.000000000000000E+000 -1.388888888888972E-017
          33           2  0.000000000000000E+000 -1.111111111111167E-017
          34           1  0.000000000000000E+000 -1.388888888889132E-017
          34           2  0.000000000000000E+000 -1.111111111111267E-017
          35           1  0.000000000000000E+000 -1.388888888888950E-017
          35           2  0.000000000000000E+000 -1.111111111111085E-017
          36           1  0.000000000000000E+000 -1.388888888888875E-017
          36           2  0.000000000000000E+000 -1.111111111111117E-017
          37           1  0.000000000000000E+000 -1.388888888888912E-017
          37           2  0.000000000000000E+000 -1.111111111111131E-017
          38           1  0.000000000000000E+000 -1.388888888889083E-017
          38           2  0.000000000000000E+000 -1.111111111111152E-017
          39           1  0.000000000000000E+000 -1.388888888888952E-017
          39           2  0.000000000000000E+000 -1.111111111111097E-017
          40           1  0.000000000000000E+000 -1.388888888888990E-017
          40           2  0.000000000000000E+000 -1.111111111111069E-017
          41           1  0.000000000000000E+000 -1.388888888888769E-017
          41           2  0.000000000000000E+000 -1.111111111111088E-017
          42           1  0.000000000000000E+000 -1.388888888888990E-017
          42           2  0.000000000000000E+000 -1.111111111111136E-017
          43           1  0.000000000000000E+000 -1.388888888888787E-017
          43           2  0.000000000000000E+000 -1.111111111111099E-017
          44           1  0.000000000000000E+000 -1.388888888888899E-017
          44           2  0.000000000000000E+000 -1.111111111111137E-017
          45           1  0.000000000000000E+000 -1.388888888889013E-017
          45           2  0.000000000000000E+000 -1.111111111111121E-017
          46           1  0.000000000000000E+000 -1.388888888889160E-017
          46           2  0.000000000000000E+000 -1.111111111111081E-017
          47           1  0.000000000000000E+000 -1.388888888888904E-017
          47           2  0.000000000000000E+000 -1.111111111111126E-017
          48           1  0.000000000000000E+000 -1.388888888888949E-017
          48           2  0.000000000000000E+000 -1.111111111111151E-017
          49           1  0.000000000000000E+000 -1.388888888888856E-017
          49           2  0.000000000000000E+000 -1.111111111111067E-017
          50           1  0.000000000000000E+000 -1.388888888888898E-017
          50           2  0.000000000000000E+000 -1.111111111111111E-017
          51           1  0.000000000000000E+000 -1.388888888888908E-017
          51           2  0.000000000000000E+000 -1.111111111111047E-017
          52           1  0.000000000000000E+000 -1.388888888888956E-017
          52           2  0.000000000000000E+000 -1.111111111111112E-017
          53           1  0.000000000000000E+000 -1.388888888888973E-017
          53           2  0.000000000000000E+000 -1.111111111111180E-017
          54           1  0.000000000000000E+000 -1.388888888888911E-017
          54           2  0.000000000000000E+000 -1.111111111111121E-017
          55           1  0.000000000000000E+000 -1.388888888889024E-017
          55           2  0.000000000000000E+000 -1.111111111111111E-017
          56           1  0.000000000000000E+000 -1.388888888888891E-017
          56           2  0.000000000000000E+000 -1.111111111111095E-017
          57           1  0.000000000000000E+000 -1.388888888889165E-017
          57           2  0.000000000000000E+000 -1.111111111111158E-017
          58           1  0.000000000000000E+000 -1.388888888888955E-017
          58           2  0.000000000000000E+000 -1.111111111111103E-017
          59           1  0.000000000000000E+000 -1.388888888889030E-017
          59           2  0.000000000000000E+000 -1.111111111111124E-017
          60           1  0.000000000000000E+000 -1.388888888888888E-017
          60           2  0.000000000000000E+000 -1.111111111111078E-017
          61           1  0.000000000000000E+000 -1.388888888888825E-017
          61           2  0.000000000000000E+000 -1.111111111111092E-017
          62           1  0.000000000000000E+000 -1.388888888888876E-017
          62           2  0.000000000000000E+000 -1.111111111111055E-017
          63           1  0.000000000000000E+000 -1.388888888888751E-017
          63           2  0.000000000000000E+000 -1.111111111111107E-017
          64           1  0.000000000000000E+000 -1.388888888888785E-017
          64           2  0.000000000000000E+000 -1.111111111111100E-017
          65           1  0.000000000000000E+000 -1.388888888888824E-017
          65           2  0.000000000000000E+000 -1.111111111111082E-017
          66           1  0.000000000000000E+000 -1.388888888888789E-017
          66           2  0.000000000000000E+000 -1.111111111111063E-017
          67           1  0.000000000000000E+000 -1.388888888888933E-017
          67           2  0.000000000000000E+000 -1.111111111111106E-017
          68           1  0.000000000000000E+000 -1.388888888888882E-017
          68           2  0.000000000000000E+000 -1.111111111111059E-017
          69           1  0.000000000000000E+000 -1.388888888888927E-017
          69           2  0.000000000000000E+000 -1.111111111111140E-017
          70           1  0.000000000000000E+000 -1.388888888888892E-017
          70           2  0.000000000000000E+000 -1.111111111111102E-017
          71           1  0.000000000000000E+000 -1.388888888888682E-017
          71           2  0.000000000000000E+000 -1.111111111111067E-017
          72           1  0.000000000000000E+000 -1.388888888888962E-017
          72           2  0.000000000000000E+000 -1.111111111111132E-017
          73           1  0.000000000000000E+000 -1.388888888888891E-017
          73           2  0.000000000000000E+000 -1.111111111111107E-017
          74           1  0.000000000000000E+000 -1.388888888888850E-017
          74           2  0.000000000000000E+000 -1.111111111111095E-017
          75           1  0.000000000000000E+000 -1.388888888888876E-017
          75           2  0.000000000000000E+000 -1.111111111111084E-017
          76           1  0.000000000000000E+000 -1.388888888888780E-017
          76           2  0.000000000000000E+000 -1.111111111111073E-017
          77           1  0.000000000000000E+000 -1.388888888889034E-017
          77           2  0.000000000000000E+000 -1.111111111111184E-017
          78           1  0.000000000000000E+000 -1.388888888888941E-017
          78           2  0.000000000000000E+000 -1.111111111111088E-017
          79           1  0.000000000000000E+000 -1.388888888888821E-017
          79           2  0.000000000000000E+000 -1.111111111111095E-017
          80           1  0.000000000000000E+000 -1.388888888888960E-017
          80           2  0.000000000000000E+000 -1.111111111111399E-017
          81           1  0.000000000000000E+000 -1.388888888888826E-017
          81           2  0.000000000000000E+000 -1.111111111111082E-017
          82           1  0.000000000000000E+000 -1.388888888888819E-017
          82           2  0.000000000000000E+000 -1.111111111111115E-017
          83           1  0.000000000000000E+000 -1.388888888888956E-017
          83           2  0.000000000000000E+000 -1.111111111111026E-017
          84           1  0.000000000000000E+000 -1.388888888888962E-017
          84           2  0.000000000000000E+000 -1.111111111111020E-017
          85           1  0.000000000000000E+000 -1.388888888888920E-017
          85           2  0.000000000000000E+000 -1.111111111111093E-017
          86           1  0.000000000000000E+000 -1.388888888888818E-017
          86           2  0.000000000000000E+000 -1.111111111111081E-017
          87           1  0.000000000000000E+000 -1.388888888888955E-017
          87           2  0.000000000000000E+000 -1.111111111110888E-017
          88           1  0.000000000000000E+000 -1.388888888888933E-017
          88           2  0.000000000000000E+000 -1.111111111111160E-017
          89           1  0.000000000000000E+000 -1.388888888888902E-017
          89           2  0.000000000000000E+000 -1.111111111111114E-017
          90           1  0.000000000000000E+000 -1.388888888888874E-017
          90           2  0.000000000000000E+000 -1.111111111111106E-017
          91           1  0.000000000000000E+000 -1.388888888888840E-017
          91           2  0.000000000000000E+000 -1.111111111111128E-017
          92           1  0.000000000000000E+000 -1.388888888888860E-017
          92           2  0.000000000000000E+000 -1.111111111111055E-017
          93           1  0.000000000000000E+000 -1.388888888888892E-017
          93           2  0.000000000000000E+000 -1.111111111111254E-017
          94           1  0.000000000000000E+000 -1.388888888888964E-017
          94           2  0.000000000000000E+000 -1.111111111111116E-017
          95           1  0.000000000000000E+000 -1.388888888888975E-017
          95           2  0.000000000000000E+000 -1.111111111111069E-017
          96           1  0.000000000000000E+000 -1.388888888888934E-017
          96           2  0.000000000000000E+000 -1.111111111111172E-017
          97           1  0.000000000000000E+000 -1.388888888888877E-017
          97           2  0.000000000000000E+000 -1.111111111111081E-017
          98           1  0.000000000000000E+000 -1.388888888888913E-017
          98           2  0.000000000000000E+000 -1.111111111111157E-017
          99           1  0.000000000000000E+000 -1.388888888888819E-017
          99           2  0.000000000000000E+000 -1.111111111111083E-017
         100           1  0.000000000000000E+000 -1.388888888888879E-017
         100           2  0.000000000000000E+000 -1.111111111111079E-017
