           1           1  0.000000000000000E+000 -1.351351351351243E-017
           1           2  0.000000000000000E+000 -1.148648648647608E-017
           2           1  0.000000000000000E+000 -1.351351351351261E-017
           2           2  0.000000000000000E+000 -1.148648648647128E-017
           3           1  0.000000000000000E+000 -1.351351351351312E-017
           3           2  0.000000000000000E+000 -1.148648648647505E-017
           4           1  0.000000000000000E+000 -1.351351351351452E-017
           4           2  0.000000000000000E+000 -1.148648648647884E-017
           5           1  0.000000000000000E+000 -1.351351351351450E-017
           5           2  0.000000000000000E+000 -1.148648648648004E-017
           6           1  0.000000000000000E+000 -1.351351351351487E-017
           6           2  0.000000000000000E+000 -1.148648648647713E-017
           7           1  0.000000000000000E+000 -1.351351351351489E-017
           7           2  0.000000000000000E+000 -1.148648648647687E-017
           8           1  0.000000000000000E+000 -1.351351351351632E-017
           8           2  0.000000000000000E+000 -1.148648648647729E-017
           9           1  0.000000000000000E+000 -1.351351351351458E-017
           9           2  0.000000000000000E+000 -1.148648648647895E-017
          10           1  0.000000000000000E+000 -1.351351351351610E-017
          10           2  0.000000000000000E+000 -1.148648648647958E-017
          11           1  0.000000000000000E+000 -1.351351351351263E-017
          11           2  0.000000000000000E+000 -1.148648648647411E-017
          12           1  0.000000000000000E+000 -1.351351351351122E-017
          12           2  0.000000000000000E+000 -1.148648648647737E-017
          13           1  0.000000000000000E+000 -1.351351351351448E-017
          13           2  0.000000000000000E+000 -1.148648648647618E-017
          14           1  0.000000000000000E+000 -1.351351351351387E-017
          14           2  0.000000000000000E+000 -1.148648648647860E-017
          15           1  0.000000000000000E+000 -1.351351351351422E-017
          15           2  0.000000000000000E+000 -1.148648648647921E-017
          16           1  0.000000000000000E+000 -1.351351351351430E-017
          16           2  0.000000000000000E+000 -1.148648648647645E-017
          17           1  0.000000000000000E+000 -1.351351351351344E-017
          17           2  0.000000000000000E+000 -1.148648648647776E-017
          18           1  0.000000000000000E+000 -1.351351351351381E-017
          18           2  0.000000000000000E+000 -1.148648648647797E-017
          19           1  0.000000000000000E+000 -1.351351351351441E-017
          19           2  0.000000000000000E+000 -1.148648648648060E-017
          20           1  0.000000000000000E+000 -1.351351351351362E-017
          20           2  0.000000000000000E+000 -1.148648648648349E-017
          21           1  0.000000000000000E+000 -1.351351351351337E-017
          21           2  0.000000000000000E+000 -1.148648648647638E-017
          22           1  0.000000000000000E+000 -1.351351351351545E-017
          22           2  0.000000000000000E+000 -1.148648648647945E-017
          23           1  0.000000000000000E+000 -1.351351351351723E-017
          23           2  0.000000000000000E+000 -1.148648648647974E-017
          24           1  0.000000000000000E+000 -1.351351351351571E-017
          24           2  0.000000000000000E+000 -1.148648648648101E-017
          25           1  0.000000000000000E+000 -1.351351351351535E-017
          25           2  0.000000000000000E+000 -1.148648648648084E-017
          26           1  0.000000000000000E+000 -1.351351351351567E-017
          26           2  0.000000000000000E+000 -1.148648648647816E-017
          27           1  0.000000000000000E+000 -1.351351351351664E-017
          27           2  0.000000000000000E+000 -1.148648648647801E-017
          28           1  0.000000000000000E+000 -1.351351351351862E-017
          28           2  0.000000000000000E+000 -1.148648648647832E-017
          29           1  0.000000000000000E+000 -1.351351351351670E-017
          29           2  0.000000000000000E+000 -1.148648648648265E-017
          30           1  0.000000000000000E+000 -1.351351351351737E-017
          30           2  0.000000000000000E+000 -1.148648648648248E-017
          31           1  0.000000000000000E+000 -1.351351351351406E-017
          31           2  0.000000000000000E+000 -1.148648648648168E-017
          32           1  0.000000000000000E+000 -1.351351351351471E-017
          32           2  0.000000000000000E+000 -1.148648648647977E-017
          33           1  0.000000000000000E+000 -1.351351351351698E-017
          33           2  0.000000000000000E+000 -1.148648648647929E-017
          34           1  0.000000000000000E+000 -1.351351351351796E-017
          34           2  0.000000000000000E+000 -1.148648648647893E-017
          35           1  0.000000000000000E+000 -1.351351351351711E-017
          35           2  0.000000000000000E+000 -1.148648648648060E-017
          36           1  0.000000000000000E+000 -1.351351351351711E-017
          36           2  0.000000000000000E+000 -1.148648648647942E-017
          37           1  0.000000000000000E+000 -1.351351351351769E-017
          37           2  0.000000000000000E+000 -1.148648648647810E-017
          38           1  0.000000000000000E+000 -1.351351351351723E-017
          38           2  0.000000000000000E+000 -1.148648648648025E-017
          39           1  0.000000000000000E+000 -1.351351351351488E-017
          39           2  0.000000000000000E+000 -1.148648648648490E-017
          40           1  0.000000000000000E+000 -1.351351351351618E-017
          40           2  0.000000000000000E+000 -1.148648648648305E-017
          41           1  0.000000000000000E+000 -1.351351351351532E-017
          41           2  0.000000000000000E+000 -1.148648648648270E-017
          42           1  0.000000000000000E+000 -1.351351351351363E-017
          42           2  0.000000000000000E+000 -1.148648648648105E-017
          43           1  0.000000000000000E+000 -1.351351351351644E-017
          43           2  0.000000000000000E+000 -1.148648648648048E-017
          44           1  0.000000000000000E+000 -1.351351351351711E-017
          44           2  0.000000000000000E+000 -1.148648648647972E-017
          45           1  0.000000000000000E+000 -1.351351351351761E-017
          45           2  0.000000000000000E+000 -1.148648648648064E-017
          46           1  0.000000000000000E+000 -1.351351351351881E-017
          46           2  0.000000000000000E+000 -1.148648648648044E-017
          47           1  0.000000000000000E+000 -1.351351351351662E-017
          47           2  0.000000000000000E+000 -1.148648648648040E-017
          48           1  0.000000000000000E+000 -1.351351351351616E-017
          48           2  0.000000000000000E+000 -1.148648648647723E-017
          49           1  0.000000000000000E+000 -1.351351351351503E-017
          49           2  0.000000000000000E+000 -1.148648648647876E-017
          50           1  0.000000000000000E+000 -1.351351351351618E-017
          50           2  0.000000000000000E+000 -1.148648648647974E-017
          51           1  0.000000000000000E+000 -1.351351351351538E-017
          51           2  0.000000000000000E+000 -1.148648648648206E-017
          52           1  0.000000000000000E+000 -1.351351351351503E-017
          52           2  0.000000000000000E+000 -1.148648648648021E-017
          53           1  0.000000000000000E+000 -1.351351351351549E-017
          53           2  0.000000000000000E+000 -1.148648648647954E-017
          54           1  0.000000000000000E+000 -1.351351351351684E-017
          54           2  0.000000000000000E+000 -1.148648648648192E-017
          55           1  0.000000000000000E+000 -1.351351351351835E-017
          55           2  0.000000000000000E+000 -1.148648648648192E-017
          56           1  0.000000000000000E+000 -1.351351351352013E-017
          56           2  0.000000000000000E+000 -1.148648648648415E-017
          57           1  0.000000000000000E+000 -1.351351351351683E-017
          57           2  0.000000000000000E+000 -1.148648648647971E-017
          58           1  0.000000000000000E+000 -1.351351351351613E-017
          58           2  0.000000000000000E+000 -1.148648648647852E-017
          59           1  0.000000000000000E+000 -1.351351351351288E-017
          59           2  0.000000000000000E+000 -1.148648648647367E-017
          60           1  0.000000000000000E+000 -1.351351351351457E-017
          60           2  0.000000000000000E+000 -1.148648648647705E-017
          61           1  0.000000000000000E+000 -1.351351351351609E-017
          61           2  0.000000000000000E+000 -1.148648648648370E-017
          62           1  0.000000000000000E+000 -1.351351351351413E-017
          62           2  0.000000000000000E+000 -1.148648648648403E-017
          63           1  0.000000000000000E+000 -1.351351351351614E-017
          63           2  0.000000000000000E+000 -1.148648648648062E-017
          64           1  0.000000000000000E+000 -1.351351351351719E-017
          64           2  0.000000000000000E+000 -1.148648648647969E-017
          65           1  0.000000000000000E+000 -1.351351351351806E-017
          65           2  0.000000000000000E+000 -1.148648648648115E-017
          66           1  0.000000000000000E+000 -1.351351351351841E-017
          66           2  0.000000000000000E+000 -1.148648648648336E-017
          67           1  0.000000000000000E+000 -1.351351351351535E-017
          67           2  0.000000000000000E+000 -1.148648648647426E-017
          68           1  0.000000000000000E+000 -1.351351351351602E-017
          68           2  0.000000000000000E+000 -1.148648648647903E-017
          69           1  0.000000000000000E+000 -1.351351351351275E-017
          69           2  0.000000000000000E+000 -1.148648648648158E-017
          70           1  0.000000000000000E+000 -1.351351351351533E-017
          70           2  0.000000000000000E+000 -1.148648648647823E-017
          71           1  0.000000000000000E+000 -1.351351351351698E-017
          71           2  0.000000000000000E+000 -1.148648648648161E-017
          72           1  0.000000000000000E+000 -1.351351351351726E-017
          72           2  0.000000000000000E+000 -1.148648648648683E-017
          73           1  0.000000000000000E+000 -1.351351351351949E-017
          73           2  0.000000000000000E+000 -1.148648648648905E-017
          74           1  0.000000000000000E+000 -1.351351351351887E-017
          74           2  0.000000000000000E+000 -1.148648648648372E-017
          75           1  0.000000000000000E+000 -1.351351351351669E-017
          75           2  0.000000000000000E+000 -1.148648648647857E-017
          76           1  0.000000000000000E+000 -1.351351351351582E-017
          76           2  0.000000000000000E+000 -1.148648648647732E-017
          77           1  0.000000000000000E+000 -1.351351351351721E-017
          77           2  0.000000000000000E+000 -1.148648648648206E-017
          78           1  0.000000000000000E+000 -1.351351351352039E-017
          78           2  0.000000000000000E+000 -1.148648648649118E-017
          79           1  0.000000000000000E+000 -1.351351351351787E-017
          79           2  0.000000000000000E+000 -1.148648648648820E-017
          80           1  0.000000000000000E+000 -1.351351351351653E-017
          80           2  0.000000000000000E+000 -1.148648648648328E-017
          81           1  0.000000000000000E+000 -1.351351351351513E-017
          81           2  0.000000000000000E+000 -1.148648648648235E-017
          82           1  0.000000000000000E+000 -1.351351351351809E-017
          82           2  0.000000000000000E+000 -1.148648648648984E-017
          83           1  0.000000000000000E+000 -1.351351351351918E-017
          83           2  0.000000000000000E+000 -1.148648648648757E-017
          84           1  0.000000000000000E+000 -1.351351351351575E-017
          84           2  0.000000000000000E+000 -1.148648648648449E-017
          85           1  0.000000000000000E+000 -1.351351351351302E-017
          85           2  0.000000000000000E+000 -1.148648648647747E-017
          86           1  0.000000000000000E+000 -1.351351351351286E-017
          86           2  0.000000000000000E+000 -1.148648648647605E-017
          87           1  0.000000000000000E+000 -1.351351351351406E-017
          87           2  0.000000000000000E+000 -1.148648648648206E-017
          88           1  0.000000000000000E+000 -1.351351351351919E-017
          88           2  0.000000000000000E+000 -1.148648648650094E-017
          89           1  0.000000000000000E+000 -1.351351351351858E-017
          89           2  0.000000000000000E+000 -1.148648648649920E-017
          90           1  0.000000000000000E+000 -1.351351351351264E-017
          90           2  0.000000000000000E+000 -1.148648648647799E-017
          91           1  0.000000000000000E+000 -1.351351351351619E-017
          91           2  0.000000000000000E+000 -1.148648648647987E-017
          92           1  0.000000000000000E+000 -1.351351351351444E-017
          92           2  0.000000000000000E+000 -1.148648648648229E-017
          93           1  0.000000000000000E+000 -1.351351351351855E-017
          93           2  0.000000000000000E+000 -1.148648648648419E-017
          94           1  0.000000000000000E+000 -1.351351351351736E-017
          94           2  0.000000000000000E+000 -1.148648648648017E-017
          95           1  0.000000000000000E+000 -1.351351351351571E-017
          95           2  0.000000000000000E+000 -1.148648648647852E-017
          96           1  0.000000000000000E+000 -1.351351351351396E-017
          96           2  0.000000000000000E+000 -1.148648648647821E-017
          97           1  0.000000000000000E+000 -1.351351351351252E-017
          97           2  0.000000000000000E+000 -1.148648648647636E-017
          98           1  0.000000000000000E+000 -1.351351351351453E-017
          98           2  0.000000000000000E+000 -1.148648648648935E-017
          99           1  0.000000000000000E+000 -1.351351351351434E-017
          99           2  0.000000000000000E+000 -1.148648648648309E-017
         100           1  0.000000000000000E+000 -1.351351351351644E-017
         100           2  0.000000000000000E+000 -1.148648648648399E-017
