           1           1  0.000000000000000E+000 -1.061975468043784E-015
           1           2  0.000000000000000E+000 -1.438024531955934E-015
           2           1  0.000000000000000E+000 -1.061975468043841E-015
           2           2  0.000000000000000E+000 -1.438024531955957E-015
           3           1  0.000000000000000E+000 -1.061975468044047E-015
           3           2  0.000000000000000E+000 -1.438024531956374E-015
           4           1  0.000000000000000E+000 -1.061975468043862E-015
           4           2  0.000000000000000E+000 -1.438024531956055E-015
           5           1  0.000000000000000E+000 -1.061975468043935E-015
           5           2  0.000000000000000E+000 -1.438024531956133E-015
           6           1  0.000000000000000E+000 -1.061975468043845E-015
           6           2  0.000000000000000E+000 -1.438024531956067E-015
           7           1  0.000000000000000E+000 -1.061975468043829E-015
           7           2  0.000000000000000E+000 -1.438024531956038E-015
           8           1  0.000000000000000E+000 -1.061975468043746E-015
           8           2  0.000000000000000E+000 -1.438024531955907E-015
           9           1  0.000000000000000E+000 -1.061975468043808E-015
           9           2  0.000000000000000E+000 -1.438024531955983E-015
          10           1  0.000000000000000E+000 -1.061975468043855E-015
          10           2  0.000000000000000E+000 -1.438024531956084E-015
          11           1  0.000000000000000E+000 -1.061975468043853E-015
          11           2  0.000000000000000E+000 -1.438024531956038E-015
          12           1  0.000000000000000E+000 -1.061975468043821E-015
          12           2  0.000000000000000E+000 -1.438024531955966E-015
          13           1  0.000000000000000E+000 -1.061975468043740E-015
          13           2  0.000000000000000E+000 -1.438024531955917E-015
          14           1  0.000000000000000E+000 -1.061975468043808E-015
          14           2  0.000000000000000E+000 -1.438024531956050E-015
          15           1  0.000000000000000E+000 -1.061975468043858E-015
          15           2  0.000000000000000E+000 -1.438024531956068E-015
          16           1  0.000000000000000E+000 -1.061975468043667E-015
          16           2  0.000000000000000E+000 -1.438024531955782E-015
          17           1  0.000000000000000E+000 -1.061975468043745E-015
          17           2  0.000000000000000E+000 -1.438024531955905E-015
          18           1  0.000000000000000E+000 -1.061975468043866E-015
          18           2  0.000000000000000E+000 -1.438024531956065E-015
          19           1  0.000000000000000E+000 -1.061975468043748E-015
          19           2  0.000000000000000E+000 -1.438024531955927E-015
          20           1  0.000000000000000E+000 -1.061975468043998E-015
          20           2  0.000000000000000E+000 -1.438024531956394E-015
          21           1  0.000000000000000E+000 -1.061975468043472E-015
          21           2  0.000000000000000E+000 -1.438024531955579E-015
          22           1  0.000000000000000E+000 -1.061975468043680E-015
          22           2  0.000000000000000E+000 -1.438024531955855E-015
          23           1  0.000000000000000E+000 -1.061975468043579E-015
          23           2  0.000000000000000E+000 -1.438024531955711E-015
          24           1  0.000000000000000E+000 -1.061975468043624E-015
          24           2  0.000000000000000E+000 -1.438024531955726E-015
          25           1  0.000000000000000E+000 -1.061975468043889E-015
          25           2  0.000000000000000E+000 -1.438024531956039E-015
          26           1  0.000000000000000E+000 -1.061975468043896E-015
          26           2  0.000000000000000E+000 -1.438024531956073E-015
          27           1  0.000000000000000E+000 -1.061975468043609E-015
          27           2  0.000000000000000E+000 -1.438024531955684E-015
          28           1  0.000000000000000E+000 -1.061975468043938E-015
          28           2  0.000000000000000E+000 -1.438024531956090E-015
          29           1  0.000000000000000E+000 -1.061975468043602E-015
          29           2  0.000000000000000E+000 -1.438024531955726E-015
          30           1  0.000000000000000E+000 -1.061975468043716E-015
          30           2  0.000000000000000E+000 -1.438024531955888E-015
          31           1  0.000000000000000E+000 -1.061975468043631E-015
          31           2  0.000000000000000E+000 -1.438024531955770E-015
          32           1  0.000000000000000E+000 -1.061975468043501E-015
          32           2  0.000000000000000E+000 -1.438024531955508E-015
          33           1  0.000000000000000E+000 -1.061975468043804E-015
          33           2  0.000000000000000E+000 -1.438024531955964E-015
          34           1  0.000000000000000E+000 -1.061975468043882E-015
          34           2  0.000000000000000E+000 -1.438024531955962E-015
          35           1  0.000000000000000E+000 -1.061975468043848E-015
          35           2  0.000000000000000E+000 -1.438024531955998E-015
          36           1  0.000000000000000E+000 -1.061975468043526E-015
          36           2  0.000000000000000E+000 -1.438024531955481E-015
          37           1  0.000000000000000E+000 -1.061975468043756E-015
          37           2  0.000000000000000E+000 -1.438024531955871E-015
          38           1  0.000000000000000E+000 -1.061975468043580E-015
          38           2  0.000000000000000E+000 -1.438024531955607E-015
          39           1  0.000000000000000E+000 -1.061975468043881E-015
          39           2  0.000000000000000E+000 -1.438024531956100E-015
          40           1  0.000000000000000E+000 -1.061975468043835E-015
          40           2  0.000000000000000E+000 -1.438024531956022E-015
          41           1  0.000000000000000E+000 -1.061975468043854E-015
          41           2  0.000000000000000E+000 -1.438024531955990E-015
          42           1  0.000000000000000E+000 -1.061975468043622E-015
          42           2  0.000000000000000E+000 -1.438024531955713E-015
          43           1  0.000000000000000E+000 -1.061975468043974E-015
          43           2  0.000000000000000E+000 -1.438024531956203E-015
          44           1  0.000000000000000E+000 -1.061975468043921E-015
          44           2  0.000000000000000E+000 -1.438024531956096E-015
          45           1  0.000000000000000E+000 -1.061975468044004E-015
          45           2  0.000000000000000E+000 -1.438024531956267E-015
          46           1  0.000000000000000E+000 -1.061975468043863E-015
          46           2  0.000000000000000E+000 -1.438024531956097E-015
          47           1  0.000000000000000E+000 -1.061975468043729E-015
          47           2  0.000000000000000E+000 -1.438024531955847E-015
          48           1  0.000000000000000E+000 -1.061975468043911E-015
          48           2  0.000000000000000E+000 -1.438024531956199E-015
          49           1  0.000000000000000E+000 -1.061975468043656E-015
          49           2  0.000000000000000E+000 -1.438024531955784E-015
          50           1  0.000000000000000E+000 -1.061975468043756E-015
          50           2  0.000000000000000E+000 -1.438024531955826E-015
          51           1  0.000000000000000E+000 -1.061975468043908E-015
          51           2  0.000000000000000E+000 -1.438024531956148E-015
          52           1  0.000000000000000E+000 -1.061975468043857E-015
          52           2  0.000000000000000E+000 -1.438024531956088E-015
          53           1  0.000000000000000E+000 -1.061975468043808E-015
          53           2  0.000000000000000E+000 -1.438024531955976E-015
          54           1  0.000000000000000E+000 -1.061975468043773E-015
          54           2  0.000000000000000E+000 -1.438024531955947E-015
          55           1  0.000000000000000E+000 -1.061975468043763E-015
          55           2  0.000000000000000E+000 -1.438024531955978E-015
          56           1  0.000000000000000E+000 -1.061975468043949E-015
          56           2  0.000000000000000E+000 -1.438024531956183E-015
          57           1  0.000000000000000E+000 -1.061975468043937E-015
          57           2  0.000000000000000E+000 -1.438024531956190E-015
          58           1  0.000000000000000E+000 -1.061975468043987E-015
          58           2  0.000000000000000E+000 -1.438024531956195E-015
          59           1  0.000000000000000E+000 -1.061975468043875E-015
          59           2  0.000000000000000E+000 -1.438024531956045E-015
          60           1  0.000000000000000E+000 -1.061975468043806E-015
          60           2  0.000000000000000E+000 -1.438024531955974E-015
          61           1  0.000000000000000E+000 -1.061975468043957E-015
          61           2  0.000000000000000E+000 -1.438024531956266E-015
          62           1  0.000000000000000E+000 -1.061975468044017E-015
          62           2  0.000000000000000E+000 -1.438024531956203E-015
          63           1  0.000000000000000E+000 -1.061975468043908E-015
          63           2  0.000000000000000E+000 -1.438024531956116E-015
          64           1  0.000000000000000E+000 -1.061975468043904E-015
          64           2  0.000000000000000E+000 -1.438024531956120E-015
          65           1  0.000000000000000E+000 -1.061975468043669E-015
          65           2  0.000000000000000E+000 -1.438024531955823E-015
          66           1  0.000000000000000E+000 -1.061975468043673E-015
          66           2  0.000000000000000E+000 -1.438024531955802E-015
          67           1  0.000000000000000E+000 -1.061975468043879E-015
          67           2  0.000000000000000E+000 -1.438024531956044E-015
          68           1  0.000000000000000E+000 -1.061975468043839E-015
          68           2  0.000000000000000E+000 -1.438024531956007E-015
          69           1  0.000000000000000E+000 -1.061975468043704E-015
          69           2  0.000000000000000E+000 -1.438024531955843E-015
          70           1  0.000000000000000E+000 -1.061975468043649E-015
          70           2  0.000000000000000E+000 -1.438024531955785E-015
          71           1  0.000000000000000E+000 -1.061975468043905E-015
          71           2  0.000000000000000E+000 -1.438024531956108E-015
          72           1  0.000000000000000E+000 -1.061975468043976E-015
          72           2  0.000000000000000E+000 -1.438024531956181E-015
          73           1  0.000000000000000E+000 -1.061975468043851E-015
          73           2  0.000000000000000E+000 -1.438024531956036E-015
          74           1  0.000000000000000E+000 -1.061975468043638E-015
          74           2  0.000000000000000E+000 -1.438024531955731E-015
          75           1  0.000000000000000E+000 -1.061975468043636E-015
          75           2  0.000000000000000E+000 -1.438024531955804E-015
          76           1  0.000000000000000E+000 -1.061975468043898E-015
          76           2  0.000000000000000E+000 -1.438024531956060E-015
          77           1  0.000000000000000E+000 -1.061975468043806E-015
          77           2  0.000000000000000E+000 -1.438024531955988E-015
          78           1  0.000000000000000E+000 -1.061975468043943E-015
          78           2  0.000000000000000E+000 -1.438024531956116E-015
          79           1  0.000000000000000E+000 -1.061975468043654E-015
          79           2  0.000000000000000E+000 -1.438024531955710E-015
          80           1  0.000000000000000E+000 -1.061975468043842E-015
          80           2  0.000000000000000E+000 -1.438024531956036E-015
          81           1  0.000000000000000E+000 -1.061975468043826E-015
          81           2  0.000000000000000E+000 -1.438024531955985E-015
          82           1  0.000000000000000E+000 -1.061975468044197E-015
          82           2  0.000000000000000E+000 -1.438024531956377E-015
          83           1  0.000000000000000E+000 -1.061975468043846E-015
          83           2  0.000000000000000E+000 -1.438024531956056E-015
          84           1  0.000000000000000E+000 -1.061975468043920E-015
          84           2  0.000000000000000E+000 -1.438024531956155E-015
          85           1  0.000000000000000E+000 -1.061975468043501E-015
          85           2  0.000000000000000E+000 -1.438024531955572E-015
          86           1  0.000000000000000E+000 -1.061975468043542E-015
          86           2  0.000000000000000E+000 -1.438024531955643E-015
          87           1  0.000000000000000E+000 -1.061975468043344E-015
          87           2  0.000000000000000E+000 -1.438024531955331E-015
          88           1  0.000000000000000E+000 -1.061975468043766E-015
          88           2  0.000000000000000E+000 -1.438024531955961E-015
          89           1  0.000000000000000E+000 -1.061975468043806E-015
          89           2  0.000000000000000E+000 -1.438024531955995E-015
          90           1  0.000000000000000E+000 -1.061975468043734E-015
          90           2  0.000000000000000E+000 -1.438024531955881E-015
          91           1  0.000000000000000E+000 -1.061975468043793E-015
          91           2  0.000000000000000E+000 -1.438024531955980E-015
          92           1  0.000000000000000E+000 -1.061975468043507E-015
          92           2  0.000000000000000E+000 -1.438024531955643E-015
          93           1  0.000000000000000E+000 -1.061975468043741E-015
          93           2  0.000000000000000E+000 -1.438024531955788E-015
          94           1  0.000000000000000E+000 -1.061975468043822E-015
          94           2  0.000000000000000E+000 -1.438024531956041E-015
          95           1  0.000000000000000E+000 -1.061975468043665E-015
          95           2  0.000000000000000E+000 -1.438024531955751E-015
          96           1  0.000000000000000E+000 -1.061975468043823E-015
          96           2  0.000000000000000E+000 -1.438024531955956E-015
          97           1  0.000000000000000E+000 -1.061975468043910E-015
          97           2  0.000000000000000E+000 -1.438024531956079E-015
          98           1  0.000000000000000E+000 -1.061975468043909E-015
          98           2  0.000000000000000E+000 -1.438024531956089E-015
          99           1  0.000000000000000E+000 -1.061975468043625E-015
          99           2  0.000000000000000E+000 -1.438024531955791E-015
         100           1  0.000000000000000E+000 -1.061975468043641E-015
         100           2  0.000000000000000E+000 -1.438024531955743E-015
         101           1  0.000000000000000E+000 -1.061975468043830E-015
         101           2  0.000000000000000E+000 -1.438024531955970E-015
         102           1  0.000000000000000E+000 -1.061975468043738E-015
         102           2  0.000000000000000E+000 -1.438024531955731E-015
         103           1  0.000000000000000E+000 -1.061975468044204E-015
         103           2  0.000000000000000E+000 -1.438024531956458E-015
         104           1  0.000000000000000E+000 -1.061975468043911E-015
         104           2  0.000000000000000E+000 -1.438024531956134E-015
         105           1  0.000000000000000E+000 -1.061975468043879E-015
         105           2  0.000000000000000E+000 -1.438024531956119E-015
         106           1  0.000000000000000E+000 -1.061975468044020E-015
         106           2  0.000000000000000E+000 -1.438024531956227E-015
         107           1  0.000000000000000E+000 -1.061975468043822E-015
         107           2  0.000000000000000E+000 -1.438024531955985E-015
         108           1  0.000000000000000E+000 -1.061975468043906E-015
         108           2  0.000000000000000E+000 -1.438024531956181E-015
         109           1  0.000000000000000E+000 -1.061975468043733E-015
         109           2  0.000000000000000E+000 -1.438024531955983E-015
         110           1  0.000000000000000E+000 -1.061975468043602E-015
         110           2  0.000000000000000E+000 -1.438024531955729E-015
         111           1  0.000000000000000E+000 -1.061975468043738E-015
         111           2  0.000000000000000E+000 -1.438024531955911E-015
         112           1  0.000000000000000E+000 -1.061975468043904E-015
         112           2  0.000000000000000E+000 -1.438024531956140E-015
         113           1  0.000000000000000E+000 -1.061975468043690E-015
         113           2  0.000000000000000E+000 -1.438024531955822E-015
         114           1  0.000000000000000E+000 -1.061975468043699E-015
         114           2  0.000000000000000E+000 -1.438024531955786E-015
         115           1  0.000000000000000E+000 -1.061975468043921E-015
         115           2  0.000000000000000E+000 -1.438024531956163E-015
         116           1  0.000000000000000E+000 -1.061975468043571E-015
         116           2  0.000000000000000E+000 -1.438024531955629E-015
         117           1  0.000000000000000E+000 -1.061975468043765E-015
         117           2  0.000000000000000E+000 -1.438024531955881E-015
         118           1  0.000000000000000E+000 -1.061975468043887E-015
         118           2  0.000000000000000E+000 -1.438024531956053E-015
         119           1  0.000000000000000E+000 -1.061975468043853E-015
         119           2  0.000000000000000E+000 -1.438024531956007E-015
         120           1  0.000000000000000E+000 -1.061975468043630E-015
         120           2  0.000000000000000E+000 -1.438024531955747E-015
         121           1  0.000000000000000E+000 -1.061975468043823E-015
         121           2  0.000000000000000E+000 -1.438024531955938E-015
         122           1  0.000000000000000E+000 -1.061975468043401E-015
         122           2  0.000000000000000E+000 -1.438024531955591E-015
         123           1  0.000000000000000E+000 -1.061975468043979E-015
         123           2  0.000000000000000E+000 -1.438024531956203E-015
         124           1  0.000000000000000E+000 -1.061975468044012E-015
         124           2  0.000000000000000E+000 -1.438024531956272E-015
         125           1  0.000000000000000E+000 -1.061975468043659E-015
         125           2  0.000000000000000E+000 -1.438024531955786E-015
         126           1  0.000000000000000E+000 -1.061975468043906E-015
         126           2  0.000000000000000E+000 -1.438024531956148E-015
         127           1  0.000000000000000E+000 -1.061975468043837E-015
         127           2  0.000000000000000E+000 -1.438024531956018E-015
         128           1  0.000000000000000E+000 -1.061975468042741E-015
         128           2  0.000000000000000E+000 -1.438024531954597E-015
         129           1  0.000000000000000E+000 -1.061975468043498E-015
         129           2  0.000000000000000E+000 -1.438024531955559E-015
         130           1  0.000000000000000E+000 -1.061975468043734E-015
         130           2  0.000000000000000E+000 -1.438024531955944E-015
         131           1  0.000000000000000E+000 -1.061975468043819E-015
         131           2  0.000000000000000E+000 -1.438024531956030E-015
         132           1  0.000000000000000E+000 -1.061975468043823E-015
         132           2  0.000000000000000E+000 -1.438024531955985E-015
         133           1  0.000000000000000E+000 -1.061975468043810E-015
         133           2  0.000000000000000E+000 -1.438024531955933E-015
         134           1  0.000000000000000E+000 -1.061975468043682E-015
         134           2  0.000000000000000E+000 -1.438024531955779E-015
         135           1  0.000000000000000E+000 -1.061975468043854E-015
         135           2  0.000000000000000E+000 -1.438024531956071E-015
         136           1  0.000000000000000E+000 -1.061975468043824E-015
         136           2  0.000000000000000E+000 -1.438024531955972E-015
         137           1  0.000000000000000E+000 -1.061975468043891E-015
         137           2  0.000000000000000E+000 -1.438024531956092E-015
         138           1  0.000000000000000E+000 -1.061975468043889E-015
         138           2  0.000000000000000E+000 -1.438024531956028E-015
         139           1  0.000000000000000E+000 -1.061975468043844E-015
         139           2  0.000000000000000E+000 -1.438024531955998E-015
         140           1  0.000000000000000E+000 -1.061975468043603E-015
         140           2  0.000000000000000E+000 -1.438024531955725E-015
         141           1  0.000000000000000E+000 -1.061975468043670E-015
         141           2  0.000000000000000E+000 -1.438024531955914E-015
         142           1  0.000000000000000E+000 -1.061975468043559E-015
         142           2  0.000000000000000E+000 -1.438024531955571E-015
         143           1  0.000000000000000E+000 -1.061975468043947E-015
         143           2  0.000000000000000E+000 -1.438024531956178E-015
         144           1  0.000000000000000E+000 -1.061975468044180E-015
         144           2  0.000000000000000E+000 -1.438024531956535E-015
         145           1  0.000000000000000E+000 -1.061975468043935E-015
         145           2  0.000000000000000E+000 -1.438024531956187E-015
         146           1  0.000000000000000E+000 -1.061975468043912E-015
         146           2  0.000000000000000E+000 -1.438024531956165E-015
         147           1  0.000000000000000E+000 -1.061975468043801E-015
         147           2  0.000000000000000E+000 -1.438024531956031E-015
         148           1  0.000000000000000E+000 -1.061975468043771E-015
         148           2  0.000000000000000E+000 -1.438024531956005E-015
         149           1  0.000000000000000E+000 -1.061975468043350E-015
         149           2  0.000000000000000E+000 -1.438024531955386E-015
         150           1  0.000000000000000E+000 -1.061975468043660E-015
         150           2  0.000000000000000E+000 -1.438024531955879E-015
         151           1  0.000000000000000E+000 -1.061975468043504E-015
         151           2  0.000000000000000E+000 -1.438024531955596E-015
         152           1  0.000000000000000E+000 -1.061975468043775E-015
         152           2  0.000000000000000E+000 -1.438024531955823E-015
         153           1  0.000000000000000E+000 -1.061975468043914E-015
         153           2  0.000000000000000E+000 -1.438024531956065E-015
         154           1  0.000000000000000E+000 -1.061975468043795E-015
         154           2  0.000000000000000E+000 -1.438024531955952E-015
         155           1  0.000000000000000E+000 -1.061975468043865E-015
         155           2  0.000000000000000E+000 -1.438024531956027E-015
         156           1  0.000000000000000E+000 -1.061975468043841E-015
         156           2  0.000000000000000E+000 -1.438024531956034E-015
         157           1  0.000000000000000E+000 -1.061975468043796E-015
         157           2  0.000000000000000E+000 -1.438024531955942E-015
         158           1  0.000000000000000E+000 -1.061975468043739E-015
         158           2  0.000000000000000E+000 -1.438024531955958E-015
         159           1  0.000000000000000E+000 -1.061975468043771E-015
         159           2  0.000000000000000E+000 -1.438024531955955E-015
         160           1  0.000000000000000E+000 -1.061975468043902E-015
         160           2  0.000000000000000E+000 -1.438024531956032E-015
         161           1  0.000000000000000E+000 -1.061975468043839E-015
         161           2  0.000000000000000E+000 -1.438024531955993E-015
         162           1  0.000000000000000E+000 -1.061975468044136E-015
         162           2  0.000000000000000E+000 -1.438024531956332E-015
         163           1  0.000000000000000E+000 -1.061975468043909E-015
         163           2  0.000000000000000E+000 -1.438024531956151E-015
         164           1  0.000000000000000E+000 -1.061975468044102E-015
         164           2  0.000000000000000E+000 -1.438024531956443E-015
         165           1  0.000000000000000E+000 -1.061975468042356E-015
         165           2  0.000000000000000E+000 -1.438024531954400E-015
         166           1  0.000000000000000E+000 -1.061975468043183E-015
         166           2  0.000000000000000E+000 -1.438024531955340E-015
         167           1  0.000000000000000E+000 -1.061975468043879E-015
         167           2  0.000000000000000E+000 -1.438024531956119E-015
         168           1  0.000000000000000E+000 -1.061975468043767E-015
         168           2  0.000000000000000E+000 -1.438024531955968E-015
         169           1  0.000000000000000E+000 -1.061975468043825E-015
         169           2  0.000000000000000E+000 -1.438024531956018E-015
         170           1  0.000000000000000E+000 -1.061975468043789E-015
         170           2  0.000000000000000E+000 -1.438024531956081E-015
         171           1  0.000000000000000E+000 -1.061975468043959E-015
         171           2  0.000000000000000E+000 -1.438024531956240E-015
         172           1  0.000000000000000E+000 -1.061975468043379E-015
         172           2  0.000000000000000E+000 -1.438024531955461E-015
         173           1  0.000000000000000E+000 -1.061975468043898E-015
         173           2  0.000000000000000E+000 -1.438024531955992E-015
         174           1  0.000000000000000E+000 -1.061975468043787E-015
         174           2  0.000000000000000E+000 -1.438024531955968E-015
         175           1  0.000000000000000E+000 -1.061975468043911E-015
         175           2  0.000000000000000E+000 -1.438024531956123E-015
         176           1  0.000000000000000E+000 -1.061975468043760E-015
         176           2  0.000000000000000E+000 -1.438024531955924E-015
         177           1  0.000000000000000E+000 -1.061975468043729E-015
         177           2  0.000000000000000E+000 -1.438024531955894E-015
         178           1  0.000000000000000E+000 -1.061975468043775E-015
         178           2  0.000000000000000E+000 -1.438024531955977E-015
         179           1  0.000000000000000E+000 -1.061975468043635E-015
         179           2  0.000000000000000E+000 -1.438024531955705E-015
         180           1  0.000000000000000E+000 -1.061975468043762E-015
         180           2  0.000000000000000E+000 -1.438024531955954E-015
         181           1  0.000000000000000E+000 -1.061975468043830E-015
         181           2  0.000000000000000E+000 -1.438024531956050E-015
         182           1  0.000000000000000E+000 -1.061975468043868E-015
         182           2  0.000000000000000E+000 -1.438024531956047E-015
         183           1  0.000000000000000E+000 -1.061975468043885E-015
         183           2  0.000000000000000E+000 -1.438024531956096E-015
         184           1  0.000000000000000E+000 -1.061975468043906E-015
         184           2  0.000000000000000E+000 -1.438024531956137E-015
         185           1  0.000000000000000E+000 -1.061975468043826E-015
         185           2  0.000000000000000E+000 -1.438024531956030E-015
         186           1  0.000000000000000E+000 -1.061975468043842E-015
         186           2  0.000000000000000E+000 -1.438024531956037E-015
         187           1  0.000000000000000E+000 -1.061975468043813E-015
         187           2  0.000000000000000E+000 -1.438024531956020E-015
         188           1  0.000000000000000E+000 -1.061975468043667E-015
         188           2  0.000000000000000E+000 -1.438024531955816E-015
         189           1  0.000000000000000E+000 -1.061975468043636E-015
         189           2  0.000000000000000E+000 -1.438024531955805E-015
         190           1  0.000000000000000E+000 -1.061975468043593E-015
         190           2  0.000000000000000E+000 -1.438024531955789E-015
         191           1  0.000000000000000E+000 -1.061975468043612E-015
         191           2  0.000000000000000E+000 -1.438024531955892E-015
         192           1  0.000000000000000E+000 -1.061975468043744E-015
         192           2  0.000000000000000E+000 -1.438024531955939E-015
         193           1  0.000000000000000E+000 -1.061975468043813E-015
         193           2  0.000000000000000E+000 -1.438024531955999E-015
         194           1  0.000000000000000E+000 -1.061975468043723E-015
         194           2  0.000000000000000E+000 -1.438024531955859E-015
         195           1  0.000000000000000E+000 -1.061975468043811E-015
         195           2  0.000000000000000E+000 -1.438024531955970E-015
         196           1  0.000000000000000E+000 -1.061975468043839E-015
         196           2  0.000000000000000E+000 -1.438024531956008E-015
         197           1  0.000000000000000E+000 -1.061975468043809E-015
         197           2  0.000000000000000E+000 -1.438024531955936E-015
         198           1  0.000000000000000E+000 -1.061975468043753E-015
         198           2  0.000000000000000E+000 -1.438024531955855E-015
         199           1  0.000000000000000E+000 -1.061975468043692E-015
         199           2  0.000000000000000E+000 -1.438024531955794E-015
         200           1  0.000000000000000E+000 -1.061975468043654E-015
         200           2  0.000000000000000E+000 -1.438024531955791E-015
         201           1  0.000000000000000E+000 -1.061975468043871E-015
         201           2  0.000000000000000E+000 -1.438024531956040E-015
         202           1  0.000000000000000E+000 -1.061975468043837E-015
         202           2  0.000000000000000E+000 -1.438024531956055E-015
         203           1  0.000000000000000E+000 -1.061975468043281E-015
         203           2  0.000000000000000E+000 -1.438024531955326E-015
         204           1  0.000000000000000E+000 -1.061975468043964E-015
         204           2  0.000000000000000E+000 -1.438024531956181E-015
         205           1  0.000000000000000E+000 -1.061975468043905E-015
         205           2  0.000000000000000E+000 -1.438024531956120E-015
         206           1  0.000000000000000E+000 -1.061975468043894E-015
         206           2  0.000000000000000E+000 -1.438024531956146E-015
         207           1  0.000000000000000E+000 -1.061975468043840E-015
         207           2  0.000000000000000E+000 -1.438024531956117E-015
         208           1  0.000000000000000E+000 -1.061975468043497E-015
         208           2  0.000000000000000E+000 -1.438024531955610E-015
         209           1  0.000000000000000E+000 -1.061975468043757E-015
         209           2  0.000000000000000E+000 -1.438024531955919E-015
         210           1  0.000000000000000E+000 -1.061975468043729E-015
         210           2  0.000000000000000E+000 -1.438024531955889E-015
         211           1  0.000000000000000E+000 -1.061975468043692E-015
         211           2  0.000000000000000E+000 -1.438024531955791E-015
         212           1  0.000000000000000E+000 -1.061975468043727E-015
         212           2  0.000000000000000E+000 -1.438024531955910E-015
         213           1  0.000000000000000E+000 -1.061975468043771E-015
         213           2  0.000000000000000E+000 -1.438024531955982E-015
         214           1  0.000000000000000E+000 -1.061975468043777E-015
         214           2  0.000000000000000E+000 -1.438024531955918E-015
         215           1  0.000000000000000E+000 -1.061975468043753E-015
         215           2  0.000000000000000E+000 -1.438024531955902E-015
         216           1  0.000000000000000E+000 -1.061975468043786E-015
         216           2  0.000000000000000E+000 -1.438024531955973E-015
         217           1  0.000000000000000E+000 -1.061975468043720E-015
         217           2  0.000000000000000E+000 -1.438024531955992E-015
         218           1  0.000000000000000E+000 -1.061975468043807E-015
         218           2  0.000000000000000E+000 -1.438024531956012E-015
         219           1  0.000000000000000E+000 -1.061975468043840E-015
         219           2  0.000000000000000E+000 -1.438024531956003E-015
         220           1  0.000000000000000E+000 -1.061975468043871E-015
         220           2  0.000000000000000E+000 -1.438024531956104E-015
         221           1  0.000000000000000E+000 -1.061975468043871E-015
         221           2  0.000000000000000E+000 -1.438024531956066E-015
         222           1  0.000000000000000E+000 -1.061975468043762E-015
         222           2  0.000000000000000E+000 -1.438024531955878E-015
         223           1  0.000000000000000E+000 -1.061975468043480E-015
         223           2  0.000000000000000E+000 -1.438024531955571E-015
         224           1  0.000000000000000E+000 -1.061975468043860E-015
         224           2  0.000000000000000E+000 -1.438024531955994E-015
         225           1  0.000000000000000E+000 -1.061975468043936E-015
         225           2  0.000000000000000E+000 -1.438024531956246E-015
         226           1  0.000000000000000E+000 -1.061975468043888E-015
         226           2  0.000000000000000E+000 -1.438024531956101E-015
         227           1  0.000000000000000E+000 -1.061975468043755E-015
         227           2  0.000000000000000E+000 -1.438024531955992E-015
         228           1  0.000000000000000E+000 -1.061975468043722E-015
         228           2  0.000000000000000E+000 -1.438024531955949E-015
         229           1  0.000000000000000E+000 -1.061975468043743E-015
         229           2  0.000000000000000E+000 -1.438024531955945E-015
         230           1  0.000000000000000E+000 -1.061975468043770E-015
         230           2  0.000000000000000E+000 -1.438024531955948E-015
         231           1  0.000000000000000E+000 -1.061975468043710E-015
         231           2  0.000000000000000E+000 -1.438024531955926E-015
         232           1  0.000000000000000E+000 -1.061975468043653E-015
         232           2  0.000000000000000E+000 -1.438024531955828E-015
         233           1  0.000000000000000E+000 -1.061975468043609E-015
         233           2  0.000000000000000E+000 -1.438024531955748E-015
         234           1  0.000000000000000E+000 -1.061975468043746E-015
         234           2  0.000000000000000E+000 -1.438024531955906E-015
         235           1  0.000000000000000E+000 -1.061975468043834E-015
         235           2  0.000000000000000E+000 -1.438024531956012E-015
         236           1  0.000000000000000E+000 -1.061975468043781E-015
         236           2  0.000000000000000E+000 -1.438024531955928E-015
         237           1  0.000000000000000E+000 -1.061975468043783E-015
         237           2  0.000000000000000E+000 -1.438024531955965E-015
         238           1  0.000000000000000E+000 -1.061975468043867E-015
         238           2  0.000000000000000E+000 -1.438024531956060E-015
         239           1  0.000000000000000E+000 -1.061975468043967E-015
         239           2  0.000000000000000E+000 -1.438024531956160E-015
         240           1  0.000000000000000E+000 -1.061975468043854E-015
         240           2  0.000000000000000E+000 -1.438024531956038E-015
         241           1  0.000000000000000E+000 -1.061975468043820E-015
         241           2  0.000000000000000E+000 -1.438024531955992E-015
         242           1  0.000000000000000E+000 -1.061975468043868E-015
         242           2  0.000000000000000E+000 -1.438024531956104E-015
         243           1  0.000000000000000E+000 -1.061975468043923E-015
         243           2  0.000000000000000E+000 -1.438024531956157E-015
         244           1  0.000000000000000E+000 -1.061975468043897E-015
         244           2  0.000000000000000E+000 -1.438024531956080E-015
         245           1  0.000000000000000E+000 -1.061975468043842E-015
         245           2  0.000000000000000E+000 -1.438024531956042E-015
         246           1  0.000000000000000E+000 -1.061975468043794E-015
         246           2  0.000000000000000E+000 -1.438024531956050E-015
         247           1  0.000000000000000E+000 -1.061975468043729E-015
         247           2  0.000000000000000E+000 -1.438024531956016E-015
         248           1  0.000000000000000E+000 -1.061975468043775E-015
         248           2  0.000000000000000E+000 -1.438024531955977E-015
         249           1  0.000000000000000E+000 -1.061975468043677E-015
         249           2  0.000000000000000E+000 -1.438024531955946E-015
         250           1  0.000000000000000E+000 -1.061975468043730E-015
         250           2  0.000000000000000E+000 -1.438024531955851E-015
         251           1  0.000000000000000E+000 -1.061975468043682E-015
         251           2  0.000000000000000E+000 -1.438024531955797E-015
         252           1  0.000000000000000E+000 -1.061975468043808E-015
         252           2  0.000000000000000E+000 -1.438024531956029E-015
         253           1  0.000000000000000E+000 -1.061975468043783E-015
         253           2  0.000000000000000E+000 -1.438024531956013E-015
         254           1  0.000000000000000E+000 -1.061975468044054E-015
         254           2  0.000000000000000E+000 -1.438024531956376E-015
         255           1  0.000000000000000E+000 -1.061975468043778E-015
         255           2  0.000000000000000E+000 -1.438024531955939E-015
         256           1  0.000000000000000E+000 -1.061975468043542E-015
         256           2  0.000000000000000E+000 -1.438024531955673E-015
         257           1  0.000000000000000E+000 -1.061975468043811E-015
         257           2  0.000000000000000E+000 -1.438024531956070E-015
         258           1  0.000000000000000E+000 -1.061975468043824E-015
         258           2  0.000000000000000E+000 -1.438024531956042E-015
         259           1  0.000000000000000E+000 -1.061975468043835E-015
         259           2  0.000000000000000E+000 -1.438024531956027E-015
         260           1  0.000000000000000E+000 -1.061975468043752E-015
         260           2  0.000000000000000E+000 -1.438024531955923E-015
         261           1  0.000000000000000E+000 -1.061975468043832E-015
         261           2  0.000000000000000E+000 -1.438024531956015E-015
         262           1  0.000000000000000E+000 -1.061975468043950E-015
         262           2  0.000000000000000E+000 -1.438024531956193E-015
         263           1  0.000000000000000E+000 -1.061975468043887E-015
         263           2  0.000000000000000E+000 -1.438024531956132E-015
         264           1  0.000000000000000E+000 -1.061975468044033E-015
         264           2  0.000000000000000E+000 -1.438024531956355E-015
         265           1  0.000000000000000E+000 -1.061975468043801E-015
         265           2  0.000000000000000E+000 -1.438024531955976E-015
         266           1  0.000000000000000E+000 -1.061975468043540E-015
         266           2  0.000000000000000E+000 -1.438024531955708E-015
         267           1  0.000000000000000E+000 -1.061975468043765E-015
         267           2  0.000000000000000E+000 -1.438024531955971E-015
         268           1  0.000000000000000E+000 -1.061975468043829E-015
         268           2  0.000000000000000E+000 -1.438024531956137E-015
         269           1  0.000000000000000E+000 -1.061975468043771E-015
         269           2  0.000000000000000E+000 -1.438024531956009E-015
         270           1  0.000000000000000E+000 -1.061975468043784E-015
         270           2  0.000000000000000E+000 -1.438024531955908E-015
         271           1  0.000000000000000E+000 -1.061975468043713E-015
         271           2  0.000000000000000E+000 -1.438024531955833E-015
         272           1  0.000000000000000E+000 -1.061975468043612E-015
         272           2  0.000000000000000E+000 -1.438024531955693E-015
         273           1  0.000000000000000E+000 -1.061975468043775E-015
         273           2  0.000000000000000E+000 -1.438024531955936E-015
         274           1  0.000000000000000E+000 -1.061975468043802E-015
         274           2  0.000000000000000E+000 -1.438024531956015E-015
         275           1  0.000000000000000E+000 -1.061975468043771E-015
         275           2  0.000000000000000E+000 -1.438024531955941E-015
         276           1  0.000000000000000E+000 -1.061975468043696E-015
         276           2  0.000000000000000E+000 -1.438024531955865E-015
         277           1  0.000000000000000E+000 -1.061975468043760E-015
         277           2  0.000000000000000E+000 -1.438024531955941E-015
         278           1  0.000000000000000E+000 -1.061975468043705E-015
         278           2  0.000000000000000E+000 -1.438024531955900E-015
         279           1  0.000000000000000E+000 -1.061975468043910E-015
         279           2  0.000000000000000E+000 -1.438024531956080E-015
         280           1  0.000000000000000E+000 -1.061975468043753E-015
         280           2  0.000000000000000E+000 -1.438024531955936E-015
         281           1  0.000000000000000E+000 -1.061975468043831E-015
         281           2  0.000000000000000E+000 -1.438024531956016E-015
         282           1  0.000000000000000E+000 -1.061975468044169E-015
         282           2  0.000000000000000E+000 -1.438024531956421E-015
         283           1  0.000000000000000E+000 -1.061975468043897E-015
         283           2  0.000000000000000E+000 -1.438024531956258E-015
         284           1  0.000000000000000E+000 -1.061975468044046E-015
         284           2  0.000000000000000E+000 -1.438024531956376E-015
         285           1  0.000000000000000E+000 -1.061975468043679E-015
         285           2  0.000000000000000E+000 -1.438024531955790E-015
         286           1  0.000000000000000E+000 -1.061975468043892E-015
         286           2  0.000000000000000E+000 -1.438024531956150E-015
         287           1  0.000000000000000E+000 -1.061975468043497E-015
         287           2  0.000000000000000E+000 -1.438024531955624E-015
         288           1  0.000000000000000E+000 -1.061975468043571E-015
         288           2  0.000000000000000E+000 -1.438024531955740E-015
         289           1  0.000000000000000E+000 -1.061975468043830E-015
         289           2  0.000000000000000E+000 -1.438024531956021E-015
         290           1  0.000000000000000E+000 -1.061975468043911E-015
         290           2  0.000000000000000E+000 -1.438024531956182E-015
         291           1  0.000000000000000E+000 -1.061975468043794E-015
         291           2  0.000000000000000E+000 -1.438024531955944E-015
         292           1  0.000000000000000E+000 -1.061975468043782E-015
         292           2  0.000000000000000E+000 -1.438024531956003E-015
         293           1  0.000000000000000E+000 -1.061975468043798E-015
         293           2  0.000000000000000E+000 -1.438024531955926E-015
         294           1  0.000000000000000E+000 -1.061975468043792E-015
         294           2  0.000000000000000E+000 -1.438024531956018E-015
         295           1  0.000000000000000E+000 -1.061975468043886E-015
         295           2  0.000000000000000E+000 -1.438024531956100E-015
         296           1  0.000000000000000E+000 -1.061975468043560E-015
         296           2  0.000000000000000E+000 -1.438024531955592E-015
         297           1  0.000000000000000E+000 -1.061975468043752E-015
         297           2  0.000000000000000E+000 -1.438024531955914E-015
         298           1  0.000000000000000E+000 -1.061975468043729E-015
         298           2  0.000000000000000E+000 -1.438024531955834E-015
         299           1  0.000000000000000E+000 -1.061975468043802E-015
         299           2  0.000000000000000E+000 -1.438024531955935E-015
         300           1  0.000000000000000E+000 -1.061975468043847E-015
         300           2  0.000000000000000E+000 -1.438024531956051E-015
         301           1  0.000000000000000E+000 -1.061975468043935E-015
         301           2  0.000000000000000E+000 -1.438024531956139E-015
         302           1  0.000000000000000E+000 -1.061975468043925E-015
         302           2  0.000000000000000E+000 -1.438024531956185E-015
         303           1  0.000000000000000E+000 -1.061975468043879E-015
         303           2  0.000000000000000E+000 -1.438024531956154E-015
         304           1  0.000000000000000E+000 -1.061975468043894E-015
         304           2  0.000000000000000E+000 -1.438024531956075E-015
         305           1  0.000000000000000E+000 -1.061975468043653E-015
         305           2  0.000000000000000E+000 -1.438024531955765E-015
         306           1  0.000000000000000E+000 -1.061975468043465E-015
         306           2  0.000000000000000E+000 -1.438024531955622E-015
         307           1  0.000000000000000E+000 -1.061975468043852E-015
         307           2  0.000000000000000E+000 -1.438024531956077E-015
         308           1  0.000000000000000E+000 -1.061975468043453E-015
         308           2  0.000000000000000E+000 -1.438024531955566E-015
         309           1  0.000000000000000E+000 -1.061975468043761E-015
         309           2  0.000000000000000E+000 -1.438024531956005E-015
         310           1  0.000000000000000E+000 -1.061975468043769E-015
         310           2  0.000000000000000E+000 -1.438024531955922E-015
         311           1  0.000000000000000E+000 -1.061975468043688E-015
         311           2  0.000000000000000E+000 -1.438024531955851E-015
         312           1  0.000000000000000E+000 -1.061975468043778E-015
         312           2  0.000000000000000E+000 -1.438024531955920E-015
         313           1  0.000000000000000E+000 -1.061975468043775E-015
         313           2  0.000000000000000E+000 -1.438024531955942E-015
         314           1  0.000000000000000E+000 -1.061975468043779E-015
         314           2  0.000000000000000E+000 -1.438024531955963E-015
         315           1  0.000000000000000E+000 -1.061975468043702E-015
         315           2  0.000000000000000E+000 -1.438024531955849E-015
         316           1  0.000000000000000E+000 -1.061975468043749E-015
         316           2  0.000000000000000E+000 -1.438024531955927E-015
         317           1  0.000000000000000E+000 -1.061975468043796E-015
         317           2  0.000000000000000E+000 -1.438024531955926E-015
         318           1  0.000000000000000E+000 -1.061975468043878E-015
         318           2  0.000000000000000E+000 -1.438024531956074E-015
         319           1  0.000000000000000E+000 -1.061975468043669E-015
         319           2  0.000000000000000E+000 -1.438024531955772E-015
         320           1  0.000000000000000E+000 -1.061975468043919E-015
         320           2  0.000000000000000E+000 -1.438024531956136E-015
         321           1  0.000000000000000E+000 -1.061975468043923E-015
         321           2  0.000000000000000E+000 -1.438024531956088E-015
         322           1  0.000000000000000E+000 -1.061975468043539E-015
         322           2  0.000000000000000E+000 -1.438024531955571E-015
         323           1  0.000000000000000E+000 -1.061975468043870E-015
         323           2  0.000000000000000E+000 -1.438024531956009E-015
         324           1  0.000000000000000E+000 -1.061975468043661E-015
         324           2  0.000000000000000E+000 -1.438024531955770E-015
         325           1  0.000000000000000E+000 -1.061975468043798E-015
         325           2  0.000000000000000E+000 -1.438024531955908E-015
         326           1  0.000000000000000E+000 -1.061975468043813E-015
         326           2  0.000000000000000E+000 -1.438024531955964E-015
         327           1  0.000000000000000E+000 -1.061975468044072E-015
         327           2  0.000000000000000E+000 -1.438024531956389E-015
         328           1  0.000000000000000E+000 -1.061975468043761E-015
         328           2  0.000000000000000E+000 -1.438024531955971E-015
         329           1  0.000000000000000E+000 -1.061975468043724E-015
         329           2  0.000000000000000E+000 -1.438024531955908E-015
         330           1  0.000000000000000E+000 -1.061975468043823E-015
         330           2  0.000000000000000E+000 -1.438024531956020E-015
         331           1  0.000000000000000E+000 -1.061975468043567E-015
         331           2  0.000000000000000E+000 -1.438024531955692E-015
         332           1  0.000000000000000E+000 -1.061975468043790E-015
         332           2  0.000000000000000E+000 -1.438024531955980E-015
         333           1  0.000000000000000E+000 -1.061975468043663E-015
         333           2  0.000000000000000E+000 -1.438024531955808E-015
         334           1  0.000000000000000E+000 -1.061975468043727E-015
         334           2  0.000000000000000E+000 -1.438024531955858E-015
         335           1  0.000000000000000E+000 -1.061975468043900E-015
         335           2  0.000000000000000E+000 -1.438024531956103E-015
         336           1  0.000000000000000E+000 -1.061975468043934E-015
         336           2  0.000000000000000E+000 -1.438024531956143E-015
         337           1  0.000000000000000E+000 -1.061975468043720E-015
         337           2  0.000000000000000E+000 -1.438024531955887E-015
         338           1  0.000000000000000E+000 -1.061975468043909E-015
         338           2  0.000000000000000E+000 -1.438024531956110E-015
         339           1  0.000000000000000E+000 -1.061975468043743E-015
         339           2  0.000000000000000E+000 -1.438024531956025E-015
         340           1  0.000000000000000E+000 -1.061975468043875E-015
         340           2  0.000000000000000E+000 -1.438024531956074E-015
         341           1  0.000000000000000E+000 -1.061975468043782E-015
         341           2  0.000000000000000E+000 -1.438024531955988E-015
         342           1  0.000000000000000E+000 -1.061975468043852E-015
         342           2  0.000000000000000E+000 -1.438024531956021E-015
         343           1  0.000000000000000E+000 -1.061975468043845E-015
         343           2  0.000000000000000E+000 -1.438024531956052E-015
         344           1  0.000000000000000E+000 -1.061975468043876E-015
         344           2  0.000000000000000E+000 -1.438024531956053E-015
         345           1  0.000000000000000E+000 -1.061975468043852E-015
         345           2  0.000000000000000E+000 -1.438024531956030E-015
         346           1  0.000000000000000E+000 -1.061975468043889E-015
         346           2  0.000000000000000E+000 -1.438024531956136E-015
         347           1  0.000000000000000E+000 -1.061975468043773E-015
         347           2  0.000000000000000E+000 -1.438024531955958E-015
         348           1  0.000000000000000E+000 -1.061975468043783E-015
         348           2  0.000000000000000E+000 -1.438024531955955E-015
         349           1  0.000000000000000E+000 -1.061975468043853E-015
         349           2  0.000000000000000E+000 -1.438024531955997E-015
         350           1  0.000000000000000E+000 -1.061975468043869E-015
         350           2  0.000000000000000E+000 -1.438024531956130E-015
         351           1  0.000000000000000E+000 -1.061975468043732E-015
         351           2  0.000000000000000E+000 -1.438024531955954E-015
         352           1  0.000000000000000E+000 -1.061975468043883E-015
         352           2  0.000000000000000E+000 -1.438024531956044E-015
         353           1  0.000000000000000E+000 -1.061975468043772E-015
         353           2  0.000000000000000E+000 -1.438024531955942E-015
         354           1  0.000000000000000E+000 -1.061975468043667E-015
         354           2  0.000000000000000E+000 -1.438024531955797E-015
         355           1  0.000000000000000E+000 -1.061975468043950E-015
         355           2  0.000000000000000E+000 -1.438024531956174E-015
         356           1  0.000000000000000E+000 -1.061975468043719E-015
         356           2  0.000000000000000E+000 -1.438024531955864E-015
         357           1  0.000000000000000E+000 -1.061975468043714E-015
         357           2  0.000000000000000E+000 -1.438024531955763E-015
         358           1  0.000000000000000E+000 -1.061975468043828E-015
         358           2  0.000000000000000E+000 -1.438024531956060E-015
         359           1  0.000000000000000E+000 -1.061975468043849E-015
         359           2  0.000000000000000E+000 -1.438024531956041E-015
         360           1  0.000000000000000E+000 -1.061975468043826E-015
         360           2  0.000000000000000E+000 -1.438024531955961E-015
         361           1  0.000000000000000E+000 -1.061975468043834E-015
         361           2  0.000000000000000E+000 -1.438024531955990E-015
         362           1  0.000000000000000E+000 -1.061975468043891E-015
         362           2  0.000000000000000E+000 -1.438024531956113E-015
         363           1  0.000000000000000E+000 -1.061975468043797E-015
         363           2  0.000000000000000E+000 -1.438024531955951E-015
         364           1  0.000000000000000E+000 -1.061975468043919E-015
         364           2  0.000000000000000E+000 -1.438024531956155E-015
         365           1  0.000000000000000E+000 -1.061975468043960E-015
         365           2  0.000000000000000E+000 -1.438024531956146E-015
         366           1  0.000000000000000E+000 -1.061975468043801E-015
         366           2  0.000000000000000E+000 -1.438024531956010E-015
         367           1  0.000000000000000E+000 -1.061975468044007E-015
         367           2  0.000000000000000E+000 -1.438024531956317E-015
         368           1  0.000000000000000E+000 -1.061975468044128E-015
         368           2  0.000000000000000E+000 -1.438024531956523E-015
         369           1  0.000000000000000E+000 -1.061975468043390E-015
         369           2  0.000000000000000E+000 -1.438024531955493E-015
         370           1  0.000000000000000E+000 -1.061975468043291E-015
         370           2  0.000000000000000E+000 -1.438024531955313E-015
         371           1  0.000000000000000E+000 -1.061975468043737E-015
         371           2  0.000000000000000E+000 -1.438024531956032E-015
         372           1  0.000000000000000E+000 -1.061975468043720E-015
         372           2  0.000000000000000E+000 -1.438024531955852E-015
         373           1  0.000000000000000E+000 -1.061975468043713E-015
         373           2  0.000000000000000E+000 -1.438024531955866E-015
         374           1  0.000000000000000E+000 -1.061975468043794E-015
         374           2  0.000000000000000E+000 -1.438024531956124E-015
         375           1  0.000000000000000E+000 -1.061975468043520E-015
         375           2  0.000000000000000E+000 -1.438024531955535E-015
         376           1  0.000000000000000E+000 -1.061975468043751E-015
         376           2  0.000000000000000E+000 -1.438024531955901E-015
         377           1  0.000000000000000E+000 -1.061975468043855E-015
         377           2  0.000000000000000E+000 -1.438024531956040E-015
         378           1  0.000000000000000E+000 -1.061975468043874E-015
         378           2  0.000000000000000E+000 -1.438024531956108E-015
         379           1  0.000000000000000E+000 -1.061975468043845E-015
         379           2  0.000000000000000E+000 -1.438024531956026E-015
         380           1  0.000000000000000E+000 -1.061975468043867E-015
         380           2  0.000000000000000E+000 -1.438024531956192E-015
         381           1  0.000000000000000E+000 -1.061975468043691E-015
         381           2  0.000000000000000E+000 -1.438024531955698E-015
         382           1  0.000000000000000E+000 -1.061975468044028E-015
         382           2  0.000000000000000E+000 -1.438024531956273E-015
         383           1  0.000000000000000E+000 -1.061975468044032E-015
         383           2  0.000000000000000E+000 -1.438024531956263E-015
         384           1  0.000000000000000E+000 -1.061975468044002E-015
         384           2  0.000000000000000E+000 -1.438024531956194E-015
         385           1  0.000000000000000E+000 -1.061975468043875E-015
         385           2  0.000000000000000E+000 -1.438024531956081E-015
         386           1  0.000000000000000E+000 -1.061975468043592E-015
         386           2  0.000000000000000E+000 -1.438024531955651E-015
         387           1  0.000000000000000E+000 -1.061975468043835E-015
         387           2  0.000000000000000E+000 -1.438024531956066E-015
         388           1  0.000000000000000E+000 -1.061975468043915E-015
         388           2  0.000000000000000E+000 -1.438024531956108E-015
         389           1  0.000000000000000E+000 -1.061975468043904E-015
         389           2  0.000000000000000E+000 -1.438024531956075E-015
         390           1  0.000000000000000E+000 -1.061975468043891E-015
         390           2  0.000000000000000E+000 -1.438024531956083E-015
         391           1  0.000000000000000E+000 -1.061975468043711E-015
         391           2  0.000000000000000E+000 -1.438024531955878E-015
         392           1  0.000000000000000E+000 -1.061975468043820E-015
         392           2  0.000000000000000E+000 -1.438024531955977E-015
         393           1  0.000000000000000E+000 -1.061975468043869E-015
         393           2  0.000000000000000E+000 -1.438024531956068E-015
         394           1  0.000000000000000E+000 -1.061975468044016E-015
         394           2  0.000000000000000E+000 -1.438024531956280E-015
         395           1  0.000000000000000E+000 -1.061975468043657E-015
         395           2  0.000000000000000E+000 -1.438024531955758E-015
         396           1  0.000000000000000E+000 -1.061975468043885E-015
         396           2  0.000000000000000E+000 -1.438024531956103E-015
         397           1  0.000000000000000E+000 -1.061975468043853E-015
         397           2  0.000000000000000E+000 -1.438024531956033E-015
         398           1  0.000000000000000E+000 -1.061975468044192E-015
         398           2  0.000000000000000E+000 -1.438024531956451E-015
         399           1  0.000000000000000E+000 -1.061975468043928E-015
         399           2  0.000000000000000E+000 -1.438024531956191E-015
         400           1  0.000000000000000E+000 -1.061975468043827E-015
         400           2  0.000000000000000E+000 -1.438024531955988E-015
