           1           1  0.000000000000000E+000 -2.380952380951977E-017
           1           2  0.000000000000000E+000 -1.190476190476150E-018
           2           1  0.000000000000000E+000 -2.380952380952039E-017
           2           2  0.000000000000000E+000 -1.190476190476557E-018
           3           1  0.000000000000000E+000 -2.380952380952020E-017
           3           2  0.000000000000000E+000 -1.190476190476098E-018
           4           1  0.000000000000000E+000 -2.380952380952179E-017
           4           2  0.000000000000000E+000 -1.190476190476111E-018
           5           1  0.000000000000000E+000 -2.380952380952247E-017
           5           2  0.000000000000000E+000 -1.190476190475694E-018
           6           1  0.000000000000000E+000 -2.380952380952438E-017
           6           2  0.000000000000000E+000 -1.190476190476927E-018
           7           1  0.000000000000000E+000 -2.380952380952282E-017
           7           2  0.000000000000000E+000 -1.190476190477344E-018
           8           1  0.000000000000000E+000 -2.380952380952206E-017
           8           2  0.000000000000000E+000 -1.190476190477370E-018
           9           1  0.000000000000000E+000 -2.380952380952733E-017
           9           2  0.000000000000000E+000 -1.190476190477486E-018
          10           1  0.000000000000000E+000 -2.380952380952706E-017
          10           2  0.000000000000000E+000 -1.190476190478194E-018
          11           1  0.000000000000000E+000 -2.380952380952019E-017
          11           2  0.000000000000000E+000 -1.190476190474643E-018
          12           1  0.000000000000000E+000 -2.380952380952093E-017
          12           2  0.000000000000000E+000 -1.190476190475769E-018
          13           1  0.000000000000000E+000 -2.380952380952320E-017
          13           2  0.000000000000000E+000 -1.190476190475909E-018
          14           1  0.000000000000000E+000 -2.380952380952292E-017
          14           2  0.000000000000000E+000 -1.190476190471622E-018
          15           1  0.000000000000000E+000 -2.380952380951276E-017
          15           2  0.000000000000000E+000 -1.190476190471871E-018
          16           1  0.000000000000000E+000 -2.380952380951379E-017
          16           2  0.000000000000000E+000 -1.190476190470346E-018
          17           1  0.000000000000000E+000 -2.380952380951821E-017
          17           2  0.000000000000000E+000 -1.190476190472607E-018
          18           1  0.000000000000000E+000 -2.380952380951641E-017
          18           2  0.000000000000000E+000 -1.190476190475314E-018
          19           1  0.000000000000000E+000 -2.380952380951618E-017
          19           2  0.000000000000000E+000 -1.190476190476094E-018
          20           1  0.000000000000000E+000 -2.380952380951644E-017
          20           2  0.000000000000000E+000 -1.190476190475783E-018
          21           1  0.000000000000000E+000 -2.380952380952104E-017
          21           2  0.000000000000000E+000 -1.190476190476638E-018
          22           1  0.000000000000000E+000 -2.380952380952155E-017
          22           2  0.000000000000000E+000 -1.190476190476215E-018
          23           1  0.000000000000000E+000 -2.380952380952235E-017
          23           2  0.000000000000000E+000 -1.190476190475495E-018
          24           1  0.000000000000000E+000 -2.380952380952319E-017
          24           2  0.000000000000000E+000 -1.190476190475623E-018
          25           1  0.000000000000000E+000 -2.380952380952174E-017
          25           2  0.000000000000000E+000 -1.190476190475855E-018
          26           1  0.000000000000000E+000 -2.380952380952289E-017
          26           2  0.000000000000000E+000 -1.190476190476747E-018
          27           1  0.000000000000000E+000 -2.380952380952288E-017
          27           2  0.000000000000000E+000 -1.190476190477424E-018
          28           1  0.000000000000000E+000 -2.380952380952225E-017
          28           2  0.000000000000000E+000 -1.190476190477503E-018
          29           1  0.000000000000000E+000 -2.380952380952151E-017
          29           2  0.000000000000000E+000 -1.190476190474686E-018
          30           1  0.000000000000000E+000 -2.380952380952120E-017
          30           2  0.000000000000000E+000 -1.190476190475283E-018
          31           1  0.000000000000000E+000 -2.380952380952624E-017
          31           2  0.000000000000000E+000 -1.190476190477389E-018
          32           1  0.000000000000000E+000 -2.380952380952371E-017
          32           2  0.000000000000000E+000 -1.190476190477262E-018
          33           1  0.000000000000000E+000 -2.380952380952562E-017
          33           2  0.000000000000000E+000 -1.190476190477692E-018
          34           1  0.000000000000000E+000 -2.380952380951629E-017
          34           2  0.000000000000000E+000 -1.190476190471709E-018
          35           1  0.000000000000000E+000 -2.380952380951416E-017
          35           2  0.000000000000000E+000 -1.190476190471119E-018
          36           1  0.000000000000000E+000 -2.380952380951869E-017
          36           2  0.000000000000000E+000 -1.190476190473187E-018
          37           1  0.000000000000000E+000 -2.380952380952154E-017
          37           2  0.000000000000000E+000 -1.190476190474072E-018
          38           1  0.000000000000000E+000 -2.380952380951967E-017
          38           2  0.000000000000000E+000 -1.190476190474410E-018
          39           1  0.000000000000000E+000 -2.380952380951801E-017
          39           2  0.000000000000000E+000 -1.190476190474351E-018
          40           1  0.000000000000000E+000 -2.380952380952016E-017
          40           2  0.000000000000000E+000 -1.190476190474809E-018
          41           1  0.000000000000000E+000 -2.380952380952153E-017
          41           2  0.000000000000000E+000 -1.190476190477458E-018
          42           1  0.000000000000000E+000 -2.380952380952188E-017
          42           2  0.000000000000000E+000 -1.190476190476344E-018
          43           1  0.000000000000000E+000 -2.380952380952333E-017
          43           2  0.000000000000000E+000 -1.190476190475909E-018
          44           1  0.000000000000000E+000 -2.380952380952528E-017
          44           2  0.000000000000000E+000 -1.190476190476109E-018
          45           1  0.000000000000000E+000 -2.380952380952790E-017
          45           2  0.000000000000000E+000 -1.190476190477362E-018
          46           1  0.000000000000000E+000 -2.380952380952405E-017
          46           2  0.000000000000000E+000 -1.190476190477180E-018
          47           1  0.000000000000000E+000 -2.380952380952256E-017
          47           2  0.000000000000000E+000 -1.190476190476502E-018
          48           1  0.000000000000000E+000 -2.380952380952237E-017
          48           2  0.000000000000000E+000 -1.190476190477184E-018
          49           1  0.000000000000000E+000 -2.380952380952132E-017
          49           2  0.000000000000000E+000 -1.190476190475778E-018
          50           1  0.000000000000000E+000 -2.380952380952122E-017
          50           2  0.000000000000000E+000 -1.190476190475368E-018
          51           1  0.000000000000000E+000 -2.380952380952440E-017
          51           2  0.000000000000000E+000 -1.190476190476679E-018
          52           1  0.000000000000000E+000 -2.380952380952715E-017
          52           2  0.000000000000000E+000 -1.190476190477059E-018
          53           1  0.000000000000000E+000 -2.380952380952647E-017
          53           2  0.000000000000000E+000 -1.190476190477185E-018
          54           1  0.000000000000000E+000 -2.380952380951985E-017
          54           2  0.000000000000000E+000 -1.190476190477894E-018
          55           1  0.000000000000000E+000 -2.380952380952149E-017
          55           2  0.000000000000000E+000 -1.190476190475984E-018
          56           1  0.000000000000000E+000 -2.380952380952126E-017
          56           2  0.000000000000000E+000 -1.190476190475228E-018
          57           1  0.000000000000000E+000 -2.380952380952055E-017
          57           2  0.000000000000000E+000 -1.190476190475192E-018
          58           1  0.000000000000000E+000 -2.380952380952089E-017
          58           2  0.000000000000000E+000 -1.190476190475240E-018
          59           1  0.000000000000000E+000 -2.380952380952097E-017
          59           2  0.000000000000000E+000 -1.190476190476079E-018
          60           1  0.000000000000000E+000 -2.380952380952087E-017
          60           2  0.000000000000000E+000 -1.190476190475538E-018
          61           1  0.000000000000000E+000 -2.380952380952435E-017
          61           2  0.000000000000000E+000 -1.190476190477454E-018
          62           1  0.000000000000000E+000 -2.380952380952380E-017
          62           2  0.000000000000000E+000 -1.190476190476115E-018
          63           1  0.000000000000000E+000 -2.380952380952268E-017
          63           2  0.000000000000000E+000 -1.190476190475214E-018
          64           1  0.000000000000000E+000 -2.380952380952306E-017
          64           2  0.000000000000000E+000 -1.190476190475862E-018
          65           1  0.000000000000000E+000 -2.380952380952361E-017
          65           2  0.000000000000000E+000 -1.190476190476997E-018
          66           1  0.000000000000000E+000 -2.380952380952275E-017
          66           2  0.000000000000000E+000 -1.190476190476846E-018
          67           1  0.000000000000000E+000 -2.380952380952204E-017
          67           2  0.000000000000000E+000 -1.190476190476603E-018
          68           1  0.000000000000000E+000 -2.380952380952184E-017
          68           2  0.000000000000000E+000 -1.190476190476362E-018
          69           1  0.000000000000000E+000 -2.380952380950985E-017
          69           2  0.000000000000000E+000 -1.190476190470699E-018
          70           1  0.000000000000000E+000 -2.380952380952140E-017
          70           2  0.000000000000000E+000 -1.190476190475055E-018
          71           1  0.000000000000000E+000 -2.380952380952193E-017
          71           2  0.000000000000000E+000 -1.190476190475099E-018
          72           1  0.000000000000000E+000 -2.380952380952530E-017
          72           2  0.000000000000000E+000 -1.190476190476089E-018
          73           1  0.000000000000000E+000 -2.380952380952447E-017
          73           2  0.000000000000000E+000 -1.190476190476320E-018
          74           1  0.000000000000000E+000 -2.380952380952099E-017
          74           2  0.000000000000000E+000 -1.190476190478945E-018
          75           1  0.000000000000000E+000 -2.380952380952434E-017
          75           2  0.000000000000000E+000 -1.190476190478974E-018
          76           1  0.000000000000000E+000 -2.380952380952007E-017
          76           2  0.000000000000000E+000 -1.190476190475589E-018
          77           1  0.000000000000000E+000 -2.380952380952123E-017
          77           2  0.000000000000000E+000 -1.190476190474387E-018
          78           1  0.000000000000000E+000 -2.380952380952336E-017
          78           2  0.000000000000000E+000 -1.190476190475899E-018
          79           1  0.000000000000000E+000 -2.380952380952221E-017
          79           2  0.000000000000000E+000 -1.190476190475765E-018
          80           1  0.000000000000000E+000 -2.380952380952119E-017
          80           2  0.000000000000000E+000 -1.190476190475340E-018
          81           1  0.000000000000000E+000 -2.380952380951966E-017
          81           2  0.000000000000000E+000 -1.190476190475580E-018
          82           1  0.000000000000000E+000 -2.380952380952140E-017
          82           2  0.000000000000000E+000 -1.190476190475184E-018
          83           1  0.000000000000000E+000 -2.380952380952141E-017
          83           2  0.000000000000000E+000 -1.190476190475471E-018
          84           1  0.000000000000000E+000 -2.380952380952251E-017
          84           2  0.000000000000000E+000 -1.190476190476490E-018
          85           1  0.000000000000000E+000 -2.380952380952297E-017
          85           2  0.000000000000000E+000 -1.190476190476458E-018
          86           1  0.000000000000000E+000 -2.380952380952156E-017
          86           2  0.000000000000000E+000 -1.190476190476546E-018
          87           1  0.000000000000000E+000 -2.380952380952064E-017
          87           2  0.000000000000000E+000 -1.190476190476066E-018
          88           1  0.000000000000000E+000 -2.380952380950717E-017
          88           2  0.000000000000000E+000 -1.190476190466448E-018
          89           1  0.000000000000000E+000 -2.380952380950951E-017
          89           2  0.000000000000000E+000 -1.190476190470687E-018
          90           1  0.000000000000000E+000 -2.380952380951161E-017
          90           2  0.000000000000000E+000 -1.190476190470266E-018
          91           1  0.000000000000000E+000 -2.380952380952037E-017
          91           2  0.000000000000000E+000 -1.190476190474783E-018
          92           1  0.000000000000000E+000 -2.380952380951777E-017
          92           2  0.000000000000000E+000 -1.190476190471636E-018
          93           1  0.000000000000000E+000 -2.380952380952249E-017
          93           2  0.000000000000000E+000 -1.190476190473842E-018
          94           1  0.000000000000000E+000 -2.380952380952193E-017
          94           2  0.000000000000000E+000 -1.190476190475547E-018
          95           1  0.000000000000000E+000 -2.380952380952129E-017
          95           2  0.000000000000000E+000 -1.190476190475920E-018
          96           1  0.000000000000000E+000 -2.380952380952027E-017
          96           2  0.000000000000000E+000 -1.190476190474393E-018
          97           1  0.000000000000000E+000 -2.380952380952176E-017
          97           2  0.000000000000000E+000 -1.190476190475136E-018
          98           1  0.000000000000000E+000 -2.380952380952198E-017
          98           2  0.000000000000000E+000 -1.190476190474135E-018
          99           1  0.000000000000000E+000 -2.380952380952165E-017
          99           2  0.000000000000000E+000 -1.190476190473804E-018
         100           1  0.000000000000000E+000 -2.380952380952327E-017
         100           2  0.000000000000000E+000 -1.190476190474634E-018
         101           1  0.000000000000000E+000 -2.380952380952231E-017
         101           2  0.000000000000000E+000 -1.190476190476308E-018
         102           1  0.000000000000000E+000 -2.380952380952211E-017
         102           2  0.000000000000000E+000 -1.190476190475455E-018
         103           1  0.000000000000000E+000 -2.380952380952255E-017
         103           2  0.000000000000000E+000 -1.190476190476267E-018
         104           1  0.000000000000000E+000 -2.380952380952312E-017
         104           2  0.000000000000000E+000 -1.190476190476566E-018
         105           1  0.000000000000000E+000 -2.380952380952268E-017
         105           2  0.000000000000000E+000 -1.190476190476294E-018
         106           1  0.000000000000000E+000 -2.380952380952179E-017
         106           2  0.000000000000000E+000 -1.190476190476115E-018
         107           1  0.000000000000000E+000 -2.380952380951154E-017
         107           2  0.000000000000000E+000 -1.190476190471399E-018
         108           1  0.000000000000000E+000 -2.380952380951308E-017
         108           2  0.000000000000000E+000 -1.190476190469348E-018
         109           1  0.000000000000000E+000 -2.380952380951476E-017
         109           2  0.000000000000000E+000 -1.190476190470454E-018
         110           1  0.000000000000000E+000 -2.380952380951293E-017
         110           2  0.000000000000000E+000 -1.190476190470811E-018
         111           1  0.000000000000000E+000 -2.380952380951603E-017
         111           2  0.000000000000000E+000 -1.190476190471676E-018
         112           1  0.000000000000000E+000 -2.380952380952136E-017
         112           2  0.000000000000000E+000 -1.190476190471834E-018
         113           1  0.000000000000000E+000 -2.380952380951880E-017
         113           2  0.000000000000000E+000 -1.190476190473072E-018
         114           1  0.000000000000000E+000 -2.380952380952053E-017
         114           2  0.000000000000000E+000 -1.190476190473424E-018
         115           1  0.000000000000000E+000 -2.380952380951846E-017
         115           2  0.000000000000000E+000 -1.190476190473376E-018
         116           1  0.000000000000000E+000 -2.380952380951898E-017
         116           2  0.000000000000000E+000 -1.190476190473440E-018
         117           1  0.000000000000000E+000 -2.380952380952098E-017
         117           2  0.000000000000000E+000 -1.190476190473677E-018
         118           1  0.000000000000000E+000 -2.380952380951981E-017
         118           2  0.000000000000000E+000 -1.190476190473383E-018
         119           1  0.000000000000000E+000 -2.380952380952097E-017
         119           2  0.000000000000000E+000 -1.190476190474016E-018
         120           1  0.000000000000000E+000 -2.380952380952184E-017
         120           2  0.000000000000000E+000 -1.190476190473676E-018
         121           1  0.000000000000000E+000 -2.380952380952002E-017
         121           2  0.000000000000000E+000 -1.190476190475826E-018
         122           1  0.000000000000000E+000 -2.380952380952119E-017
         122           2  0.000000000000000E+000 -1.190476190476054E-018
         123           1  0.000000000000000E+000 -2.380952380951990E-017
         123           2  0.000000000000000E+000 -1.190476190476636E-018
         124           1  0.000000000000000E+000 -2.380952380951905E-017
         124           2  0.000000000000000E+000 -1.190476190476556E-018
         125           1  0.000000000000000E+000 -2.380952380951643E-017
         125           2  0.000000000000000E+000 -1.190476190472311E-018
         126           1  0.000000000000000E+000 -2.380952380951501E-017
         126           2  0.000000000000000E+000 -1.190476190471448E-018
         127           1  0.000000000000000E+000 -2.380952380951486E-017
         127           2  0.000000000000000E+000 -1.190476190470420E-018
         128           1  0.000000000000000E+000 -2.380952380951772E-017
         128           2  0.000000000000000E+000 -1.190476190472145E-018
         129           1  0.000000000000000E+000 -2.380952380951861E-017
         129           2  0.000000000000000E+000 -1.190476190472225E-018
         130           1  0.000000000000000E+000 -2.380952380951814E-017
         130           2  0.000000000000000E+000 -1.190476190472562E-018
         131           1  0.000000000000000E+000 -2.380952380951919E-017
         131           2  0.000000000000000E+000 -1.190476190473435E-018
         132           1  0.000000000000000E+000 -2.380952380952143E-017
         132           2  0.000000000000000E+000 -1.190476190472146E-018
         133           1  0.000000000000000E+000 -2.380952380952320E-017
         133           2  0.000000000000000E+000 -1.190476190475531E-018
         134           1  0.000000000000000E+000 -2.380952380951604E-017
         134           2  0.000000000000000E+000 -1.190476190471210E-018
         135           1  0.000000000000000E+000 -2.380952380951753E-017
         135           2  0.000000000000000E+000 -1.190476190472805E-018
         136           1  0.000000000000000E+000 -2.380952380952259E-017
         136           2  0.000000000000000E+000 -1.190476190475756E-018
         137           1  0.000000000000000E+000 -2.380952380952272E-017
         137           2  0.000000000000000E+000 -1.190476190475634E-018
         138           1  0.000000000000000E+000 -2.380952380952130E-017
         138           2  0.000000000000000E+000 -1.190476190472610E-018
         139           1  0.000000000000000E+000 -2.380952380952388E-017
         139           2  0.000000000000000E+000 -1.190476190473134E-018
         140           1  0.000000000000000E+000 -2.380952380952254E-017
         140           2  0.000000000000000E+000 -1.190476190474213E-018
         141           1  0.000000000000000E+000 -2.380952380952268E-017
         141           2  0.000000000000000E+000 -1.190476190476591E-018
         142           1  0.000000000000000E+000 -2.380952380952342E-017
         142           2  0.000000000000000E+000 -1.190476190476427E-018
         143           1  0.000000000000000E+000 -2.380952380952077E-017
         143           2  0.000000000000000E+000 -1.190476190475460E-018
         144           1  0.000000000000000E+000 -2.380952380952079E-017
         144           2  0.000000000000000E+000 -1.190476190475176E-018
         145           1  0.000000000000000E+000 -2.380952380951521E-017
         145           2  0.000000000000000E+000 -1.190476190471452E-018
         146           1  0.000000000000000E+000 -2.380952380951410E-017
         146           2  0.000000000000000E+000 -1.190476190470355E-018
         147           1  0.000000000000000E+000 -2.380952380951915E-017
         147           2  0.000000000000000E+000 -1.190476190471474E-018
         148           1  0.000000000000000E+000 -2.380952380952169E-017
         148           2  0.000000000000000E+000 -1.190476190473599E-018
         149           1  0.000000000000000E+000 -2.380952380952311E-017
         149           2  0.000000000000000E+000 -1.190476190473563E-018
         150           1  0.000000000000000E+000 -2.380952380952400E-017
         150           2  0.000000000000000E+000 -1.190476190473686E-018
         151           1  0.000000000000000E+000 -2.380952380952218E-017
         151           2  0.000000000000000E+000 -1.190476190474156E-018
         152           1  0.000000000000000E+000 -2.380952380952390E-017
         152           2  0.000000000000000E+000 -1.190476190475855E-018
         153           1  0.000000000000000E+000 -2.380952380951708E-017
         153           2  0.000000000000000E+000 -1.190476190471615E-018
         154           1  0.000000000000000E+000 -2.380952380952158E-017
         154           2  0.000000000000000E+000 -1.190476190475729E-018
         155           1  0.000000000000000E+000 -2.380952380951663E-017
         155           2  0.000000000000000E+000 -1.190476190472457E-018
         156           1  0.000000000000000E+000 -2.380952380952173E-017
         156           2  0.000000000000000E+000 -1.190476190473230E-018
         157           1  0.000000000000000E+000 -2.380952380952248E-017
         157           2  0.000000000000000E+000 -1.190476190472323E-018
         158           1  0.000000000000000E+000 -2.380952380952653E-017
         158           2  0.000000000000000E+000 -1.190476190472518E-018
         159           1  0.000000000000000E+000 -2.380952380952519E-017
         159           2  0.000000000000000E+000 -1.190476190475469E-018
         160           1  0.000000000000000E+000 -2.380952380952938E-017
         160           2  0.000000000000000E+000 -1.190476190471655E-018
         161           1  0.000000000000000E+000 -2.380952380952553E-017
         161           2  0.000000000000000E+000 -1.190476190476925E-018
         162           1  0.000000000000000E+000 -2.380952380952515E-017
         162           2  0.000000000000000E+000 -1.190476190476848E-018
         163           1  0.000000000000000E+000 -2.380952380952532E-017
         163           2  0.000000000000000E+000 -1.190476190476519E-018
         164           1  0.000000000000000E+000 -2.380952380952753E-017
         164           2  0.000000000000000E+000 -1.190476190476115E-018
         165           1  0.000000000000000E+000 -2.380952380951918E-017
         165           2  0.000000000000000E+000 -1.190476190473644E-018
         166           1  0.000000000000000E+000 -2.380952380951961E-017
         166           2  0.000000000000000E+000 -1.190476190473382E-018
         167           1  0.000000000000000E+000 -2.380952380952292E-017
         167           2  0.000000000000000E+000 -1.190476190474789E-018
         168           1  0.000000000000000E+000 -2.380952380952624E-017
         168           2  0.000000000000000E+000 -1.190476190475602E-018
         169           1  0.000000000000000E+000 -2.380952380952748E-017
         169           2  0.000000000000000E+000 -1.190476190475837E-018
         170           1  0.000000000000000E+000 -2.380952380952775E-017
         170           2  0.000000000000000E+000 -1.190476190475881E-018
         171           1  0.000000000000000E+000 -2.380952380952545E-017
         171           2  0.000000000000000E+000 -1.190476190475558E-018
         172           1  0.000000000000000E+000 -2.380952380952144E-017
         172           2  0.000000000000000E+000 -1.190476190474012E-018
         173           1  0.000000000000000E+000 -2.380952380951578E-017
         173           2  0.000000000000000E+000 -1.190476190472403E-018
         174           1  0.000000000000000E+000 -2.380952380951600E-017
         174           2  0.000000000000000E+000 -1.190476190472758E-018
         175           1  0.000000000000000E+000 -2.380952380951829E-017
         175           2  0.000000000000000E+000 -1.190476190472451E-018
         176           1  0.000000000000000E+000 -2.380952380951873E-017
         176           2  0.000000000000000E+000 -1.190476190471731E-018
         177           1  0.000000000000000E+000 -2.380952380952292E-017
         177           2  0.000000000000000E+000 -1.190476190473163E-018
         178           1  0.000000000000000E+000 -2.380952380952344E-017
         178           2  0.000000000000000E+000 -1.190476190474927E-018
         179           1  0.000000000000000E+000 -2.380952380952423E-017
         179           2  0.000000000000000E+000 -1.190476190471767E-018
         180           1  0.000000000000000E+000 -2.380952380952419E-017
         180           2  0.000000000000000E+000 -1.190476190474895E-018
         181           1  0.000000000000000E+000 -2.380952380952394E-017
         181           2  0.000000000000000E+000 -1.190476190476058E-018
         182           1  0.000000000000000E+000 -2.380952380952490E-017
         182           2  0.000000000000000E+000 -1.190476190476313E-018
         183           1  0.000000000000000E+000 -2.380952380952516E-017
         183           2  0.000000000000000E+000 -1.190476190476478E-018
         184           1  0.000000000000000E+000 -2.380952380952684E-017
         184           2  0.000000000000000E+000 -1.190476190476863E-018
         185           1  0.000000000000000E+000 -2.380952380952239E-017
         185           2  0.000000000000000E+000 -1.190476190476364E-018
         186           1  0.000000000000000E+000 -2.380952380951963E-017
         186           2  0.000000000000000E+000 -1.190476190474511E-018
         187           1  0.000000000000000E+000 -2.380952380952209E-017
         187           2  0.000000000000000E+000 -1.190476190475171E-018
         188           1  0.000000000000000E+000 -2.380952380952490E-017
         188           2  0.000000000000000E+000 -1.190476190475537E-018
         189           1  0.000000000000000E+000 -2.380952380952539E-017
         189           2  0.000000000000000E+000 -1.190476190475706E-018
         190           1  0.000000000000000E+000 -2.380952380952444E-017
         190           2  0.000000000000000E+000 -1.190476190476347E-018
         191           1  0.000000000000000E+000 -2.380952380952337E-017
         191           2  0.000000000000000E+000 -1.190476190476149E-018
         192           1  0.000000000000000E+000 -2.380952380952187E-017
         192           2  0.000000000000000E+000 -1.190476190475798E-018
         193           1  0.000000000000000E+000 -2.380952380951468E-017
         193           2  0.000000000000000E+000 -1.190476190473920E-018
         194           1  0.000000000000000E+000 -2.380952380951814E-017
         194           2  0.000000000000000E+000 -1.190476190473858E-018
         195           1  0.000000000000000E+000 -2.380952380951881E-017
         195           2  0.000000000000000E+000 -1.190476190472510E-018
         196           1  0.000000000000000E+000 -2.380952380951859E-017
         196           2  0.000000000000000E+000 -1.190476190471920E-018
         197           1  0.000000000000000E+000 -2.380952380951963E-017
         197           2  0.000000000000000E+000 -1.190476190471492E-018
         198           1  0.000000000000000E+000 -2.380952380952603E-017
         198           2  0.000000000000000E+000 -1.190476190473855E-018
         199           1  0.000000000000000E+000 -2.380952380952711E-017
         199           2  0.000000000000000E+000 -1.190476190474044E-018
         200           1  0.000000000000000E+000 -2.380952380952265E-017
         200           2  0.000000000000000E+000 -1.190476190470494E-018
         201           1  0.000000000000000E+000 -2.380952380952318E-017
         201           2  0.000000000000000E+000 -1.190476190475752E-018
         202           1  0.000000000000000E+000 -2.380952380952254E-017
         202           2  0.000000000000000E+000 -1.190476190475905E-018
         203           1  0.000000000000000E+000 -2.380952380952405E-017
         203           2  0.000000000000000E+000 -1.190476190476873E-018
         204           1  0.000000000000000E+000 -2.380952380952199E-017
         204           2  0.000000000000000E+000 -1.190476190476325E-018
         205           1  0.000000000000000E+000 -2.380952380952345E-017
         205           2  0.000000000000000E+000 -1.190476190476153E-018
         206           1  0.000000000000000E+000 -2.380952380952270E-017
         206           2  0.000000000000000E+000 -1.190476190476140E-018
         207           1  0.000000000000000E+000 -2.380952380951921E-017
         207           2  0.000000000000000E+000 -1.190476190472899E-018
         208           1  0.000000000000000E+000 -2.380952380951909E-017
         208           2  0.000000000000000E+000 -1.190476190474010E-018
         209           1  0.000000000000000E+000 -2.380952380952155E-017
         209           2  0.000000000000000E+000 -1.190476190474171E-018
         210           1  0.000000000000000E+000 -2.380952380952150E-017
         210           2  0.000000000000000E+000 -1.190476190475747E-018
         211           1  0.000000000000000E+000 -2.380952380951871E-017
         211           2  0.000000000000000E+000 -1.190476190475555E-018
         212           1  0.000000000000000E+000 -2.380952380951658E-017
         212           2  0.000000000000000E+000 -1.190476190475234E-018
         213           1  0.000000000000000E+000 -2.380952380951513E-017
         213           2  0.000000000000000E+000 -1.190476190474615E-018
         214           1  0.000000000000000E+000 -2.380952380951573E-017
         214           2  0.000000000000000E+000 -1.190476190473334E-018
         215           1  0.000000000000000E+000 -2.380952380952131E-017
         215           2  0.000000000000000E+000 -1.190476190475028E-018
         216           1  0.000000000000000E+000 -2.380952380952098E-017
         216           2  0.000000000000000E+000 -1.190476190474405E-018
         217           1  0.000000000000000E+000 -2.380952380951542E-017
         217           2  0.000000000000000E+000 -1.190476190470024E-018
         218           1  0.000000000000000E+000 -2.380952380951782E-017
         218           2  0.000000000000000E+000 -1.190476190471941E-018
         219           1  0.000000000000000E+000 -2.380952380952062E-017
         219           2  0.000000000000000E+000 -1.190476190474707E-018
         220           1  0.000000000000000E+000 -2.380952380952545E-017
         220           2  0.000000000000000E+000 -1.190476190474260E-018
         221           1  0.000000000000000E+000 -2.380952380951982E-017
         221           2  0.000000000000000E+000 -1.190476190475896E-018
         222           1  0.000000000000000E+000 -2.380952380951802E-017
         222           2  0.000000000000000E+000 -1.190476190476579E-018
         223           1  0.000000000000000E+000 -2.380952380951678E-017
         223           2  0.000000000000000E+000 -1.190476190474893E-018
         224           1  0.000000000000000E+000 -2.380952380952239E-017
         224           2  0.000000000000000E+000 -1.190476190476405E-018
         225           1  0.000000000000000E+000 -2.380952380951607E-017
         225           2  0.000000000000000E+000 -1.190476190473918E-018
         226           1  0.000000000000000E+000 -2.380952380951531E-017
         226           2  0.000000000000000E+000 -1.190476190472724E-018
         227           1  0.000000000000000E+000 -2.380952380951767E-017
         227           2  0.000000000000000E+000 -1.190476190471678E-018
         228           1  0.000000000000000E+000 -2.380952380952074E-017
         228           2  0.000000000000000E+000 -1.190476190473423E-018
         229           1  0.000000000000000E+000 -2.380952380952241E-017
         229           2  0.000000000000000E+000 -1.190476190474095E-018
         230           1  0.000000000000000E+000 -2.380952380952033E-017
         230           2  0.000000000000000E+000 -1.190476190474972E-018
         231           1  0.000000000000000E+000 -2.380952380951752E-017
         231           2  0.000000000000000E+000 -1.190476190474991E-018
         232           1  0.000000000000000E+000 -2.380952380951703E-017
         232           2  0.000000000000000E+000 -1.190476190475208E-018
         233           1  0.000000000000000E+000 -2.380952380951759E-017
         233           2  0.000000000000000E+000 -1.190476190474850E-018
         234           1  0.000000000000000E+000 -2.380952380951736E-017
         234           2  0.000000000000000E+000 -1.190476190473629E-018
         235           1  0.000000000000000E+000 -2.380952380951489E-017
         235           2  0.000000000000000E+000 -1.190476190472789E-018
         236           1  0.000000000000000E+000 -2.380952380951765E-017
         236           2  0.000000000000000E+000 -1.190476190471679E-018
         237           1  0.000000000000000E+000 -2.380952380951255E-017
         237           2  0.000000000000000E+000 -1.190476190470123E-018
         238           1  0.000000000000000E+000 -2.380952380952277E-017
         238           2  0.000000000000000E+000 -1.190476190475828E-018
         239           1  0.000000000000000E+000 -2.380952380951716E-017
         239           2  0.000000000000000E+000 -1.190476190474720E-018
         240           1  0.000000000000000E+000 -2.380952380951528E-017
         240           2  0.000000000000000E+000 -1.190476190474462E-018
         241           1  0.000000000000000E+000 -2.380952380951216E-017
         241           2  0.000000000000000E+000 -1.190476190474486E-018
         242           1  0.000000000000000E+000 -2.380952380951324E-017
         242           2  0.000000000000000E+000 -1.190476190474293E-018
         243           1  0.000000000000000E+000 -2.380952380951369E-017
         243           2  0.000000000000000E+000 -1.190476190474182E-018
         244           1  0.000000000000000E+000 -2.380952380952113E-017
         244           2  0.000000000000000E+000 -1.190476190475779E-018
         245           1  0.000000000000000E+000 -2.380952380951562E-017
         245           2  0.000000000000000E+000 -1.190476190472175E-018
         246           1  0.000000000000000E+000 -2.380952380951536E-017
         246           2  0.000000000000000E+000 -1.190476190471693E-018
         247           1  0.000000000000000E+000 -2.380952380951854E-017
         247           2  0.000000000000000E+000 -1.190476190473329E-018
         248           1  0.000000000000000E+000 -2.380952380952241E-017
         248           2  0.000000000000000E+000 -1.190476190474018E-018
         249           1  0.000000000000000E+000 -2.380952380952334E-017
         249           2  0.000000000000000E+000 -1.190476190473746E-018
         250           1  0.000000000000000E+000 -2.380952380952114E-017
         250           2  0.000000000000000E+000 -1.190476190474648E-018
         251           1  0.000000000000000E+000 -2.380952380951889E-017
         251           2  0.000000000000000E+000 -1.190476190473715E-018
         252           1  0.000000000000000E+000 -2.380952380951559E-017
         252           2  0.000000000000000E+000 -1.190476190473049E-018
         253           1  0.000000000000000E+000 -2.380952380951771E-017
         253           2  0.000000000000000E+000 -1.190476190472978E-018
         254           1  0.000000000000000E+000 -2.380952380951507E-017
         254           2  0.000000000000000E+000 -1.190476190471107E-018
         255           1  0.000000000000000E+000 -2.380952380951701E-017
         255           2  0.000000000000000E+000 -1.190476190472688E-018
         256           1  0.000000000000000E+000 -2.380952380951530E-017
         256           2  0.000000000000000E+000 -1.190476190471832E-018
         257           1  0.000000000000000E+000 -2.380952380951358E-017
         257           2  0.000000000000000E+000 -1.190476190472343E-018
         258           1  0.000000000000000E+000 -2.380952380952031E-017
         258           2  0.000000000000000E+000 -1.190476190477758E-018
         259           1  0.000000000000000E+000 -2.380952380951901E-017
         259           2  0.000000000000000E+000 -1.190476190473136E-018
         260           1  0.000000000000000E+000 -2.380952380951296E-017
         260           2  0.000000000000000E+000 -1.190476190471160E-018
         261           1  0.000000000000000E+000 -2.380952380951705E-017
         261           2  0.000000000000000E+000 -1.190476190475339E-018
         262           1  0.000000000000000E+000 -2.380952380951470E-017
         262           2  0.000000000000000E+000 -1.190476190474145E-018
         263           1  0.000000000000000E+000 -2.380952380951485E-017
         263           2  0.000000000000000E+000 -1.190476190475231E-018
         264           1  0.000000000000000E+000 -2.380952380951574E-017
         264           2  0.000000000000000E+000 -1.190476190474595E-018
         265           1  0.000000000000000E+000 -2.380952380951280E-017
         265           2  0.000000000000000E+000 -1.190476190472552E-018
         266           1  0.000000000000000E+000 -2.380952380951688E-017
         266           2  0.000000000000000E+000 -1.190476190472399E-018
         267           1  0.000000000000000E+000 -2.380952380951972E-017
         267           2  0.000000000000000E+000 -1.190476190473123E-018
         268           1  0.000000000000000E+000 -2.380952380952317E-017
         268           2  0.000000000000000E+000 -1.190476190473416E-018
         269           1  0.000000000000000E+000 -2.380952380952356E-017
         269           2  0.000000000000000E+000 -1.190476190473793E-018
         270           1  0.000000000000000E+000 -2.380952380951981E-017
         270           2  0.000000000000000E+000 -1.190476190473699E-018
         271           1  0.000000000000000E+000 -2.380952380951901E-017
         271           2  0.000000000000000E+000 -1.190476190472162E-018
         272           1  0.000000000000000E+000 -2.380952380951754E-017
         272           2  0.000000000000000E+000 -1.190476190471290E-018
         273           1  0.000000000000000E+000 -2.380952380951753E-017
         273           2  0.000000000000000E+000 -1.190476190471100E-018
         274           1  0.000000000000000E+000 -2.380952380951753E-017
         274           2  0.000000000000000E+000 -1.190476190472689E-018
         275           1  0.000000000000000E+000 -2.380952380951433E-017
         275           2  0.000000000000000E+000 -1.190476190472792E-018
         276           1  0.000000000000000E+000 -2.380952380951560E-017
         276           2  0.000000000000000E+000 -1.190476190472833E-018
         277           1  0.000000000000000E+000 -2.380952380951632E-017
         277           2  0.000000000000000E+000 -1.190476190475450E-018
         278           1  0.000000000000000E+000 -2.380952380952021E-017
         278           2  0.000000000000000E+000 -1.190476190476446E-018
         279           1  0.000000000000000E+000 -2.380952380951588E-017
         279           2  0.000000000000000E+000 -1.190476190472481E-018
         280           1  0.000000000000000E+000 -2.380952380951297E-017
         280           2  0.000000000000000E+000 -1.190476190473784E-018
         281           1  0.000000000000000E+000 -2.380952380951919E-017
         281           2  0.000000000000000E+000 -1.190476190475474E-018
         282           1  0.000000000000000E+000 -2.380952380951667E-017
         282           2  0.000000000000000E+000 -1.190476190474787E-018
         283           1  0.000000000000000E+000 -2.380952380951720E-017
         283           2  0.000000000000000E+000 -1.190476190475458E-018
         284           1  0.000000000000000E+000 -2.380952380951729E-017
         284           2  0.000000000000000E+000 -1.190476190474873E-018
         285           1  0.000000000000000E+000 -2.380952380951568E-017
         285           2  0.000000000000000E+000 -1.190476190473019E-018
         286           1  0.000000000000000E+000 -2.380952380951639E-017
         286           2  0.000000000000000E+000 -1.190476190472116E-018
         287           1  0.000000000000000E+000 -2.380952380951977E-017
         287           2  0.000000000000000E+000 -1.190476190472419E-018
         288           1  0.000000000000000E+000 -2.380952380952137E-017
         288           2  0.000000000000000E+000 -1.190476190472786E-018
         289           1  0.000000000000000E+000 -2.380952380952312E-017
         289           2  0.000000000000000E+000 -1.190476190474083E-018
         290           1  0.000000000000000E+000 -2.380952380952251E-017
         290           2  0.000000000000000E+000 -1.190476190473832E-018
         291           1  0.000000000000000E+000 -2.380952380951799E-017
         291           2  0.000000000000000E+000 -1.190476190471967E-018
         292           1  0.000000000000000E+000 -2.380952380951808E-017
         292           2  0.000000000000000E+000 -1.190476190472020E-018
         293           1  0.000000000000000E+000 -2.380952380951887E-017
         293           2  0.000000000000000E+000 -1.190476190470818E-018
         294           1  0.000000000000000E+000 -2.380952380951411E-017
         294           2  0.000000000000000E+000 -1.190476190471515E-018
         295           1  0.000000000000000E+000 -2.380952380951302E-017
         295           2  0.000000000000000E+000 -1.190476190472891E-018
         296           1  0.000000000000000E+000 -2.380952380951380E-017
         296           2  0.000000000000000E+000 -1.190476190473667E-018
         297           1  0.000000000000000E+000 -2.380952380951553E-017
         297           2  0.000000000000000E+000 -1.190476190476067E-018
         298           1  0.000000000000000E+000 -2.380952380951869E-017
         298           2  0.000000000000000E+000 -1.190476190476481E-018
         299           1  0.000000000000000E+000 -2.380952380951408E-017
         299           2  0.000000000000000E+000 -1.190476190473883E-018
         300           1  0.000000000000000E+000 -2.380952380951354E-017
         300           2  0.000000000000000E+000 -1.190476190473418E-018
         301           1  0.000000000000000E+000 -2.380952380953116E-017
         301           2  0.000000000000000E+000 -1.190476190477105E-018
         302           1  0.000000000000000E+000 -2.380952380952413E-017
         302           2  0.000000000000000E+000 -1.190476190475612E-018
         303           1  0.000000000000000E+000 -2.380952380951891E-017
         303           2  0.000000000000000E+000 -1.190476190476557E-018
         304           1  0.000000000000000E+000 -2.380952380951964E-017
         304           2  0.000000000000000E+000 -1.190476190475682E-018
         305           1  0.000000000000000E+000 -2.380952380951766E-017
         305           2  0.000000000000000E+000 -1.190476190474363E-018
         306           1  0.000000000000000E+000 -2.380952380951594E-017
         306           2  0.000000000000000E+000 -1.190476190472407E-018
         307           1  0.000000000000000E+000 -2.380952380951669E-017
         307           2  0.000000000000000E+000 -1.190476190472975E-018
         308           1  0.000000000000000E+000 -2.380952380951868E-017
         308           2  0.000000000000000E+000 -1.190476190473440E-018
         309           1  0.000000000000000E+000 -2.380952380952248E-017
         309           2  0.000000000000000E+000 -1.190476190474100E-018
         310           1  0.000000000000000E+000 -2.380952380952256E-017
         310           2  0.000000000000000E+000 -1.190476190474688E-018
         311           1  0.000000000000000E+000 -2.380952380952094E-017
         311           2  0.000000000000000E+000 -1.190476190473904E-018
         312           1  0.000000000000000E+000 -2.380952380951603E-017
         312           2  0.000000000000000E+000 -1.190476190471880E-018
         313           1  0.000000000000000E+000 -2.380952380951168E-017
         313           2  0.000000000000000E+000 -1.190476190471308E-018
         314           1  0.000000000000000E+000 -2.380952380951177E-017
         314           2  0.000000000000000E+000 -1.190476190473239E-018
         315           1  0.000000000000000E+000 -2.380952380951300E-017
         315           2  0.000000000000000E+000 -1.190476190473450E-018
         316           1  0.000000000000000E+000 -2.380952380951362E-017
         316           2  0.000000000000000E+000 -1.190476190474443E-018
         317           1  0.000000000000000E+000 -2.380952380951637E-017
         317           2  0.000000000000000E+000 -1.190476190477324E-018
         318           1  0.000000000000000E+000 -2.380952380951697E-017
         318           2  0.000000000000000E+000 -1.190476190476786E-018
         319           1  0.000000000000000E+000 -2.380952380952001E-017
         319           2  0.000000000000000E+000 -1.190476190476791E-018
         320           1  0.000000000000000E+000 -2.380952380951786E-017
         320           2  0.000000000000000E+000 -1.190476190476204E-018
         321           1  0.000000000000000E+000 -2.380952380952338E-017
         321           2  0.000000000000000E+000 -1.190476190475994E-018
         322           1  0.000000000000000E+000 -2.380952380951721E-017
         322           2  0.000000000000000E+000 -1.190476190474948E-018
         323           1  0.000000000000000E+000 -2.380952380951889E-017
         323           2  0.000000000000000E+000 -1.190476190475516E-018
         324           1  0.000000000000000E+000 -2.380952380951870E-017
         324           2  0.000000000000000E+000 -1.190476190476499E-018
         325           1  0.000000000000000E+000 -2.380952380951603E-017
         325           2  0.000000000000000E+000 -1.190476190475261E-018
         326           1  0.000000000000000E+000 -2.380952380951441E-017
         326           2  0.000000000000000E+000 -1.190476190472998E-018
         327           1  0.000000000000000E+000 -2.380952380952340E-017
         327           2  0.000000000000000E+000 -1.190476190475406E-018
         328           1  0.000000000000000E+000 -2.380952380951525E-017
         328           2  0.000000000000000E+000 -1.190476190472498E-018
         329           1  0.000000000000000E+000 -2.380952380952090E-017
         329           2  0.000000000000000E+000 -1.190476190473133E-018
         330           1  0.000000000000000E+000 -2.380952380952536E-017
         330           2  0.000000000000000E+000 -1.190476190475557E-018
         331           1  0.000000000000000E+000 -2.380952380952334E-017
         331           2  0.000000000000000E+000 -1.190476190475882E-018
         332           1  0.000000000000000E+000 -2.380952380951685E-017
         332           2  0.000000000000000E+000 -1.190476190474462E-018
         333           1  0.000000000000000E+000 -2.380952380951091E-017
         333           2  0.000000000000000E+000 -1.190476190472496E-018
         334           1  0.000000000000000E+000 -2.380952380952110E-017
         334           2  0.000000000000000E+000 -1.190476190475710E-018
         335           1  0.000000000000000E+000 -2.380952380951377E-017
         335           2  0.000000000000000E+000 -1.190476190473931E-018
         336           1  0.000000000000000E+000 -2.380952380951502E-017
         336           2  0.000000000000000E+000 -1.190476190473999E-018
         337           1  0.000000000000000E+000 -2.380952380951575E-017
         337           2  0.000000000000000E+000 -1.190476190476284E-018
         338           1  0.000000000000000E+000 -2.380952380951729E-017
         338           2  0.000000000000000E+000 -1.190476190476458E-018
         339           1  0.000000000000000E+000 -2.380952380951989E-017
         339           2  0.000000000000000E+000 -1.190476190477428E-018
         340           1  0.000000000000000E+000 -2.380952380952072E-017
         340           2  0.000000000000000E+000 -1.190476190474957E-018
         341           1  0.000000000000000E+000 -2.380952380951431E-017
         341           2  0.000000000000000E+000 -1.190476190474716E-018
         342           1  0.000000000000000E+000 -2.380952380951840E-017
         342           2  0.000000000000000E+000 -1.190476190474883E-018
         343           1  0.000000000000000E+000 -2.380952380951829E-017
         343           2  0.000000000000000E+000 -1.190476190475896E-018
         344           1  0.000000000000000E+000 -2.380952380951932E-017
         344           2  0.000000000000000E+000 -1.190476190475280E-018
         345           1  0.000000000000000E+000 -2.380952380951968E-017
         345           2  0.000000000000000E+000 -1.190476190474623E-018
         346           1  0.000000000000000E+000 -2.380952380951676E-017
         346           2  0.000000000000000E+000 -1.190476190475115E-018
         347           1  0.000000000000000E+000 -2.380952380952282E-017
         347           2  0.000000000000000E+000 -1.190476190476769E-018
         348           1  0.000000000000000E+000 -2.380952380951416E-017
         348           2  0.000000000000000E+000 -1.190476190473797E-018
         349           1  0.000000000000000E+000 -2.380952380953214E-017
         349           2  0.000000000000000E+000 -1.190476190476846E-018
         350           1  0.000000000000000E+000 -2.380952380952916E-017
         350           2  0.000000000000000E+000 -1.190476190478394E-018
         351           1  0.000000000000000E+000 -2.380952380952511E-017
         351           2  0.000000000000000E+000 -1.190476190478185E-018
         352           1  0.000000000000000E+000 -2.380952380951726E-017
         352           2  0.000000000000000E+000 -1.190476190475758E-018
         353           1  0.000000000000000E+000 -2.380952380951041E-017
         353           2  0.000000000000000E+000 -1.190476190472554E-018
         354           1  0.000000000000000E+000 -2.380952380950915E-017
         354           2  0.000000000000000E+000 -1.190476190472508E-018
         355           1  0.000000000000000E+000 -2.380952380951403E-017
         355           2  0.000000000000000E+000 -1.190476190473905E-018
         356           1  0.000000000000000E+000 -2.380952380951579E-017
         356           2  0.000000000000000E+000 -1.190476190473754E-018
         357           1  0.000000000000000E+000 -2.380952380951552E-017
         357           2  0.000000000000000E+000 -1.190476190473943E-018
         358           1  0.000000000000000E+000 -2.380952380951813E-017
         358           2  0.000000000000000E+000 -1.190476190475451E-018
         359           1  0.000000000000000E+000 -2.380952380951811E-017
         359           2  0.000000000000000E+000 -1.190476190474088E-018
         360           1  0.000000000000000E+000 -2.380952380951848E-017
         360           2  0.000000000000000E+000 -1.190476190473428E-018
         361           1  0.000000000000000E+000 -2.380952380952000E-017
         361           2  0.000000000000000E+000 -1.190476190475679E-018
         362           1  0.000000000000000E+000 -2.380952380952214E-017
         362           2  0.000000000000000E+000 -1.190476190475716E-018
         363           1  0.000000000000000E+000 -2.380952380952140E-017
         363           2  0.000000000000000E+000 -1.190476190475644E-018
         364           1  0.000000000000000E+000 -2.380952380952302E-017
         364           2  0.000000000000000E+000 -1.190476190475283E-018
         365           1  0.000000000000000E+000 -2.380952380952096E-017
         365           2  0.000000000000000E+000 -1.190476190474500E-018
         366           1  0.000000000000000E+000 -2.380952380952119E-017
         366           2  0.000000000000000E+000 -1.190476190475561E-018
         367           1  0.000000000000000E+000 -2.380952380952550E-017
         367           2  0.000000000000000E+000 -1.190476190477894E-018
         368           1  0.000000000000000E+000 -2.380952380952297E-017
         368           2  0.000000000000000E+000 -1.190476190476262E-018
         369           1  0.000000000000000E+000 -2.380952380953444E-017
         369           2  0.000000000000000E+000 -1.190476190479550E-018
         370           1  0.000000000000000E+000 -2.380952380952908E-017
         370           2  0.000000000000000E+000 -1.190476190477367E-018
         371           1  0.000000000000000E+000 -2.380952380952628E-017
         371           2  0.000000000000000E+000 -1.190476190475597E-018
         372           1  0.000000000000000E+000 -2.380952380952135E-017
         372           2  0.000000000000000E+000 -1.190476190476483E-018
         373           1  0.000000000000000E+000 -2.380952380951349E-017
         373           2  0.000000000000000E+000 -1.190476190473145E-018
         374           1  0.000000000000000E+000 -2.380952380951159E-017
         374           2  0.000000000000000E+000 -1.190476190471827E-018
         375           1  0.000000000000000E+000 -2.380952380951185E-017
         375           2  0.000000000000000E+000 -1.190476190471629E-018
         376           1  0.000000000000000E+000 -2.380952380951435E-017
         376           2  0.000000000000000E+000 -1.190476190472595E-018
         377           1  0.000000000000000E+000 -2.380952380951461E-017
         377           2  0.000000000000000E+000 -1.190476190472982E-018
         378           1  0.000000000000000E+000 -2.380952380951657E-017
         378           2  0.000000000000000E+000 -1.190476190474295E-018
         379           1  0.000000000000000E+000 -2.380952380951483E-017
         379           2  0.000000000000000E+000 -1.190476190473585E-018
         380           1  0.000000000000000E+000 -2.380952380951405E-017
         380           2  0.000000000000000E+000 -1.190476190473716E-018
         381           1  0.000000000000000E+000 -2.380952380951688E-017
         381           2  0.000000000000000E+000 -1.190476190474534E-018
         382           1  0.000000000000000E+000 -2.380952380951775E-017
         382           2  0.000000000000000E+000 -1.190476190474740E-018
         383           1  0.000000000000000E+000 -2.380952380952203E-017
         383           2  0.000000000000000E+000 -1.190476190476363E-018
         384           1  0.000000000000000E+000 -2.380952380952015E-017
         384           2  0.000000000000000E+000 -1.190476190475757E-018
         385           1  0.000000000000000E+000 -2.380952380952659E-017
         385           2  0.000000000000000E+000 -1.190476190475884E-018
         386           1  0.000000000000000E+000 -2.380952380952081E-017
         386           2  0.000000000000000E+000 -1.190476190475015E-018
         387           1  0.000000000000000E+000 -2.380952380953006E-017
         387           2  0.000000000000000E+000 -1.190476190479260E-018
         388           1  0.000000000000000E+000 -2.380952380952593E-017
         388           2  0.000000000000000E+000 -1.190476190476958E-018
         389           1  0.000000000000000E+000 -2.380952380952953E-017
         389           2  0.000000000000000E+000 -1.190476190477038E-018
         390           1  0.000000000000000E+000 -2.380952380952508E-017
         390           2  0.000000000000000E+000 -1.190476190476329E-018
         391           1  0.000000000000000E+000 -2.380952380952632E-017
         391           2  0.000000000000000E+000 -1.190476190475517E-018
         392           1  0.000000000000000E+000 -2.380952380951998E-017
         392           2  0.000000000000000E+000 -1.190476190474373E-018
         393           1  0.000000000000000E+000 -2.380952380951324E-017
         393           2  0.000000000000000E+000 -1.190476190469020E-018
         394           1  0.000000000000000E+000 -2.380952380950857E-017
         394           2  0.000000000000000E+000 -1.190476190468364E-018
         395           1  0.000000000000000E+000 -2.380952380950657E-017
         395           2  0.000000000000000E+000 -1.190476190467922E-018
         396           1  0.000000000000000E+000 -2.380952380951699E-017
         396           2  0.000000000000000E+000 -1.190476190471655E-018
         397           1  0.000000000000000E+000 -2.380952380951182E-017
         397           2  0.000000000000000E+000 -1.190476190472302E-018
         398           1  0.000000000000000E+000 -2.380952380951498E-017
         398           2  0.000000000000000E+000 -1.190476190473148E-018
         399           1  0.000000000000000E+000 -2.380952380951160E-017
         399           2  0.000000000000000E+000 -1.190476190473422E-018
         400           1  0.000000000000000E+000 -2.380952380951012E-017
         400           2  0.000000000000000E+000 -1.190476190472881E-018
