           1           1  0.000000000000000E+000 -1.274509803921389E-017
           1           2  0.000000000000000E+000 -1.225490196078279E-017
           2           1  0.000000000000000E+000 -1.274509803921409E-017
           2           2  0.000000000000000E+000 -1.225490196078286E-017
           3           1  0.000000000000000E+000 -1.274509803921407E-017
           3           2  0.000000000000000E+000 -1.225490196078293E-017
           4           1  0.000000000000000E+000 -1.274509803921488E-017
           4           2  0.000000000000000E+000 -1.225490196078355E-017
           5           1  0.000000000000000E+000 -1.274509803921488E-017
           5           2  0.000000000000000E+000 -1.225490196078376E-017
           6           1  0.000000000000000E+000 -1.274509803921643E-017
           6           2  0.000000000000000E+000 -1.225490196078486E-017
           7           1  0.000000000000000E+000 -1.274509803921720E-017
           7           2  0.000000000000000E+000 -1.225490196078570E-017
           8           1  0.000000000000000E+000 -1.274509803921649E-017
           8           2  0.000000000000000E+000 -1.225490196078509E-017
           9           1  0.000000000000000E+000 -1.274509803921698E-017
           9           2  0.000000000000000E+000 -1.225490196078556E-017
          10           1  0.000000000000000E+000 -1.274509803921897E-017
          10           2  0.000000000000000E+000 -1.225490196078692E-017
          11           1  0.000000000000000E+000 -1.274509803921387E-017
          11           2  0.000000000000000E+000 -1.225490196078341E-017
          12           1  0.000000000000000E+000 -1.274509803921423E-017
          12           2  0.000000000000000E+000 -1.225490196078321E-017
          13           1  0.000000000000000E+000 -1.274509803921403E-017
          13           2  0.000000000000000E+000 -1.225490196078296E-017
          14           1  0.000000000000000E+000 -1.274509803921519E-017
          14           2  0.000000000000000E+000 -1.225490196078406E-017
          15           1  0.000000000000000E+000 -1.274509803921594E-017
          15           2  0.000000000000000E+000 -1.225490196078456E-017
          16           1  0.000000000000000E+000 -1.274509803921588E-017
          16           2  0.000000000000000E+000 -1.225490196078450E-017
          17           1  0.000000000000000E+000 -1.274509803921688E-017
          17           2  0.000000000000000E+000 -1.225490196078488E-017
          18           1  0.000000000000000E+000 -1.274509803921652E-017
          18           2  0.000000000000000E+000 -1.225490196078523E-017
          19           1  0.000000000000000E+000 -1.274509803921684E-017
          19           2  0.000000000000000E+000 -1.225490196078508E-017
          20           1  0.000000000000000E+000 -1.274509803921672E-017
          20           2  0.000000000000000E+000 -1.225490196078529E-017
          21           1  0.000000000000000E+000 -1.274509803921265E-017
          21           2  0.000000000000000E+000 -1.225490196078228E-017
          22           1  0.000000000000000E+000 -1.274509803921419E-017
          22           2  0.000000000000000E+000 -1.225490196078326E-017
          23           1  0.000000000000000E+000 -1.274509803921471E-017
          23           2  0.000000000000000E+000 -1.225490196078330E-017
          24           1  0.000000000000000E+000 -1.274509803921493E-017
          24           2  0.000000000000000E+000 -1.225490196078365E-017
          25           1  0.000000000000000E+000 -1.274509803921577E-017
          25           2  0.000000000000000E+000 -1.225490196078413E-017
          26           1  0.000000000000000E+000 -1.274509803921646E-017
          26           2  0.000000000000000E+000 -1.225490196078473E-017
          27           1  0.000000000000000E+000 -1.274509803921630E-017
          27           2  0.000000000000000E+000 -1.225490196078479E-017
          28           1  0.000000000000000E+000 -1.274509803921599E-017
          28           2  0.000000000000000E+000 -1.225490196078460E-017
          29           1  0.000000000000000E+000 -1.274509803921685E-017
          29           2  0.000000000000000E+000 -1.225490196078549E-017
          30           1  0.000000000000000E+000 -1.274509803921631E-017
          30           2  0.000000000000000E+000 -1.225490196078505E-017
          31           1  0.000000000000000E+000 -1.274509803921562E-017
          31           2  0.000000000000000E+000 -1.225490196078443E-017
          32           1  0.000000000000000E+000 -1.274509803922069E-017
          32           2  0.000000000000000E+000 -1.225490196078729E-017
          33           1  0.000000000000000E+000 -1.274509803921628E-017
          33           2  0.000000000000000E+000 -1.225490196078430E-017
          34           1  0.000000000000000E+000 -1.274509803921264E-017
          34           2  0.000000000000000E+000 -1.225490196078262E-017
          35           1  0.000000000000000E+000 -1.274509803921686E-017
          35           2  0.000000000000000E+000 -1.225490196078512E-017
          36           1  0.000000000000000E+000 -1.274509803921646E-017
          36           2  0.000000000000000E+000 -1.225490196078500E-017
          37           1  0.000000000000000E+000 -1.274509803921553E-017
          37           2  0.000000000000000E+000 -1.225490196078466E-017
          38           1  0.000000000000000E+000 -1.274509803921630E-017
          38           2  0.000000000000000E+000 -1.225490196078454E-017
          39           1  0.000000000000000E+000 -1.274509803921544E-017
          39           2  0.000000000000000E+000 -1.225490196078456E-017
          40           1  0.000000000000000E+000 -1.274509803921616E-017
          40           2  0.000000000000000E+000 -1.225490196078509E-017
          41           1  0.000000000000000E+000 -1.274509803921655E-017
          41           2  0.000000000000000E+000 -1.225490196078482E-017
          42           1  0.000000000000000E+000 -1.274509803921647E-017
          42           2  0.000000000000000E+000 -1.225490196078496E-017
          43           1  0.000000000000000E+000 -1.274509803921683E-017
          43           2  0.000000000000000E+000 -1.225490196078647E-017
          44           1  0.000000000000000E+000 -1.274509803921849E-017
          44           2  0.000000000000000E+000 -1.225490196078749E-017
          45           1  0.000000000000000E+000 -1.274509803922064E-017
          45           2  0.000000000000000E+000 -1.225490196078826E-017
          46           1  0.000000000000000E+000 -1.274509803921619E-017
          46           2  0.000000000000000E+000 -1.225490196078481E-017
          47           1  0.000000000000000E+000 -1.274509803921690E-017
          47           2  0.000000000000000E+000 -1.225490196078491E-017
          48           1  0.000000000000000E+000 -1.274509803921547E-017
          48           2  0.000000000000000E+000 -1.225490196078433E-017
          49           1  0.000000000000000E+000 -1.274509803921507E-017
          49           2  0.000000000000000E+000 -1.225490196078404E-017
          50           1  0.000000000000000E+000 -1.274509803921621E-017
          50           2  0.000000000000000E+000 -1.225490196078492E-017
          51           1  0.000000000000000E+000 -1.274509803921501E-017
          51           2  0.000000000000000E+000 -1.225490196078326E-017
          52           1  0.000000000000000E+000 -1.274509803921584E-017
          52           2  0.000000000000000E+000 -1.225490196078472E-017
          53           1  0.000000000000000E+000 -1.274509803921621E-017
          53           2  0.000000000000000E+000 -1.225490196078455E-017
          54           1  0.000000000000000E+000 -1.274509803921916E-017
          54           2  0.000000000000000E+000 -1.225490196078841E-017
          55           1  0.000000000000000E+000 -1.274509803921603E-017
          55           2  0.000000000000000E+000 -1.225490196078482E-017
          56           1  0.000000000000000E+000 -1.274509803921661E-017
          56           2  0.000000000000000E+000 -1.225490196078504E-017
          57           1  0.000000000000000E+000 -1.274509803921609E-017
          57           2  0.000000000000000E+000 -1.225490196078487E-017
          58           1  0.000000000000000E+000 -1.274509803921619E-017
          58           2  0.000000000000000E+000 -1.225490196078453E-017
          59           1  0.000000000000000E+000 -1.274509803921531E-017
          59           2  0.000000000000000E+000 -1.225490196078421E-017
          60           1  0.000000000000000E+000 -1.274509803921634E-017
          60           2  0.000000000000000E+000 -1.225490196078577E-017
          61           1  0.000000000000000E+000 -1.274509803921479E-017
          61           2  0.000000000000000E+000 -1.225490196078276E-017
          62           1  0.000000000000000E+000 -1.274509803921569E-017
          62           2  0.000000000000000E+000 -1.225490196078427E-017
          63           1  0.000000000000000E+000 -1.274509803921608E-017
          63           2  0.000000000000000E+000 -1.225490196078472E-017
          64           1  0.000000000000000E+000 -1.274509803921784E-017
          64           2  0.000000000000000E+000 -1.225490196078673E-017
          65           1  0.000000000000000E+000 -1.274509803921567E-017
          65           2  0.000000000000000E+000 -1.225490196078454E-017
          66           1  0.000000000000000E+000 -1.274509803921612E-017
          66           2  0.000000000000000E+000 -1.225490196078480E-017
          67           1  0.000000000000000E+000 -1.274509803921631E-017
          67           2  0.000000000000000E+000 -1.225490196078468E-017
          68           1  0.000000000000000E+000 -1.274509803921628E-017
          68           2  0.000000000000000E+000 -1.225490196078443E-017
          69           1  0.000000000000000E+000 -1.274509803921593E-017
          69           2  0.000000000000000E+000 -1.225490196078470E-017
          70           1  0.000000000000000E+000 -1.274509803921630E-017
          70           2  0.000000000000000E+000 -1.225490196078507E-017
          71           1  0.000000000000000E+000 -1.274509803921428E-017
          71           2  0.000000000000000E+000 -1.225490196078343E-017
          72           1  0.000000000000000E+000 -1.274509803921547E-017
          72           2  0.000000000000000E+000 -1.225490196078365E-017
          73           1  0.000000000000000E+000 -1.274509803921909E-017
          73           2  0.000000000000000E+000 -1.225490196078899E-017
          74           1  0.000000000000000E+000 -1.274509803921490E-017
          74           2  0.000000000000000E+000 -1.225490196078399E-017
          75           1  0.000000000000000E+000 -1.274509803921250E-017
          75           2  0.000000000000000E+000 -1.225490196078288E-017
          76           1  0.000000000000000E+000 -1.274509803921271E-017
          76           2  0.000000000000000E+000 -1.225490196078345E-017
          77           1  0.000000000000000E+000 -1.274509803921554E-017
          77           2  0.000000000000000E+000 -1.225490196078433E-017
          78           1  0.000000000000000E+000 -1.274509803921636E-017
          78           2  0.000000000000000E+000 -1.225490196078476E-017
          79           1  0.000000000000000E+000 -1.274509803921670E-017
          79           2  0.000000000000000E+000 -1.225490196078490E-017
          80           1  0.000000000000000E+000 -1.274509803921656E-017
          80           2  0.000000000000000E+000 -1.225490196078498E-017
          81           1  0.000000000000000E+000 -1.274509803921526E-017
          81           2  0.000000000000000E+000 -1.225490196078400E-017
          82           1  0.000000000000000E+000 -1.274509803921552E-017
          82           2  0.000000000000000E+000 -1.225490196078421E-017
          83           1  0.000000000000000E+000 -1.274509803921531E-017
          83           2  0.000000000000000E+000 -1.225490196078384E-017
          84           1  0.000000000000000E+000 -1.274509803921501E-017
          84           2  0.000000000000000E+000 -1.225490196078397E-017
          85           1  0.000000000000000E+000 -1.274509803921539E-017
          85           2  0.000000000000000E+000 -1.225490196078398E-017
          86           1  0.000000000000000E+000 -1.274509803921524E-017
          86           2  0.000000000000000E+000 -1.225490196078408E-017
          87           1  0.000000000000000E+000 -1.274509803921521E-017
          87           2  0.000000000000000E+000 -1.225490196078410E-017
          88           1  0.000000000000000E+000 -1.274509803921678E-017
          88           2  0.000000000000000E+000 -1.225490196078509E-017
          89           1  0.000000000000000E+000 -1.274509803921623E-017
          89           2  0.000000000000000E+000 -1.225490196078456E-017
          90           1  0.000000000000000E+000 -1.274509803921590E-017
          90           2  0.000000000000000E+000 -1.225490196078451E-017
          91           1  0.000000000000000E+000 -1.274509803921466E-017
          91           2  0.000000000000000E+000 -1.225490196078373E-017
          92           1  0.000000000000000E+000 -1.274509803921545E-017
          92           2  0.000000000000000E+000 -1.225490196078412E-017
          93           1  0.000000000000000E+000 -1.274509803921504E-017
          93           2  0.000000000000000E+000 -1.225490196078368E-017
          94           1  0.000000000000000E+000 -1.274509803921540E-017
          94           2  0.000000000000000E+000 -1.225490196078396E-017
          95           1  0.000000000000000E+000 -1.274509803921547E-017
          95           2  0.000000000000000E+000 -1.225490196078407E-017
          96           1  0.000000000000000E+000 -1.274509803921504E-017
          96           2  0.000000000000000E+000 -1.225490196078380E-017
          97           1  0.000000000000000E+000 -1.274509803921497E-017
          97           2  0.000000000000000E+000 -1.225490196078410E-017
          98           1  0.000000000000000E+000 -1.274509803921639E-017
          98           2  0.000000000000000E+000 -1.225490196078504E-017
          99           1  0.000000000000000E+000 -1.274509803921602E-017
          99           2  0.000000000000000E+000 -1.225490196078465E-017
         100           1  0.000000000000000E+000 -1.274509803921731E-017
         100           2  0.000000000000000E+000 -1.225490196078540E-017
