           1           1  0.000000000000000E+000 -1.499999999999639E-016
           1           2  0.000000000000000E+000 -7.499999999998534E-017
           2           1  0.000000000000000E+000 -1.499999999999496E-016
           2           2  0.000000000000000E+000 -7.499999999997713E-017
           3           1  0.000000000000000E+000 -1.499999999999991E-016
           3           2  0.000000000000000E+000 -7.499999999999853E-017
           4           1  0.000000000000000E+000 -1.499999999999980E-016
           4           2  0.000000000000000E+000 -7.499999999999868E-017
           5           1  0.000000000000000E+000 -1.499999999999998E-016
           5           2  0.000000000000000E+000 -7.499999999999800E-017
           6           1  0.000000000000000E+000 -1.499999999999490E-016
           6           2  0.000000000000000E+000 -7.499999999997671E-017
           7           1  0.000000000000000E+000 -1.499999999999514E-016
           7           2  0.000000000000000E+000 -7.499999999997848E-017
           8           1  0.000000000000000E+000 -1.499999999999876E-016
           8           2  0.000000000000000E+000 -7.499999999999517E-017
           9           1  0.000000000000000E+000 -1.499999999999970E-016
           9           2  0.000000000000000E+000 -7.499999999999747E-017
          10           1  0.000000000000000E+000 -1.500000000000039E-016
          10           2  0.000000000000000E+000 -7.500000000000229E-017
          11           1  0.000000000000000E+000 -1.499999999999612E-016
          11           2  0.000000000000000E+000 -7.499999999998057E-017
          12           1  0.000000000000000E+000 -1.499999999999606E-016
          12           2  0.000000000000000E+000 -7.499999999998352E-017
          13           1  0.000000000000000E+000 -1.499999999999921E-016
          13           2  0.000000000000000E+000 -7.499999999999795E-017
          14           1  0.000000000000000E+000 -1.500000000000059E-016
          14           2  0.000000000000000E+000 -7.500000000000220E-017
          15           1  0.000000000000000E+000 -1.500000000000096E-016
          15           2  0.000000000000000E+000 -7.500000000000333E-017
          16           1  0.000000000000000E+000 -1.499999999999714E-016
          16           2  0.000000000000000E+000 -7.499999999998529E-017
          17           1  0.000000000000000E+000 -1.499999999999756E-016
          17           2  0.000000000000000E+000 -7.499999999999119E-017
          18           1  0.000000000000000E+000 -1.500000000000162E-016
          18           2  0.000000000000000E+000 -7.500000000000658E-017
          19           1  0.000000000000000E+000 -1.500000000000036E-016
          19           2  0.000000000000000E+000 -7.500000000000317E-017
          20           1  0.000000000000000E+000 -1.500000000000052E-016
          20           2  0.000000000000000E+000 -7.500000000000301E-017
          21           1  0.000000000000000E+000 -1.500000000000019E-016
          21           2  0.000000000000000E+000 -7.499999999999994E-017
          22           1  0.000000000000000E+000 -1.500000000000079E-016
          22           2  0.000000000000000E+000 -7.500000000000341E-017
          23           1  0.000000000000000E+000 -1.500000000000048E-016
          23           2  0.000000000000000E+000 -7.500000000000224E-017
          24           1  0.000000000000000E+000 -1.500000000000008E-016
          24           2  0.000000000000000E+000 -7.499999999999962E-017
          25           1  0.000000000000000E+000 -1.500000000000006E-016
          25           2  0.000000000000000E+000 -7.499999999999928E-017
