           1           1  0.000000000000000E+000 -2.498750624686849E-017
           1           2  0.000000000000000E+000 -1.249375312483940E-020
           2           1  0.000000000000000E+000 -2.498750624686389E-017
           2           2  0.000000000000000E+000 -1.249375312492076E-020
           3           1  0.000000000000000E+000 -2.498750624686696E-017
           3           2  0.000000000000000E+000 -1.249375312481836E-020
           4           1  0.000000000000000E+000 -2.498750624686432E-017
           4           2  0.000000000000000E+000 -1.249375312261354E-020
           5           1  0.000000000000000E+000 -2.498750624686715E-017
           5           2  0.000000000000000E+000 -1.249375312313775E-020
           6           1  0.000000000000000E+000 -2.498750624686577E-017
           6           2  0.000000000000000E+000 -1.249375312283289E-020
           7           1  0.000000000000000E+000 -2.498750624686919E-017
           7           2  0.000000000000000E+000 -1.249375312325223E-020
           8           1  0.000000000000000E+000 -2.498750624686885E-017
           8           2  0.000000000000000E+000 -1.249375312470946E-020
           9           1  0.000000000000000E+000 -2.498750624686761E-017
           9           2  0.000000000000000E+000 -1.249375312483992E-020
          10           1  0.000000000000000E+000 -2.498750624686565E-017
          10           2  0.000000000000000E+000 -1.249375312305716E-020
          11           1  0.000000000000000E+000 -2.498750624686530E-017
          11           2  0.000000000000000E+000 -1.249375312323175E-020
          12           1  0.000000000000000E+000 -2.498750624686599E-017
          12           2  0.000000000000000E+000 -1.249375312331730E-020
          13           1  0.000000000000000E+000 -2.498750624686716E-017
          13           2  0.000000000000000E+000 -1.249375312133731E-020
          14           1  0.000000000000000E+000 -2.498750624686740E-017
          14           2  0.000000000000000E+000 -1.249375312313614E-020
          15           1  0.000000000000000E+000 -2.498750624686785E-017
          15           2  0.000000000000000E+000 -1.249375312322301E-020
          16           1  0.000000000000000E+000 -2.498750624686628E-017
          16           2  0.000000000000000E+000 -1.249375312179469E-020
          17           1  0.000000000000000E+000 -2.498750624686583E-017
          17           2  0.000000000000000E+000 -1.249375312230770E-020
          18           1  0.000000000000000E+000 -2.498750624686492E-017
          18           2  0.000000000000000E+000 -1.249375312491823E-020
          19           1  0.000000000000000E+000 -2.498750624686441E-017
          19           2  0.000000000000000E+000 -1.249375312452480E-020
          20           1  0.000000000000000E+000 -2.498750624686443E-017
          20           2  0.000000000000000E+000 -1.249375312529369E-020
          21           1  0.000000000000000E+000 -2.498750624686325E-017
          21           2  0.000000000000000E+000 -1.249375312377315E-020
          22           1  0.000000000000000E+000 -2.498750624686494E-017
          22           2  0.000000000000000E+000 -1.249375312391717E-020
          23           1  0.000000000000000E+000 -2.498750624686537E-017
          23           2  0.000000000000000E+000 -1.249375312421909E-020
          24           1  0.000000000000000E+000 -2.498750624686414E-017
          24           2  0.000000000000000E+000 -1.249375312199479E-020
          25           1  0.000000000000000E+000 -2.498750624686922E-017
          25           2  0.000000000000000E+000 -1.249375312284833E-020
          26           1  0.000000000000000E+000 -2.498750624686705E-017
          26           2  0.000000000000000E+000 -1.249375312329997E-020
          27           1  0.000000000000000E+000 -2.498750624685816E-017
          27           2  0.000000000000000E+000 -1.249375312144599E-020
          28           1  0.000000000000000E+000 -2.498750624686606E-017
          28           2  0.000000000000000E+000 -1.249375312315249E-020
          29           1  0.000000000000000E+000 -2.498750624686857E-017
          29           2  0.000000000000000E+000 -1.249375312449055E-020
          30           1  0.000000000000000E+000 -2.498750624686769E-017
          30           2  0.000000000000000E+000 -1.249375312429202E-020
          31           1  0.000000000000000E+000 -2.498750624686597E-017
          31           2  0.000000000000000E+000 -1.249375312270801E-020
          32           1  0.000000000000000E+000 -2.498750624686471E-017
          32           2  0.000000000000000E+000 -1.249375312289721E-020
          33           1  0.000000000000000E+000 -2.498750624686935E-017
          33           2  0.000000000000000E+000 -1.249375312252324E-020
          34           1  0.000000000000000E+000 -2.498750624686950E-017
          34           2  0.000000000000000E+000 -1.249375312207257E-020
          35           1  0.000000000000000E+000 -2.498750624686734E-017
          35           2  0.000000000000000E+000 -1.249375312197207E-020
          36           1  0.000000000000000E+000 -2.498750624686936E-017
          36           2  0.000000000000000E+000 -1.249375312156919E-020
          37           1  0.000000000000000E+000 -2.498750624686480E-017
          37           2  0.000000000000000E+000 -1.249375312264624E-020
          38           1  0.000000000000000E+000 -2.498750624686580E-017
          38           2  0.000000000000000E+000 -1.249375312406591E-020
          39           1  0.000000000000000E+000 -2.498750624686325E-017
          39           2  0.000000000000000E+000 -1.249375312403887E-020
          40           1  0.000000000000000E+000 -2.498750624686349E-017
          40           2  0.000000000000000E+000 -1.249375312410018E-020
          41           1  0.000000000000000E+000 -2.498750624686736E-017
          41           2  0.000000000000000E+000 -1.249375312580208E-020
          42           1  0.000000000000000E+000 -2.498750624686528E-017
          42           2  0.000000000000000E+000 -1.249375312363920E-020
          43           1  0.000000000000000E+000 -2.498750624686590E-017
          43           2  0.000000000000000E+000 -1.249375312215139E-020
          44           1  0.000000000000000E+000 -2.498750624686292E-017
          44           2  0.000000000000000E+000 -1.249375312283684E-020
          45           1  0.000000000000000E+000 -2.498750624687124E-017
          45           2  0.000000000000000E+000 -1.249375312254975E-020
          46           1  0.000000000000000E+000 -2.498750624687231E-017
          46           2  0.000000000000000E+000 -1.249375312255679E-020
          47           1  0.000000000000000E+000 -2.498750624686602E-017
          47           2  0.000000000000000E+000 -1.249375312331043E-020
          48           1  0.000000000000000E+000 -2.498750624686886E-017
          48           2  0.000000000000000E+000 -1.249375312391413E-020
          49           1  0.000000000000000E+000 -2.498750624686896E-017
          49           2  0.000000000000000E+000 -1.249375312451188E-020
          50           1  0.000000000000000E+000 -2.498750624686479E-017
          50           2  0.000000000000000E+000 -1.249375312282780E-020
          51           1  0.000000000000000E+000 -2.498750624686769E-017
          51           2  0.000000000000000E+000 -1.249375312263641E-020
          52           1  0.000000000000000E+000 -2.498750624686572E-017
          52           2  0.000000000000000E+000 -1.249375312284382E-020
          53           1  0.000000000000000E+000 -2.498750624686880E-017
          53           2  0.000000000000000E+000 -1.249375312210707E-020
          54           1  0.000000000000000E+000 -2.498750624686694E-017
          54           2  0.000000000000000E+000 -1.249375312278118E-020
          55           1  0.000000000000000E+000 -2.498750624686773E-017
          55           2  0.000000000000000E+000 -1.249375312122181E-020
          56           1  0.000000000000000E+000 -2.498750624686670E-017
          56           2  0.000000000000000E+000 -1.249375312189488E-020
          57           1  0.000000000000000E+000 -2.498750624685950E-017
          57           2  0.000000000000000E+000 -1.249375312059666E-020
          58           1  0.000000000000000E+000 -2.498750624686636E-017
          58           2  0.000000000000000E+000 -1.249375312488515E-020
          59           1  0.000000000000000E+000 -2.498750624686646E-017
          59           2  0.000000000000000E+000 -1.249375312427225E-020
          60           1  0.000000000000000E+000 -2.498750624686590E-017
          60           2  0.000000000000000E+000 -1.249375312428311E-020
          61           1  0.000000000000000E+000 -2.498750624686671E-017
          61           2  0.000000000000000E+000 -1.249375312575768E-020
          62           1  0.000000000000000E+000 -2.498750624686502E-017
          62           2  0.000000000000000E+000 -1.249375312302609E-020
          63           1  0.000000000000000E+000 -2.498750624686475E-017
          63           2  0.000000000000000E+000 -1.249375312475498E-020
          64           1  0.000000000000000E+000 -2.498750624687553E-017
          64           2  0.000000000000000E+000 -1.249375312403189E-020
          65           1  0.000000000000000E+000 -2.498750624686911E-017
          65           2  0.000000000000000E+000 -1.249375312447710E-020
          66           1  0.000000000000000E+000 -2.498750624687407E-017
          66           2  0.000000000000000E+000 -1.249375312377950E-020
          67           1  0.000000000000000E+000 -2.498750624687124E-017
          67           2  0.000000000000000E+000 -1.249375312315188E-020
          68           1  0.000000000000000E+000 -2.498750624687264E-017
          68           2  0.000000000000000E+000 -1.249375312281205E-020
          69           1  0.000000000000000E+000 -2.498750624687125E-017
          69           2  0.000000000000000E+000 -1.249375312398065E-020
          70           1  0.000000000000000E+000 -2.498750624687621E-017
          70           2  0.000000000000000E+000 -1.249375312386770E-020
          71           1  0.000000000000000E+000 -2.498750624687512E-017
          71           2  0.000000000000000E+000 -1.249375312377015E-020
          72           1  0.000000000000000E+000 -2.498750624687335E-017
          72           2  0.000000000000000E+000 -1.249375312256157E-020
          73           1  0.000000000000000E+000 -2.498750624687198E-017
          73           2  0.000000000000000E+000 -1.249375312423494E-020
          74           1  0.000000000000000E+000 -2.498750624687189E-017
          74           2  0.000000000000000E+000 -1.249375312324254E-020
          75           1  0.000000000000000E+000 -2.498750624686930E-017
          75           2  0.000000000000000E+000 -1.249375312314482E-020
          76           1  0.000000000000000E+000 -2.498750624687055E-017
          76           2  0.000000000000000E+000 -1.249375312246852E-020
          77           1  0.000000000000000E+000 -2.498750624686520E-017
          77           2  0.000000000000000E+000 -1.249375312229074E-020
          78           1  0.000000000000000E+000 -2.498750624686507E-017
          78           2  0.000000000000000E+000 -1.249375312279183E-020
          79           1  0.000000000000000E+000 -2.498750624686463E-017
          79           2  0.000000000000000E+000 -1.249375312257004E-020
          80           1  0.000000000000000E+000 -2.498750624685982E-017
          80           2  0.000000000000000E+000 -1.249375312290833E-020
          81           1  0.000000000000000E+000 -2.498750624687091E-017
          81           2  0.000000000000000E+000 -1.249375312753954E-020
          82           1  0.000000000000000E+000 -2.498750624686724E-017
          82           2  0.000000000000000E+000 -1.249375312413794E-020
          83           1  0.000000000000000E+000 -2.498750624687218E-017
          83           2  0.000000000000000E+000 -1.249375312568882E-020
          84           1  0.000000000000000E+000 -2.498750624686957E-017
          84           2  0.000000000000000E+000 -1.249375312346953E-020
          85           1  0.000000000000000E+000 -2.498750624686931E-017
          85           2  0.000000000000000E+000 -1.249375312320005E-020
          86           1  0.000000000000000E+000 -2.498750624687486E-017
          86           2  0.000000000000000E+000 -1.249375312385015E-020
          87           1  0.000000000000000E+000 -2.498750624687325E-017
          87           2  0.000000000000000E+000 -1.249375312323152E-020
          88           1  0.000000000000000E+000 -2.498750624688357E-017
          88           2  0.000000000000000E+000 -1.249375312765370E-020
          89           1  0.000000000000000E+000 -2.498750624687525E-017
          89           2  0.000000000000000E+000 -1.249375312176965E-020
          90           1  0.000000000000000E+000 -2.498750624687921E-017
          90           2  0.000000000000000E+000 -1.249375312394787E-020
          91           1  0.000000000000000E+000 -2.498750624687831E-017
          91           2  0.000000000000000E+000 -1.249375312340346E-020
          92           1  0.000000000000000E+000 -2.498750624687356E-017
          92           2  0.000000000000000E+000 -1.249375312289063E-020
          93           1  0.000000000000000E+000 -2.498750624687449E-017
          93           2  0.000000000000000E+000 -1.249375312310352E-020
          94           1  0.000000000000000E+000 -2.498750624687164E-017
          94           2  0.000000000000000E+000 -1.249375312290574E-020
          95           1  0.000000000000000E+000 -2.498750624686830E-017
          95           2  0.000000000000000E+000 -1.249375312240412E-020
          96           1  0.000000000000000E+000 -2.498750624687129E-017
          96           2  0.000000000000000E+000 -1.249375312218815E-020
          97           1  0.000000000000000E+000 -2.498750624687010E-017
          97           2  0.000000000000000E+000 -1.249375312231370E-020
          98           1  0.000000000000000E+000 -2.498750624686664E-017
          98           2  0.000000000000000E+000 -1.249375312176982E-020
          99           1  0.000000000000000E+000 -2.498750624686528E-017
          99           2  0.000000000000000E+000 -1.249375312125251E-020
         100           1  0.000000000000000E+000 -2.498750624686754E-017
         100           2  0.000000000000000E+000 -1.249375312278090E-020
         101           1  0.000000000000000E+000 -2.498750624686470E-017
         101           2  0.000000000000000E+000 -1.249375312321134E-020
         102           1  0.000000000000000E+000 -2.498750624686739E-017
         102           2  0.000000000000000E+000 -1.249375312181227E-020
         103           1  0.000000000000000E+000 -2.498750624687299E-017
         103           2  0.000000000000000E+000 -1.249375312401568E-020
         104           1  0.000000000000000E+000 -2.498750624687338E-017
         104           2  0.000000000000000E+000 -1.249375312237314E-020
         105           1  0.000000000000000E+000 -2.498750624687051E-017
         105           2  0.000000000000000E+000 -1.249375312306522E-020
         106           1  0.000000000000000E+000 -2.498750624687453E-017
         106           2  0.000000000000000E+000 -1.249375312354487E-020
         107           1  0.000000000000000E+000 -2.498750624687437E-017
         107           2  0.000000000000000E+000 -1.249375312314991E-020
         108           1  0.000000000000000E+000 -2.498750624687594E-017
         108           2  0.000000000000000E+000 -1.249375312306790E-020
         109           1  0.000000000000000E+000 -2.498750624687737E-017
         109           2  0.000000000000000E+000 -1.249375312351932E-020
         110           1  0.000000000000000E+000 -2.498750624687942E-017
         110           2  0.000000000000000E+000 -1.249375312282719E-020
         111           1  0.000000000000000E+000 -2.498750624687962E-017
         111           2  0.000000000000000E+000 -1.249375312313581E-020
         112           1  0.000000000000000E+000 -2.498750624687753E-017
         112           2  0.000000000000000E+000 -1.249375312453623E-020
         113           1  0.000000000000000E+000 -2.498750624687624E-017
         113           2  0.000000000000000E+000 -1.249375312272843E-020
         114           1  0.000000000000000E+000 -2.498750624687657E-017
         114           2  0.000000000000000E+000 -1.249375312432835E-020
         115           1  0.000000000000000E+000 -2.498750624686845E-017
         115           2  0.000000000000000E+000 -1.249375312215522E-020
         116           1  0.000000000000000E+000 -2.498750624687549E-017
         116           2  0.000000000000000E+000 -1.249375312294211E-020
         117           1  0.000000000000000E+000 -2.498750624686967E-017
         117           2  0.000000000000000E+000 -1.249375312203337E-020
         118           1  0.000000000000000E+000 -2.498750624686723E-017
         118           2  0.000000000000000E+000 -1.249375312131599E-020
         119           1  0.000000000000000E+000 -2.498750624686460E-017
         119           2  0.000000000000000E+000 -1.249375312207204E-020
         120           1  0.000000000000000E+000 -2.498750624686642E-017
         120           2  0.000000000000000E+000 -1.249375312174709E-020
         121           1  0.000000000000000E+000 -2.498750624686590E-017
         121           2  0.000000000000000E+000 -1.249375312299389E-020
         122           1  0.000000000000000E+000 -2.498750624686736E-017
         122           2  0.000000000000000E+000 -1.249375312368454E-020
         123           1  0.000000000000000E+000 -2.498750624686832E-017
         123           2  0.000000000000000E+000 -1.249375312300329E-020
         124           1  0.000000000000000E+000 -2.498750624687335E-017
         124           2  0.000000000000000E+000 -1.249375312279748E-020
         125           1  0.000000000000000E+000 -2.498750624687197E-017
         125           2  0.000000000000000E+000 -1.249375312288107E-020
         126           1  0.000000000000000E+000 -2.498750624687563E-017
         126           2  0.000000000000000E+000 -1.249375312325674E-020
         127           1  0.000000000000000E+000 -2.498750624687610E-017
         127           2  0.000000000000000E+000 -1.249375312273788E-020
         128           1  0.000000000000000E+000 -2.498750624687714E-017
         128           2  0.000000000000000E+000 -1.249375312280636E-020
         129           1  0.000000000000000E+000 -2.498750624687923E-017
         129           2  0.000000000000000E+000 -1.249375312222074E-020
         130           1  0.000000000000000E+000 -2.498750624687394E-017
         130           2  0.000000000000000E+000 -1.249375312211614E-020
         131           1  0.000000000000000E+000 -2.498750624687797E-017
         131           2  0.000000000000000E+000 -1.249375312302513E-020
         132           1  0.000000000000000E+000 -2.498750624688095E-017
         132           2  0.000000000000000E+000 -1.249375312387006E-020
         133           1  0.000000000000000E+000 -2.498750624688106E-017
         133           2  0.000000000000000E+000 -1.249375312518621E-020
         134           1  0.000000000000000E+000 -2.498750624687939E-017
         134           2  0.000000000000000E+000 -1.249375312525803E-020
         135           1  0.000000000000000E+000 -2.498750624687605E-017
         135           2  0.000000000000000E+000 -1.249375312332272E-020
         136           1  0.000000000000000E+000 -2.498750624687487E-017
         136           2  0.000000000000000E+000 -1.249375312348101E-020
         137           1  0.000000000000000E+000 -2.498750624687223E-017
         137           2  0.000000000000000E+000 -1.249375312322837E-020
         138           1  0.000000000000000E+000 -2.498750624686781E-017
         138           2  0.000000000000000E+000 -1.249375312219495E-020
         139           1  0.000000000000000E+000 -2.498750624686443E-017
         139           2  0.000000000000000E+000 -1.249375312164520E-020
         140           1  0.000000000000000E+000 -2.498750624686923E-017
         140           2  0.000000000000000E+000 -1.249375312280692E-020
         141           1  0.000000000000000E+000 -2.498750624687035E-017
         141           2  0.000000000000000E+000 -1.249375312528969E-020
         142           1  0.000000000000000E+000 -2.498750624686590E-017
         142           2  0.000000000000000E+000 -1.249375312283173E-020
         143           1  0.000000000000000E+000 -2.498750624686891E-017
         143           2  0.000000000000000E+000 -1.249375312302657E-020
         144           1  0.000000000000000E+000 -2.498750624687462E-017
         144           2  0.000000000000000E+000 -1.249375312264817E-020
         145           1  0.000000000000000E+000 -2.498750624687381E-017
         145           2  0.000000000000000E+000 -1.249375312366695E-020
         146           1  0.000000000000000E+000 -2.498750624687445E-017
         146           2  0.000000000000000E+000 -1.249375312324473E-020
         147           1  0.000000000000000E+000 -2.498750624687699E-017
         147           2  0.000000000000000E+000 -1.249375312271084E-020
         148           1  0.000000000000000E+000 -2.498750624687533E-017
         148           2  0.000000000000000E+000 -1.249375312298512E-020
         149           1  0.000000000000000E+000 -2.498750624687710E-017
         149           2  0.000000000000000E+000 -1.249375312254304E-020
         150           1  0.000000000000000E+000 -2.498750624687774E-017
         150           2  0.000000000000000E+000 -1.249375312278060E-020
         151           1  0.000000000000000E+000 -2.498750624687970E-017
         151           2  0.000000000000000E+000 -1.249375312275540E-020
         152           1  0.000000000000000E+000 -2.498750624687869E-017
         152           2  0.000000000000000E+000 -1.249375312346285E-020
         153           1  0.000000000000000E+000 -2.498750624687780E-017
         153           2  0.000000000000000E+000 -1.249375312376638E-020
         154           1  0.000000000000000E+000 -2.498750624688373E-017
         154           2  0.000000000000000E+000 -1.249375312480733E-020
         155           1  0.000000000000000E+000 -2.498750624687664E-017
         155           2  0.000000000000000E+000 -1.249375312281715E-020
         156           1  0.000000000000000E+000 -2.498750624687152E-017
         156           2  0.000000000000000E+000 -1.249375312199233E-020
         157           1  0.000000000000000E+000 -2.498750624687517E-017
         157           2  0.000000000000000E+000 -1.249375312230906E-020
         158           1  0.000000000000000E+000 -2.498750624686487E-017
         158           2  0.000000000000000E+000 -1.249375312268584E-020
         159           1  0.000000000000000E+000 -2.498750624686959E-017
         159           2  0.000000000000000E+000 -1.249375312300589E-020
         160           1  0.000000000000000E+000 -2.498750624686787E-017
         160           2  0.000000000000000E+000 -1.249375312251815E-020
         161           1  0.000000000000000E+000 -2.498750624687079E-017
         161           2  0.000000000000000E+000 -1.249375312616843E-020
         162           1  0.000000000000000E+000 -2.498750624687251E-017
         162           2  0.000000000000000E+000 -1.249375312384265E-020
         163           1  0.000000000000000E+000 -2.498750624687019E-017
         163           2  0.000000000000000E+000 -1.249375312320614E-020
         164           1  0.000000000000000E+000 -2.498750624686838E-017
         164           2  0.000000000000000E+000 -1.249375312288313E-020
         165           1  0.000000000000000E+000 -2.498750624687713E-017
         165           2  0.000000000000000E+000 -1.249375312266127E-020
         166           1  0.000000000000000E+000 -2.498750624687579E-017
         166           2  0.000000000000000E+000 -1.249375312305067E-020
         167           1  0.000000000000000E+000 -2.498750624687228E-017
         167           2  0.000000000000000E+000 -1.249375312257698E-020
         168           1  0.000000000000000E+000 -2.498750624687991E-017
         168           2  0.000000000000000E+000 -1.249375312246526E-020
         169           1  0.000000000000000E+000 -2.498750624687918E-017
         169           2  0.000000000000000E+000 -1.249375312160046E-020
         170           1  0.000000000000000E+000 -2.498750624687505E-017
         170           2  0.000000000000000E+000 -1.249375312248735E-020
         171           1  0.000000000000000E+000 -2.498750624687595E-017
         171           2  0.000000000000000E+000 -1.249375312297709E-020
         172           1  0.000000000000000E+000 -2.498750624687981E-017
         172           2  0.000000000000000E+000 -1.249375312209413E-020
         173           1  0.000000000000000E+000 -2.498750624687926E-017
         173           2  0.000000000000000E+000 -1.249375312238301E-020
         174           1  0.000000000000000E+000 -2.498750624687980E-017
         174           2  0.000000000000000E+000 -1.249375312296699E-020
         175           1  0.000000000000000E+000 -2.498750624687218E-017
         175           2  0.000000000000000E+000 -1.249375312199805E-020
         176           1  0.000000000000000E+000 -2.498750624687421E-017
         176           2  0.000000000000000E+000 -1.249375312191054E-020
         177           1  0.000000000000000E+000 -2.498750624686491E-017
         177           2  0.000000000000000E+000 -1.249375312228374E-020
         178           1  0.000000000000000E+000 -2.498750624686875E-017
         178           2  0.000000000000000E+000 -1.249375312191960E-020
         179           1  0.000000000000000E+000 -2.498750624686500E-017
         179           2  0.000000000000000E+000 -1.249375312258936E-020
         180           1  0.000000000000000E+000 -2.498750624687226E-017
         180           2  0.000000000000000E+000 -1.249375312379209E-020
         181           1  0.000000000000000E+000 -2.498750624687647E-017
         181           2  0.000000000000000E+000 -1.249375312754656E-020
         182           1  0.000000000000000E+000 -2.498750624686599E-017
         182           2  0.000000000000000E+000 -1.249375312295662E-020
         183           1  0.000000000000000E+000 -2.498750624687151E-017
         183           2  0.000000000000000E+000 -1.249375312442105E-020
         184           1  0.000000000000000E+000 -2.498750624687474E-017
         184           2  0.000000000000000E+000 -1.249375312353391E-020
         185           1  0.000000000000000E+000 -2.498750624687320E-017
         185           2  0.000000000000000E+000 -1.249375312209862E-020
         186           1  0.000000000000000E+000 -2.498750624687727E-017
         186           2  0.000000000000000E+000 -1.249375312323754E-020
         187           1  0.000000000000000E+000 -2.498750624687830E-017
         187           2  0.000000000000000E+000 -1.249375312261684E-020
         188           1  0.000000000000000E+000 -2.498750624687984E-017
         188           2  0.000000000000000E+000 -1.249375312236910E-020
         189           1  0.000000000000000E+000 -2.498750624687297E-017
         189           2  0.000000000000000E+000 -1.249375312255664E-020
         190           1  0.000000000000000E+000 -2.498750624687907E-017
         190           2  0.000000000000000E+000 -1.249375312259984E-020
         191           1  0.000000000000000E+000 -2.498750624687994E-017
         191           2  0.000000000000000E+000 -1.249375312233575E-020
         192           1  0.000000000000000E+000 -2.498750624687697E-017
         192           2  0.000000000000000E+000 -1.249375312279091E-020
         193           1  0.000000000000000E+000 -2.498750624687874E-017
         193           2  0.000000000000000E+000 -1.249375312300744E-020
         194           1  0.000000000000000E+000 -2.498750624688080E-017
         194           2  0.000000000000000E+000 -1.249375312235934E-020
         195           1  0.000000000000000E+000 -2.498750624687993E-017
         195           2  0.000000000000000E+000 -1.249375312293985E-020
         196           1  0.000000000000000E+000 -2.498750624687437E-017
         196           2  0.000000000000000E+000 -1.249375312180567E-020
         197           1  0.000000000000000E+000 -2.498750624687150E-017
         197           2  0.000000000000000E+000 -1.249375312147832E-020
         198           1  0.000000000000000E+000 -2.498750624686859E-017
         198           2  0.000000000000000E+000 -1.249375312211318E-020
         199           1  0.000000000000000E+000 -2.498750624686486E-017
         199           2  0.000000000000000E+000 -1.249375312200075E-020
         200           1  0.000000000000000E+000 -2.498750624686864E-017
         200           2  0.000000000000000E+000 -1.249375312299624E-020
         201           1  0.000000000000000E+000 -2.498750624687315E-017
         201           2  0.000000000000000E+000 -1.249375312598444E-020
         202           1  0.000000000000000E+000 -2.498750624686823E-017
         202           2  0.000000000000000E+000 -1.249375312481989E-020
         203           1  0.000000000000000E+000 -2.498750624686935E-017
         203           2  0.000000000000000E+000 -1.249375312339280E-020
         204           1  0.000000000000000E+000 -2.498750624686829E-017
         204           2  0.000000000000000E+000 -1.249375312385194E-020
         205           1  0.000000000000000E+000 -2.498750624687623E-017
         205           2  0.000000000000000E+000 -1.249375312374184E-020
         206           1  0.000000000000000E+000 -2.498750624687531E-017
         206           2  0.000000000000000E+000 -1.249375312361722E-020
         207           1  0.000000000000000E+000 -2.498750624687852E-017
         207           2  0.000000000000000E+000 -1.249375312266448E-020
         208           1  0.000000000000000E+000 -2.498750624687681E-017
         208           2  0.000000000000000E+000 -1.249375312199888E-020
         209           1  0.000000000000000E+000 -2.498750624687765E-017
         209           2  0.000000000000000E+000 -1.249375312283393E-020
         210           1  0.000000000000000E+000 -2.498750624687999E-017
         210           2  0.000000000000000E+000 -1.249375312261626E-020
         211           1  0.000000000000000E+000 -2.498750624688140E-017
         211           2  0.000000000000000E+000 -1.249375312207784E-020
         212           1  0.000000000000000E+000 -2.498750624687891E-017
         212           2  0.000000000000000E+000 -1.249375312221838E-020
         213           1  0.000000000000000E+000 -2.498750624687838E-017
         213           2  0.000000000000000E+000 -1.249375312241169E-020
         214           1  0.000000000000000E+000 -2.498750624687783E-017
         214           2  0.000000000000000E+000 -1.249375312228200E-020
         215           1  0.000000000000000E+000 -2.498750624687461E-017
         215           2  0.000000000000000E+000 -1.249375312252028E-020
         216           1  0.000000000000000E+000 -2.498750624687492E-017
         216           2  0.000000000000000E+000 -1.249375312167810E-020
         217           1  0.000000000000000E+000 -2.498750624687385E-017
         217           2  0.000000000000000E+000 -1.249375312301502E-020
         218           1  0.000000000000000E+000 -2.498750624687039E-017
         218           2  0.000000000000000E+000 -1.249375312535323E-020
         219           1  0.000000000000000E+000 -2.498750624686911E-017
         219           2  0.000000000000000E+000 -1.249375312520770E-020
         220           1  0.000000000000000E+000 -2.498750624686958E-017
         220           2  0.000000000000000E+000 -1.249375312430641E-020
         221           1  0.000000000000000E+000 -2.498750624687183E-017
         221           2  0.000000000000000E+000 -1.249375312659031E-020
         222           1  0.000000000000000E+000 -2.498750624686411E-017
         222           2  0.000000000000000E+000 -1.249375312208985E-020
         223           1  0.000000000000000E+000 -2.498750624686720E-017
         223           2  0.000000000000000E+000 -1.249375312256289E-020
         224           1  0.000000000000000E+000 -2.498750624687605E-017
         224           2  0.000000000000000E+000 -1.249375312291906E-020
         225           1  0.000000000000000E+000 -2.498750624687510E-017
         225           2  0.000000000000000E+000 -1.249375312369714E-020
         226           1  0.000000000000000E+000 -2.498750624687476E-017
         226           2  0.000000000000000E+000 -1.249375312288059E-020
         227           1  0.000000000000000E+000 -2.498750624687673E-017
         227           2  0.000000000000000E+000 -1.249375312264232E-020
         228           1  0.000000000000000E+000 -2.498750624687798E-017
         228           2  0.000000000000000E+000 -1.249375312235130E-020
         229           1  0.000000000000000E+000 -2.498750624687259E-017
         229           2  0.000000000000000E+000 -1.249375312128732E-020
         230           1  0.000000000000000E+000 -2.498750624687849E-017
         230           2  0.000000000000000E+000 -1.249375312275308E-020
         231           1  0.000000000000000E+000 -2.498750624688021E-017
         231           2  0.000000000000000E+000 -1.249375312321277E-020
         232           1  0.000000000000000E+000 -2.498750624687750E-017
         232           2  0.000000000000000E+000 -1.249375312280260E-020
         233           1  0.000000000000000E+000 -2.498750624687595E-017
         233           2  0.000000000000000E+000 -1.249375312269185E-020
         234           1  0.000000000000000E+000 -2.498750624687594E-017
         234           2  0.000000000000000E+000 -1.249375312221925E-020
         235           1  0.000000000000000E+000 -2.498750624687485E-017
         235           2  0.000000000000000E+000 -1.249375312298176E-020
         236           1  0.000000000000000E+000 -2.498750624687028E-017
         236           2  0.000000000000000E+000 -1.249375312072413E-020
         237           1  0.000000000000000E+000 -2.498750624687059E-017
         237           2  0.000000000000000E+000 -1.249375312297050E-020
         238           1  0.000000000000000E+000 -2.498750624687316E-017
         238           2  0.000000000000000E+000 -1.249375312520960E-020
         239           1  0.000000000000000E+000 -2.498750624686770E-017
         239           2  0.000000000000000E+000 -1.249375312415428E-020
         240           1  0.000000000000000E+000 -2.498750624686763E-017
         240           2  0.000000000000000E+000 -1.249375312468324E-020
         241           1  0.000000000000000E+000 -2.498750624686112E-017
         241           2  0.000000000000000E+000 -1.249375312248531E-020
         242           1  0.000000000000000E+000 -2.498750624686678E-017
         242           2  0.000000000000000E+000 -1.249375312244197E-020
         243           1  0.000000000000000E+000 -2.498750624687096E-017
         243           2  0.000000000000000E+000 -1.249375312288458E-020
         244           1  0.000000000000000E+000 -2.498750624686820E-017
         244           2  0.000000000000000E+000 -1.249375312393414E-020
         245           1  0.000000000000000E+000 -2.498750624687593E-017
         245           2  0.000000000000000E+000 -1.249375312321466E-020
         246           1  0.000000000000000E+000 -2.498750624687313E-017
         246           2  0.000000000000000E+000 -1.249375312414330E-020
         247           1  0.000000000000000E+000 -2.498750624687627E-017
         247           2  0.000000000000000E+000 -1.249375312340252E-020
         248           1  0.000000000000000E+000 -2.498750624687343E-017
         248           2  0.000000000000000E+000 -1.249375312229853E-020
         249           1  0.000000000000000E+000 -2.498750624687720E-017
         249           2  0.000000000000000E+000 -1.249375312176971E-020
         250           1  0.000000000000000E+000 -2.498750624687670E-017
         250           2  0.000000000000000E+000 -1.249375312327793E-020
         251           1  0.000000000000000E+000 -2.498750624687673E-017
         251           2  0.000000000000000E+000 -1.249375312226748E-020
         252           1  0.000000000000000E+000 -2.498750624687695E-017
         252           2  0.000000000000000E+000 -1.249375312179865E-020
         253           1  0.000000000000000E+000 -2.498750624687523E-017
         253           2  0.000000000000000E+000 -1.249375312228617E-020
         254           1  0.000000000000000E+000 -2.498750624687496E-017
         254           2  0.000000000000000E+000 -1.249375312216703E-020
         255           1  0.000000000000000E+000 -2.498750624687288E-017
         255           2  0.000000000000000E+000 -1.249375312205290E-020
         256           1  0.000000000000000E+000 -2.498750624686815E-017
         256           2  0.000000000000000E+000 -1.249375312038594E-020
         257           1  0.000000000000000E+000 -2.498750624687109E-017
         257           2  0.000000000000000E+000 -1.249375312259838E-020
         258           1  0.000000000000000E+000 -2.498750624686893E-017
         258           2  0.000000000000000E+000 -1.249375312277800E-020
         259           1  0.000000000000000E+000 -2.498750624686766E-017
         259           2  0.000000000000000E+000 -1.249375312474929E-020
         260           1  0.000000000000000E+000 -2.498750624686364E-017
         260           2  0.000000000000000E+000 -1.249375312506079E-020
         261           1  0.000000000000000E+000 -2.498750624687312E-017
         261           2  0.000000000000000E+000 -1.249375312464176E-020
         262           1  0.000000000000000E+000 -2.498750624686525E-017
         262           2  0.000000000000000E+000 -1.249375312345320E-020
         263           1  0.000000000000000E+000 -2.498750624687129E-017
         263           2  0.000000000000000E+000 -1.249375312437157E-020
         264           1  0.000000000000000E+000 -2.498750624687582E-017
         264           2  0.000000000000000E+000 -1.249375312423853E-020
         265           1  0.000000000000000E+000 -2.498750624687995E-017
         265           2  0.000000000000000E+000 -1.249375312407955E-020
         266           1  0.000000000000000E+000 -2.498750624687196E-017
         266           2  0.000000000000000E+000 -1.249375312329011E-020
         267           1  0.000000000000000E+000 -2.498750624687311E-017
         267           2  0.000000000000000E+000 -1.249375312280235E-020
         268           1  0.000000000000000E+000 -2.498750624687543E-017
         268           2  0.000000000000000E+000 -1.249375312264177E-020
         269           1  0.000000000000000E+000 -2.498750624687688E-017
         269           2  0.000000000000000E+000 -1.249375312263831E-020
         270           1  0.000000000000000E+000 -2.498750624687727E-017
         270           2  0.000000000000000E+000 -1.249375312320412E-020
         271           1  0.000000000000000E+000 -2.498750624687799E-017
         271           2  0.000000000000000E+000 -1.249375312244509E-020
         272           1  0.000000000000000E+000 -2.498750624687646E-017
         272           2  0.000000000000000E+000 -1.249375312265648E-020
         273           1  0.000000000000000E+000 -2.498750624687556E-017
         273           2  0.000000000000000E+000 -1.249375312258839E-020
         274           1  0.000000000000000E+000 -2.498750624687641E-017
         274           2  0.000000000000000E+000 -1.249375312281620E-020
         275           1  0.000000000000000E+000 -2.498750624687384E-017
         275           2  0.000000000000000E+000 -1.249375312287530E-020
         276           1  0.000000000000000E+000 -2.498750624687304E-017
         276           2  0.000000000000000E+000 -1.249375312326363E-020
         277           1  0.000000000000000E+000 -2.498750624687630E-017
         277           2  0.000000000000000E+000 -1.249375312429944E-020
         278           1  0.000000000000000E+000 -2.498750624686817E-017
         278           2  0.000000000000000E+000 -1.249375312302352E-020
         279           1  0.000000000000000E+000 -2.498750624686527E-017
         279           2  0.000000000000000E+000 -1.249375312437884E-020
         280           1  0.000000000000000E+000 -2.498750624687029E-017
         280           2  0.000000000000000E+000 -1.249375312506506E-020
         281           1  0.000000000000000E+000 -2.498750624686888E-017
         281           2  0.000000000000000E+000 -1.249375312336189E-020
         282           1  0.000000000000000E+000 -2.498750624686305E-017
         282           2  0.000000000000000E+000 -1.249375312325752E-020
         283           1  0.000000000000000E+000 -2.498750624686947E-017
         283           2  0.000000000000000E+000 -1.249375312309548E-020
         284           1  0.000000000000000E+000 -2.498750624687612E-017
         284           2  0.000000000000000E+000 -1.249375312365057E-020
         285           1  0.000000000000000E+000 -2.498750624687465E-017
         285           2  0.000000000000000E+000 -1.249375312342143E-020
         286           1  0.000000000000000E+000 -2.498750624687383E-017
         286           2  0.000000000000000E+000 -1.249375312182263E-020
         287           1  0.000000000000000E+000 -2.498750624687052E-017
         287           2  0.000000000000000E+000 -1.249375312049402E-020
         288           1  0.000000000000000E+000 -2.498750624687453E-017
         288           2  0.000000000000000E+000 -1.249375312296101E-020
         289           1  0.000000000000000E+000 -2.498750624687430E-017
         289           2  0.000000000000000E+000 -1.249375312274231E-020
         290           1  0.000000000000000E+000 -2.498750624687749E-017
         290           2  0.000000000000000E+000 -1.249375312348945E-020
         291           1  0.000000000000000E+000 -2.498750624687584E-017
         291           2  0.000000000000000E+000 -1.249375312303738E-020
         292           1  0.000000000000000E+000 -2.498750624687650E-017
         292           2  0.000000000000000E+000 -1.249375312339426E-020
         293           1  0.000000000000000E+000 -2.498750624687639E-017
         293           2  0.000000000000000E+000 -1.249375312311573E-020
         294           1  0.000000000000000E+000 -2.498750624686829E-017
         294           2  0.000000000000000E+000 -1.249375312144474E-020
         295           1  0.000000000000000E+000 -2.498750624687713E-017
         295           2  0.000000000000000E+000 -1.249375312375176E-020
         296           1  0.000000000000000E+000 -2.498750624687305E-017
         296           2  0.000000000000000E+000 -1.249375312377837E-020
         297           1  0.000000000000000E+000 -2.498750624687008E-017
         297           2  0.000000000000000E+000 -1.249375312372095E-020
         298           1  0.000000000000000E+000 -2.498750624686805E-017
         298           2  0.000000000000000E+000 -1.249375312399850E-020
         299           1  0.000000000000000E+000 -2.498750624686982E-017
         299           2  0.000000000000000E+000 -1.249375312371009E-020
         300           1  0.000000000000000E+000 -2.498750624686928E-017
         300           2  0.000000000000000E+000 -1.249375312324445E-020
         301           1  0.000000000000000E+000 -2.498750624686584E-017
         301           2  0.000000000000000E+000 -1.249375312311820E-020
         302           1  0.000000000000000E+000 -2.498750624686636E-017
         302           2  0.000000000000000E+000 -1.249375312318977E-020
         303           1  0.000000000000000E+000 -2.498750624686740E-017
         303           2  0.000000000000000E+000 -1.249375312378451E-020
         304           1  0.000000000000000E+000 -2.498750624687053E-017
         304           2  0.000000000000000E+000 -1.249375312383939E-020
         305           1  0.000000000000000E+000 -2.498750624687084E-017
         305           2  0.000000000000000E+000 -1.249375312235768E-020
         306           1  0.000000000000000E+000 -2.498750624687288E-017
         306           2  0.000000000000000E+000 -1.249375312202378E-020
         307           1  0.000000000000000E+000 -2.498750624687333E-017
         307           2  0.000000000000000E+000 -1.249375312203201E-020
         308           1  0.000000000000000E+000 -2.498750624687484E-017
         308           2  0.000000000000000E+000 -1.249375312246311E-020
         309           1  0.000000000000000E+000 -2.498750624687773E-017
         309           2  0.000000000000000E+000 -1.249375312340153E-020
         310           1  0.000000000000000E+000 -2.498750624687425E-017
         310           2  0.000000000000000E+000 -1.249375312270226E-020
         311           1  0.000000000000000E+000 -2.498750624687338E-017
         311           2  0.000000000000000E+000 -1.249375312210849E-020
         312           1  0.000000000000000E+000 -2.498750624687477E-017
         312           2  0.000000000000000E+000 -1.249375312264159E-020
         313           1  0.000000000000000E+000 -2.498750624687370E-017
         313           2  0.000000000000000E+000 -1.249375312269222E-020
         314           1  0.000000000000000E+000 -2.498750624687488E-017
         314           2  0.000000000000000E+000 -1.249375312319727E-020
         315           1  0.000000000000000E+000 -2.498750624687879E-017
         315           2  0.000000000000000E+000 -1.249375312450966E-020
         316           1  0.000000000000000E+000 -2.498750624687702E-017
         316           2  0.000000000000000E+000 -1.249375312513057E-020
         317           1  0.000000000000000E+000 -2.498750624687684E-017
         317           2  0.000000000000000E+000 -1.249375312505356E-020
         318           1  0.000000000000000E+000 -2.498750624686913E-017
         318           2  0.000000000000000E+000 -1.249375312453045E-020
         319           1  0.000000000000000E+000 -2.498750624687006E-017
         319           2  0.000000000000000E+000 -1.249375312419033E-020
         320           1  0.000000000000000E+000 -2.498750624686501E-017
         320           2  0.000000000000000E+000 -1.249375312325912E-020
         321           1  0.000000000000000E+000 -2.498750624686697E-017
         321           2  0.000000000000000E+000 -1.249375312276542E-020
         322           1  0.000000000000000E+000 -2.498750624686528E-017
         322           2  0.000000000000000E+000 -1.249375312197668E-020
         323           1  0.000000000000000E+000 -2.498750624686800E-017
         323           2  0.000000000000000E+000 -1.249375312332059E-020
         324           1  0.000000000000000E+000 -2.498750624687013E-017
         324           2  0.000000000000000E+000 -1.249375312293655E-020
         325           1  0.000000000000000E+000 -2.498750624687136E-017
         325           2  0.000000000000000E+000 -1.249375312272151E-020
         326           1  0.000000000000000E+000 -2.498750624685817E-017
         326           2  0.000000000000000E+000 -1.249375311598396E-020
         327           1  0.000000000000000E+000 -2.498750624687422E-017
         327           2  0.000000000000000E+000 -1.249375312239947E-020
         328           1  0.000000000000000E+000 -2.498750624686936E-017
         328           2  0.000000000000000E+000 -1.249375312338455E-020
         329           1  0.000000000000000E+000 -2.498750624687565E-017
         329           2  0.000000000000000E+000 -1.249375312359853E-020
         330           1  0.000000000000000E+000 -2.498750624687169E-017
         330           2  0.000000000000000E+000 -1.249375312276000E-020
         331           1  0.000000000000000E+000 -2.498750624687214E-017
         331           2  0.000000000000000E+000 -1.249375312226517E-020
         332           1  0.000000000000000E+000 -2.498750624687078E-017
         332           2  0.000000000000000E+000 -1.249375312336603E-020
         333           1  0.000000000000000E+000 -2.498750624687659E-017
         333           2  0.000000000000000E+000 -1.249375312309232E-020
         334           1  0.000000000000000E+000 -2.498750624687791E-017
         334           2  0.000000000000000E+000 -1.249375312377839E-020
         335           1  0.000000000000000E+000 -2.498750624687223E-017
         335           2  0.000000000000000E+000 -1.249375312384441E-020
         336           1  0.000000000000000E+000 -2.498750624686987E-017
         336           2  0.000000000000000E+000 -1.249375312385677E-020
         337           1  0.000000000000000E+000 -2.498750624687687E-017
         337           2  0.000000000000000E+000 -1.249375312528697E-020
         338           1  0.000000000000000E+000 -2.498750624687282E-017
         338           2  0.000000000000000E+000 -1.249375312398455E-020
         339           1  0.000000000000000E+000 -2.498750624686911E-017
         339           2  0.000000000000000E+000 -1.249375312420878E-020
         340           1  0.000000000000000E+000 -2.498750624686638E-017
         340           2  0.000000000000000E+000 -1.249375312414062E-020
         341           1  0.000000000000000E+000 -2.498750624686531E-017
         341           2  0.000000000000000E+000 -1.249375312257519E-020
         342           1  0.000000000000000E+000 -2.498750624686368E-017
         342           2  0.000000000000000E+000 -1.249375312249140E-020
         343           1  0.000000000000000E+000 -2.498750624686369E-017
         343           2  0.000000000000000E+000 -1.249375312319827E-020
         344           1  0.000000000000000E+000 -2.498750624686540E-017
         344           2  0.000000000000000E+000 -1.249375312241766E-020
         345           1  0.000000000000000E+000 -2.498750624686948E-017
         345           2  0.000000000000000E+000 -1.249375312297039E-020
         346           1  0.000000000000000E+000 -2.498750624686534E-017
         346           2  0.000000000000000E+000 -1.249375312250946E-020
         347           1  0.000000000000000E+000 -2.498750624686337E-017
         347           2  0.000000000000000E+000 -1.249375312202109E-020
         348           1  0.000000000000000E+000 -2.498750624687059E-017
         348           2  0.000000000000000E+000 -1.249375312269939E-020
         349           1  0.000000000000000E+000 -2.498750624686940E-017
         349           2  0.000000000000000E+000 -1.249375312333955E-020
         350           1  0.000000000000000E+000 -2.498750624687188E-017
         350           2  0.000000000000000E+000 -1.249375312542206E-020
         351           1  0.000000000000000E+000 -2.498750624687208E-017
         351           2  0.000000000000000E+000 -1.249375312503390E-020
         352           1  0.000000000000000E+000 -2.498750624686658E-017
         352           2  0.000000000000000E+000 -1.249375312224164E-020
         353           1  0.000000000000000E+000 -2.498750624686951E-017
         353           2  0.000000000000000E+000 -1.249375312329741E-020
         354           1  0.000000000000000E+000 -2.498750624686943E-017
         354           2  0.000000000000000E+000 -1.249375312278112E-020
         355           1  0.000000000000000E+000 -2.498750624686810E-017
         355           2  0.000000000000000E+000 -1.249375312234812E-020
         356           1  0.000000000000000E+000 -2.498750624686898E-017
         356           2  0.000000000000000E+000 -1.249375312220929E-020
         357           1  0.000000000000000E+000 -2.498750624687246E-017
         357           2  0.000000000000000E+000 -1.249375312500227E-020
         358           1  0.000000000000000E+000 -2.498750624686853E-017
         358           2  0.000000000000000E+000 -1.249375312492123E-020
         359           1  0.000000000000000E+000 -2.498750624686622E-017
         359           2  0.000000000000000E+000 -1.249375312448673E-020
         360           1  0.000000000000000E+000 -2.498750624686860E-017
         360           2  0.000000000000000E+000 -1.249375312428697E-020
         361           1  0.000000000000000E+000 -2.498750624686153E-017
         361           2  0.000000000000000E+000 -1.249375312305728E-020
         362           1  0.000000000000000E+000 -2.498750624686280E-017
         362           2  0.000000000000000E+000 -1.249375312277822E-020
         363           1  0.000000000000000E+000 -2.498750624686367E-017
         363           2  0.000000000000000E+000 -1.249375312233255E-020
         364           1  0.000000000000000E+000 -2.498750624686520E-017
         364           2  0.000000000000000E+000 -1.249375312248343E-020
         365           1  0.000000000000000E+000 -2.498750624686733E-017
         365           2  0.000000000000000E+000 -1.249375312230738E-020
         366           1  0.000000000000000E+000 -2.498750624686606E-017
         366           2  0.000000000000000E+000 -1.249375312280949E-020
         367           1  0.000000000000000E+000 -2.498750624686675E-017
         367           2  0.000000000000000E+000 -1.249375312354108E-020
         368           1  0.000000000000000E+000 -2.498750624686185E-017
         368           2  0.000000000000000E+000 -1.249375312378731E-020
         369           1  0.000000000000000E+000 -2.498750624687075E-017
         369           2  0.000000000000000E+000 -1.249375312360519E-020
         370           1  0.000000000000000E+000 -2.498750624686994E-017
         370           2  0.000000000000000E+000 -1.249375312358324E-020
         371           1  0.000000000000000E+000 -2.498750624686755E-017
         371           2  0.000000000000000E+000 -1.249375312221536E-020
         372           1  0.000000000000000E+000 -2.498750624686989E-017
         372           2  0.000000000000000E+000 -1.249375312419512E-020
         373           1  0.000000000000000E+000 -2.498750624686816E-017
         373           2  0.000000000000000E+000 -1.249375312359991E-020
         374           1  0.000000000000000E+000 -2.498750624686799E-017
         374           2  0.000000000000000E+000 -1.249375312369043E-020
         375           1  0.000000000000000E+000 -2.498750624686681E-017
         375           2  0.000000000000000E+000 -1.249375312304951E-020
         376           1  0.000000000000000E+000 -2.498750624686829E-017
         376           2  0.000000000000000E+000 -1.249375312290312E-020
         377           1  0.000000000000000E+000 -2.498750624686249E-017
         377           2  0.000000000000000E+000 -1.249375312173726E-020
         378           1  0.000000000000000E+000 -2.498750624686246E-017
         378           2  0.000000000000000E+000 -1.249375312367448E-020
         379           1  0.000000000000000E+000 -2.498750624686551E-017
         379           2  0.000000000000000E+000 -1.249375312334770E-020
         380           1  0.000000000000000E+000 -2.498750624686283E-017
         380           2  0.000000000000000E+000 -1.249375312259542E-020
         381           1  0.000000000000000E+000 -2.498750624686275E-017
         381           2  0.000000000000000E+000 -1.249375312290933E-020
         382           1  0.000000000000000E+000 -2.498750624686443E-017
         382           2  0.000000000000000E+000 -1.249375312310014E-020
         383           1  0.000000000000000E+000 -2.498750624686730E-017
         383           2  0.000000000000000E+000 -1.249375312353095E-020
         384           1  0.000000000000000E+000 -2.498750624686469E-017
         384           2  0.000000000000000E+000 -1.249375312308229E-020
         385           1  0.000000000000000E+000 -2.498750624686613E-017
         385           2  0.000000000000000E+000 -1.249375312220014E-020
         386           1  0.000000000000000E+000 -2.498750624686801E-017
         386           2  0.000000000000000E+000 -1.249375312249023E-020
         387           1  0.000000000000000E+000 -2.498750624686887E-017
         387           2  0.000000000000000E+000 -1.249375312383366E-020
         388           1  0.000000000000000E+000 -2.498750624687177E-017
         388           2  0.000000000000000E+000 -1.249375312352229E-020
         389           1  0.000000000000000E+000 -2.498750624686584E-017
         389           2  0.000000000000000E+000 -1.249375312297858E-020
         390           1  0.000000000000000E+000 -2.498750624688305E-017
         390           2  0.000000000000000E+000 -1.249375312567600E-020
         391           1  0.000000000000000E+000 -2.498750624686663E-017
         391           2  0.000000000000000E+000 -1.249375312297519E-020
         392           1  0.000000000000000E+000 -2.498750624687478E-017
         392           2  0.000000000000000E+000 -1.249375312577250E-020
         393           1  0.000000000000000E+000 -2.498750624687054E-017
         393           2  0.000000000000000E+000 -1.249375312456718E-020
         394           1  0.000000000000000E+000 -2.498750624687002E-017
         394           2  0.000000000000000E+000 -1.249375312457769E-020
         395           1  0.000000000000000E+000 -2.498750624686724E-017
         395           2  0.000000000000000E+000 -1.249375312295445E-020
         396           1  0.000000000000000E+000 -2.498750624686746E-017
         396           2  0.000000000000000E+000 -1.249375312376348E-020
         397           1  0.000000000000000E+000 -2.498750624686716E-017
         397           2  0.000000000000000E+000 -1.249375312266084E-020
         398           1  0.000000000000000E+000 -2.498750624686407E-017
         398           2  0.000000000000000E+000 -1.249375312354158E-020
         399           1  0.000000000000000E+000 -2.498750624685939E-017
         399           2  0.000000000000000E+000 -1.249375312238701E-020
         400           1  0.000000000000000E+000 -2.498750624685897E-017
         400           2  0.000000000000000E+000 -1.249375312318007E-020
