           1           1  0.000000000000000E+000 -1.792035398230685E-017
           1           2  0.000000000000000E+000 -7.079646017707529E-018
           2           1  0.000000000000000E+000 -1.792035398230682E-017
           2           2  0.000000000000000E+000 -7.079646017711787E-018
           3           1  0.000000000000000E+000 -1.792035398230311E-017
           3           2  0.000000000000000E+000 -7.079646017706616E-018
           4           1  0.000000000000000E+000 -1.792035398230537E-017
           4           2  0.000000000000000E+000 -7.079646017708952E-018
           5           1  0.000000000000000E+000 -1.792035398230399E-017
           5           2  0.000000000000000E+000 -7.079646017705748E-018
           6           1  0.000000000000000E+000 -1.792035398230072E-017
           6           2  0.000000000000000E+000 -7.079646017703356E-018
           7           1  0.000000000000000E+000 -1.792035398229992E-017
           7           2  0.000000000000000E+000 -7.079646017702186E-018
           8           1  0.000000000000000E+000 -1.792035398230011E-017
           8           2  0.000000000000000E+000 -7.079646017702625E-018
           9           1  0.000000000000000E+000 -1.792035398229886E-017
           9           2  0.000000000000000E+000 -7.079646017698216E-018
          10           1  0.000000000000000E+000 -1.792035398229817E-017
          10           2  0.000000000000000E+000 -7.079646017693956E-018
          11           1  0.000000000000000E+000 -1.792035398230624E-017
          11           2  0.000000000000000E+000 -7.079646017709579E-018
          12           1  0.000000000000000E+000 -1.792035398230469E-017
          12           2  0.000000000000000E+000 -7.079646017707080E-018
          13           1  0.000000000000000E+000 -1.792035398230572E-017
          13           2  0.000000000000000E+000 -7.079646017708571E-018
          14           1  0.000000000000000E+000 -1.792035398230513E-017
          14           2  0.000000000000000E+000 -7.079646017710380E-018
          15           1  0.000000000000000E+000 -1.792035398230260E-017
          15           2  0.000000000000000E+000 -7.079646017707611E-018
          16           1  0.000000000000000E+000 -1.792035398230037E-017
          16           2  0.000000000000000E+000 -7.079646017705462E-018
          17           1  0.000000000000000E+000 -1.792035398229957E-017
          17           2  0.000000000000000E+000 -7.079646017702305E-018
          18           1  0.000000000000000E+000 -1.792035398230001E-017
          18           2  0.000000000000000E+000 -7.079646017702684E-018
          19           1  0.000000000000000E+000 -1.792035398230085E-017
          19           2  0.000000000000000E+000 -7.079646017699758E-018
          20           1  0.000000000000000E+000 -1.792035398229845E-017
          20           2  0.000000000000000E+000 -7.079646017697046E-018
          21           1  0.000000000000000E+000 -1.792035398230236E-017
          21           2  0.000000000000000E+000 -7.079646017706947E-018
          22           1  0.000000000000000E+000 -1.792035398230440E-017
          22           2  0.000000000000000E+000 -7.079646017706594E-018
          23           1  0.000000000000000E+000 -1.792035398230679E-017
          23           2  0.000000000000000E+000 -7.079646017711230E-018
          24           1  0.000000000000000E+000 -1.792035398230483E-017
          24           2  0.000000000000000E+000 -7.079646017710878E-018
          25           1  0.000000000000000E+000 -1.792035398230273E-017
          25           2  0.000000000000000E+000 -7.079646017706550E-018
          26           1  0.000000000000000E+000 -1.792035398229952E-017
          26           2  0.000000000000000E+000 -7.079646017704009E-018
          27           1  0.000000000000000E+000 -1.792035398229873E-017
          27           2  0.000000000000000E+000 -7.079646017701615E-018
          28           1  0.000000000000000E+000 -1.792035398230092E-017
          28           2  0.000000000000000E+000 -7.079646017703195E-018
          29           1  0.000000000000000E+000 -1.792035398229921E-017
          29           2  0.000000000000000E+000 -7.079646017698820E-018
          30           1  0.000000000000000E+000 -1.792035398229812E-017
          30           2  0.000000000000000E+000 -7.079646017697438E-018
          31           1  0.000000000000000E+000 -1.792035398230403E-017
          31           2  0.000000000000000E+000 -7.079646017709400E-018
          32           1  0.000000000000000E+000 -1.792035398230508E-017
          32           2  0.000000000000000E+000 -7.079646017707301E-018
          33           1  0.000000000000000E+000 -1.792035398230553E-017
          33           2  0.000000000000000E+000 -7.079646017710140E-018
          34           1  0.000000000000000E+000 -1.792035398230430E-017
          34           2  0.000000000000000E+000 -7.079646017711038E-018
          35           1  0.000000000000000E+000 -1.792035398230212E-017
          35           2  0.000000000000000E+000 -7.079646017707435E-018
          36           1  0.000000000000000E+000 -1.792035398229974E-017
          36           2  0.000000000000000E+000 -7.079646017702927E-018
          37           1  0.000000000000000E+000 -1.792035398229771E-017
          37           2  0.000000000000000E+000 -7.079646017700615E-018
          38           1  0.000000000000000E+000 -1.792035398229758E-017
          38           2  0.000000000000000E+000 -7.079646017699817E-018
          39           1  0.000000000000000E+000 -1.792035398229693E-017
          39           2  0.000000000000000E+000 -7.079646017697015E-018
          40           1  0.000000000000000E+000 -1.792035398229631E-017
          40           2  0.000000000000000E+000 -7.079646017695290E-018
          41           1  0.000000000000000E+000 -1.792035398230320E-017
          41           2  0.000000000000000E+000 -7.079646017707550E-018
          42           1  0.000000000000000E+000 -1.792035398230281E-017
          42           2  0.000000000000000E+000 -7.079646017706583E-018
          43           1  0.000000000000000E+000 -1.792035398230440E-017
          43           2  0.000000000000000E+000 -7.079646017707218E-018
          44           1  0.000000000000000E+000 -1.792035398230377E-017
          44           2  0.000000000000000E+000 -7.079646017707425E-018
          45           1  0.000000000000000E+000 -1.792035398230182E-017
          45           2  0.000000000000000E+000 -7.079646017705710E-018
          46           1  0.000000000000000E+000 -1.792035398230039E-017
          46           2  0.000000000000000E+000 -7.079646017701987E-018
          47           1  0.000000000000000E+000 -1.792035398229813E-017
          47           2  0.000000000000000E+000 -7.079646017697643E-018
          48           1  0.000000000000000E+000 -1.792035398229727E-017
          48           2  0.000000000000000E+000 -7.079646017696593E-018
          49           1  0.000000000000000E+000 -1.792035398229746E-017
          49           2  0.000000000000000E+000 -7.079646017694898E-018
          50           1  0.000000000000000E+000 -1.792035398229668E-017
          50           2  0.000000000000000E+000 -7.079646017693906E-018
          51           1  0.000000000000000E+000 -1.792035398230088E-017
          51           2  0.000000000000000E+000 -7.079646017706086E-018
          52           1  0.000000000000000E+000 -1.792035398230160E-017
          52           2  0.000000000000000E+000 -7.079646017704926E-018
          53           1  0.000000000000000E+000 -1.792035398230302E-017
          53           2  0.000000000000000E+000 -7.079646017704380E-018
          54           1  0.000000000000000E+000 -1.792035398230152E-017
          54           2  0.000000000000000E+000 -7.079646017703638E-018
          55           1  0.000000000000000E+000 -1.792035398230077E-017
          55           2  0.000000000000000E+000 -7.079646017702534E-018
          56           1  0.000000000000000E+000 -1.792035398230011E-017
          56           2  0.000000000000000E+000 -7.079646017700082E-018
          57           1  0.000000000000000E+000 -1.792035398229887E-017
          57           2  0.000000000000000E+000 -7.079646017696260E-018
          58           1  0.000000000000000E+000 -1.792035398229742E-017
          58           2  0.000000000000000E+000 -7.079646017695586E-018
          59           1  0.000000000000000E+000 -1.792035398229749E-017
          59           2  0.000000000000000E+000 -7.079646017695629E-018
          60           1  0.000000000000000E+000 -1.792035398229677E-017
          60           2  0.000000000000000E+000 -7.079646017694450E-018
          61           1  0.000000000000000E+000 -1.792035398230085E-017
          61           2  0.000000000000000E+000 -7.079646017702955E-018
          62           1  0.000000000000000E+000 -1.792035398230128E-017
          62           2  0.000000000000000E+000 -7.079646017703160E-018
          63           1  0.000000000000000E+000 -1.792035398230116E-017
          63           2  0.000000000000000E+000 -7.079646017701913E-018
          64           1  0.000000000000000E+000 -1.792035398229975E-017
          64           2  0.000000000000000E+000 -7.079646017700732E-018
          65           1  0.000000000000000E+000 -1.792035398229784E-017
          65           2  0.000000000000000E+000 -7.079646017700117E-018
          66           1  0.000000000000000E+000 -1.792035398229842E-017
          66           2  0.000000000000000E+000 -7.079646017697230E-018
          67           1  0.000000000000000E+000 -1.792035398229727E-017
          67           2  0.000000000000000E+000 -7.079646017695279E-018
          68           1  0.000000000000000E+000 -1.792035398229747E-017
          68           2  0.000000000000000E+000 -7.079646017695479E-018
          69           1  0.000000000000000E+000 -1.792035398229737E-017
          69           2  0.000000000000000E+000 -7.079646017695068E-018
          70           1  0.000000000000000E+000 -1.792035398229640E-017
          70           2  0.000000000000000E+000 -7.079646017694774E-018
          71           1  0.000000000000000E+000 -1.792035398229965E-017
          71           2  0.000000000000000E+000 -7.079646017701662E-018
          72           1  0.000000000000000E+000 -1.792035398230011E-017
          72           2  0.000000000000000E+000 -7.079646017701812E-018
          73           1  0.000000000000000E+000 -1.792035398230104E-017
          73           2  0.000000000000000E+000 -7.079646017701163E-018
          74           1  0.000000000000000E+000 -1.792035398229805E-017
          74           2  0.000000000000000E+000 -7.079646017697940E-018
          75           1  0.000000000000000E+000 -1.792035398229672E-017
          75           2  0.000000000000000E+000 -7.079646017696428E-018
          76           1  0.000000000000000E+000 -1.792035398229641E-017
          76           2  0.000000000000000E+000 -7.079646017695878E-018
          77           1  0.000000000000000E+000 -1.792035398229645E-017
          77           2  0.000000000000000E+000 -7.079646017695105E-018
          78           1  0.000000000000000E+000 -1.792035398229748E-017
          78           2  0.000000000000000E+000 -7.079646017695755E-018
          79           1  0.000000000000000E+000 -1.792035398229847E-017
          79           2  0.000000000000000E+000 -7.079646017695430E-018
          80           1  0.000000000000000E+000 -1.792035398229790E-017
          80           2  0.000000000000000E+000 -7.079646017695168E-018
          81           1  0.000000000000000E+000 -1.792035398229939E-017
          81           2  0.000000000000000E+000 -7.079646017696935E-018
          82           1  0.000000000000000E+000 -1.792035398229990E-017
          82           2  0.000000000000000E+000 -7.079646017699451E-018
          83           1  0.000000000000000E+000 -1.792035398229885E-017
          83           2  0.000000000000000E+000 -7.079646017697932E-018
          84           1  0.000000000000000E+000 -1.792035398229672E-017
          84           2  0.000000000000000E+000 -7.079646017693860E-018
          85           1  0.000000000000000E+000 -1.792035398229635E-017
          85           2  0.000000000000000E+000 -7.079646017694536E-018
          86           1  0.000000000000000E+000 -1.792035398229658E-017
          86           2  0.000000000000000E+000 -7.079646017694794E-018
          87           1  0.000000000000000E+000 -1.792035398229602E-017
          87           2  0.000000000000000E+000 -7.079646017693412E-018
          88           1  0.000000000000000E+000 -1.792035398229767E-017
          88           2  0.000000000000000E+000 -7.079646017695693E-018
          89           1  0.000000000000000E+000 -1.792035398229837E-017
          89           2  0.000000000000000E+000 -7.079646017695823E-018
          90           1  0.000000000000000E+000 -1.792035398229765E-017
          90           2  0.000000000000000E+000 -7.079646017693805E-018
          91           1  0.000000000000000E+000 -1.792035398229737E-017
          91           2  0.000000000000000E+000 -7.079646017695641E-018
          92           1  0.000000000000000E+000 -1.792035398229796E-017
          92           2  0.000000000000000E+000 -7.079646017696801E-018
          93           1  0.000000000000000E+000 -1.792035398229687E-017
          93           2  0.000000000000000E+000 -7.079646017695925E-018
          94           1  0.000000000000000E+000 -1.792035398229546E-017
          94           2  0.000000000000000E+000 -7.079646017692446E-018
          95           1  0.000000000000000E+000 -1.792035398229518E-017
          95           2  0.000000000000000E+000 -7.079646017693100E-018
          96           1  0.000000000000000E+000 -1.792035398229532E-017
          96           2  0.000000000000000E+000 -7.079646017692959E-018
          97           1  0.000000000000000E+000 -1.792035398229575E-017
          97           2  0.000000000000000E+000 -7.079646017691857E-018
          98           1  0.000000000000000E+000 -1.792035398229698E-017
          98           2  0.000000000000000E+000 -7.079646017694898E-018
          99           1  0.000000000000000E+000 -1.792035398229748E-017
          99           2  0.000000000000000E+000 -7.079646017693603E-018
         100           1  0.000000000000000E+000 -1.792035398229691E-017
         100           2  0.000000000000000E+000 -7.079646017695074E-018
