           1           1  0.000000000000000E+000 -1.851851851851862E-017
           1           2  0.000000000000000E+000 -6.481481481481734E-018
           2           1  0.000000000000000E+000 -1.851851851851908E-017
           2           2  0.000000000000000E+000 -6.481481481481436E-018
           3           1  0.000000000000000E+000 -1.851851851851989E-017
           3           2  0.000000000000000E+000 -6.481481481481927E-018
           4           1  0.000000000000000E+000 -1.851851851851894E-017
           4           2  0.000000000000000E+000 -6.481481481481723E-018
           5           1  0.000000000000000E+000 -1.851851851851839E-017
           5           2  0.000000000000000E+000 -6.481481481481771E-018
           6           1  0.000000000000000E+000 -1.851851851851833E-017
           6           2  0.000000000000000E+000 -6.481481481481695E-018
           7           1  0.000000000000000E+000 -1.851851851852073E-017
           7           2  0.000000000000000E+000 -6.481481481481556E-018
           8           1  0.000000000000000E+000 -1.851851851851871E-017
           8           2  0.000000000000000E+000 -6.481481481481713E-018
           9           1  0.000000000000000E+000 -1.851851851852030E-017
           9           2  0.000000000000000E+000 -6.481481481481987E-018
          10           1  0.000000000000000E+000 -1.851851851852817E-017
          10           2  0.000000000000000E+000 -6.481481481484558E-018
          11           1  0.000000000000000E+000 -1.851851851852211E-017
          11           2  0.000000000000000E+000 -6.481481481482277E-018
          12           1  0.000000000000000E+000 -1.851851851852225E-017
          12           2  0.000000000000000E+000 -6.481481481482230E-018
          13           1  0.000000000000000E+000 -1.851851851852093E-017
          13           2  0.000000000000000E+000 -6.481481481482100E-018
          14           1  0.000000000000000E+000 -1.851851851850792E-017
          14           2  0.000000000000000E+000 -6.481481481478900E-018
          15           1  0.000000000000000E+000 -1.851851851851785E-017
          15           2  0.000000000000000E+000 -6.481481481481481E-018
          16           1  0.000000000000000E+000 -1.851851851851429E-017
          16           2  0.000000000000000E+000 -6.481481481479855E-018
          17           1  0.000000000000000E+000 -1.851851851851694E-017
          17           2  0.000000000000000E+000 -6.481481481480830E-018
          18           1  0.000000000000000E+000 -1.851851851850620E-017
          18           2  0.000000000000000E+000 -6.481481481476614E-018
          19           1  0.000000000000000E+000 -1.851851851851670E-017
          19           2  0.000000000000000E+000 -6.481481481480973E-018
          20           1  0.000000000000000E+000 -1.851851851851797E-017
          20           2  0.000000000000000E+000 -6.481481481481346E-018
          21           1  0.000000000000000E+000 -1.851851851851901E-017
          21           2  0.000000000000000E+000 -6.481481481481793E-018
          22           1  0.000000000000000E+000 -1.851851851851982E-017
          22           2  0.000000000000000E+000 -6.481481481481889E-018
          23           1  0.000000000000000E+000 -1.851851851850787E-017
          23           2  0.000000000000000E+000 -6.481481481478175E-018
          24           1  0.000000000000000E+000 -1.851851851851907E-017
          24           2  0.000000000000000E+000 -6.481481481481765E-018
          25           1  0.000000000000000E+000 -1.851851851851894E-017
          25           2  0.000000000000000E+000 -6.481481481481709E-018
          26           1  0.000000000000000E+000 -1.851851851851933E-017
          26           2  0.000000000000000E+000 -6.481481481481710E-018
          27           1  0.000000000000000E+000 -1.851851851851825E-017
          27           2  0.000000000000000E+000 -6.481481481482026E-018
          28           1  0.000000000000000E+000 -1.851851851851878E-017
          28           2  0.000000000000000E+000 -6.481481481481583E-018
          29           1  0.000000000000000E+000 -1.851851851851931E-017
          29           2  0.000000000000000E+000 -6.481481481481820E-018
          30           1  0.000000000000000E+000 -1.851851851852595E-017
          30           2  0.000000000000000E+000 -6.481481481484735E-018
          31           1  0.000000000000000E+000 -1.851851851852958E-017
          31           2  0.000000000000000E+000 -6.481481481483828E-018
          32           1  0.000000000000000E+000 -1.851851851851967E-017
          32           2  0.000000000000000E+000 -6.481481481480880E-018
          33           1  0.000000000000000E+000 -1.851851851850154E-017
          33           2  0.000000000000000E+000 -6.481481481477577E-018
          34           1  0.000000000000000E+000 -1.851851851850415E-017
          34           2  0.000000000000000E+000 -6.481481481477628E-018
          35           1  0.000000000000000E+000 -1.851851851850943E-017
          35           2  0.000000000000000E+000 -6.481481481478796E-018
          36           1  0.000000000000000E+000 -1.851851851851475E-017
          36           2  0.000000000000000E+000 -6.481481481480349E-018
          37           1  0.000000000000000E+000 -1.851851851851197E-017
          37           2  0.000000000000000E+000 -6.481481481478675E-018
          38           1  0.000000000000000E+000 -1.851851851851631E-017
          38           2  0.000000000000000E+000 -6.481481481480683E-018
          39           1  0.000000000000000E+000 -1.851851851851026E-017
          39           2  0.000000000000000E+000 -6.481481481479065E-018
          40           1  0.000000000000000E+000 -1.851851851851705E-017
          40           2  0.000000000000000E+000 -6.481481481481029E-018
          41           1  0.000000000000000E+000 -1.851851851852148E-017
          41           2  0.000000000000000E+000 -6.481481481482511E-018
          42           1  0.000000000000000E+000 -1.851851851852001E-017
          42           2  0.000000000000000E+000 -6.481481481482088E-018
          43           1  0.000000000000000E+000 -1.851851851851737E-017
          43           2  0.000000000000000E+000 -6.481481481481390E-018
          44           1  0.000000000000000E+000 -1.851851851851870E-017
          44           2  0.000000000000000E+000 -6.481481481481755E-018
          45           1  0.000000000000000E+000 -1.851851851852008E-017
          45           2  0.000000000000000E+000 -6.481481481481909E-018
          46           1  0.000000000000000E+000 -1.851851851851936E-017
          46           2  0.000000000000000E+000 -6.481481481481830E-018
          47           1  0.000000000000000E+000 -1.851851851851881E-017
          47           2  0.000000000000000E+000 -6.481481481481652E-018
          48           1  0.000000000000000E+000 -1.851851851851984E-017
          48           2  0.000000000000000E+000 -6.481481481481786E-018
          49           1  0.000000000000000E+000 -1.851851851851976E-017
          49           2  0.000000000000000E+000 -6.481481481481902E-018
          50           1  0.000000000000000E+000 -1.851851851852091E-017
          50           2  0.000000000000000E+000 -6.481481481481907E-018
          51           1  0.000000000000000E+000 -1.851851851851767E-017
          51           2  0.000000000000000E+000 -6.481481481479697E-018
          52           1  0.000000000000000E+000 -1.851851851851239E-017
          52           2  0.000000000000000E+000 -6.481481481479981E-018
          53           1  0.000000000000000E+000 -1.851851851850910E-017
          53           2  0.000000000000000E+000 -6.481481481479494E-018
          54           1  0.000000000000000E+000 -1.851851851850539E-017
          54           2  0.000000000000000E+000 -6.481481481478972E-018
          55           1  0.000000000000000E+000 -1.851851851850704E-017
          55           2  0.000000000000000E+000 -6.481481481478689E-018
          56           1  0.000000000000000E+000 -1.851851851850951E-017
          56           2  0.000000000000000E+000 -6.481481481479329E-018
          57           1  0.000000000000000E+000 -1.851851851850687E-017
          57           2  0.000000000000000E+000 -6.481481481478651E-018
          58           1  0.000000000000000E+000 -1.851851851850215E-017
          58           2  0.000000000000000E+000 -6.481481481477204E-018
          59           1  0.000000000000000E+000 -1.851851851850484E-017
          59           2  0.000000000000000E+000 -6.481481481476937E-018
          60           1  0.000000000000000E+000 -1.851851851851677E-017
          60           2  0.000000000000000E+000 -6.481481481480832E-018
          61           1  0.000000000000000E+000 -1.851851851851940E-017
          61           2  0.000000000000000E+000 -6.481481481481889E-018
          62           1  0.000000000000000E+000 -1.851851851851981E-017
          62           2  0.000000000000000E+000 -6.481481481482370E-018
          63           1  0.000000000000000E+000 -1.851851851851965E-017
          63           2  0.000000000000000E+000 -6.481481481482001E-018
          64           1  0.000000000000000E+000 -1.851851851852185E-017
          64           2  0.000000000000000E+000 -6.481481481483873E-018
          65           1  0.000000000000000E+000 -1.851851851852354E-017
          65           2  0.000000000000000E+000 -6.481481481483173E-018
          66           1  0.000000000000000E+000 -1.851851851851860E-017
          66           2  0.000000000000000E+000 -6.481481481481651E-018
          67           1  0.000000000000000E+000 -1.851851851851849E-017
          67           2  0.000000000000000E+000 -6.481481481483340E-018
          68           1  0.000000000000000E+000 -1.851851851851869E-017
          68           2  0.000000000000000E+000 -6.481481481482207E-018
          69           1  0.000000000000000E+000 -1.851851851851853E-017
          69           2  0.000000000000000E+000 -6.481481481482257E-018
          70           1  0.000000000000000E+000 -1.851851851851792E-017
          70           2  0.000000000000000E+000 -6.481481481480088E-018
          71           1  0.000000000000000E+000 -1.851851851851226E-017
          71           2  0.000000000000000E+000 -6.481481481478514E-018
          72           1  0.000000000000000E+000 -1.851851851850739E-017
          72           2  0.000000000000000E+000 -6.481481481479225E-018
          73           1  0.000000000000000E+000 -1.851851851850869E-017
          73           2  0.000000000000000E+000 -6.481481481478875E-018
          74           1  0.000000000000000E+000 -1.851851851850677E-017
          74           2  0.000000000000000E+000 -6.481481481478143E-018
          75           1  0.000000000000000E+000 -1.851851851850717E-017
          75           2  0.000000000000000E+000 -6.481481481479599E-018
          76           1  0.000000000000000E+000 -1.851851851851218E-017
          76           2  0.000000000000000E+000 -6.481481481479239E-018
          77           1  0.000000000000000E+000 -1.851851851850897E-017
          77           2  0.000000000000000E+000 -6.481481481478716E-018
          78           1  0.000000000000000E+000 -1.851851851850666E-017
          78           2  0.000000000000000E+000 -6.481481481477527E-018
          79           1  0.000000000000000E+000 -1.851851851850526E-017
          79           2  0.000000000000000E+000 -6.481481481476515E-018
          80           1  0.000000000000000E+000 -1.851851851851748E-017
          80           2  0.000000000000000E+000 -6.481481481481138E-018
          81           1  0.000000000000000E+000 -1.851851851852034E-017
          81           2  0.000000000000000E+000 -6.481481481482373E-018
          82           1  0.000000000000000E+000 -1.851851851853069E-017
          82           2  0.000000000000000E+000 -6.481481481484272E-018
          83           1  0.000000000000000E+000 -1.851851851851926E-017
          83           2  0.000000000000000E+000 -6.481481481481905E-018
          84           1  0.000000000000000E+000 -1.851851851853096E-017
          84           2  0.000000000000000E+000 -6.481481481486534E-018
          85           1  0.000000000000000E+000 -1.851851851851929E-017
          85           2  0.000000000000000E+000 -6.481481481482844E-018
          86           1  0.000000000000000E+000 -1.851851851852507E-017
          86           2  0.000000000000000E+000 -6.481481481484118E-018
          87           1  0.000000000000000E+000 -1.851851851851930E-017
          87           2  0.000000000000000E+000 -6.481481481482293E-018
          88           1  0.000000000000000E+000 -1.851851851851318E-017
          88           2  0.000000000000000E+000 -6.481481481479747E-018
          89           1  0.000000000000000E+000 -1.851851851851074E-017
          89           2  0.000000000000000E+000 -6.481481481479019E-018
          90           1  0.000000000000000E+000 -1.851851851851769E-017
          90           2  0.000000000000000E+000 -6.481481481481023E-018
          91           1  0.000000000000000E+000 -1.851851851850757E-017
          91           2  0.000000000000000E+000 -6.481481481478449E-018
          92           1  0.000000000000000E+000 -1.851851851850865E-017
          92           2  0.000000000000000E+000 -6.481481481478726E-018
          93           1  0.000000000000000E+000 -1.851851851851038E-017
          93           2  0.000000000000000E+000 -6.481481481478609E-018
          94           1  0.000000000000000E+000 -1.851851851850814E-017
          94           2  0.000000000000000E+000 -6.481481481478382E-018
          95           1  0.000000000000000E+000 -1.851851851850905E-017
          95           2  0.000000000000000E+000 -6.481481481479194E-018
          96           1  0.000000000000000E+000 -1.851851851851183E-017
          96           2  0.000000000000000E+000 -6.481481481479715E-018
          97           1  0.000000000000000E+000 -1.851851851850764E-017
          97           2  0.000000000000000E+000 -6.481481481477384E-018
          98           1  0.000000000000000E+000 -1.851851851851692E-017
          98           2  0.000000000000000E+000 -6.481481481480879E-018
          99           1  0.000000000000000E+000 -1.851851851851546E-017
          99           2  0.000000000000000E+000 -6.481481481480678E-018
         100           1  0.000000000000000E+000 -1.851851851851527E-017
         100           2  0.000000000000000E+000 -6.481481481480313E-018
         101           1  0.000000000000000E+000 -1.851851851852089E-017
         101           2  0.000000000000000E+000 -6.481481481482302E-018
         102           1  0.000000000000000E+000 -1.851851851851995E-017
         102           2  0.000000000000000E+000 -6.481481481482189E-018
         103           1  0.000000000000000E+000 -1.851851851852364E-017
         103           2  0.000000000000000E+000 -6.481481481483906E-018
         104           1  0.000000000000000E+000 -1.851851851852401E-017
         104           2  0.000000000000000E+000 -6.481481481485078E-018
         105           1  0.000000000000000E+000 -1.851851851852493E-017
         105           2  0.000000000000000E+000 -6.481481481484973E-018
         106           1  0.000000000000000E+000 -1.851851851852411E-017
         106           2  0.000000000000000E+000 -6.481481481483074E-018
         107           1  0.000000000000000E+000 -1.851851851851567E-017
         107           2  0.000000000000000E+000 -6.481481481480706E-018
         108           1  0.000000000000000E+000 -1.851851851850946E-017
         108           2  0.000000000000000E+000 -6.481481481479326E-018
         109           1  0.000000000000000E+000 -1.851851851851706E-017
         109           2  0.000000000000000E+000 -6.481481481480996E-018
         110           1  0.000000000000000E+000 -1.851851851851556E-017
         110           2  0.000000000000000E+000 -6.481481481480939E-018
         111           1  0.000000000000000E+000 -1.851851851850472E-017
         111           2  0.000000000000000E+000 -6.481481481477961E-018
         112           1  0.000000000000000E+000 -1.851851851850783E-017
         112           2  0.000000000000000E+000 -6.481481481478513E-018
         113           1  0.000000000000000E+000 -1.851851851850729E-017
         113           2  0.000000000000000E+000 -6.481481481477854E-018
         114           1  0.000000000000000E+000 -1.851851851850033E-017
         114           2  0.000000000000000E+000 -6.481481481476642E-018
         115           1  0.000000000000000E+000 -1.851851851850414E-017
         115           2  0.000000000000000E+000 -6.481481481476656E-018
         116           1  0.000000000000000E+000 -1.851851851850613E-017
         116           2  0.000000000000000E+000 -6.481481481476824E-018
         117           1  0.000000000000000E+000 -1.851851851850882E-017
         117           2  0.000000000000000E+000 -6.481481481477253E-018
         118           1  0.000000000000000E+000 -1.851851851851682E-017
         118           2  0.000000000000000E+000 -6.481481481480992E-018
         119           1  0.000000000000000E+000 -1.851851851851655E-017
         119           2  0.000000000000000E+000 -6.481481481481014E-018
         120           1  0.000000000000000E+000 -1.851851851851586E-017
         120           2  0.000000000000000E+000 -6.481481481480659E-018
         121           1  0.000000000000000E+000 -1.851851851851667E-017
         121           2  0.000000000000000E+000 -6.481481481480767E-018
         122           1  0.000000000000000E+000 -1.851851851852428E-017
         122           2  0.000000000000000E+000 -6.481481481482451E-018
         123           1  0.000000000000000E+000 -1.851851851851951E-017
         123           2  0.000000000000000E+000 -6.481481481481972E-018
         124           1  0.000000000000000E+000 -1.851851851852714E-017
         124           2  0.000000000000000E+000 -6.481481481484944E-018
         125           1  0.000000000000000E+000 -1.851851851853622E-017
         125           2  0.000000000000000E+000 -6.481481481488373E-018
         126           1  0.000000000000000E+000 -1.851851851853048E-017
         126           2  0.000000000000000E+000 -6.481481481485905E-018
         127           1  0.000000000000000E+000 -1.851851851851685E-017
         127           2  0.000000000000000E+000 -6.481481481481068E-018
         128           1  0.000000000000000E+000 -1.851851851850996E-017
         128           2  0.000000000000000E+000 -6.481481481478265E-018
         129           1  0.000000000000000E+000 -1.851851851851630E-017
         129           2  0.000000000000000E+000 -6.481481481481065E-018
         130           1  0.000000000000000E+000 -1.851851851851224E-017
         130           2  0.000000000000000E+000 -6.481481481479913E-018
         131           1  0.000000000000000E+000 -1.851851851851265E-017
         131           2  0.000000000000000E+000 -6.481481481479826E-018
         132           1  0.000000000000000E+000 -1.851851851851236E-017
         132           2  0.000000000000000E+000 -6.481481481480305E-018
         133           1  0.000000000000000E+000 -1.851851851850647E-017
         133           2  0.000000000000000E+000 -6.481481481478129E-018
         134           1  0.000000000000000E+000 -1.851851851850439E-017
         134           2  0.000000000000000E+000 -6.481481481477793E-018
         135           1  0.000000000000000E+000 -1.851851851850761E-017
         135           2  0.000000000000000E+000 -6.481481481478161E-018
         136           1  0.000000000000000E+000 -1.851851851850726E-017
         136           2  0.000000000000000E+000 -6.481481481477761E-018
         137           1  0.000000000000000E+000 -1.851851851851721E-017
         137           2  0.000000000000000E+000 -6.481481481480977E-018
         138           1  0.000000000000000E+000 -1.851851851851621E-017
         138           2  0.000000000000000E+000 -6.481481481481016E-018
         139           1  0.000000000000000E+000 -1.851851851851733E-017
         139           2  0.000000000000000E+000 -6.481481481480991E-018
         140           1  0.000000000000000E+000 -1.851851851851682E-017
         140           2  0.000000000000000E+000 -6.481481481480873E-018
         141           1  0.000000000000000E+000 -1.851851851851532E-017
         141           2  0.000000000000000E+000 -6.481481481480307E-018
         142           1  0.000000000000000E+000 -1.851851851851567E-017
         142           2  0.000000000000000E+000 -6.481481481480605E-018
         143           1  0.000000000000000E+000 -1.851851851852160E-017
         143           2  0.000000000000000E+000 -6.481481481483424E-018
         144           1  0.000000000000000E+000 -1.851851851852909E-017
         144           2  0.000000000000000E+000 -6.481481481485505E-018
         145           1  0.000000000000000E+000 -1.851851851852998E-017
         145           2  0.000000000000000E+000 -6.481481481486795E-018
         146           1  0.000000000000000E+000 -1.851851851853104E-017
         146           2  0.000000000000000E+000 -6.481481481486074E-018
         147           1  0.000000000000000E+000 -1.851851851851000E-017
         147           2  0.000000000000000E+000 -6.481481481478851E-018
         148           1  0.000000000000000E+000 -1.851851851850589E-017
         148           2  0.000000000000000E+000 -6.481481481478202E-018
         149           1  0.000000000000000E+000 -1.851851851850542E-017
         149           2  0.000000000000000E+000 -6.481481481478379E-018
         150           1  0.000000000000000E+000 -1.851851851851397E-017
         150           2  0.000000000000000E+000 -6.481481481479786E-018
         151           1  0.000000000000000E+000 -1.851851851851260E-017
         151           2  0.000000000000000E+000 -6.481481481479959E-018
         152           1  0.000000000000000E+000 -1.851851851850770E-017
         152           2  0.000000000000000E+000 -6.481481481479065E-018
         153           1  0.000000000000000E+000 -1.851851851850683E-017
         153           2  0.000000000000000E+000 -6.481481481478894E-018
         154           1  0.000000000000000E+000 -1.851851851850935E-017
         154           2  0.000000000000000E+000 -6.481481481480147E-018
         155           1  0.000000000000000E+000 -1.851851851852428E-017
         155           2  0.000000000000000E+000 -6.481481481483801E-018
         156           1  0.000000000000000E+000 -1.851851851851546E-017
         156           2  0.000000000000000E+000 -6.481481481480473E-018
         157           1  0.000000000000000E+000 -1.851851851850636E-017
         157           2  0.000000000000000E+000 -6.481481481477653E-018
         158           1  0.000000000000000E+000 -1.851851851851753E-017
         158           2  0.000000000000000E+000 -6.481481481480773E-018
         159           1  0.000000000000000E+000 -1.851851851851624E-017
         159           2  0.000000000000000E+000 -6.481481481480645E-018
         160           1  0.000000000000000E+000 -1.851851851851627E-017
         160           2  0.000000000000000E+000 -6.481481481480681E-018
         161           1  0.000000000000000E+000 -1.851851851851754E-017
         161           2  0.000000000000000E+000 -6.481481481480743E-018
         162           1  0.000000000000000E+000 -1.851851851851728E-017
         162           2  0.000000000000000E+000 -6.481481481481202E-018
         163           1  0.000000000000000E+000 -1.851851851851280E-017
         163           2  0.000000000000000E+000 -6.481481481478740E-018
         164           1  0.000000000000000E+000 -1.851851851851973E-017
         164           2  0.000000000000000E+000 -6.481481481481897E-018
         165           1  0.000000000000000E+000 -1.851851851853173E-017
         165           2  0.000000000000000E+000 -6.481481481486723E-018
         166           1  0.000000000000000E+000 -1.851851851851886E-017
         166           2  0.000000000000000E+000 -6.481481481482318E-018
         167           1  0.000000000000000E+000 -1.851851851851518E-017
         167           2  0.000000000000000E+000 -6.481481481481415E-018
         168           1  0.000000000000000E+000 -1.851851851851363E-017
         168           2  0.000000000000000E+000 -6.481481481480847E-018
         169           1  0.000000000000000E+000 -1.851851851851495E-017
         169           2  0.000000000000000E+000 -6.481481481480561E-018
         170           1  0.000000000000000E+000 -1.851851851852025E-017
         170           2  0.000000000000000E+000 -6.481481481481975E-018
         171           1  0.000000000000000E+000 -1.851851851852200E-017
         171           2  0.000000000000000E+000 -6.481481481482588E-018
         172           1  0.000000000000000E+000 -1.851851851851437E-017
         172           2  0.000000000000000E+000 -6.481481481481031E-018
         173           1  0.000000000000000E+000 -1.851851851851378E-017
         173           2  0.000000000000000E+000 -6.481481481481695E-018
         174           1  0.000000000000000E+000 -1.851851851851521E-017
         174           2  0.000000000000000E+000 -6.481481481482472E-018
         175           1  0.000000000000000E+000 -1.851851851851903E-017
         175           2  0.000000000000000E+000 -6.481481481481868E-018
         176           1  0.000000000000000E+000 -1.851851851852502E-017
         176           2  0.000000000000000E+000 -6.481481481484597E-018
         177           1  0.000000000000000E+000 -1.851851851850654E-017
         177           2  0.000000000000000E+000 -6.481481481477827E-018
         178           1  0.000000000000000E+000 -1.851851851851753E-017
         178           2  0.000000000000000E+000 -6.481481481480776E-018
         179           1  0.000000000000000E+000 -1.851851851851645E-017
         179           2  0.000000000000000E+000 -6.481481481480562E-018
         180           1  0.000000000000000E+000 -1.851851851851592E-017
         180           2  0.000000000000000E+000 -6.481481481480756E-018
         181           1  0.000000000000000E+000 -1.851851851851511E-017
         181           2  0.000000000000000E+000 -6.481481481480111E-018
         182           1  0.000000000000000E+000 -1.851851851851507E-017
         182           2  0.000000000000000E+000 -6.481481481480344E-018
         183           1  0.000000000000000E+000 -1.851851851851644E-017
         183           2  0.000000000000000E+000 -6.481481481480794E-018
         184           1  0.000000000000000E+000 -1.851851851851437E-017
         184           2  0.000000000000000E+000 -6.481481481478994E-018
         185           1  0.000000000000000E+000 -1.851851851850446E-017
         185           2  0.000000000000000E+000 -6.481481481476482E-018
         186           1  0.000000000000000E+000 -1.851851851850740E-017
         186           2  0.000000000000000E+000 -6.481481481477801E-018
         187           1  0.000000000000000E+000 -1.851851851851547E-017
         187           2  0.000000000000000E+000 -6.481481481480847E-018
         188           1  0.000000000000000E+000 -1.851851851852027E-017
         188           2  0.000000000000000E+000 -6.481481481481870E-018
         189           1  0.000000000000000E+000 -1.851851851851864E-017
         189           2  0.000000000000000E+000 -6.481481481482219E-018
         190           1  0.000000000000000E+000 -1.851851851851942E-017
         190           2  0.000000000000000E+000 -6.481481481481025E-018
         191           1  0.000000000000000E+000 -1.851851851852501E-017
         191           2  0.000000000000000E+000 -6.481481481483903E-018
         192           1  0.000000000000000E+000 -1.851851851852464E-017
         192           2  0.000000000000000E+000 -6.481481481483177E-018
         193           1  0.000000000000000E+000 -1.851851851852826E-017
         193           2  0.000000000000000E+000 -6.481481481484843E-018
         194           1  0.000000000000000E+000 -1.851851851852543E-017
         194           2  0.000000000000000E+000 -6.481481481485597E-018
         195           1  0.000000000000000E+000 -1.851851851853154E-017
         195           2  0.000000000000000E+000 -6.481481481486556E-018
         196           1  0.000000000000000E+000 -1.851851851853249E-017
         196           2  0.000000000000000E+000 -6.481481481486895E-018
         197           1  0.000000000000000E+000 -1.851851851851134E-017
         197           2  0.000000000000000E+000 -6.481481481479917E-018
         198           1  0.000000000000000E+000 -1.851851851851818E-017
         198           2  0.000000000000000E+000 -6.481481481480769E-018
         199           1  0.000000000000000E+000 -1.851851851851708E-017
         199           2  0.000000000000000E+000 -6.481481481480691E-018
         200           1  0.000000000000000E+000 -1.851851851851639E-017
         200           2  0.000000000000000E+000 -6.481481481480471E-018
         201           1  0.000000000000000E+000 -1.851851851851538E-017
         201           2  0.000000000000000E+000 -6.481481481480561E-018
         202           1  0.000000000000000E+000 -1.851851851851605E-017
         202           2  0.000000000000000E+000 -6.481481481480552E-018
         203           1  0.000000000000000E+000 -1.851851851851583E-017
         203           2  0.000000000000000E+000 -6.481481481480746E-018
         204           1  0.000000000000000E+000 -1.851851851851777E-017
         204           2  0.000000000000000E+000 -6.481481481481201E-018
         205           1  0.000000000000000E+000 -1.851851851851890E-017
         205           2  0.000000000000000E+000 -6.481481481481347E-018
         206           1  0.000000000000000E+000 -1.851851851850676E-017
         206           2  0.000000000000000E+000 -6.481481481476063E-018
         207           1  0.000000000000000E+000 -1.851851851852152E-017
         207           2  0.000000000000000E+000 -6.481481481483233E-018
         208           1  0.000000000000000E+000 -1.851851851851967E-017
         208           2  0.000000000000000E+000 -6.481481481481480E-018
         209           1  0.000000000000000E+000 -1.851851851852091E-017
         209           2  0.000000000000000E+000 -6.481481481481279E-018
         210           1  0.000000000000000E+000 -1.851851851852318E-017
         210           2  0.000000000000000E+000 -6.481481481482769E-018
         211           1  0.000000000000000E+000 -1.851851851852955E-017
         211           2  0.000000000000000E+000 -6.481481481484527E-018
         212           1  0.000000000000000E+000 -1.851851851852719E-017
         212           2  0.000000000000000E+000 -6.481481481484782E-018
         213           1  0.000000000000000E+000 -1.851851851852789E-017
         213           2  0.000000000000000E+000 -6.481481481484844E-018
         214           1  0.000000000000000E+000 -1.851851851852200E-017
         214           2  0.000000000000000E+000 -6.481481481482672E-018
         215           1  0.000000000000000E+000 -1.851851851852229E-017
         215           2  0.000000000000000E+000 -6.481481481482813E-018
         216           1  0.000000000000000E+000 -1.851851851852148E-017
         216           2  0.000000000000000E+000 -6.481481481482514E-018
         217           1  0.000000000000000E+000 -1.851851851851947E-017
         217           2  0.000000000000000E+000 -6.481481481481641E-018
         218           1  0.000000000000000E+000 -1.851851851851668E-017
         218           2  0.000000000000000E+000 -6.481481481480439E-018
         219           1  0.000000000000000E+000 -1.851851851851700E-017
         219           2  0.000000000000000E+000 -6.481481481480635E-018
         220           1  0.000000000000000E+000 -1.851851851851625E-017
         220           2  0.000000000000000E+000 -6.481481481480758E-018
         221           1  0.000000000000000E+000 -1.851851851851657E-017
         221           2  0.000000000000000E+000 -6.481481481480773E-018
         222           1  0.000000000000000E+000 -1.851851851851530E-017
         222           2  0.000000000000000E+000 -6.481481481480385E-018
         223           1  0.000000000000000E+000 -1.851851851851517E-017
         223           2  0.000000000000000E+000 -6.481481481480277E-018
         224           1  0.000000000000000E+000 -1.851851851851581E-017
         224           2  0.000000000000000E+000 -6.481481481480347E-018
         225           1  0.000000000000000E+000 -1.851851851851775E-017
         225           2  0.000000000000000E+000 -6.481481481480894E-018
         226           1  0.000000000000000E+000 -1.851851851851841E-017
         226           2  0.000000000000000E+000 -6.481481481481501E-018
         227           1  0.000000000000000E+000 -1.851851851850686E-017
         227           2  0.000000000000000E+000 -6.481481481477986E-018
         228           1  0.000000000000000E+000 -1.851851851852359E-017
         228           2  0.000000000000000E+000 -6.481481481483210E-018
         229           1  0.000000000000000E+000 -1.851851851851918E-017
         229           2  0.000000000000000E+000 -6.481481481481608E-018
         230           1  0.000000000000000E+000 -1.851851851852287E-017
         230           2  0.000000000000000E+000 -6.481481481483366E-018
         231           1  0.000000000000000E+000 -1.851851851852537E-017
         231           2  0.000000000000000E+000 -6.481481481483779E-018
         232           1  0.000000000000000E+000 -1.851851851852294E-017
         232           2  0.000000000000000E+000 -6.481481481483487E-018
         233           1  0.000000000000000E+000 -1.851851851851933E-017
         233           2  0.000000000000000E+000 -6.481481481482550E-018
         234           1  0.000000000000000E+000 -1.851851851852121E-017
         234           2  0.000000000000000E+000 -6.481481481482566E-018
         235           1  0.000000000000000E+000 -1.851851851852161E-017
         235           2  0.000000000000000E+000 -6.481481481482600E-018
         236           1  0.000000000000000E+000 -1.851851851852142E-017
         236           2  0.000000000000000E+000 -6.481481481482507E-018
         237           1  0.000000000000000E+000 -1.851851851851826E-017
         237           2  0.000000000000000E+000 -6.481481481481294E-018
         238           1  0.000000000000000E+000 -1.851851851851641E-017
         238           2  0.000000000000000E+000 -6.481481481480607E-018
         239           1  0.000000000000000E+000 -1.851851851851861E-017
         239           2  0.000000000000000E+000 -6.481481481481476E-018
         240           1  0.000000000000000E+000 -1.851851851852028E-017
         240           2  0.000000000000000E+000 -6.481481481482160E-018
         241           1  0.000000000000000E+000 -1.851851851851722E-017
         241           2  0.000000000000000E+000 -6.481481481481356E-018
         242           1  0.000000000000000E+000 -1.851851851851687E-017
         242           2  0.000000000000000E+000 -6.481481481480887E-018
         243           1  0.000000000000000E+000 -1.851851851851506E-017
         243           2  0.000000000000000E+000 -6.481481481480392E-018
         244           1  0.000000000000000E+000 -1.851851851851418E-017
         244           2  0.000000000000000E+000 -6.481481481480057E-018
         245           1  0.000000000000000E+000 -1.851851851851652E-017
         245           2  0.000000000000000E+000 -6.481481481480447E-018
         246           1  0.000000000000000E+000 -1.851851851851799E-017
         246           2  0.000000000000000E+000 -6.481481481481008E-018
         247           1  0.000000000000000E+000 -1.851851851851885E-017
         247           2  0.000000000000000E+000 -6.481481481481171E-018
         248           1  0.000000000000000E+000 -1.851851851850947E-017
         248           2  0.000000000000000E+000 -6.481481481476176E-018
         249           1  0.000000000000000E+000 -1.851851851851572E-017
         249           2  0.000000000000000E+000 -6.481481481480075E-018
         250           1  0.000000000000000E+000 -1.851851851852169E-017
         250           2  0.000000000000000E+000 -6.481481481482728E-018
         251           1  0.000000000000000E+000 -1.851851851851729E-017
         251           2  0.000000000000000E+000 -6.481481481482003E-018
         252           1  0.000000000000000E+000 -1.851851851852177E-017
         252           2  0.000000000000000E+000 -6.481481481482949E-018
         253           1  0.000000000000000E+000 -1.851851851851786E-017
         253           2  0.000000000000000E+000 -6.481481481480233E-018
         254           1  0.000000000000000E+000 -1.851851851851845E-017
         254           2  0.000000000000000E+000 -6.481481481482140E-018
         255           1  0.000000000000000E+000 -1.851851851851907E-017
         255           2  0.000000000000000E+000 -6.481481481481751E-018
         256           1  0.000000000000000E+000 -1.851851851851538E-017
         256           2  0.000000000000000E+000 -6.481481481480426E-018
         257           1  0.000000000000000E+000 -1.851851851851873E-017
         257           2  0.000000000000000E+000 -6.481481481481367E-018
         258           1  0.000000000000000E+000 -1.851851851851749E-017
         258           2  0.000000000000000E+000 -6.481481481481102E-018
         259           1  0.000000000000000E+000 -1.851851851851776E-017
         259           2  0.000000000000000E+000 -6.481481481481249E-018
         260           1  0.000000000000000E+000 -1.851851851852178E-017
         260           2  0.000000000000000E+000 -6.481481481482256E-018
         261           1  0.000000000000000E+000 -1.851851851851971E-017
         261           2  0.000000000000000E+000 -6.481481481482591E-018
         262           1  0.000000000000000E+000 -1.851851851851858E-017
         262           2  0.000000000000000E+000 -6.481481481481587E-018
         263           1  0.000000000000000E+000 -1.851851851851505E-017
         263           2  0.000000000000000E+000 -6.481481481480561E-018
         264           1  0.000000000000000E+000 -1.851851851851414E-017
         264           2  0.000000000000000E+000 -6.481481481480041E-018
         265           1  0.000000000000000E+000 -1.851851851851500E-017
         265           2  0.000000000000000E+000 -6.481481481480197E-018
         266           1  0.000000000000000E+000 -1.851851851851744E-017
         266           2  0.000000000000000E+000 -6.481481481480723E-018
         267           1  0.000000000000000E+000 -1.851851851851769E-017
         267           2  0.000000000000000E+000 -6.481481481481338E-018
         268           1  0.000000000000000E+000 -1.851851851851896E-017
         268           2  0.000000000000000E+000 -6.481481481481151E-018
         269           1  0.000000000000000E+000 -1.851851851850518E-017
         269           2  0.000000000000000E+000 -6.481481481475730E-018
         270           1  0.000000000000000E+000 -1.851851851851989E-017
         270           2  0.000000000000000E+000 -6.481481481481930E-018
         271           1  0.000000000000000E+000 -1.851851851851803E-017
         271           2  0.000000000000000E+000 -6.481481481482839E-018
         272           1  0.000000000000000E+000 -1.851851851851396E-017
         272           2  0.000000000000000E+000 -6.481481481481232E-018
         273           1  0.000000000000000E+000 -1.851851851851471E-017
         273           2  0.000000000000000E+000 -6.481481481480815E-018
         274           1  0.000000000000000E+000 -1.851851851850378E-017
         274           2  0.000000000000000E+000 -6.481481481476127E-018
         275           1  0.000000000000000E+000 -1.851851851851756E-017
         275           2  0.000000000000000E+000 -6.481481481480884E-018
         276           1  0.000000000000000E+000 -1.851851851851632E-017
         276           2  0.000000000000000E+000 -6.481481481480839E-018
         277           1  0.000000000000000E+000 -1.851851851851612E-017
         277           2  0.000000000000000E+000 -6.481481481480936E-018
         278           1  0.000000000000000E+000 -1.851851851851628E-017
         278           2  0.000000000000000E+000 -6.481481481481094E-018
         279           1  0.000000000000000E+000 -1.851851851851788E-017
         279           2  0.000000000000000E+000 -6.481481481481476E-018
         280           1  0.000000000000000E+000 -1.851851851851838E-017
         280           2  0.000000000000000E+000 -6.481481481481206E-018
         281           1  0.000000000000000E+000 -1.851851851852273E-017
         281           2  0.000000000000000E+000 -6.481481481483028E-018
         282           1  0.000000000000000E+000 -1.851851851851881E-017
         282           2  0.000000000000000E+000 -6.481481481482110E-018
         283           1  0.000000000000000E+000 -1.851851851851542E-017
         283           2  0.000000000000000E+000 -6.481481481480834E-018
         284           1  0.000000000000000E+000 -1.851851851851457E-017
         284           2  0.000000000000000E+000 -6.481481481480189E-018
         285           1  0.000000000000000E+000 -1.851851851851495E-017
         285           2  0.000000000000000E+000 -6.481481481480155E-018
         286           1  0.000000000000000E+000 -1.851851851851509E-017
         286           2  0.000000000000000E+000 -6.481481481480708E-018
         287           1  0.000000000000000E+000 -1.851851851851736E-017
         287           2  0.000000000000000E+000 -6.481481481481095E-018
         288           1  0.000000000000000E+000 -1.851851851851861E-017
         288           2  0.000000000000000E+000 -6.481481481481448E-018
         289           1  0.000000000000000E+000 -1.851851851851770E-017
         289           2  0.000000000000000E+000 -6.481481481480917E-018
         290           1  0.000000000000000E+000 -1.851851851850335E-017
         290           2  0.000000000000000E+000 -6.481481481474885E-018
         291           1  0.000000000000000E+000 -1.851851851851127E-017
         291           2  0.000000000000000E+000 -6.481481481478831E-018
         292           1  0.000000000000000E+000 -1.851851851851055E-017
         292           2  0.000000000000000E+000 -6.481481481479951E-018
         293           1  0.000000000000000E+000 -1.851851851850781E-017
         293           2  0.000000000000000E+000 -6.481481481478783E-018
         294           1  0.000000000000000E+000 -1.851851851850847E-017
         294           2  0.000000000000000E+000 -6.481481481476487E-018
         295           1  0.000000000000000E+000 -1.851851851851789E-017
         295           2  0.000000000000000E+000 -6.481481481480913E-018
         296           1  0.000000000000000E+000 -1.851851851851661E-017
         296           2  0.000000000000000E+000 -6.481481481481005E-018
         297           1  0.000000000000000E+000 -1.851851851851535E-017
         297           2  0.000000000000000E+000 -6.481481481480786E-018
         298           1  0.000000000000000E+000 -1.851851851851536E-017
         298           2  0.000000000000000E+000 -6.481481481480783E-018
         299           1  0.000000000000000E+000 -1.851851851851677E-017
         299           2  0.000000000000000E+000 -6.481481481480669E-018
         300           1  0.000000000000000E+000 -1.851851851851964E-017
         300           2  0.000000000000000E+000 -6.481481481481695E-018
         301           1  0.000000000000000E+000 -1.851851851852432E-017
         301           2  0.000000000000000E+000 -6.481481481483662E-018
         302           1  0.000000000000000E+000 -1.851851851852205E-017
         302           2  0.000000000000000E+000 -6.481481481482930E-018
         303           1  0.000000000000000E+000 -1.851851851851633E-017
         303           2  0.000000000000000E+000 -6.481481481480840E-018
         304           1  0.000000000000000E+000 -1.851851851851424E-017
         304           2  0.000000000000000E+000 -6.481481481480263E-018
         305           1  0.000000000000000E+000 -1.851851851851592E-017
         305           2  0.000000000000000E+000 -6.481481481480680E-018
         306           1  0.000000000000000E+000 -1.851851851851702E-017
         306           2  0.000000000000000E+000 -6.481481481480905E-018
         307           1  0.000000000000000E+000 -1.851851851851668E-017
         307           2  0.000000000000000E+000 -6.481481481481118E-018
         308           1  0.000000000000000E+000 -1.851851851851822E-017
         308           2  0.000000000000000E+000 -6.481481481481310E-018
         309           1  0.000000000000000E+000 -1.851851851851873E-017
         309           2  0.000000000000000E+000 -6.481481481481201E-018
         310           1  0.000000000000000E+000 -1.851851851851897E-017
         310           2  0.000000000000000E+000 -6.481481481481103E-018
         311           1  0.000000000000000E+000 -1.851851851850224E-017
         311           2  0.000000000000000E+000 -6.481481481475107E-018
         312           1  0.000000000000000E+000 -1.851851851850350E-017
         312           2  0.000000000000000E+000 -6.481481481476549E-018
         313           1  0.000000000000000E+000 -1.851851851850194E-017
         313           2  0.000000000000000E+000 -6.481481481476191E-018
         314           1  0.000000000000000E+000 -1.851851851850795E-017
         314           2  0.000000000000000E+000 -6.481481481476722E-018
         315           1  0.000000000000000E+000 -1.851851851851733E-017
         315           2  0.000000000000000E+000 -6.481481481481269E-018
         316           1  0.000000000000000E+000 -1.851851851851714E-017
         316           2  0.000000000000000E+000 -6.481481481481201E-018
         317           1  0.000000000000000E+000 -1.851851851851609E-017
         317           2  0.000000000000000E+000 -6.481481481480951E-018
         318           1  0.000000000000000E+000 -1.851851851851717E-017
         318           2  0.000000000000000E+000 -6.481481481480965E-018
         319           1  0.000000000000000E+000 -1.851851851851702E-017
         319           2  0.000000000000000E+000 -6.481481481481667E-018
         320           1  0.000000000000000E+000 -1.851851851851828E-017
         320           2  0.000000000000000E+000 -6.481481481481799E-018
         321           1  0.000000000000000E+000 -1.851851851852111E-017
         321           2  0.000000000000000E+000 -6.481481481482113E-018
         322           1  0.000000000000000E+000 -1.851851851851979E-017
         322           2  0.000000000000000E+000 -6.481481481481833E-018
         323           1  0.000000000000000E+000 -1.851851851851623E-017
         323           2  0.000000000000000E+000 -6.481481481480682E-018
         324           1  0.000000000000000E+000 -1.851851851851600E-017
         324           2  0.000000000000000E+000 -6.481481481480421E-018
         325           1  0.000000000000000E+000 -1.851851851851606E-017
         325           2  0.000000000000000E+000 -6.481481481480475E-018
         326           1  0.000000000000000E+000 -1.851851851851659E-017
         326           2  0.000000000000000E+000 -6.481481481480934E-018
         327           1  0.000000000000000E+000 -1.851851851851712E-017
         327           2  0.000000000000000E+000 -6.481481481480819E-018
         328           1  0.000000000000000E+000 -1.851851851851589E-017
         328           2  0.000000000000000E+000 -6.481481481480493E-018
         329           1  0.000000000000000E+000 -1.851851851851582E-017
         329           2  0.000000000000000E+000 -6.481481481480405E-018
         330           1  0.000000000000000E+000 -1.851851851851838E-017
         330           2  0.000000000000000E+000 -6.481481481481116E-018
         331           1  0.000000000000000E+000 -1.851851851851787E-017
         331           2  0.000000000000000E+000 -6.481481481481170E-018
         332           1  0.000000000000000E+000 -1.851851851850282E-017
         332           2  0.000000000000000E+000 -6.481481481475777E-018
         333           1  0.000000000000000E+000 -1.851851851849852E-017
         333           2  0.000000000000000E+000 -6.481481481475202E-018
         334           1  0.000000000000000E+000 -1.851851851850958E-017
         334           2  0.000000000000000E+000 -6.481481481476864E-018
         335           1  0.000000000000000E+000 -1.851851851851859E-017
         335           2  0.000000000000000E+000 -6.481481481481308E-018
         336           1  0.000000000000000E+000 -1.851851851851720E-017
         336           2  0.000000000000000E+000 -6.481481481481165E-018
         337           1  0.000000000000000E+000 -1.851851851851759E-017
         337           2  0.000000000000000E+000 -6.481481481480984E-018
         338           1  0.000000000000000E+000 -1.851851851851735E-017
         338           2  0.000000000000000E+000 -6.481481481481259E-018
         339           1  0.000000000000000E+000 -1.851851851851766E-017
         339           2  0.000000000000000E+000 -6.481481481481291E-018
         340           1  0.000000000000000E+000 -1.851851851851846E-017
         340           2  0.000000000000000E+000 -6.481481481481274E-018
         341           1  0.000000000000000E+000 -1.851851851851798E-017
         341           2  0.000000000000000E+000 -6.481481481481499E-018
         342           1  0.000000000000000E+000 -1.851851851851719E-017
         342           2  0.000000000000000E+000 -6.481481481481263E-018
         343           1  0.000000000000000E+000 -1.851851851851518E-017
         343           2  0.000000000000000E+000 -6.481481481480680E-018
         344           1  0.000000000000000E+000 -1.851851851851675E-017
         344           2  0.000000000000000E+000 -6.481481481480495E-018
         345           1  0.000000000000000E+000 -1.851851851851559E-017
         345           2  0.000000000000000E+000 -6.481481481479954E-018
         346           1  0.000000000000000E+000 -1.851851851851508E-017
         346           2  0.000000000000000E+000 -6.481481481479910E-018
         347           1  0.000000000000000E+000 -1.851851851851491E-017
         347           2  0.000000000000000E+000 -6.481481481480097E-018
         348           1  0.000000000000000E+000 -1.851851851851544E-017
         348           2  0.000000000000000E+000 -6.481481481480349E-018
         349           1  0.000000000000000E+000 -1.851851851851613E-017
         349           2  0.000000000000000E+000 -6.481481481480384E-018
         350           1  0.000000000000000E+000 -1.851851851851767E-017
         350           2  0.000000000000000E+000 -6.481481481480699E-018
         351           1  0.000000000000000E+000 -1.851851851851765E-017
         351           2  0.000000000000000E+000 -6.481481481480823E-018
         352           1  0.000000000000000E+000 -1.851851851851706E-017
         352           2  0.000000000000000E+000 -6.481481481480897E-018
         353           1  0.000000000000000E+000 -1.851851851849924E-017
         353           2  0.000000000000000E+000 -6.481481481474902E-018
         354           1  0.000000000000000E+000 -1.851851851850723E-017
         354           2  0.000000000000000E+000 -6.481481481476734E-018
         355           1  0.000000000000000E+000 -1.851851851851661E-017
         355           2  0.000000000000000E+000 -6.481481481481111E-018
         356           1  0.000000000000000E+000 -1.851851851851733E-017
         356           2  0.000000000000000E+000 -6.481481481481376E-018
         357           1  0.000000000000000E+000 -1.851851851851722E-017
         357           2  0.000000000000000E+000 -6.481481481481180E-018
         358           1  0.000000000000000E+000 -1.851851851851684E-017
         358           2  0.000000000000000E+000 -6.481481481481025E-018
         359           1  0.000000000000000E+000 -1.851851851851581E-017
         359           2  0.000000000000000E+000 -6.481481481480863E-018
         360           1  0.000000000000000E+000 -1.851851851851873E-017
         360           2  0.000000000000000E+000 -6.481481481481724E-018
         361           1  0.000000000000000E+000 -1.851851851851513E-017
         361           2  0.000000000000000E+000 -6.481481481479790E-018
         362           1  0.000000000000000E+000 -1.851851851851621E-017
         362           2  0.000000000000000E+000 -6.481481481480507E-018
         363           1  0.000000000000000E+000 -1.851851851851804E-017
         363           2  0.000000000000000E+000 -6.481481481480897E-018
         364           1  0.000000000000000E+000 -1.851851851851387E-017
         364           2  0.000000000000000E+000 -6.481481481480361E-018
         365           1  0.000000000000000E+000 -1.851851851851546E-017
         365           2  0.000000000000000E+000 -6.481481481480336E-018
         366           1  0.000000000000000E+000 -1.851851851851517E-017
         366           2  0.000000000000000E+000 -6.481481481480389E-018
         367           1  0.000000000000000E+000 -1.851851851851467E-017
         367           2  0.000000000000000E+000 -6.481481481479624E-018
         368           1  0.000000000000000E+000 -1.851851851851497E-017
         368           2  0.000000000000000E+000 -6.481481481479810E-018
         369           1  0.000000000000000E+000 -1.851851851851627E-017
         369           2  0.000000000000000E+000 -6.481481481480344E-018
         370           1  0.000000000000000E+000 -1.851851851851734E-017
         370           2  0.000000000000000E+000 -6.481481481480815E-018
         371           1  0.000000000000000E+000 -1.851851851851849E-017
         371           2  0.000000000000000E+000 -6.481481481481045E-018
         372           1  0.000000000000000E+000 -1.851851851851746E-017
         372           2  0.000000000000000E+000 -6.481481481481132E-018
         373           1  0.000000000000000E+000 -1.851851851851783E-017
         373           2  0.000000000000000E+000 -6.481481481481206E-018
         374           1  0.000000000000000E+000 -1.851851851851612E-017
         374           2  0.000000000000000E+000 -6.481481481480792E-018
         375           1  0.000000000000000E+000 -1.851851851851664E-017
         375           2  0.000000000000000E+000 -6.481481481480855E-018
         376           1  0.000000000000000E+000 -1.851851851851753E-017
         376           2  0.000000000000000E+000 -6.481481481481022E-018
         377           1  0.000000000000000E+000 -1.851851851851651E-017
         377           2  0.000000000000000E+000 -6.481481481480831E-018
         378           1  0.000000000000000E+000 -1.851851851851627E-017
         378           2  0.000000000000000E+000 -6.481481481480515E-018
         379           1  0.000000000000000E+000 -1.851851851851553E-017
         379           2  0.000000000000000E+000 -6.481481481480778E-018
         380           1  0.000000000000000E+000 -1.851851851851945E-017
         380           2  0.000000000000000E+000 -6.481481481481453E-018
         381           1  0.000000000000000E+000 -1.851851851851584E-017
         381           2  0.000000000000000E+000 -6.481481481480001E-018
         382           1  0.000000000000000E+000 -1.851851851852046E-017
         382           2  0.000000000000000E+000 -6.481481481481876E-018
         383           1  0.000000000000000E+000 -1.851851851851799E-017
         383           2  0.000000000000000E+000 -6.481481481480960E-018
         384           1  0.000000000000000E+000 -1.851851851851713E-017
         384           2  0.000000000000000E+000 -6.481481481481881E-018
         385           1  0.000000000000000E+000 -1.851851851851726E-017
         385           2  0.000000000000000E+000 -6.481481481481699E-018
         386           1  0.000000000000000E+000 -1.851851851851624E-017
         386           2  0.000000000000000E+000 -6.481481481480520E-018
         387           1  0.000000000000000E+000 -1.851851851851551E-017
         387           2  0.000000000000000E+000 -6.481481481480185E-018
         388           1  0.000000000000000E+000 -1.851851851851399E-017
         388           2  0.000000000000000E+000 -6.481481481479897E-018
         389           1  0.000000000000000E+000 -1.851851851851530E-017
         389           2  0.000000000000000E+000 -6.481481481479950E-018
         390           1  0.000000000000000E+000 -1.851851851851750E-017
         390           2  0.000000000000000E+000 -6.481481481480677E-018
         391           1  0.000000000000000E+000 -1.851851851851578E-017
         391           2  0.000000000000000E+000 -6.481481481480646E-018
         392           1  0.000000000000000E+000 -1.851851851851747E-017
         392           2  0.000000000000000E+000 -6.481481481480820E-018
         393           1  0.000000000000000E+000 -1.851851851851549E-017
         393           2  0.000000000000000E+000 -6.481481481480554E-018
         394           1  0.000000000000000E+000 -1.851851851851567E-017
         394           2  0.000000000000000E+000 -6.481481481480620E-018
         395           1  0.000000000000000E+000 -1.851851851851646E-017
         395           2  0.000000000000000E+000 -6.481481481480748E-018
         396           1  0.000000000000000E+000 -1.851851851851627E-017
         396           2  0.000000000000000E+000 -6.481481481480767E-018
         397           1  0.000000000000000E+000 -1.851851851851679E-017
         397           2  0.000000000000000E+000 -6.481481481480666E-018
         398           1  0.000000000000000E+000 -1.851851851851543E-017
         398           2  0.000000000000000E+000 -6.481481481480580E-018
         399           1  0.000000000000000E+000 -1.851851851851505E-017
         399           2  0.000000000000000E+000 -6.481481481480733E-018
         400           1  0.000000000000000E+000 -1.851851851851875E-017
         400           2  0.000000000000000E+000 -6.481481481481561E-018
