           1           1  0.000000000000000E+000 -5.343980343987133E-018
           1           2  0.000000000000000E+000  5.343980343977431E-018
           2           1  0.000000000000000E+000 -5.343980343985710E-018
           2           2  0.000000000000000E+000  5.343980343976952E-018
           3           1  0.000000000000000E+000 -5.343980343988649E-018
           3           2  0.000000000000000E+000  5.343980343970099E-018
           4           1  0.000000000000000E+000 -5.343980343994745E-018
           4           2  0.000000000000000E+000  5.343980343966824E-018
           5           1  0.000000000000000E+000 -5.343980343995356E-018
           5           2  0.000000000000000E+000  5.343980343969596E-018
           6           1  0.000000000000000E+000 -5.343980343992095E-018
           6           2  0.000000000000000E+000  5.343980343970222E-018
           7           1  0.000000000000000E+000 -5.343980343992541E-018
           7           2  0.000000000000000E+000  5.343980343968533E-018
           8           1  0.000000000000000E+000 -5.343980343988638E-018
           8           2  0.000000000000000E+000  5.343980343970749E-018
           9           1  0.000000000000000E+000 -5.343980343986975E-018
           9           2  0.000000000000000E+000  5.343980343967975E-018
          10           1  0.000000000000000E+000 -5.343980343987877E-018
          10           2  0.000000000000000E+000  5.343980343970110E-018
          11           1  0.000000000000000E+000 -5.343980343988938E-018
          11           2  0.000000000000000E+000  5.343980343971282E-018
          12           1  0.000000000000000E+000 -5.343980344014032E-018
          12           2  0.000000000000000E+000  5.343980343962858E-018
          13           1  0.000000000000000E+000 -5.343980343986640E-018
          13           2  0.000000000000000E+000  5.343980343969184E-018
          14           1  0.000000000000000E+000 -5.343980343988700E-018
          14           2  0.000000000000000E+000  5.343980343972049E-018
          15           1  0.000000000000000E+000 -5.343980344050303E-018
          15           2  0.000000000000000E+000  5.343980343927967E-018
          16           1  0.000000000000000E+000 -5.343980344030331E-018
          16           2  0.000000000000000E+000  5.343980343946934E-018
          17           1  0.000000000000000E+000 -5.343980343989938E-018
          17           2  0.000000000000000E+000  5.343980343975170E-018
          18           1  0.000000000000000E+000 -5.343980343994118E-018
          18           2  0.000000000000000E+000  5.343980343966618E-018
          19           1  0.000000000000000E+000 -5.343980343991097E-018
          19           2  0.000000000000000E+000  5.343980343966829E-018
          20           1  0.000000000000000E+000 -5.343980343998427E-018
          20           2  0.000000000000000E+000  5.343980343963828E-018
          21           1  0.000000000000000E+000 -5.343980343984694E-018
          21           2  0.000000000000000E+000  5.343980343979796E-018
          22           1  0.000000000000000E+000 -5.343980343986186E-018
          22           2  0.000000000000000E+000  5.343980343975394E-018
          23           1  0.000000000000000E+000 -5.343980343996852E-018
          23           2  0.000000000000000E+000  5.343980343964543E-018
          24           1  0.000000000000000E+000 -5.343980343994141E-018
          24           2  0.000000000000000E+000  5.343980343970012E-018
          25           1  0.000000000000000E+000 -5.343980343994950E-018
          25           2  0.000000000000000E+000  5.343980343971095E-018
          26           1  0.000000000000000E+000 -5.343980343991001E-018
          26           2  0.000000000000000E+000  5.343980343972921E-018
          27           1  0.000000000000000E+000 -5.343980343991125E-018
          27           2  0.000000000000000E+000  5.343980343970972E-018
          28           1  0.000000000000000E+000 -5.343980343989206E-018
          28           2  0.000000000000000E+000  5.343980343971831E-018
          29           1  0.000000000000000E+000 -5.343980343987534E-018
          29           2  0.000000000000000E+000  5.343980343973250E-018
          30           1  0.000000000000000E+000 -5.343980343987210E-018
          30           2  0.000000000000000E+000  5.343980343974267E-018
          31           1  0.000000000000000E+000 -5.343980343990009E-018
          31           2  0.000000000000000E+000  5.343980343971199E-018
          32           1  0.000000000000000E+000 -5.343980343988418E-018
          32           2  0.000000000000000E+000  5.343980343971147E-018
          33           1  0.000000000000000E+000 -5.343980343988071E-018
          33           2  0.000000000000000E+000  5.343980343973059E-018
          34           1  0.000000000000000E+000 -5.343980343987632E-018
          34           2  0.000000000000000E+000  5.343980343973154E-018
          35           1  0.000000000000000E+000 -5.343980344013224E-018
          35           2  0.000000000000000E+000  5.343980343970299E-018
          36           1  0.000000000000000E+000 -5.343980344031871E-018
          36           2  0.000000000000000E+000  5.343980343951366E-018
          37           1  0.000000000000000E+000 -5.343980344022679E-018
          37           2  0.000000000000000E+000  5.343980343954225E-018
          38           1  0.000000000000000E+000 -5.343980344000955E-018
          38           2  0.000000000000000E+000  5.343980343976115E-018
          39           1  0.000000000000000E+000 -5.343980343995371E-018
          39           2  0.000000000000000E+000  5.343980343964004E-018
          40           1  0.000000000000000E+000 -5.343980343999193E-018
          40           2  0.000000000000000E+000  5.343980343964112E-018
          41           1  0.000000000000000E+000 -5.343980343988729E-018
          41           2  0.000000000000000E+000  5.343980343971831E-018
          42           1  0.000000000000000E+000 -5.343980343991872E-018
          42           2  0.000000000000000E+000  5.343980343969458E-018
          43           1  0.000000000000000E+000 -5.343980343970794E-018
          43           2  0.000000000000000E+000  5.343980343991003E-018
          44           1  0.000000000000000E+000 -5.343980343963426E-018
          44           2  0.000000000000000E+000  5.343980343999922E-018
          45           1  0.000000000000000E+000 -5.343980343962733E-018
          45           2  0.000000000000000E+000  5.343980344000071E-018
          46           1  0.000000000000000E+000 -5.343980343988157E-018
          46           2  0.000000000000000E+000  5.343980343973056E-018
          47           1  0.000000000000000E+000 -5.343980343988443E-018
          47           2  0.000000000000000E+000  5.343980343973512E-018
          48           1  0.000000000000000E+000 -5.343980343985719E-018
          48           2  0.000000000000000E+000  5.343980343974717E-018
          49           1  0.000000000000000E+000 -5.343980343986414E-018
          49           2  0.000000000000000E+000  5.343980343973884E-018
          50           1  0.000000000000000E+000 -5.343980343986267E-018
          50           2  0.000000000000000E+000  5.343980343974587E-018
          51           1  0.000000000000000E+000 -5.343980343985403E-018
          51           2  0.000000000000000E+000  5.343980343974897E-018
          52           1  0.000000000000000E+000 -5.343980343985940E-018
          52           2  0.000000000000000E+000  5.343980343972013E-018
          53           1  0.000000000000000E+000 -5.343980343987157E-018
          53           2  0.000000000000000E+000  5.343980343974254E-018
          54           1  0.000000000000000E+000 -5.343980343974035E-018
          54           2  0.000000000000000E+000  5.343980344000929E-018
          55           1  0.000000000000000E+000 -5.343980343956808E-018
          55           2  0.000000000000000E+000  5.343980344024956E-018
          56           1  0.000000000000000E+000 -5.343980343992981E-018
          56           2  0.000000000000000E+000  5.343980343969287E-018
          57           1  0.000000000000000E+000 -5.343980344032668E-018
          57           2  0.000000000000000E+000  5.343980343944520E-018
          58           1  0.000000000000000E+000 -5.343980343972937E-018
          58           2  0.000000000000000E+000  5.343980343988951E-018
          59           1  0.000000000000000E+000 -5.343980343977913E-018
          59           2  0.000000000000000E+000  5.343980343999235E-018
          60           1  0.000000000000000E+000 -5.343980343974921E-018
          60           2  0.000000000000000E+000  5.343980343989340E-018
          61           1  0.000000000000000E+000 -5.343980343958520E-018
          61           2  0.000000000000000E+000  5.343980344002851E-018
          62           1  0.000000000000000E+000 -5.343980343962854E-018
          62           2  0.000000000000000E+000  5.343980344000272E-018
          63           1  0.000000000000000E+000 -5.343980343992376E-018
          63           2  0.000000000000000E+000  5.343980343970329E-018
          64           1  0.000000000000000E+000 -5.343980343962493E-018
          64           2  0.000000000000000E+000  5.343980343999245E-018
          65           1  0.000000000000000E+000 -5.343980343989622E-018
          65           2  0.000000000000000E+000  5.343980343971829E-018
          66           1  0.000000000000000E+000 -5.343980343991860E-018
          66           2  0.000000000000000E+000  5.343980343969544E-018
          67           1  0.000000000000000E+000 -5.343980343992900E-018
          67           2  0.000000000000000E+000  5.343980343970132E-018
          68           1  0.000000000000000E+000 -5.343980343988716E-018
          68           2  0.000000000000000E+000  5.343980343973311E-018
          69           1  0.000000000000000E+000 -5.343980343988505E-018
          69           2  0.000000000000000E+000  5.343980343971466E-018
          70           1  0.000000000000000E+000 -5.343980344009704E-018
          70           2  0.000000000000000E+000  5.343980343967322E-018
          71           1  0.000000000000000E+000 -5.343980343988395E-018
          71           2  0.000000000000000E+000  5.343980343973586E-018
          72           1  0.000000000000000E+000 -5.343980344017200E-018
          72           2  0.000000000000000E+000  5.343980343963310E-018
          73           1  0.000000000000000E+000 -5.343980343961863E-018
          73           2  0.000000000000000E+000  5.343980344022521E-018
          74           1  0.000000000000000E+000 -5.343980343976776E-018
          74           2  0.000000000000000E+000  5.343980343987188E-018
          75           1  0.000000000000000E+000 -5.343980343954311E-018
          75           2  0.000000000000000E+000  5.343980344029816E-018
          76           1  0.000000000000000E+000 -5.343980344036104E-018
          76           2  0.000000000000000E+000  5.343980343944170E-018
          77           1  0.000000000000000E+000 -5.343980344037135E-018
          77           2  0.000000000000000E+000  5.343980343939960E-018
          78           1  0.000000000000000E+000 -5.343980343950598E-018
          78           2  0.000000000000000E+000  5.343980344026048E-018
          79           1  0.000000000000000E+000 -5.343980343973569E-018
          79           2  0.000000000000000E+000  5.343980343986519E-018
          80           1  0.000000000000000E+000 -5.343980343972652E-018
          80           2  0.000000000000000E+000  5.343980343988148E-018
          81           1  0.000000000000000E+000 -5.343980343989559E-018
          81           2  0.000000000000000E+000  5.343980343975121E-018
          82           1  0.000000000000000E+000 -5.343980343993366E-018
          82           2  0.000000000000000E+000  5.343980343971072E-018
          83           1  0.000000000000000E+000 -5.343980343937330E-018
          83           2  0.000000000000000E+000  5.343980344037637E-018
          84           1  0.000000000000000E+000 -5.343980343967497E-018
          84           2  0.000000000000000E+000  5.343980343996079E-018
          85           1  0.000000000000000E+000 -5.343980344020593E-018
          85           2  0.000000000000000E+000  5.343980343963876E-018
          86           1  0.000000000000000E+000 -5.343980344043716E-018
          86           2  0.000000000000000E+000  5.343980343941044E-018
          87           1  0.000000000000000E+000 -5.343980343988773E-018
          87           2  0.000000000000000E+000  5.343980343981316E-018
          88           1  0.000000000000000E+000 -5.343980344044145E-018
          88           2  0.000000000000000E+000  5.343980343940595E-018
          89           1  0.000000000000000E+000 -5.343980344052659E-018
          89           2  0.000000000000000E+000  5.343980343931928E-018
          90           1  0.000000000000000E+000 -5.343980343980314E-018
          90           2  0.000000000000000E+000  5.343980344009578E-018
          91           1  0.000000000000000E+000 -5.343980343992010E-018
          91           2  0.000000000000000E+000  5.343980343999141E-018
          92           1  0.000000000000000E+000 -5.343980343977652E-018
          92           2  0.000000000000000E+000  5.343980344012606E-018
          93           1  0.000000000000000E+000 -5.343980343975546E-018
          93           2  0.000000000000000E+000  5.343980344014274E-018
          94           1  0.000000000000000E+000 -5.343980343998395E-018
          94           2  0.000000000000000E+000  5.343980343990336E-018
          95           1  0.000000000000000E+000 -5.343980344045321E-018
          95           2  0.000000000000000E+000  5.343980343940673E-018
          96           1  0.000000000000000E+000 -5.343980344041649E-018
          96           2  0.000000000000000E+000  5.343980343940780E-018
          97           1  0.000000000000000E+000 -5.343980344032007E-018
          97           2  0.000000000000000E+000  5.343980343942590E-018
          98           1  0.000000000000000E+000 -5.343980343974206E-018
          98           2  0.000000000000000E+000  5.343980343997573E-018
          99           1  0.000000000000000E+000 -5.343980343973733E-018
          99           2  0.000000000000000E+000  5.343980343984244E-018
         100           1  0.000000000000000E+000 -5.343980343971201E-018
         100           2  0.000000000000000E+000  5.343980343987002E-018
         101           1  0.000000000000000E+000 -5.343980343951648E-018
         101           2  0.000000000000000E+000  5.343980344033285E-018
         102           1  0.000000000000000E+000 -5.343980343992980E-018
         102           2  0.000000000000000E+000  5.343980343973745E-018
         103           1  0.000000000000000E+000 -5.343980343940153E-018
         103           2  0.000000000000000E+000  5.343980344030057E-018
         104           1  0.000000000000000E+000 -5.343980343968402E-018
         104           2  0.000000000000000E+000  5.343980343993245E-018
         105           1  0.000000000000000E+000 -5.343980343947421E-018
         105           2  0.000000000000000E+000  5.343980344041552E-018
         106           1  0.000000000000000E+000 -5.343980344039595E-018
         106           2  0.000000000000000E+000  5.343980343947192E-018
         107           1  0.000000000000000E+000 -5.343980344020035E-018
         107           2  0.000000000000000E+000  5.343980343962632E-018
         108           1  0.000000000000000E+000 -5.343980343955815E-018
         108           2  0.000000000000000E+000  5.343980344031351E-018
         109           1  0.000000000000000E+000 -5.343980344060672E-018
         109           2  0.000000000000000E+000  5.343980343926263E-018
         110           1  0.000000000000000E+000 -5.343980343947723E-018
         110           2  0.000000000000000E+000  5.343980344042646E-018
         111           1  0.000000000000000E+000 -5.343980343983606E-018
         111           2  0.000000000000000E+000  5.343980344010144E-018
         112           1  0.000000000000000E+000 -5.343980343993171E-018
         112           2  0.000000000000000E+000  5.343980343996479E-018
         113           1  0.000000000000000E+000 -5.343980343988338E-018
         113           2  0.000000000000000E+000  5.343980344002119E-018
         114           1  0.000000000000000E+000 -5.343980343976266E-018
         114           2  0.000000000000000E+000  5.343980344003460E-018
         115           1  0.000000000000000E+000 -5.343980343953656E-018
         115           2  0.000000000000000E+000  5.343980344023861E-018
         116           1  0.000000000000000E+000 -5.343980344034343E-018
         116           2  0.000000000000000E+000  5.343980343941712E-018
         117           1  0.000000000000000E+000 -5.343980343989092E-018
         117           2  0.000000000000000E+000  5.343980343969423E-018
         118           1  0.000000000000000E+000 -5.343980343956305E-018
         118           2  0.000000000000000E+000  5.343980344017876E-018
         119           1  0.000000000000000E+000 -5.343980343972023E-018
         119           2  0.000000000000000E+000  5.343980343987740E-018
         120           1  0.000000000000000E+000 -5.343980343972534E-018
         120           2  0.000000000000000E+000  5.343980343992189E-018
         121           1  0.000000000000000E+000 -5.343980343969867E-018
         121           2  0.000000000000000E+000  5.343980343995118E-018
         122           1  0.000000000000000E+000 -5.343980343944318E-018
         122           2  0.000000000000000E+000  5.343980344035269E-018
         123           1  0.000000000000000E+000 -5.343980344003220E-018
         123           2  0.000000000000000E+000  5.343980343966090E-018
         124           1  0.000000000000000E+000 -5.343980343940872E-018
         124           2  0.000000000000000E+000  5.343980344036713E-018
         125           1  0.000000000000000E+000 -5.343980343954447E-018
         125           2  0.000000000000000E+000  5.343980344034692E-018
         126           1  0.000000000000000E+000 -5.343980344020208E-018
         126           2  0.000000000000000E+000  5.343980343970087E-018
         127           1  0.000000000000000E+000 -5.343980344023133E-018
         127           2  0.000000000000000E+000  5.343980343962014E-018
         128           1  0.000000000000000E+000 -5.343980344030512E-018
         128           2  0.000000000000000E+000  5.343980343953407E-018
         129           1  0.000000000000000E+000 -5.343980344030342E-018
         129           2  0.000000000000000E+000  5.343980343954616E-018
         130           1  0.000000000000000E+000 -5.343980344043106E-018
         130           2  0.000000000000000E+000  5.343980343941019E-018
         131           1  0.000000000000000E+000 -5.343980343974285E-018
         131           2  0.000000000000000E+000  5.343980344022004E-018
         132           1  0.000000000000000E+000 -5.343980343977818E-018
         132           2  0.000000000000000E+000  5.343980344017696E-018
         133           1  0.000000000000000E+000 -5.343980343981652E-018
         133           2  0.000000000000000E+000  5.343980344007198E-018
         134           1  0.000000000000000E+000 -5.343980343974111E-018
         134           2  0.000000000000000E+000  5.343980344014433E-018
         135           1  0.000000000000000E+000 -5.343980343970754E-018
         135           2  0.000000000000000E+000  5.343980344014488E-018
         136           1  0.000000000000000E+000 -5.343980343957309E-018
         136           2  0.000000000000000E+000  5.343980344027311E-018
         137           1  0.000000000000000E+000 -5.343980344039603E-018
         137           2  0.000000000000000E+000  5.343980343937434E-018
         138           1  0.000000000000000E+000 -5.343980343949126E-018
         138           2  0.000000000000000E+000  5.343980344030808E-018
         139           1  0.000000000000000E+000 -5.343980343972309E-018
         139           2  0.000000000000000E+000  5.343980343990200E-018
         140           1  0.000000000000000E+000 -5.343980343970538E-018
         140           2  0.000000000000000E+000  5.343980343992568E-018
         141           1  0.000000000000000E+000 -5.343980343971506E-018
         141           2  0.000000000000000E+000  5.343980343995057E-018
         142           1  0.000000000000000E+000 -5.343980343992472E-018
         142           2  0.000000000000000E+000  5.343980343980043E-018
         143           1  0.000000000000000E+000 -5.343980343996519E-018
         143           2  0.000000000000000E+000  5.343980343968707E-018
         144           1  0.000000000000000E+000 -5.343980343950507E-018
         144           2  0.000000000000000E+000  5.343980344016656E-018
         145           1  0.000000000000000E+000 -5.343980343967980E-018
         145           2  0.000000000000000E+000  5.343980344013698E-018
         146           1  0.000000000000000E+000 -5.343980344026896E-018
         146           2  0.000000000000000E+000  5.343980343960164E-018
         147           1  0.000000000000000E+000 -5.343980344001882E-018
         147           2  0.000000000000000E+000  5.343980343984651E-018
         148           1  0.000000000000000E+000 -5.343980344024425E-018
         148           2  0.000000000000000E+000  5.343980343953446E-018
         149           1  0.000000000000000E+000 -5.343980343998616E-018
         149           2  0.000000000000000E+000  5.343980343977818E-018
         150           1  0.000000000000000E+000 -5.343980344017504E-018
         150           2  0.000000000000000E+000  5.343980343962972E-018
         151           1  0.000000000000000E+000 -5.343980343946982E-018
         151           2  0.000000000000000E+000  5.343980344036971E-018
         152           1  0.000000000000000E+000 -5.343980343972739E-018
         152           2  0.000000000000000E+000  5.343980344015084E-018
         153           1  0.000000000000000E+000 -5.343980343992914E-018
         153           2  0.000000000000000E+000  5.343980343994869E-018
         154           1  0.000000000000000E+000 -5.343980343985492E-018
         154           2  0.000000000000000E+000  5.343980343996899E-018
         155           1  0.000000000000000E+000 -5.343980343966172E-018
         155           2  0.000000000000000E+000  5.343980344012235E-018
         156           1  0.000000000000000E+000 -5.343980343966955E-018
         156           2  0.000000000000000E+000  5.343980344012998E-018
         157           1  0.000000000000000E+000 -5.343980343980568E-018
         157           2  0.000000000000000E+000  5.343980344006860E-018
         158           1  0.000000000000000E+000 -5.343980343966535E-018
         158           2  0.000000000000000E+000  5.343980344015911E-018
         159           1  0.000000000000000E+000 -5.343980343974854E-018
         159           2  0.000000000000000E+000  5.343980343989065E-018
         160           1  0.000000000000000E+000 -5.343980343969757E-018
         160           2  0.000000000000000E+000  5.343980343990190E-018
         161           1  0.000000000000000E+000 -5.343980343994886E-018
         161           2  0.000000000000000E+000  5.343980343970922E-018
         162           1  0.000000000000000E+000 -5.343980343990147E-018
         162           2  0.000000000000000E+000  5.343980343972853E-018
         163           1  0.000000000000000E+000 -5.343980344001861E-018
         163           2  0.000000000000000E+000  5.343980343966853E-018
         164           1  0.000000000000000E+000 -5.343980343975419E-018
         164           2  0.000000000000000E+000  5.343980343993026E-018
         165           1  0.000000000000000E+000 -5.343980343980333E-018
         165           2  0.000000000000000E+000  5.343980344006918E-018
         166           1  0.000000000000000E+000 -5.343980343976038E-018
         166           2  0.000000000000000E+000  5.343980344006361E-018
         167           1  0.000000000000000E+000 -5.343980343943625E-018
         167           2  0.000000000000000E+000  5.343980344037076E-018
         168           1  0.000000000000000E+000 -5.343980343931357E-018
         168           2  0.000000000000000E+000  5.343980344054032E-018
         169           1  0.000000000000000E+000 -5.343980343965923E-018
         169           2  0.000000000000000E+000  5.343980344019237E-018
         170           1  0.000000000000000E+000 -5.343980344021137E-018
         170           2  0.000000000000000E+000  5.343980343957805E-018
         171           1  0.000000000000000E+000 -5.343980344019090E-018
         171           2  0.000000000000000E+000  5.343980343957962E-018
         172           1  0.000000000000000E+000 -5.343980343963663E-018
         172           2  0.000000000000000E+000  5.343980344019364E-018
         173           1  0.000000000000000E+000 -5.343980343964099E-018
         173           2  0.000000000000000E+000  5.343980344021844E-018
         174           1  0.000000000000000E+000 -5.343980343980468E-018
         174           2  0.000000000000000E+000  5.343980344001446E-018
         175           1  0.000000000000000E+000 -5.343980343973995E-018
         175           2  0.000000000000000E+000  5.343980343984479E-018
         176           1  0.000000000000000E+000 -5.343980343968701E-018
         176           2  0.000000000000000E+000  5.343980344011590E-018
         177           1  0.000000000000000E+000 -5.343980343968074E-018
         177           2  0.000000000000000E+000  5.343980344021561E-018
         178           1  0.000000000000000E+000 -5.343980343962755E-018
         178           2  0.000000000000000E+000  5.343980344023312E-018
         179           1  0.000000000000000E+000 -5.343980343971958E-018
         179           2  0.000000000000000E+000  5.343980343987572E-018
         180           1  0.000000000000000E+000 -5.343980343968567E-018
         180           2  0.000000000000000E+000  5.343980343988770E-018
         181           1  0.000000000000000E+000 -5.343980343991034E-018
         181           2  0.000000000000000E+000  5.343980343973155E-018
         182           1  0.000000000000000E+000 -5.343980343990158E-018
         182           2  0.000000000000000E+000  5.343980343973569E-018
         183           1  0.000000000000000E+000 -5.343980343988164E-018
         183           2  0.000000000000000E+000  5.343980343972954E-018
         184           1  0.000000000000000E+000 -5.343980344017367E-018
         184           2  0.000000000000000E+000  5.343980343955501E-018
         185           1  0.000000000000000E+000 -5.343980343985067E-018
         185           2  0.000000000000000E+000  5.343980344001711E-018
         186           1  0.000000000000000E+000 -5.343980343988021E-018
         186           2  0.000000000000000E+000  5.343980343998608E-018
         187           1  0.000000000000000E+000 -5.343980343989821E-018
         187           2  0.000000000000000E+000  5.343980343996560E-018
         188           1  0.000000000000000E+000 -5.343980343957370E-018
         188           2  0.000000000000000E+000  5.343980344025727E-018
         189           1  0.000000000000000E+000 -5.343980343944998E-018
         189           2  0.000000000000000E+000  5.343980344037721E-018
         190           1  0.000000000000000E+000 -5.343980344031863E-018
         190           2  0.000000000000000E+000  5.343980343947389E-018
         191           1  0.000000000000000E+000 -5.343980343981678E-018
         191           2  0.000000000000000E+000  5.343980343976042E-018
         192           1  0.000000000000000E+000 -5.343980344013596E-018
         192           2  0.000000000000000E+000  5.343980343966237E-018
         193           1  0.000000000000000E+000 -5.343980343963049E-018
         193           2  0.000000000000000E+000  5.343980344027609E-018
         194           1  0.000000000000000E+000 -5.343980343974930E-018
         194           2  0.000000000000000E+000  5.343980343984816E-018
         195           1  0.000000000000000E+000 -5.343980343963639E-018
         195           2  0.000000000000000E+000  5.343980344012673E-018
         196           1  0.000000000000000E+000 -5.343980343948856E-018
         196           2  0.000000000000000E+000  5.343980344036422E-018
         197           1  0.000000000000000E+000 -5.343980343956163E-018
         197           2  0.000000000000000E+000  5.343980344035762E-018
         198           1  0.000000000000000E+000 -5.343980343969727E-018
         198           2  0.000000000000000E+000  5.343980343989374E-018
         199           1  0.000000000000000E+000 -5.343980343968747E-018
         199           2  0.000000000000000E+000  5.343980343989196E-018
         200           1  0.000000000000000E+000 -5.343980343969397E-018
         200           2  0.000000000000000E+000  5.343980343989215E-018
         201           1  0.000000000000000E+000 -5.343980344052497E-018
         201           2  0.000000000000000E+000  5.343980343928937E-018
         202           1  0.000000000000000E+000 -5.343980344012355E-018
         202           2  0.000000000000000E+000  5.343980343951487E-018
         203           1  0.000000000000000E+000 -5.343980344018370E-018
         203           2  0.000000000000000E+000  5.343980343956202E-018
         204           1  0.000000000000000E+000 -5.343980343933539E-018
         204           2  0.000000000000000E+000  5.343980344050018E-018
         205           1  0.000000000000000E+000 -5.343980343972717E-018
         205           2  0.000000000000000E+000  5.343980344007772E-018
         206           1  0.000000000000000E+000 -5.343980343973097E-018
         206           2  0.000000000000000E+000  5.343980344007876E-018
         207           1  0.000000000000000E+000 -5.343980343974996E-018
         207           2  0.000000000000000E+000  5.343980343985031E-018
         208           1  0.000000000000000E+000 -5.343980343968334E-018
         208           2  0.000000000000000E+000  5.343980343990324E-018
         209           1  0.000000000000000E+000 -5.343980343962109E-018
         209           2  0.000000000000000E+000  5.343980343998498E-018
         210           1  0.000000000000000E+000 -5.343980344026660E-018
         210           2  0.000000000000000E+000  5.343980343960790E-018
         211           1  0.000000000000000E+000 -5.343980344028534E-018
         211           2  0.000000000000000E+000  5.343980343962193E-018
         212           1  0.000000000000000E+000 -5.343980344004427E-018
         212           2  0.000000000000000E+000  5.343980343978503E-018
         213           1  0.000000000000000E+000 -5.343980343951885E-018
         213           2  0.000000000000000E+000  5.343980344036752E-018
         214           1  0.000000000000000E+000 -5.343980343947365E-018
         214           2  0.000000000000000E+000  5.343980344036057E-018
         215           1  0.000000000000000E+000 -5.343980343982490E-018
         215           2  0.000000000000000E+000  5.343980344002086E-018
         216           1  0.000000000000000E+000 -5.343980344009168E-018
         216           2  0.000000000000000E+000  5.343980343978912E-018
         217           1  0.000000000000000E+000 -5.343980343945372E-018
         217           2  0.000000000000000E+000  5.343980344043386E-018
         218           1  0.000000000000000E+000 -5.343980343967138E-018
         218           2  0.000000000000000E+000  5.343980343991602E-018
         219           1  0.000000000000000E+000 -5.343980343968022E-018
         219           2  0.000000000000000E+000  5.343980343990393E-018
         220           1  0.000000000000000E+000 -5.343980343969956E-018
         220           2  0.000000000000000E+000  5.343980343990778E-018
         221           1  0.000000000000000E+000 -5.343980343988562E-018
         221           2  0.000000000000000E+000  5.343980343995574E-018
         222           1  0.000000000000000E+000 -5.343980343937210E-018
         222           2  0.000000000000000E+000  5.343980344050261E-018
         223           1  0.000000000000000E+000 -5.343980344018109E-018
         223           2  0.000000000000000E+000  5.343980343960560E-018
         224           1  0.000000000000000E+000 -5.343980343950002E-018
         224           2  0.000000000000000E+000  5.343980344034048E-018
         225           1  0.000000000000000E+000 -5.343980343969476E-018
         225           2  0.000000000000000E+000  5.343980344014524E-018
         226           1  0.000000000000000E+000 -5.343980343971432E-018
         226           2  0.000000000000000E+000  5.343980343987410E-018
         227           1  0.000000000000000E+000 -5.343980343955553E-018
         227           2  0.000000000000000E+000  5.343980344019351E-018
         228           1  0.000000000000000E+000 -5.343980343965614E-018
         228           2  0.000000000000000E+000  5.343980343993142E-018
         229           1  0.000000000000000E+000 -5.343980344029742E-018
         229           2  0.000000000000000E+000  5.343980343948134E-018
         230           1  0.000000000000000E+000 -5.343980343995154E-018
         230           2  0.000000000000000E+000  5.343980343966343E-018
         231           1  0.000000000000000E+000 -5.343980343992883E-018
         231           2  0.000000000000000E+000  5.343980343995630E-018
         232           1  0.000000000000000E+000 -5.343980343990881E-018
         232           2  0.000000000000000E+000  5.343980343995824E-018
         233           1  0.000000000000000E+000 -5.343980344029049E-018
         233           2  0.000000000000000E+000  5.343980343951742E-018
         234           1  0.000000000000000E+000 -5.343980344006788E-018
         234           2  0.000000000000000E+000  5.343980343972637E-018
         235           1  0.000000000000000E+000 -5.343980344005576E-018
         235           2  0.000000000000000E+000  5.343980343980351E-018
         236           1  0.000000000000000E+000 -5.343980343971319E-018
         236           2  0.000000000000000E+000  5.343980344027787E-018
         237           1  0.000000000000000E+000 -5.343980343962397E-018
         237           2  0.000000000000000E+000  5.343980344021809E-018
         238           1  0.000000000000000E+000 -5.343980343964024E-018
         238           2  0.000000000000000E+000  5.343980343996312E-018
         239           1  0.000000000000000E+000 -5.343980343968001E-018
         239           2  0.000000000000000E+000  5.343980343993619E-018
         240           1  0.000000000000000E+000 -5.343980343970055E-018
         240           2  0.000000000000000E+000  5.343980343991169E-018
         241           1  0.000000000000000E+000 -5.343980344038853E-018
         241           2  0.000000000000000E+000  5.343980343943607E-018
         242           1  0.000000000000000E+000 -5.343980343971544E-018
         242           2  0.000000000000000E+000  5.343980344004900E-018
         243           1  0.000000000000000E+000 -5.343980343942842E-018
         243           2  0.000000000000000E+000  5.343980344041929E-018
         244           1  0.000000000000000E+000 -5.343980343970509E-018
         244           2  0.000000000000000E+000  5.343980344012828E-018
         245           1  0.000000000000000E+000 -5.343980343964993E-018
         245           2  0.000000000000000E+000  5.343980344013176E-018
         246           1  0.000000000000000E+000 -5.343980343971141E-018
         246           2  0.000000000000000E+000  5.343980343985975E-018
         247           1  0.000000000000000E+000 -5.343980343959604E-018
         247           2  0.000000000000000E+000  5.343980344019417E-018
         248           1  0.000000000000000E+000 -5.343980343934451E-018
         248           2  0.000000000000000E+000  5.343980344048558E-018
         249           1  0.000000000000000E+000 -5.343980343990925E-018
         249           2  0.000000000000000E+000  5.343980343965347E-018
         250           1  0.000000000000000E+000 -5.343980343989613E-018
         250           2  0.000000000000000E+000  5.343980343970746E-018
         251           1  0.000000000000000E+000 -5.343980343992138E-018
         251           2  0.000000000000000E+000  5.343980343990427E-018
         252           1  0.000000000000000E+000 -5.343980343972654E-018
         252           2  0.000000000000000E+000  5.343980343989199E-018
         253           1  0.000000000000000E+000 -5.343980343995429E-018
         253           2  0.000000000000000E+000  5.343980343962837E-018
         254           1  0.000000000000000E+000 -5.343980343992289E-018
         254           2  0.000000000000000E+000  5.343980343964329E-018
         255           1  0.000000000000000E+000 -5.343980344035475E-018
         255           2  0.000000000000000E+000  5.343980343952484E-018
         256           1  0.000000000000000E+000 -5.343980343963790E-018
         256           2  0.000000000000000E+000  5.343980344027470E-018
         257           1  0.000000000000000E+000 -5.343980343958649E-018
         257           2  0.000000000000000E+000  5.343980344028466E-018
         258           1  0.000000000000000E+000 -5.343980343954604E-018
         258           2  0.000000000000000E+000  5.343980344027984E-018
         259           1  0.000000000000000E+000 -5.343980344003167E-018
         259           2  0.000000000000000E+000  5.343980343977414E-018
         260           1  0.000000000000000E+000 -5.343980343966482E-018
         260           2  0.000000000000000E+000  5.343980343998744E-018
         261           1  0.000000000000000E+000 -5.343980343987176E-018
         261           2  0.000000000000000E+000  5.343980343975763E-018
         262           1  0.000000000000000E+000 -5.343980343956442E-018
         262           2  0.000000000000000E+000  5.343980344031761E-018
         263           1  0.000000000000000E+000 -5.343980343936039E-018
         263           2  0.000000000000000E+000  5.343980344044429E-018
         264           1  0.000000000000000E+000 -5.343980343947634E-018
         264           2  0.000000000000000E+000  5.343980344028657E-018
         265           1  0.000000000000000E+000 -5.343980343973069E-018
         265           2  0.000000000000000E+000  5.343980343986262E-018
         266           1  0.000000000000000E+000 -5.343980343972138E-018
         266           2  0.000000000000000E+000  5.343980343986687E-018
         267           1  0.000000000000000E+000 -5.343980343957425E-018
         267           2  0.000000000000000E+000  5.343980344021858E-018
         268           1  0.000000000000000E+000 -5.343980343947067E-018
         268           2  0.000000000000000E+000  5.343980344034641E-018
         269           1  0.000000000000000E+000 -5.343980344031932E-018
         269           2  0.000000000000000E+000  5.343980343947164E-018
         270           1  0.000000000000000E+000 -5.343980344029003E-018
         270           2  0.000000000000000E+000  5.343980343957246E-018
         271           1  0.000000000000000E+000 -5.343980343979963E-018
         271           2  0.000000000000000E+000  5.343980344010048E-018
         272           1  0.000000000000000E+000 -5.343980343972335E-018
         272           2  0.000000000000000E+000  5.343980343989105E-018
         273           1  0.000000000000000E+000 -5.343980343993679E-018
         273           2  0.000000000000000E+000  5.343980343963770E-018
         274           1  0.000000000000000E+000 -5.343980343989478E-018
         274           2  0.000000000000000E+000  5.343980343965700E-018
         275           1  0.000000000000000E+000 -5.343980344033831E-018
         275           2  0.000000000000000E+000  5.343980343954315E-018
         276           1  0.000000000000000E+000 -5.343980343984726E-018
         276           2  0.000000000000000E+000  5.343980344008738E-018
         277           1  0.000000000000000E+000 -5.343980343967907E-018
         277           2  0.000000000000000E+000  5.343980344012479E-018
         278           1  0.000000000000000E+000 -5.343980343972368E-018
         278           2  0.000000000000000E+000  5.343980343988318E-018
         279           1  0.000000000000000E+000 -5.343980343973848E-018
         279           2  0.000000000000000E+000  5.343980343990565E-018
         280           1  0.000000000000000E+000 -5.343980343968185E-018
         280           2  0.000000000000000E+000  5.343980343998123E-018
         281           1  0.000000000000000E+000 -5.343980343987775E-018
         281           2  0.000000000000000E+000  5.343980343977189E-018
         282           1  0.000000000000000E+000 -5.343980344025717E-018
         282           2  0.000000000000000E+000  5.343980343956451E-018
         283           1  0.000000000000000E+000 -5.343980344043690E-018
         283           2  0.000000000000000E+000  5.343980343928342E-018
         284           1  0.000000000000000E+000 -5.343980344005911E-018
         284           2  0.000000000000000E+000  5.343980343975979E-018
         285           1  0.000000000000000E+000 -5.343980343972123E-018
         285           2  0.000000000000000E+000  5.343980344012388E-018
         286           1  0.000000000000000E+000 -5.343980343971989E-018
         286           2  0.000000000000000E+000  5.343980344013680E-018
         287           1  0.000000000000000E+000 -5.343980343974445E-018
         287           2  0.000000000000000E+000  5.343980343988436E-018
         288           1  0.000000000000000E+000 -5.343980343943346E-018
         288           2  0.000000000000000E+000  5.343980344039741E-018
         289           1  0.000000000000000E+000 -5.343980344035113E-018
         289           2  0.000000000000000E+000  5.343980343944501E-018
         290           1  0.000000000000000E+000 -5.343980344041025E-018
         290           2  0.000000000000000E+000  5.343980343941726E-018
         291           1  0.000000000000000E+000 -5.343980343955024E-018
         291           2  0.000000000000000E+000  5.343980344035010E-018
         292           1  0.000000000000000E+000 -5.343980343937491E-018
         292           2  0.000000000000000E+000  5.343980344044291E-018
         293           1  0.000000000000000E+000 -5.343980343988943E-018
         293           2  0.000000000000000E+000  5.343980343968498E-018
         294           1  0.000000000000000E+000 -5.343980344033853E-018
         294           2  0.000000000000000E+000  5.343980343947866E-018
         295           1  0.000000000000000E+000 -5.343980344013932E-018
         295           2  0.000000000000000E+000  5.343980343971929E-018
         296           1  0.000000000000000E+000 -5.343980343978495E-018
         296           2  0.000000000000000E+000  5.343980344009516E-018
         297           1  0.000000000000000E+000 -5.343980343959664E-018
         297           2  0.000000000000000E+000  5.343980344016646E-018
         298           1  0.000000000000000E+000 -5.343980343957064E-018
         298           2  0.000000000000000E+000  5.343980344016880E-018
         299           1  0.000000000000000E+000 -5.343980343970405E-018
         299           2  0.000000000000000E+000  5.343980343992206E-018
         300           1  0.000000000000000E+000 -5.343980343969627E-018
         300           2  0.000000000000000E+000  5.343980343993581E-018
         301           1  0.000000000000000E+000 -5.343980343987444E-018
         301           2  0.000000000000000E+000  5.343980343978109E-018
         302           1  0.000000000000000E+000 -5.343980343985296E-018
         302           2  0.000000000000000E+000  5.343980343979411E-018
         303           1  0.000000000000000E+000 -5.343980344013102E-018
         303           2  0.000000000000000E+000  5.343980343969072E-018
         304           1  0.000000000000000E+000 -5.343980343979639E-018
         304           2  0.000000000000000E+000  5.343980344002959E-018
         305           1  0.000000000000000E+000 -5.343980343975881E-018
         305           2  0.000000000000000E+000  5.343980343985194E-018
         306           1  0.000000000000000E+000 -5.343980343973039E-018
         306           2  0.000000000000000E+000  5.343980343986999E-018
         307           1  0.000000000000000E+000 -5.343980343969562E-018
         307           2  0.000000000000000E+000  5.343980344013291E-018
         308           1  0.000000000000000E+000 -5.343980343993186E-018
         308           2  0.000000000000000E+000  5.343980343990476E-018
         309           1  0.000000000000000E+000 -5.343980344032252E-018
         309           2  0.000000000000000E+000  5.343980343949154E-018
         310           1  0.000000000000000E+000 -5.343980343978611E-018
         310           2  0.000000000000000E+000  5.343980344007916E-018
         311           1  0.000000000000000E+000 -5.343980343943486E-018
         311           2  0.000000000000000E+000  5.343980344046254E-018
         312           1  0.000000000000000E+000 -5.343980343989415E-018
         312           2  0.000000000000000E+000  5.343980343970265E-018
         313           1  0.000000000000000E+000 -5.343980343988052E-018
         313           2  0.000000000000000E+000  5.343980343969500E-018
         314           1  0.000000000000000E+000 -5.343980344026136E-018
         314           2  0.000000000000000E+000  5.343980343958096E-018
         315           1  0.000000000000000E+000 -5.343980343966188E-018
         315           2  0.000000000000000E+000  5.343980344022048E-018
         316           1  0.000000000000000E+000 -5.343980343963386E-018
         316           2  0.000000000000000E+000  5.343980344027850E-018
         317           1  0.000000000000000E+000 -5.343980343971855E-018
         317           2  0.000000000000000E+000  5.343980344013516E-018
         318           1  0.000000000000000E+000 -5.343980343968949E-018
         318           2  0.000000000000000E+000  5.343980343992588E-018
         319           1  0.000000000000000E+000 -5.343980343970684E-018
         319           2  0.000000000000000E+000  5.343980343994104E-018
         320           1  0.000000000000000E+000 -5.343980343966735E-018
         320           2  0.000000000000000E+000  5.343980343999598E-018
         321           1  0.000000000000000E+000 -5.343980343935137E-018
         321           2  0.000000000000000E+000  5.343980344042367E-018
         322           1  0.000000000000000E+000 -5.343980344013062E-018
         322           2  0.000000000000000E+000  5.343980343967602E-018
         323           1  0.000000000000000E+000 -5.343980344031776E-018
         323           2  0.000000000000000E+000  5.343980343940616E-018
         324           1  0.000000000000000E+000 -5.343980343975368E-018
         324           2  0.000000000000000E+000  5.343980343984964E-018
         325           1  0.000000000000000E+000 -5.343980343973442E-018
         325           2  0.000000000000000E+000  5.343980343982818E-018
         326           1  0.000000000000000E+000 -5.343980343969755E-018
         326           2  0.000000000000000E+000  5.343980343986214E-018
         327           1  0.000000000000000E+000 -5.343980343969278E-018
         327           2  0.000000000000000E+000  5.343980343991155E-018
         328           1  0.000000000000000E+000 -5.343980344014645E-018
         328           2  0.000000000000000E+000  5.343980343969645E-018
         329           1  0.000000000000000E+000 -5.343980344025165E-018
         329           2  0.000000000000000E+000  5.343980343960618E-018
         330           1  0.000000000000000E+000 -5.343980343993916E-018
         330           2  0.000000000000000E+000  5.343980343988730E-018
         331           1  0.000000000000000E+000 -5.343980344019711E-018
         331           2  0.000000000000000E+000  5.343980343958929E-018
         332           1  0.000000000000000E+000 -5.343980343990229E-018
         332           2  0.000000000000000E+000  5.343980343969090E-018
         333           1  0.000000000000000E+000 -5.343980343988071E-018
         333           2  0.000000000000000E+000  5.343980343972458E-018
         334           1  0.000000000000000E+000 -5.343980344036677E-018
         334           2  0.000000000000000E+000  5.343980343944046E-018
         335           1  0.000000000000000E+000 -5.343980344024137E-018
         335           2  0.000000000000000E+000  5.343980343960644E-018
         336           1  0.000000000000000E+000 -5.343980343978450E-018
         336           2  0.000000000000000E+000  5.343980343984487E-018
         337           1  0.000000000000000E+000 -5.343980343975343E-018
         337           2  0.000000000000000E+000  5.343980343989018E-018
         338           1  0.000000000000000E+000 -5.343980343986136E-018
         338           2  0.000000000000000E+000  5.343980343976072E-018
         339           1  0.000000000000000E+000 -5.343980343999402E-018
         339           2  0.000000000000000E+000  5.343980343960048E-018
         340           1  0.000000000000000E+000 -5.343980343995716E-018
         340           2  0.000000000000000E+000  5.343980343968696E-018
         341           1  0.000000000000000E+000 -5.343980343970889E-018
         341           2  0.000000000000000E+000  5.343980343986712E-018
         342           1  0.000000000000000E+000 -5.343980343994016E-018
         342           2  0.000000000000000E+000  5.343980343966256E-018
         343           1  0.000000000000000E+000 -5.343980343996734E-018
         343           2  0.000000000000000E+000  5.343980343961801E-018
         344           1  0.000000000000000E+000 -5.343980343976625E-018
         344           2  0.000000000000000E+000  5.343980343982360E-018
         345           1  0.000000000000000E+000 -5.343980343974746E-018
         345           2  0.000000000000000E+000  5.343980343983548E-018
         346           1  0.000000000000000E+000 -5.343980344025703E-018
         346           2  0.000000000000000E+000  5.343980343945997E-018
         347           1  0.000000000000000E+000 -5.343980343996409E-018
         347           2  0.000000000000000E+000  5.343980343958968E-018
         348           1  0.000000000000000E+000 -5.343980343995767E-018
         348           2  0.000000000000000E+000  5.343980343961867E-018
         349           1  0.000000000000000E+000 -5.343980344039600E-018
         349           2  0.000000000000000E+000  5.343980343935538E-018
         350           1  0.000000000000000E+000 -5.343980343994285E-018
         350           2  0.000000000000000E+000  5.343980343962999E-018
         351           1  0.000000000000000E+000 -5.343980343993645E-018
         351           2  0.000000000000000E+000  5.343980343963236E-018
         352           1  0.000000000000000E+000 -5.343980344006401E-018
         352           2  0.000000000000000E+000  5.343980343973311E-018
         353           1  0.000000000000000E+000 -5.343980344025856E-018
         353           2  0.000000000000000E+000  5.343980343954527E-018
         354           1  0.000000000000000E+000 -5.343980343978351E-018
         354           2  0.000000000000000E+000  5.343980344004073E-018
         355           1  0.000000000000000E+000 -5.343980343995309E-018
         355           2  0.000000000000000E+000  5.343980343965065E-018
         356           1  0.000000000000000E+000 -5.343980343995954E-018
         356           2  0.000000000000000E+000  5.343980343965286E-018
         357           1  0.000000000000000E+000 -5.343980343994729E-018
         357           2  0.000000000000000E+000  5.343980343962687E-018
         358           1  0.000000000000000E+000 -5.343980343991310E-018
         358           2  0.000000000000000E+000  5.343980343962731E-018
         359           1  0.000000000000000E+000 -5.343980343995721E-018
         359           2  0.000000000000000E+000  5.343980343959722E-018
         360           1  0.000000000000000E+000 -5.343980343995709E-018
         360           2  0.000000000000000E+000  5.343980343965747E-018
         361           1  0.000000000000000E+000 -5.343980343998051E-018
         361           2  0.000000000000000E+000  5.343980343960116E-018
         362           1  0.000000000000000E+000 -5.343980343994775E-018
         362           2  0.000000000000000E+000  5.343980343963132E-018
         363           1  0.000000000000000E+000 -5.343980343992965E-018
         363           2  0.000000000000000E+000  5.343980343966246E-018
         364           1  0.000000000000000E+000 -5.343980343987713E-018
         364           2  0.000000000000000E+000  5.343980343971727E-018
         365           1  0.000000000000000E+000 -5.343980343995716E-018
         365           2  0.000000000000000E+000  5.343980343961464E-018
         366           1  0.000000000000000E+000 -5.343980343993742E-018
         366           2  0.000000000000000E+000  5.343980343962026E-018
         367           1  0.000000000000000E+000 -5.343980343994066E-018
         367           2  0.000000000000000E+000  5.343980343961358E-018
         368           1  0.000000000000000E+000 -5.343980343995906E-018
         368           2  0.000000000000000E+000  5.343980343961796E-018
         369           1  0.000000000000000E+000 -5.343980344029985E-018
         369           2  0.000000000000000E+000  5.343980343952326E-018
         370           1  0.000000000000000E+000 -5.343980343994665E-018
         370           2  0.000000000000000E+000  5.343980343965411E-018
         371           1  0.000000000000000E+000 -5.343980343994065E-018
         371           2  0.000000000000000E+000  5.343980343965915E-018
         372           1  0.000000000000000E+000 -5.343980344038529E-018
         372           2  0.000000000000000E+000  5.343980343943723E-018
         373           1  0.000000000000000E+000 -5.343980343992125E-018
         373           2  0.000000000000000E+000  5.343980343968844E-018
         374           1  0.000000000000000E+000 -5.343980343991580E-018
         374           2  0.000000000000000E+000  5.343980343968309E-018
         375           1  0.000000000000000E+000 -5.343980343990729E-018
         375           2  0.000000000000000E+000  5.343980343968807E-018
         376           1  0.000000000000000E+000 -5.343980343993605E-018
         376           2  0.000000000000000E+000  5.343980343966429E-018
         377           1  0.000000000000000E+000 -5.343980343995480E-018
         377           2  0.000000000000000E+000  5.343980343962075E-018
         378           1  0.000000000000000E+000 -5.343980343992015E-018
         378           2  0.000000000000000E+000  5.343980343961550E-018
         379           1  0.000000000000000E+000 -5.343980343997966E-018
         379           2  0.000000000000000E+000  5.343980343960374E-018
         380           1  0.000000000000000E+000 -5.343980343973329E-018
         380           2  0.000000000000000E+000  5.343980343990530E-018
         381           1  0.000000000000000E+000 -5.343980343996429E-018
         381           2  0.000000000000000E+000  5.343980343959494E-018
         382           1  0.000000000000000E+000 -5.343980343993947E-018
         382           2  0.000000000000000E+000  5.343980343961210E-018
         383           1  0.000000000000000E+000 -5.343980343999678E-018
         383           2  0.000000000000000E+000  5.343980343958159E-018
         384           1  0.000000000000000E+000 -5.343980343972932E-018
         384           2  0.000000000000000E+000  5.343980343988510E-018
         385           1  0.000000000000000E+000 -5.343980343999048E-018
         385           2  0.000000000000000E+000  5.343980343961436E-018
         386           1  0.000000000000000E+000 -5.343980343998134E-018
         386           2  0.000000000000000E+000  5.343980343959717E-018
         387           1  0.000000000000000E+000 -5.343980343996633E-018
         387           2  0.000000000000000E+000  5.343980343960150E-018
         388           1  0.000000000000000E+000 -5.343980343998637E-018
         388           2  0.000000000000000E+000  5.343980343962439E-018
         389           1  0.000000000000000E+000 -5.343980343973435E-018
         389           2  0.000000000000000E+000  5.343980343990154E-018
         390           1  0.000000000000000E+000 -5.343980343965950E-018
         390           2  0.000000000000000E+000  5.343980343996302E-018
         391           1  0.000000000000000E+000 -5.343980343997078E-018
         391           2  0.000000000000000E+000  5.343980343964899E-018
         392           1  0.000000000000000E+000 -5.343980343995193E-018
         392           2  0.000000000000000E+000  5.343980343967264E-018
         393           1  0.000000000000000E+000 -5.343980343989133E-018
         393           2  0.000000000000000E+000  5.343980343966531E-018
         394           1  0.000000000000000E+000 -5.343980343989347E-018
         394           2  0.000000000000000E+000  5.343980343967696E-018
         395           1  0.000000000000000E+000 -5.343980343989411E-018
         395           2  0.000000000000000E+000  5.343980343966773E-018
         396           1  0.000000000000000E+000 -5.343980343990659E-018
         396           2  0.000000000000000E+000  5.343980343966509E-018
         397           1  0.000000000000000E+000 -5.343980343997842E-018
         397           2  0.000000000000000E+000  5.343980343963593E-018
         398           1  0.000000000000000E+000 -5.343980343999853E-018
         398           2  0.000000000000000E+000  5.343980343958905E-018
         399           1  0.000000000000000E+000 -5.343980344000878E-018
         399           2  0.000000000000000E+000  5.343980343958303E-018
         400           1  0.000000000000000E+000 -5.343980343966062E-018
         400           2  0.000000000000000E+000  5.343980343996049E-018
