           1           1  0.000000000000000E+000 -5.000000000006780E-018
           1           2  0.000000000000000E+000  4.999999999993755E-018
           2           1  0.000000000000000E+000 -5.000000000003999E-018
           2           2  0.000000000000000E+000  4.999999999995468E-018
           3           1  0.000000000000000E+000 -5.000000000017828E-018
           3           2  0.000000000000000E+000  4.999999999978526E-018
           4           1  0.000000000000000E+000 -4.999999999976406E-018
           4           2  0.000000000000000E+000  5.000000000023128E-018
           5           1  0.000000000000000E+000 -4.999999999981603E-018
           5           2  0.000000000000000E+000  5.000000000022643E-018
           6           1  0.000000000000000E+000 -5.000000000008050E-018
           6           2  0.000000000000000E+000  4.999999999995160E-018
           7           1  0.000000000000000E+000 -5.000000000010974E-018
           7           2  0.000000000000000E+000  4.999999999989802E-018
           8           1  0.000000000000000E+000 -5.000000000005281E-018
           8           2  0.000000000000000E+000  4.999999999991520E-018
           9           1  0.000000000000000E+000 -5.000000000005256E-018
           9           2  0.000000000000000E+000  4.999999999988715E-018
          10           1  0.000000000000000E+000 -5.000000000005653E-018
          10           2  0.000000000000000E+000  4.999999999992678E-018
          11           1  0.000000000000000E+000 -5.000000000006492E-018
          11           2  0.000000000000000E+000  4.999999999992363E-018
          12           1  0.000000000000000E+000 -4.999999999988256E-018
          12           2  0.000000000000000E+000  5.000000000011194E-018
          13           1  0.000000000000000E+000 -5.000000000004703E-018
          13           2  0.000000000000000E+000  4.999999999990308E-018
          14           1  0.000000000000000E+000 -5.000000000004135E-018
          14           2  0.000000000000000E+000  4.999999999996189E-018
          15           1  0.000000000000000E+000 -5.000000000065058E-018
          15           2  0.000000000000000E+000  4.999999999955154E-018
          16           1  0.000000000000000E+000 -5.000000000017294E-018
          16           2  0.000000000000000E+000  4.999999999986931E-018
          17           1  0.000000000000000E+000 -5.000000000012777E-018
          17           2  0.000000000000000E+000  4.999999999988345E-018
          18           1  0.000000000000000E+000 -5.000000000008869E-018
          18           2  0.000000000000000E+000  4.999999999988866E-018
          19           1  0.000000000000000E+000 -5.000000000007459E-018
          19           2  0.000000000000000E+000  4.999999999987534E-018
          20           1  0.000000000000000E+000 -5.000000000016698E-018
          20           2  0.000000000000000E+000  4.999999999981410E-018
          21           1  0.000000000000000E+000 -5.000000000009193E-018
          21           2  0.000000000000000E+000  4.999999999991967E-018
          22           1  0.000000000000000E+000 -5.000000000007137E-018
          22           2  0.000000000000000E+000  4.999999999992415E-018
          23           1  0.000000000000000E+000 -5.000000000002046E-018
          23           2  0.000000000000000E+000  4.999999999998575E-018
          24           1  0.000000000000000E+000 -5.000000000006104E-018
          24           2  0.000000000000000E+000  4.999999999998390E-018
          25           1  0.000000000000000E+000 -5.000000000010137E-018
          25           2  0.000000000000000E+000  4.999999999996041E-018
          26           1  0.000000000000000E+000 -5.000000000012838E-018
          26           2  0.000000000000000E+000  4.999999999990573E-018
          27           1  0.000000000000000E+000 -5.000000000009023E-018
          27           2  0.000000000000000E+000  4.999999999992576E-018
          28           1  0.000000000000000E+000 -5.000000000006438E-018
          28           2  0.000000000000000E+000  4.999999999992583E-018
          29           1  0.000000000000000E+000 -5.000000000005212E-018
          29           2  0.000000000000000E+000  4.999999999992258E-018
          30           1  0.000000000000000E+000 -5.000000000005341E-018
          30           2  0.000000000000000E+000  4.999999999995248E-018
          31           1  0.000000000000000E+000 -5.000000000007731E-018
          31           2  0.000000000000000E+000  4.999999999994356E-018
          32           1  0.000000000000000E+000 -5.000000000033011E-018
          32           2  0.000000000000000E+000  4.999999999983661E-018
          33           1  0.000000000000000E+000 -5.000000000028380E-018
          33           2  0.000000000000000E+000  4.999999999984909E-018
          34           1  0.000000000000000E+000 -5.000000000003895E-018
          34           2  0.000000000000000E+000  4.999999999994667E-018
          35           1  0.000000000000000E+000 -5.000000000040613E-018
          35           2  0.000000000000000E+000  4.999999999977989E-018
          36           1  0.000000000000000E+000 -5.000000000054297E-018
          36           2  0.000000000000000E+000  4.999999999964812E-018
          37           1  0.000000000000000E+000 -5.000000000007455E-018
          37           2  0.000000000000000E+000  4.999999999993986E-018
          38           1  0.000000000000000E+000 -5.000000000013462E-018
          38           2  0.000000000000000E+000  4.999999999984827E-018
          39           1  0.000000000000000E+000 -5.000000000009937E-018
          39           2  0.000000000000000E+000  4.999999999986749E-018
          40           1  0.000000000000000E+000 -5.000000000014237E-018
          40           2  0.000000000000000E+000  4.999999999985057E-018
          41           1  0.000000000000000E+000 -5.000000000009075E-018
          41           2  0.000000000000000E+000  4.999999999989278E-018
          42           1  0.000000000000000E+000 -5.000000000006937E-018
          42           2  0.000000000000000E+000  4.999999999993428E-018
          43           1  0.000000000000000E+000 -4.999999999986609E-018
          43           2  0.000000000000000E+000  5.000000000013894E-018
          44           1  0.000000000000000E+000 -4.999999999983618E-018
          44           2  0.000000000000000E+000  5.000000000018681E-018
          45           1  0.000000000000000E+000 -4.999999999976867E-018
          45           2  0.000000000000000E+000  5.000000000028040E-018
          46           1  0.000000000000000E+000 -5.000000000007538E-018
          46           2  0.000000000000000E+000  4.999999999992878E-018
          47           1  0.000000000000000E+000 -5.000000000012218E-018
          47           2  0.000000000000000E+000  4.999999999989892E-018
          48           1  0.000000000000000E+000 -5.000000000018029E-018
          48           2  0.000000000000000E+000  4.999999999991687E-018
          49           1  0.000000000000000E+000 -5.000000000008160E-018
          49           2  0.000000000000000E+000  4.999999999990636E-018
          50           1  0.000000000000000E+000 -5.000000000004850E-018
          50           2  0.000000000000000E+000  4.999999999995275E-018
          51           1  0.000000000000000E+000 -5.000000000003296E-018
          51           2  0.000000000000000E+000  4.999999999997518E-018
          52           1  0.000000000000000E+000 -5.000000000004254E-018
          52           2  0.000000000000000E+000  4.999999999994181E-018
          53           1  0.000000000000000E+000 -5.000000000005341E-018
          53           2  0.000000000000000E+000  4.999999999994161E-018
          54           1  0.000000000000000E+000 -4.999999999982892E-018
          54           2  0.000000000000000E+000  5.000000000031095E-018
          55           1  0.000000000000000E+000 -5.000000000037240E-018
          55           2  0.000000000000000E+000  4.999999999976754E-018
          56           1  0.000000000000000E+000 -5.000000000007712E-018
          56           2  0.000000000000000E+000  4.999999999992545E-018
          57           1  0.000000000000000E+000 -5.000000000004139E-018
          57           2  0.000000000000000E+000  4.999999999997146E-018
          58           1  0.000000000000000E+000 -5.000000000052245E-018
          58           2  0.000000000000000E+000  4.999999999958215E-018
          59           1  0.000000000000000E+000 -5.000000000013797E-018
          59           2  0.000000000000000E+000  4.999999999987191E-018
          60           1  0.000000000000000E+000 -4.999999999997454E-018
          60           2  0.000000000000000E+000  5.000000000005557E-018
          61           1  0.000000000000000E+000 -4.999999999980246E-018
          61           2  0.000000000000000E+000  5.000000000018596E-018
          62           1  0.000000000000000E+000 -4.999999999981070E-018
          62           2  0.000000000000000E+000  5.000000000020018E-018
          63           1  0.000000000000000E+000 -5.000000000004804E-018
          63           2  0.000000000000000E+000  4.999999999996871E-018
          64           1  0.000000000000000E+000 -4.999999999981060E-018
          64           2  0.000000000000000E+000  5.000000000018947E-018
          65           1  0.000000000000000E+000 -5.000000000010856E-018
          65           2  0.000000000000000E+000  4.999999999988469E-018
          66           1  0.000000000000000E+000 -5.000000000063282E-018
          66           2  0.000000000000000E+000  4.999999999952304E-018
          67           1  0.000000000000000E+000 -4.999999999968850E-018
          67           2  0.000000000000000E+000  5.000000000053243E-018
          68           1  0.000000000000000E+000 -5.000000000056224E-018
          68           2  0.000000000000000E+000  4.999999999961083E-018
          69           1  0.000000000000000E+000 -5.000000000029114E-018
          69           2  0.000000000000000E+000  4.999999999980726E-018
          70           1  0.000000000000000E+000 -5.000000000030574E-018
          70           2  0.000000000000000E+000  4.999999999985396E-018
          71           1  0.000000000000000E+000 -5.000000000033428E-018
          71           2  0.000000000000000E+000  4.999999999984364E-018
          72           1  0.000000000000000E+000 -5.000000000043891E-018
          72           2  0.000000000000000E+000  4.999999999974755E-018
          73           1  0.000000000000000E+000 -5.000000000007925E-018
          73           2  0.000000000000000E+000  5.000000000012544E-018
          74           1  0.000000000000000E+000 -4.999999999999476E-018
          74           2  0.000000000000000E+000  5.000000000022145E-018
          75           1  0.000000000000000E+000 -5.000000000041889E-018
          75           2  0.000000000000000E+000  4.999999999976398E-018
          76           1  0.000000000000000E+000 -5.000000000029987E-018
          76           2  0.000000000000000E+000  4.999999999985008E-018
          77           1  0.000000000000000E+000 -5.000000000021900E-018
          77           2  0.000000000000000E+000  4.999999999992205E-018
          78           1  0.000000000000000E+000 -5.000000000031100E-018
          78           2  0.000000000000000E+000  4.999999999974241E-018
          79           1  0.000000000000000E+000 -4.999999999992223E-018
          79           2  0.000000000000000E+000  5.000000000005837E-018
          80           1  0.000000000000000E+000 -4.999999999992396E-018
          80           2  0.000000000000000E+000  5.000000000005577E-018
          81           1  0.000000000000000E+000 -5.000000000005913E-018
          81           2  0.000000000000000E+000  4.999999999998583E-018
          82           1  0.000000000000000E+000 -5.000000000006861E-018
          82           2  0.000000000000000E+000  4.999999999995914E-018
          83           1  0.000000000000000E+000 -4.999999999951954E-018
          83           2  0.000000000000000E+000  5.000000000061676E-018
          84           1  0.000000000000000E+000 -4.999999999951156E-018
          84           2  0.000000000000000E+000  5.000000000067097E-018
          85           1  0.000000000000000E+000 -5.000000000024373E-018
          85           2  0.000000000000000E+000  4.999999999998962E-018
          86           1  0.000000000000000E+000 -5.000000000004785E-018
          86           2  0.000000000000000E+000  5.000000000019214E-018
          87           1  0.000000000000000E+000 -5.000000000005837E-018
          87           2  0.000000000000000E+000  5.000000000018298E-018
          88           1  0.000000000000000E+000 -5.000000000014618E-018
          88           2  0.000000000000000E+000  4.999999999987504E-018
          89           1  0.000000000000000E+000 -5.000000000057929E-018
          89           2  0.000000000000000E+000  4.999999999962407E-018
          90           1  0.000000000000000E+000 -4.999999999997853E-018
          90           2  0.000000000000000E+000  5.000000000024478E-018
          91           1  0.000000000000000E+000 -5.000000000003284E-018
          91           2  0.000000000000000E+000  5.000000000025034E-018
          92           1  0.000000000000000E+000 -5.000000000001150E-018
          92           2  0.000000000000000E+000  5.000000000022559E-018
          93           1  0.000000000000000E+000 -4.999999999992897E-018
          93           2  0.000000000000000E+000  5.000000000031793E-018
          94           1  0.000000000000000E+000 -5.000000000025745E-018
          94           2  0.000000000000000E+000  5.000000000001570E-018
          95           1  0.000000000000000E+000 -5.000000000055663E-018
          95           2  0.000000000000000E+000  4.999999999963939E-018
          96           1  0.000000000000000E+000 -5.000000000033710E-018
          96           2  0.000000000000000E+000  4.999999999983692E-018
          97           1  0.000000000000000E+000 -5.000000000003779E-018
          97           2  0.000000000000000E+000  4.999999999995715E-018
          98           1  0.000000000000000E+000 -4.999999999976834E-018
          98           2  0.000000000000000E+000  5.000000000031782E-018
          99           1  0.000000000000000E+000 -4.999999999992954E-018
          99           2  0.000000000000000E+000  5.000000000003142E-018
         100           1  0.000000000000000E+000 -4.999999999991185E-018
         100           2  0.000000000000000E+000  5.000000000004068E-018
         101           1  0.000000000000000E+000 -4.999999999986168E-018
         101           2  0.000000000000000E+000  5.000000000029305E-018
         102           1  0.000000000000000E+000 -5.000000000047426E-018
         102           2  0.000000000000000E+000  4.999999999967706E-018
         103           1  0.000000000000000E+000 -4.999999999950660E-018
         103           2  0.000000000000000E+000  5.000000000059948E-018
         104           1  0.000000000000000E+000 -4.999999999987017E-018
         104           2  0.000000000000000E+000  5.000000000012247E-018
         105           1  0.000000000000000E+000 -4.999999999964994E-018
         105           2  0.000000000000000E+000  5.000000000060712E-018
         106           1  0.000000000000000E+000 -5.000000000064532E-018
         106           2  0.000000000000000E+000  4.999999999955964E-018
         107           1  0.000000000000000E+000 -5.000000000043540E-018
         107           2  0.000000000000000E+000  4.999999999980051E-018
         108           1  0.000000000000000E+000 -5.000000000064617E-018
         108           2  0.000000000000000E+000  4.999999999960526E-018
         109           1  0.000000000000000E+000 -5.000000000059145E-018
         109           2  0.000000000000000E+000  4.999999999965462E-018
         110           1  0.000000000000000E+000 -5.000000000002741E-018
         110           2  0.000000000000000E+000  5.000000000026138E-018
         111           1  0.000000000000000E+000 -5.000000000014684E-018
         111           2  0.000000000000000E+000  5.000000000014332E-018
         112           1  0.000000000000000E+000 -5.000000000008506E-018
         112           2  0.000000000000000E+000  5.000000000019632E-018
         113           1  0.000000000000000E+000 -5.000000000025292E-018
         113           2  0.000000000000000E+000  5.000000000001211E-018
         114           1  0.000000000000000E+000 -4.999999999999065E-018
         114           2  0.000000000000000E+000  5.000000000029419E-018
         115           1  0.000000000000000E+000 -4.999999999980730E-018
         115           2  0.000000000000000E+000  5.000000000042275E-018
         116           1  0.000000000000000E+000 -5.000000000039696E-018
         116           2  0.000000000000000E+000  4.999999999974728E-018
         117           1  0.000000000000000E+000 -5.000000000005278E-018
         117           2  0.000000000000000E+000  4.999999999993503E-018
         118           1  0.000000000000000E+000 -4.999999999976981E-018
         118           2  0.000000000000000E+000  5.000000000036864E-018
         119           1  0.000000000000000E+000 -4.999999999991928E-018
         119           2  0.000000000000000E+000  5.000000000005972E-018
         120           1  0.000000000000000E+000 -4.999999999992297E-018
         120           2  0.000000000000000E+000  5.000000000009047E-018
         121           1  0.000000000000000E+000 -4.999999999989883E-018
         121           2  0.000000000000000E+000  5.000000000011912E-018
         122           1  0.000000000000000E+000 -4.999999999964990E-018
         122           2  0.000000000000000E+000  5.000000000053423E-018
         123           1  0.000000000000000E+000 -5.000000000015002E-018
         123           2  0.000000000000000E+000  4.999999999993943E-018
         124           1  0.000000000000000E+000 -4.999999999970772E-018
         124           2  0.000000000000000E+000  5.000000000044797E-018
         125           1  0.000000000000000E+000 -4.999999999992099E-018
         125           2  0.000000000000000E+000  5.000000000030539E-018
         126           1  0.000000000000000E+000 -5.000000000030354E-018
         126           2  0.000000000000000E+000  4.999999999992954E-018
         127           1  0.000000000000000E+000 -5.000000000050784E-018
         127           2  0.000000000000000E+000  4.999999999969665E-018
         128           1  0.000000000000000E+000 -5.000000000040728E-018
         128           2  0.000000000000000E+000  4.999999999978271E-018
         129           1  0.000000000000000E+000 -5.000000000031730E-018
         129           2  0.000000000000000E+000  4.999999999991184E-018
         130           1  0.000000000000000E+000 -5.000000000014206E-018
         130           2  0.000000000000000E+000  5.000000000005450E-018
         131           1  0.000000000000000E+000 -5.000000000007379E-018
         131           2  0.000000000000000E+000  5.000000000022223E-018
         132           1  0.000000000000000E+000 -4.999999999992865E-018
         132           2  0.000000000000000E+000  5.000000000034562E-018
         133           1  0.000000000000000E+000 -5.000000000020689E-018
         133           2  0.000000000000000E+000  5.000000000005193E-018
         134           1  0.000000000000000E+000 -4.999999999993786E-018
         134           2  0.000000000000000E+000  5.000000000026923E-018
         135           1  0.000000000000000E+000 -4.999999999992599E-018
         135           2  0.000000000000000E+000  5.000000000029089E-018
         136           1  0.000000000000000E+000 -4.999999999986107E-018
         136           2  0.000000000000000E+000  5.000000000034263E-018
         137           1  0.000000000000000E+000 -5.000000000046357E-018
         137           2  0.000000000000000E+000  4.999999999970699E-018
         138           1  0.000000000000000E+000 -4.999999999994584E-018
         138           2  0.000000000000000E+000  5.000000000025144E-018
         139           1  0.000000000000000E+000 -4.999999999994961E-018
         139           2  0.000000000000000E+000  5.000000000006491E-018
         140           1  0.000000000000000E+000 -4.999999999993693E-018
         140           2  0.000000000000000E+000  5.000000000009166E-018
         141           1  0.000000000000000E+000 -4.999999999991345E-018
         141           2  0.000000000000000E+000  5.000000000012340E-018
         142           1  0.000000000000000E+000 -5.000000000009296E-018
         142           2  0.000000000000000E+000  5.000000000002042E-018
         143           1  0.000000000000000E+000 -5.000000000019015E-018
         143           2  0.000000000000000E+000  4.999999999984470E-018
         144           1  0.000000000000000E+000 -4.999999999988590E-018
         144           2  0.000000000000000E+000  5.000000000022591E-018
         145           1  0.000000000000000E+000 -4.999999999996560E-018
         145           2  0.000000000000000E+000  5.000000000024457E-018
         146           1  0.000000000000000E+000 -5.000000000005415E-018
         146           2  0.000000000000000E+000  5.000000000012480E-018
         147           1  0.000000000000000E+000 -4.999999999947601E-018
         147           2  0.000000000000000E+000  5.000000000075011E-018
         148           1  0.000000000000000E+000 -5.000000000005125E-018
         148           2  0.000000000000000E+000  5.000000000011032E-018
         149           1  0.000000000000000E+000 -5.000000000034662E-018
         149           2  0.000000000000000E+000  4.999999999978086E-018
         150           1  0.000000000000000E+000 -5.000000000028631E-018
         150           2  0.000000000000000E+000  4.999999999989560E-018
         151           1  0.000000000000000E+000 -4.999999999993465E-018
         151           2  0.000000000000000E+000  5.000000000029519E-018
         152           1  0.000000000000000E+000 -5.000000000000417E-018
         152           2  0.000000000000000E+000  5.000000000023167E-018
         153           1  0.000000000000000E+000 -5.000000000020563E-018
         153           2  0.000000000000000E+000  5.000000000004902E-018
         154           1  0.000000000000000E+000 -5.000000000013333E-018
         154           2  0.000000000000000E+000  5.000000000007328E-018
         155           1  0.000000000000000E+000 -4.999999999990173E-018
         155           2  0.000000000000000E+000  5.000000000023853E-018
         156           1  0.000000000000000E+000 -4.999999999985970E-018
         156           2  0.000000000000000E+000  5.000000000029855E-018
         157           1  0.000000000000000E+000 -4.999999999995188E-018
         157           2  0.000000000000000E+000  5.000000000029964E-018
         158           1  0.000000000000000E+000 -4.999999999988274E-018
         158           2  0.000000000000000E+000  5.000000000033559E-018
         159           1  0.000000000000000E+000 -4.999999999995467E-018
         159           2  0.000000000000000E+000  5.000000000006310E-018
         160           1  0.000000000000000E+000 -4.999999999990969E-018
         160           2  0.000000000000000E+000  5.000000000007639E-018
         161           1  0.000000000000000E+000 -5.000000000008219E-018
         161           2  0.000000000000000E+000  4.999999999996820E-018
         162           1  0.000000000000000E+000 -5.000000000008109E-018
         162           2  0.000000000000000E+000  4.999999999993069E-018
         163           1  0.000000000000000E+000 -5.000000000024977E-018
         163           2  0.000000000000000E+000  4.999999999985451E-018
         164           1  0.000000000000000E+000 -4.999999999998972E-018
         164           2  0.000000000000000E+000  5.000000000012480E-018
         165           1  0.000000000000000E+000 -5.000000000002487E-018
         165           2  0.000000000000000E+000  5.000000000018675E-018
         166           1  0.000000000000000E+000 -4.999999999997686E-018
         166           2  0.000000000000000E+000  5.000000000023437E-018
         167           1  0.000000000000000E+000 -4.999999999978935E-018
         167           2  0.000000000000000E+000  5.000000000042458E-018
         168           1  0.000000000000000E+000 -4.999999999947221E-018
         168           2  0.000000000000000E+000  5.000000000073904E-018
         169           1  0.000000000000000E+000 -4.999999999940262E-018
         169           2  0.000000000000000E+000  5.000000000081862E-018
         170           1  0.000000000000000E+000 -5.000000000033580E-018
         170           2  0.000000000000000E+000  4.999999999984651E-018
         171           1  0.000000000000000E+000 -5.000000000038189E-018
         171           2  0.000000000000000E+000  4.999999999976882E-018
         172           1  0.000000000000000E+000 -4.999999999998411E-018
         172           2  0.000000000000000E+000  5.000000000017112E-018
         173           1  0.000000000000000E+000 -4.999999999998460E-018
         173           2  0.000000000000000E+000  5.000000000025450E-018
         174           1  0.000000000000000E+000 -5.000000000009090E-018
         174           2  0.000000000000000E+000  5.000000000005947E-018
         175           1  0.000000000000000E+000 -4.999999999995715E-018
         175           2  0.000000000000000E+000  5.000000000001095E-018
         176           1  0.000000000000000E+000 -4.999999999987825E-018
         176           2  0.000000000000000E+000  5.000000000026399E-018
         177           1  0.000000000000000E+000 -4.999999999995053E-018
         177           2  0.000000000000000E+000  5.000000000005455E-018
         178           1  0.000000000000000E+000 -4.999999999994814E-018
         178           2  0.000000000000000E+000  5.000000000005295E-018
         179           1  0.000000000000000E+000 -4.999999999993014E-018
         179           2  0.000000000000000E+000  5.000000000005425E-018
         180           1  0.000000000000000E+000 -4.999999999989650E-018
         180           2  0.000000000000000E+000  5.000000000006783E-018
         181           1  0.000000000000000E+000 -5.000000000007057E-018
         181           2  0.000000000000000E+000  4.999999999992989E-018
         182           1  0.000000000000000E+000 -5.000000000007005E-018
         182           2  0.000000000000000E+000  4.999999999993958E-018
         183           1  0.000000000000000E+000 -5.000000000008794E-018
         183           2  0.000000000000000E+000  4.999999999990929E-018
         184           1  0.000000000000000E+000 -4.999999999963546E-018
         184           2  0.000000000000000E+000  5.000000000056120E-018
         185           1  0.000000000000000E+000 -5.000000000007300E-018
         185           2  0.000000000000000E+000  5.000000000013507E-018
         186           1  0.000000000000000E+000 -5.000000000013247E-018
         186           2  0.000000000000000E+000  5.000000000007145E-018
         187           1  0.000000000000000E+000 -5.000000000013398E-018
         187           2  0.000000000000000E+000  5.000000000008086E-018
         188           1  0.000000000000000E+000 -4.999999999985387E-018
         188           2  0.000000000000000E+000  5.000000000035071E-018
         189           1  0.000000000000000E+000 -4.999999999964422E-018
         189           2  0.000000000000000E+000  5.000000000054050E-018
         190           1  0.000000000000000E+000 -5.000000000044993E-018
         190           2  0.000000000000000E+000  4.999999999973583E-018
         191           1  0.000000000000000E+000 -4.999999999998396E-018
         191           2  0.000000000000000E+000  4.999999999999447E-018
         192           1  0.000000000000000E+000 -5.000000000028466E-018
         192           2  0.000000000000000E+000  4.999999999991266E-018
         193           1  0.000000000000000E+000 -4.999999999989981E-018
         193           2  0.000000000000000E+000  5.000000000037290E-018
         194           1  0.000000000000000E+000 -4.999999999998886E-018
         194           2  0.000000000000000E+000  4.999999999998802E-018
         195           1  0.000000000000000E+000 -4.999999999992329E-018
         195           2  0.000000000000000E+000  5.000000000018740E-018
         196           1  0.000000000000000E+000 -4.999999999981261E-018
         196           2  0.000000000000000E+000  5.000000000038713E-018
         197           1  0.000000000000000E+000 -4.999999999982818E-018
         197           2  0.000000000000000E+000  5.000000000040492E-018
         198           1  0.000000000000000E+000 -4.999999999991018E-018
         198           2  0.000000000000000E+000  5.000000000005425E-018
         199           1  0.000000000000000E+000 -4.999999999990199E-018
         199           2  0.000000000000000E+000  5.000000000006651E-018
         200           1  0.000000000000000E+000 -4.999999999989872E-018
         200           2  0.000000000000000E+000  5.000000000007589E-018
         201           1  0.000000000000000E+000 -5.000000000013750E-018
         201           2  0.000000000000000E+000  4.999999999990241E-018
         202           1  0.000000000000000E+000 -4.999999999969448E-018
         202           2  0.000000000000000E+000  5.000000000049256E-018
         203           1  0.000000000000000E+000 -5.000000000044839E-018
         203           2  0.000000000000000E+000  4.999999999967068E-018
         204           1  0.000000000000000E+000 -4.999999999981922E-018
         204           2  0.000000000000000E+000  5.000000000039600E-018
         205           1  0.000000000000000E+000 -5.000000000004500E-018
         205           2  0.000000000000000E+000  5.000000000010303E-018
         206           1  0.000000000000000E+000 -5.000000000003982E-018
         206           2  0.000000000000000E+000  5.000000000009276E-018
         207           1  0.000000000000000E+000 -4.999999999997149E-018
         207           2  0.000000000000000E+000  5.000000000000361E-018
         208           1  0.000000000000000E+000 -4.999999999985435E-018
         208           2  0.000000000000000E+000  5.000000000026289E-018
         209           1  0.000000000000000E+000 -4.999999999986558E-018
         209           2  0.000000000000000E+000  5.000000000012135E-018
         210           1  0.000000000000000E+000 -5.000000000030215E-018
         210           2  0.000000000000000E+000  4.999999999995544E-018
         211           1  0.000000000000000E+000 -5.000000000041178E-018
         211           2  0.000000000000000E+000  4.999999999986342E-018
         212           1  0.000000000000000E+000 -4.999999999972695E-018
         212           2  0.000000000000000E+000  5.000000000056583E-018
         213           1  0.000000000000000E+000 -4.999999999985801E-018
         213           2  0.000000000000000E+000  5.000000000015179E-018
         214           1  0.000000000000000E+000 -4.999999999962456E-018
         214           2  0.000000000000000E+000  5.000000000051913E-018
         215           1  0.000000000000000E+000 -4.999999999962373E-018
         215           2  0.000000000000000E+000  5.000000000060361E-018
         216           1  0.000000000000000E+000 -4.999999999975364E-018
         216           2  0.000000000000000E+000  5.000000000059145E-018
         217           1  0.000000000000000E+000 -4.999999999972759E-018
         217           2  0.000000000000000E+000  5.000000000049890E-018
         218           1  0.000000000000000E+000 -4.999999999987520E-018
         218           2  0.000000000000000E+000  5.000000000008886E-018
         219           1  0.000000000000000E+000 -4.999999999987624E-018
         219           2  0.000000000000000E+000  5.000000000009168E-018
         220           1  0.000000000000000E+000 -4.999999999988794E-018
         220           2  0.000000000000000E+000  5.000000000009327E-018
         221           1  0.000000000000000E+000 -4.999999999984915E-018
         221           2  0.000000000000000E+000  5.000000000018709E-018
         222           1  0.000000000000000E+000 -4.999999999955527E-018
         222           2  0.000000000000000E+000  5.000000000067866E-018
         223           1  0.000000000000000E+000 -4.999999999954841E-018
         223           2  0.000000000000000E+000  5.000000000066973E-018
         224           1  0.000000000000000E+000 -4.999999999962721E-018
         224           2  0.000000000000000E+000  5.000000000064106E-018
         225           1  0.000000000000000E+000 -4.999999999997337E-018
         225           2  0.000000000000000E+000  5.000000000022527E-018
         226           1  0.000000000000000E+000 -4.999999999995082E-018
         226           2  0.000000000000000E+000  5.000000000000487E-018
         227           1  0.000000000000000E+000 -4.999999999981941E-018
         227           2  0.000000000000000E+000  5.000000000023323E-018
         228           1  0.000000000000000E+000 -4.999999999974050E-018
         228           2  0.000000000000000E+000  5.000000000034320E-018
         229           1  0.000000000000000E+000 -4.999999999971605E-018
         229           2  0.000000000000000E+000  5.000000000046968E-018
         230           1  0.000000000000000E+000 -4.999999999992434E-018
         230           2  0.000000000000000E+000  5.000000000034753E-018
         231           1  0.000000000000000E+000 -5.000000000019473E-018
         231           2  0.000000000000000E+000  5.000000000008793E-018
         232           1  0.000000000000000E+000 -5.000000000014327E-018
         232           2  0.000000000000000E+000  5.000000000010162E-018
         233           1  0.000000000000000E+000 -5.000000000049433E-018
         233           2  0.000000000000000E+000  4.999999999970236E-018
         234           1  0.000000000000000E+000 -4.999999999969200E-018
         234           2  0.000000000000000E+000  5.000000000049711E-018
         235           1  0.000000000000000E+000 -4.999999999976006E-018
         235           2  0.000000000000000E+000  5.000000000056755E-018
         236           1  0.000000000000000E+000 -5.000000000007051E-018
         236           2  0.000000000000000E+000  5.000000000025728E-018
         237           1  0.000000000000000E+000 -4.999999999983347E-018
         237           2  0.000000000000000E+000  5.000000000034142E-018
         238           1  0.000000000000000E+000 -4.999999999984002E-018
         238           2  0.000000000000000E+000  5.000000000013661E-018
         239           1  0.000000000000000E+000 -4.999999999987274E-018
         239           2  0.000000000000000E+000  5.000000000011645E-018
         240           1  0.000000000000000E+000 -4.999999999988614E-018
         240           2  0.000000000000000E+000  5.000000000009216E-018
         241           1  0.000000000000000E+000 -4.999999999966339E-018
         241           2  0.000000000000000E+000  5.000000000058026E-018
         242           1  0.000000000000000E+000 -4.999999999993619E-018
         242           2  0.000000000000000E+000  5.000000000021528E-018
         243           1  0.000000000000000E+000 -4.999999999991272E-018
         243           2  0.000000000000000E+000  5.000000000030654E-018
         244           1  0.000000000000000E+000 -4.999999999973073E-018
         244           2  0.000000000000000E+000  5.000000000054005E-018
         245           1  0.000000000000000E+000 -4.999999999995438E-018
         245           2  0.000000000000000E+000  5.000000000019063E-018
         246           1  0.000000000000000E+000 -4.999999999993744E-018
         246           2  0.000000000000000E+000  5.000000000001012E-018
         247           1  0.000000000000000E+000 -4.999999999993244E-018
         247           2  0.000000000000000E+000  5.000000000002121E-018
         248           1  0.000000000000000E+000 -4.999999999985463E-018
         248           2  0.000000000000000E+000  5.000000000011027E-018
         249           1  0.000000000000000E+000 -5.000000000054506E-018
         249           2  0.000000000000000E+000  4.999999999962406E-018
         250           1  0.000000000000000E+000 -5.000000000004845E-018
         250           2  0.000000000000000E+000  5.000000000023095E-018
         251           1  0.000000000000000E+000 -5.000000000018764E-018
         251           2  0.000000000000000E+000  5.000000000006341E-018
         252           1  0.000000000000000E+000 -4.999999999999383E-018
         252           2  0.000000000000000E+000  5.000000000024605E-018
         253           1  0.000000000000000E+000 -5.000000000011778E-018
         253           2  0.000000000000000E+000  4.999999999985790E-018
         254           1  0.000000000000000E+000 -5.000000000010024E-018
         254           2  0.000000000000000E+000  4.999999999986185E-018
         255           1  0.000000000000000E+000 -5.000000000053556E-018
         255           2  0.000000000000000E+000  4.999999999972363E-018
         256           1  0.000000000000000E+000 -4.999999999983387E-018
         256           2  0.000000000000000E+000  5.000000000038198E-018
         257           1  0.000000000000000E+000 -4.999999999962249E-018
         257           2  0.000000000000000E+000  5.000000000055140E-018
         258           1  0.000000000000000E+000 -4.999999999964691E-018
         258           2  0.000000000000000E+000  5.000000000051970E-018
         259           1  0.000000000000000E+000 -4.999999999955583E-018
         259           2  0.000000000000000E+000  5.000000000062967E-018
         260           1  0.000000000000000E+000 -4.999999999983865E-018
         260           2  0.000000000000000E+000  5.000000000017823E-018
         261           1  0.000000000000000E+000 -5.000000000005977E-018
         261           2  0.000000000000000E+000  4.999999999994263E-018
         262           1  0.000000000000000E+000 -4.999999999981219E-018
         262           2  0.000000000000000E+000  5.000000000043476E-018
         263           1  0.000000000000000E+000 -5.000000000042320E-018
         263           2  0.000000000000000E+000  4.999999999974740E-018
         264           1  0.000000000000000E+000 -4.999999999974963E-018
         264           2  0.000000000000000E+000  5.000000000041070E-018
         265           1  0.000000000000000E+000 -4.999999999994814E-018
         265           2  0.000000000000000E+000  5.000000000001708E-018
         266           1  0.000000000000000E+000 -4.999999999993567E-018
         266           2  0.000000000000000E+000  5.000000000002244E-018
         267           1  0.000000000000000E+000 -4.999999999992847E-018
         267           2  0.000000000000000E+000  5.000000000004405E-018
         268           1  0.000000000000000E+000 -4.999999999989894E-018
         268           2  0.000000000000000E+000  5.000000000008035E-018
         269           1  0.000000000000000E+000 -5.000000000050128E-018
         269           2  0.000000000000000E+000  4.999999999966635E-018
         270           1  0.000000000000000E+000 -5.000000000054506E-018
         270           2  0.000000000000000E+000  4.999999999968404E-018
         271           1  0.000000000000000E+000 -5.000000000009665E-018
         271           2  0.000000000000000E+000  5.000000000017489E-018
         272           1  0.000000000000000E+000 -4.999999999971603E-018
         272           2  0.000000000000000E+000  5.000000000054740E-018
         273           1  0.000000000000000E+000 -5.000000000010201E-018
         273           2  0.000000000000000E+000  4.999999999986353E-018
         274           1  0.000000000000000E+000 -5.000000000007719E-018
         274           2  0.000000000000000E+000  4.999999999986949E-018
         275           1  0.000000000000000E+000 -5.000000000051791E-018
         275           2  0.000000000000000E+000  4.999999999971594E-018
         276           1  0.000000000000000E+000 -4.999999999998971E-018
         276           2  0.000000000000000E+000  5.000000000026863E-018
         277           1  0.000000000000000E+000 -4.999999999982174E-018
         277           2  0.000000000000000E+000  5.000000000033743E-018
         278           1  0.000000000000000E+000 -4.999999999987686E-018
         278           2  0.000000000000000E+000  5.000000000010293E-018
         279           1  0.000000000000000E+000 -4.999999999991113E-018
         279           2  0.000000000000000E+000  5.000000000010622E-018
         280           1  0.000000000000000E+000 -4.999999999984110E-018
         280           2  0.000000000000000E+000  5.000000000018586E-018
         281           1  0.000000000000000E+000 -5.000000000005475E-018
         281           2  0.000000000000000E+000  4.999999999996527E-018
         282           1  0.000000000000000E+000 -5.000000000057142E-018
         282           2  0.000000000000000E+000  4.999999999961053E-018
         283           1  0.000000000000000E+000 -5.000000000007179E-018
         283           2  0.000000000000000E+000  4.999999999988566E-018
         284           1  0.000000000000000E+000 -5.000000000017925E-018
         284           2  0.000000000000000E+000  5.000000000002222E-018
         285           1  0.000000000000000E+000 -4.999999999994895E-018
         285           2  0.000000000000000E+000  5.000000000025127E-018
         286           1  0.000000000000000E+000 -4.999999999986567E-018
         286           2  0.000000000000000E+000  5.000000000032960E-018
         287           1  0.000000000000000E+000 -4.999999999995095E-018
         287           2  0.000000000000000E+000  5.000000000004824E-018
         288           1  0.000000000000000E+000 -4.999999999961177E-018
         288           2  0.000000000000000E+000  5.000000000059234E-018
         289           1  0.000000000000000E+000 -5.000000000055563E-018
         289           2  0.000000000000000E+000  4.999999999959025E-018
         290           1  0.000000000000000E+000 -5.000000000050504E-018
         290           2  0.000000000000000E+000  4.999999999968282E-018
         291           1  0.000000000000000E+000 -4.999999999989135E-018
         291           2  0.000000000000000E+000  5.000000000035112E-018
         292           1  0.000000000000000E+000 -5.000000000024135E-018
         292           2  0.000000000000000E+000  4.999999999994759E-018
         293           1  0.000000000000000E+000 -5.000000000041638E-018
         293           2  0.000000000000000E+000  4.999999999966458E-018
         294           1  0.000000000000000E+000 -5.000000000048701E-018
         294           2  0.000000000000000E+000  4.999999999969400E-018
         295           1  0.000000000000000E+000 -5.000000000007604E-018
         295           2  0.000000000000000E+000  5.000000000014062E-018
         296           1  0.000000000000000E+000 -4.999999999994220E-018
         296           2  0.000000000000000E+000  5.000000000026575E-018
         297           1  0.000000000000000E+000 -4.999999999986889E-018
         297           2  0.000000000000000E+000  5.000000000025583E-018
         298           1  0.000000000000000E+000 -4.999999999975675E-018
         298           2  0.000000000000000E+000  5.000000000036323E-018
         299           1  0.000000000000000E+000 -4.999999999991403E-018
         299           2  0.000000000000000E+000  5.000000000010014E-018
         300           1  0.000000000000000E+000 -4.999999999991831E-018
         300           2  0.000000000000000E+000  5.000000000010068E-018
         301           1  0.000000000000000E+000 -5.000000000060685E-018
         301           2  0.000000000000000E+000  4.999999999948866E-018
         302           1  0.000000000000000E+000 -5.000000000032677E-018
         302           2  0.000000000000000E+000  4.999999999987646E-018
         303           1  0.000000000000000E+000 -5.000000000027405E-018
         303           2  0.000000000000000E+000  4.999999999991582E-018
         304           1  0.000000000000000E+000 -5.000000000030693E-018
         304           2  0.000000000000000E+000  4.999999999990633E-018
         305           1  0.000000000000000E+000 -4.999999999988467E-018
         305           2  0.000000000000000E+000  5.000000000031874E-018
         306           1  0.000000000000000E+000 -4.999999999994714E-018
         306           2  0.000000000000000E+000  5.000000000004762E-018
         307           1  0.000000000000000E+000 -4.999999999988161E-018
         307           2  0.000000000000000E+000  5.000000000029480E-018
         308           1  0.000000000000000E+000 -5.000000000032263E-018
         308           2  0.000000000000000E+000  4.999999999991081E-018
         309           1  0.000000000000000E+000 -5.000000000058585E-018
         309           2  0.000000000000000E+000  4.999999999960983E-018
         310           1  0.000000000000000E+000 -4.999999999987337E-018
         310           2  0.000000000000000E+000  5.000000000036796E-018
         311           1  0.000000000000000E+000 -4.999999999968848E-018
         311           2  0.000000000000000E+000  5.000000000051745E-018
         312           1  0.000000000000000E+000 -5.000000000047447E-018
         312           2  0.000000000000000E+000  4.999999999963947E-018
         313           1  0.000000000000000E+000 -5.000000000007090E-018
         313           2  0.000000000000000E+000  4.999999999988485E-018
         314           1  0.000000000000000E+000 -5.000000000041612E-018
         314           2  0.000000000000000E+000  4.999999999977324E-018
         315           1  0.000000000000000E+000 -4.999999999974477E-018
         315           2  0.000000000000000E+000  5.000000000051149E-018
         316           1  0.000000000000000E+000 -4.999999999991810E-018
         316           2  0.000000000000000E+000  5.000000000031508E-018
         317           1  0.000000000000000E+000 -4.999999999992911E-018
         317           2  0.000000000000000E+000  5.000000000007285E-018
         318           1  0.000000000000000E+000 -4.999999999988278E-018
         318           2  0.000000000000000E+000  5.000000000010866E-018
         319           1  0.000000000000000E+000 -4.999999999991220E-018
         319           2  0.000000000000000E+000  5.000000000010997E-018
         320           1  0.000000000000000E+000 -4.999999999991795E-018
         320           2  0.000000000000000E+000  5.000000000011859E-018
         321           1  0.000000000000000E+000 -4.999999999993910E-018
         321           2  0.000000000000000E+000  5.000000000004544E-018
         322           1  0.000000000000000E+000 -5.000000000032374E-018
         322           2  0.000000000000000E+000  4.999999999983639E-018
         323           1  0.000000000000000E+000 -5.000000000053270E-018
         323           2  0.000000000000000E+000  4.999999999959306E-018
         324           1  0.000000000000000E+000 -4.999999999994329E-018
         324           2  0.000000000000000E+000  5.000000000005220E-018
         325           1  0.000000000000000E+000 -4.999999999993677E-018
         325           2  0.000000000000000E+000  5.000000000001996E-018
         326           1  0.000000000000000E+000 -4.999999999989940E-018
         326           2  0.000000000000000E+000  5.000000000005660E-018
         327           1  0.000000000000000E+000 -4.999999999983875E-018
         327           2  0.000000000000000E+000  5.000000000013944E-018
         328           1  0.000000000000000E+000 -5.000000000017849E-018
         328           2  0.000000000000000E+000  4.999999999995559E-018
         329           1  0.000000000000000E+000 -5.000000000043087E-018
         329           2  0.000000000000000E+000  4.999999999975096E-018
         330           1  0.000000000000000E+000 -4.999999999975560E-018
         330           2  0.000000000000000E+000  5.000000000041125E-018
         331           1  0.000000000000000E+000 -4.999999999972497E-018
         331           2  0.000000000000000E+000  5.000000000039277E-018
         332           1  0.000000000000000E+000 -5.000000000010279E-018
         332           2  0.000000000000000E+000  4.999999999985221E-018
         333           1  0.000000000000000E+000 -5.000000000007096E-018
         333           2  0.000000000000000E+000  4.999999999989734E-018
         334           1  0.000000000000000E+000 -5.000000000050827E-018
         334           2  0.000000000000000E+000  4.999999999967123E-018
         335           1  0.000000000000000E+000 -4.999999999998146E-018
         335           2  0.000000000000000E+000  5.000000000025872E-018
         336           1  0.000000000000000E+000 -4.999999999981555E-018
         336           2  0.000000000000000E+000  5.000000000018277E-018
         337           1  0.000000000000000E+000 -4.999999999991406E-018
         337           2  0.000000000000000E+000  5.000000000010390E-018
         338           1  0.000000000000000E+000 -4.999999999987030E-018
         338           2  0.000000000000000E+000  5.000000000014722E-018
         339           1  0.000000000000000E+000 -5.000000000016774E-018
         339           2  0.000000000000000E+000  4.999999999980921E-018
         340           1  0.000000000000000E+000 -5.000000000019811E-018
         340           2  0.000000000000000E+000  4.999999999982745E-018
         341           1  0.000000000000000E+000 -4.999999999991513E-018
         341           2  0.000000000000000E+000  5.000000000002717E-018
         342           1  0.000000000000000E+000 -4.999999999991393E-018
         342           2  0.000000000000000E+000  5.000000000007171E-018
         343           1  0.000000000000000E+000 -5.000000000009159E-018
         343           2  0.000000000000000E+000  4.999999999989091E-018
         344           1  0.000000000000000E+000 -4.999999999992471E-018
         344           2  0.000000000000000E+000  5.000000000005494E-018
         345           1  0.000000000000000E+000 -4.999999999993343E-018
         345           2  0.000000000000000E+000  5.000000000004169E-018
         346           1  0.000000000000000E+000 -5.000000000038008E-018
         346           2  0.000000000000000E+000  4.999999999970532E-018
         347           1  0.000000000000000E+000 -5.000000000014233E-018
         347           2  0.000000000000000E+000  4.999999999979837E-018
         348           1  0.000000000000000E+000 -5.000000000013624E-018
         348           2  0.000000000000000E+000  4.999999999979978E-018
         349           1  0.000000000000000E+000 -5.000000000057997E-018
         349           2  0.000000000000000E+000  4.999999999948405E-018
         350           1  0.000000000000000E+000 -5.000000000055439E-018
         350           2  0.000000000000000E+000  4.999999999949322E-018
         351           1  0.000000000000000E+000 -5.000000000006894E-018
         351           2  0.000000000000000E+000  4.999999999990116E-018
         352           1  0.000000000000000E+000 -5.000000000022568E-018
         352           2  0.000000000000000E+000  4.999999999993427E-018
         353           1  0.000000000000000E+000 -5.000000000048122E-018
         353           2  0.000000000000000E+000  4.999999999970967E-018
         354           1  0.000000000000000E+000 -4.999999999947472E-018
         354           2  0.000000000000000E+000  5.000000000071026E-018
         355           1  0.000000000000000E+000 -5.000000000051276E-018
         355           2  0.000000000000000E+000  4.999999999960456E-018
         356           1  0.000000000000000E+000 -5.000000000039534E-018
         356           2  0.000000000000000E+000  4.999999999975381E-018
         357           1  0.000000000000000E+000 -5.000000000014993E-018
         357           2  0.000000000000000E+000  4.999999999982713E-018
         358           1  0.000000000000000E+000 -5.000000000009993E-018
         358           2  0.000000000000000E+000  4.999999999984219E-018
         359           1  0.000000000000000E+000 -5.000000000011698E-018
         359           2  0.000000000000000E+000  4.999999999981540E-018
         360           1  0.000000000000000E+000 -5.000000000019266E-018
         360           2  0.000000000000000E+000  4.999999999978585E-018
         361           1  0.000000000000000E+000 -5.000000000017641E-018
         361           2  0.000000000000000E+000  4.999999999979448E-018
         362           1  0.000000000000000E+000 -5.000000000016276E-018
         362           2  0.000000000000000E+000  4.999999999980615E-018
         363           1  0.000000000000000E+000 -4.999999999988093E-018
         363           2  0.000000000000000E+000  5.000000000010699E-018
         364           1  0.000000000000000E+000 -4.999999999989552E-018
         364           2  0.000000000000000E+000  5.000000000009620E-018
         365           1  0.000000000000000E+000 -5.000000000016131E-018
         365           2  0.000000000000000E+000  4.999999999981146E-018
         366           1  0.000000000000000E+000 -5.000000000014084E-018
         366           2  0.000000000000000E+000  4.999999999981602E-018
         367           1  0.000000000000000E+000 -5.000000000012379E-018
         367           2  0.000000000000000E+000  4.999999999982482E-018
         368           1  0.000000000000000E+000 -5.000000000011664E-018
         368           2  0.000000000000000E+000  4.999999999984041E-018
         369           1  0.000000000000000E+000 -5.000000000013661E-018
         369           2  0.000000000000000E+000  4.999999999986270E-018
         370           1  0.000000000000000E+000 -5.000000000012383E-018
         370           2  0.000000000000000E+000  4.999999999984751E-018
         371           1  0.000000000000000E+000 -5.000000000060981E-018
         371           2  0.000000000000000E+000  4.999999999952225E-018
         372           1  0.000000000000000E+000 -5.000000000054738E-018
         372           2  0.000000000000000E+000  4.999999999964921E-018
         373           1  0.000000000000000E+000 -5.000000000012155E-018
         373           2  0.000000000000000E+000  4.999999999988076E-018
         374           1  0.000000000000000E+000 -5.000000000012400E-018
         374           2  0.000000000000000E+000  4.999999999986609E-018
         375           1  0.000000000000000E+000 -5.000000000008741E-018
         375           2  0.000000000000000E+000  4.999999999987644E-018
         376           1  0.000000000000000E+000 -5.000000000012799E-018
         376           2  0.000000000000000E+000  4.999999999985260E-018
         377           1  0.000000000000000E+000 -5.000000000014661E-018
         377           2  0.000000000000000E+000  4.999999999983299E-018
         378           1  0.000000000000000E+000 -5.000000000009456E-018
         378           2  0.000000000000000E+000  4.999999999983801E-018
         379           1  0.000000000000000E+000 -5.000000000012463E-018
         379           2  0.000000000000000E+000  4.999999999982692E-018
         380           1  0.000000000000000E+000 -4.999999999990233E-018
         380           2  0.000000000000000E+000  5.000000000011618E-018
         381           1  0.000000000000000E+000 -5.000000000014598E-018
         381           2  0.000000000000000E+000  4.999999999980428E-018
         382           1  0.000000000000000E+000 -5.000000000011692E-018
         382           2  0.000000000000000E+000  4.999999999982809E-018
         383           1  0.000000000000000E+000 -4.999999999991267E-018
         383           2  0.000000000000000E+000  5.000000000008407E-018
         384           1  0.000000000000000E+000 -4.999999999998093E-018
         384           2  0.000000000000000E+000  5.000000000002004E-018
         385           1  0.000000000000000E+000 -4.999999999989531E-018
         385           2  0.000000000000000E+000  5.000000000011527E-018
         386           1  0.000000000000000E+000 -5.000000000017674E-018
         386           2  0.000000000000000E+000  4.999999999980786E-018
         387           1  0.000000000000000E+000 -5.000000000015142E-018
         387           2  0.000000000000000E+000  4.999999999981166E-018
         388           1  0.000000000000000E+000 -5.000000000014933E-018
         388           2  0.000000000000000E+000  4.999999999983065E-018
         389           1  0.000000000000000E+000 -5.000000000049256E-018
         389           2  0.000000000000000E+000  4.999999999970538E-018
         390           1  0.000000000000000E+000 -5.000000000013634E-018
         390           2  0.000000000000000E+000  4.999999999986618E-018
         391           1  0.000000000000000E+000 -5.000000000015015E-018
         391           2  0.000000000000000E+000  4.999999999985371E-018
         392           1  0.000000000000000E+000 -5.000000000011262E-018
         392           2  0.000000000000000E+000  4.999999999985534E-018
         393           1  0.000000000000000E+000 -5.000000000008514E-018
         393           2  0.000000000000000E+000  4.999999999986123E-018
         394           1  0.000000000000000E+000 -5.000000000008037E-018
         394           2  0.000000000000000E+000  4.999999999986239E-018
         395           1  0.000000000000000E+000 -5.000000000006942E-018
         395           2  0.000000000000000E+000  4.999999999986527E-018
         396           1  0.000000000000000E+000 -5.000000000009098E-018
         396           2  0.000000000000000E+000  4.999999999985794E-018
         397           1  0.000000000000000E+000 -5.000000000036125E-018
         397           2  0.000000000000000E+000  4.999999999981492E-018
         398           1  0.000000000000000E+000 -5.000000000018664E-018
         398           2  0.000000000000000E+000  4.999999999982724E-018
         399           1  0.000000000000000E+000 -5.000000000016016E-018
         399           2  0.000000000000000E+000  4.999999999979005E-018
         400           1  0.000000000000000E+000 -5.000000000021351E-018
         400           2  0.000000000000000E+000  4.999999999975594E-018
