           1           1  0.000000000000000E+000 -4.383419689118675E-018
           1           2  0.000000000000000E+000 -4.616580310880843E-018
           2           1  0.000000000000000E+000 -4.383419689118626E-018
           2           2  0.000000000000000E+000 -4.616580310881348E-018
           3           1  0.000000000000000E+000 -4.383419689118795E-018
           3           2  0.000000000000000E+000 -4.616580310882498E-018
           4           1  0.000000000000000E+000 -4.383419689119197E-018
           4           2  0.000000000000000E+000 -4.616580310881346E-018
           5           1  0.000000000000000E+000 -4.383419689119751E-018
           5           2  0.000000000000000E+000 -4.616580310880429E-018
           6           1  0.000000000000000E+000 -4.383419689121113E-018
           6           2  0.000000000000000E+000 -4.616580310882841E-018
           7           1  0.000000000000000E+000 -4.383419689121009E-018
           7           2  0.000000000000000E+000 -4.616580310882211E-018
           8           1  0.000000000000000E+000 -4.383419689120688E-018
           8           2  0.000000000000000E+000 -4.616580310881302E-018
           9           1  0.000000000000000E+000 -4.383419689118759E-018
           9           2  0.000000000000000E+000 -4.616580310887703E-018
          10           1  0.000000000000000E+000 -4.383419689129783E-018
          10           2  0.000000000000000E+000 -4.616580310896036E-018
          11           1  0.000000000000000E+000 -4.383419689129916E-018
          11           2  0.000000000000000E+000 -4.616580310895926E-018
          12           1  0.000000000000000E+000 -4.383419689120864E-018
          12           2  0.000000000000000E+000 -4.616580310883064E-018
          13           1  0.000000000000000E+000 -4.383419689130491E-018
          13           2  0.000000000000000E+000 -4.616580310897281E-018
          14           1  0.000000000000000E+000 -4.383419689127197E-018
          14           2  0.000000000000000E+000 -4.616580310890855E-018
          15           1  0.000000000000000E+000 -4.383419689128865E-018
          15           2  0.000000000000000E+000 -4.616580310897894E-018
          16           1  0.000000000000000E+000 -4.383419689128729E-018
          16           2  0.000000000000000E+000 -4.616580310896560E-018
          17           1  0.000000000000000E+000 -4.383419689119836E-018
          17           2  0.000000000000000E+000 -4.616580310884267E-018
          18           1  0.000000000000000E+000 -4.383419689128697E-018
          18           2  0.000000000000000E+000 -4.616580310899792E-018
          19           1  0.000000000000000E+000 -4.383419689131537E-018
          19           2  0.000000000000000E+000 -4.616580310896581E-018
          20           1  0.000000000000000E+000 -4.383419689126827E-018
          20           2  0.000000000000000E+000 -4.616580310887884E-018
          21           1  0.000000000000000E+000 -4.383419689118767E-018
          21           2  0.000000000000000E+000 -4.616580310881696E-018
          22           1  0.000000000000000E+000 -4.383419689118396E-018
          22           2  0.000000000000000E+000 -4.616580310890103E-018
          23           1  0.000000000000000E+000 -4.383419689118769E-018
          23           2  0.000000000000000E+000 -4.616580310881586E-018
          24           1  0.000000000000000E+000 -4.383419689120500E-018
          24           2  0.000000000000000E+000 -4.616580310882979E-018
          25           1  0.000000000000000E+000 -4.383419689119650E-018
          25           2  0.000000000000000E+000 -4.616580310880281E-018
          26           1  0.000000000000000E+000 -4.383419689119688E-018
          26           2  0.000000000000000E+000 -4.616580310880665E-018
          27           1  0.000000000000000E+000 -4.383419689125302E-018
          27           2  0.000000000000000E+000 -4.616580310887606E-018
          28           1  0.000000000000000E+000 -4.383419689120120E-018
          28           2  0.000000000000000E+000 -4.616580310880286E-018
          29           1  0.000000000000000E+000 -4.383419689119922E-018
          29           2  0.000000000000000E+000 -4.616580310888478E-018
          30           1  0.000000000000000E+000 -4.383419689129507E-018
          30           2  0.000000000000000E+000 -4.616580310892756E-018
          31           1  0.000000000000000E+000 -4.383419689110089E-018
          31           2  0.000000000000000E+000 -4.616580310869402E-018
          32           1  0.000000000000000E+000 -4.383419689123275E-018
          32           2  0.000000000000000E+000 -4.616580310887636E-018
          33           1  0.000000000000000E+000 -4.383419689119640E-018
          33           2  0.000000000000000E+000 -4.616580310882498E-018
          34           1  0.000000000000000E+000 -4.383419689113229E-018
          34           2  0.000000000000000E+000 -4.616580310872205E-018
          35           1  0.000000000000000E+000 -4.383419689125757E-018
          35           2  0.000000000000000E+000 -4.616580310895182E-018
          36           1  0.000000000000000E+000 -4.383419689120033E-018
          36           2  0.000000000000000E+000 -4.616580310891319E-018
          37           1  0.000000000000000E+000 -4.383419689121662E-018
          37           2  0.000000000000000E+000 -4.616580310892028E-018
          38           1  0.000000000000000E+000 -4.383419689123264E-018
          38           2  0.000000000000000E+000 -4.616580310892937E-018
          39           1  0.000000000000000E+000 -4.383419689126796E-018
          39           2  0.000000000000000E+000 -4.616580310892437E-018
          40           1  0.000000000000000E+000 -4.383419689121468E-018
          40           2  0.000000000000000E+000 -4.616580310884828E-018
          41           1  0.000000000000000E+000 -4.383419689118832E-018
          41           2  0.000000000000000E+000 -4.616580310882524E-018
          42           1  0.000000000000000E+000 -4.383419689118305E-018
          42           2  0.000000000000000E+000 -4.616580310889889E-018
          43           1  0.000000000000000E+000 -4.383419689120516E-018
          43           2  0.000000000000000E+000 -4.616580310888716E-018
          44           1  0.000000000000000E+000 -4.383419689121515E-018
          44           2  0.000000000000000E+000 -4.616580310883037E-018
          45           1  0.000000000000000E+000 -4.383419689121845E-018
          45           2  0.000000000000000E+000 -4.616580310880420E-018
          46           1  0.000000000000000E+000 -4.383419689119523E-018
          46           2  0.000000000000000E+000 -4.616580310880548E-018
          47           1  0.000000000000000E+000 -4.383419689122678E-018
          47           2  0.000000000000000E+000 -4.616580310882304E-018
          48           1  0.000000000000000E+000 -4.383419689123429E-018
          48           2  0.000000000000000E+000 -4.616580310886153E-018
          49           1  0.000000000000000E+000 -4.383419689112124E-018
          49           2  0.000000000000000E+000 -4.616580310874127E-018
          50           1  0.000000000000000E+000 -4.383419689125672E-018
          50           2  0.000000000000000E+000 -4.616580310886722E-018
          51           1  0.000000000000000E+000 -4.383419689128286E-018
          51           2  0.000000000000000E+000 -4.616580310893487E-018
          52           1  0.000000000000000E+000 -4.383419689126978E-018
          52           2  0.000000000000000E+000 -4.616580310892896E-018
          53           1  0.000000000000000E+000 -4.383419689123057E-018
          53           2  0.000000000000000E+000 -4.616580310890665E-018
          54           1  0.000000000000000E+000 -4.383419689121966E-018
          54           2  0.000000000000000E+000 -4.616580310889461E-018
          55           1  0.000000000000000E+000 -4.383419689121521E-018
          55           2  0.000000000000000E+000 -4.616580310889374E-018
          56           1  0.000000000000000E+000 -4.383419689119761E-018
          56           2  0.000000000000000E+000 -4.616580310889204E-018
          57           1  0.000000000000000E+000 -4.383419689121608E-018
          57           2  0.000000000000000E+000 -4.616580310891349E-018
          58           1  0.000000000000000E+000 -4.383419689127159E-018
          58           2  0.000000000000000E+000 -4.616580310894769E-018
          59           1  0.000000000000000E+000 -4.383419689127753E-018
          59           2  0.000000000000000E+000 -4.616580310894899E-018
          60           1  0.000000000000000E+000 -4.383419689129702E-018
          60           2  0.000000000000000E+000 -4.616580310895801E-018
          61           1  0.000000000000000E+000 -4.383419689118859E-018
          61           2  0.000000000000000E+000 -4.616580310882038E-018
          62           1  0.000000000000000E+000 -4.383419689118651E-018
          62           2  0.000000000000000E+000 -4.616580310888850E-018
          63           1  0.000000000000000E+000 -4.383419689117886E-018
          63           2  0.000000000000000E+000 -4.616580310883469E-018
          64           1  0.000000000000000E+000 -4.383419689120694E-018
          64           2  0.000000000000000E+000 -4.616580310880555E-018
          65           1  0.000000000000000E+000 -4.383419689123510E-018
          65           2  0.000000000000000E+000 -4.616580310884257E-018
          66           1  0.000000000000000E+000 -4.383419689125792E-018
          66           2  0.000000000000000E+000 -4.616580310888891E-018
          67           1  0.000000000000000E+000 -4.383419689121372E-018
          67           2  0.000000000000000E+000 -4.616580310881568E-018
          68           1  0.000000000000000E+000 -4.383419689122025E-018
          68           2  0.000000000000000E+000 -4.616580310883352E-018
          69           1  0.000000000000000E+000 -4.383419689118292E-018
          69           2  0.000000000000000E+000 -4.616580310884855E-018
          70           1  0.000000000000000E+000 -4.383419689123860E-018
          70           2  0.000000000000000E+000 -4.616580310886052E-018
          71           1  0.000000000000000E+000 -4.383419689124031E-018
          71           2  0.000000000000000E+000 -4.616580310885801E-018
          72           1  0.000000000000000E+000 -4.383419689119750E-018
          72           2  0.000000000000000E+000 -4.616580310880906E-018
          73           1  0.000000000000000E+000 -4.383419689124008E-018
          73           2  0.000000000000000E+000 -4.616580310890944E-018
          74           1  0.000000000000000E+000 -4.383419689121341E-018
          74           2  0.000000000000000E+000 -4.616580310886337E-018
          75           1  0.000000000000000E+000 -4.383419689121433E-018
          75           2  0.000000000000000E+000 -4.616580310887787E-018
          76           1  0.000000000000000E+000 -4.383419689121743E-018
          76           2  0.000000000000000E+000 -4.616580310891285E-018
          77           1  0.000000000000000E+000 -4.383419689121542E-018
          77           2  0.000000000000000E+000 -4.616580310891087E-018
          78           1  0.000000000000000E+000 -4.383419689123501E-018
          78           2  0.000000000000000E+000 -4.616580310892498E-018
          79           1  0.000000000000000E+000 -4.383419689126913E-018
          79           2  0.000000000000000E+000 -4.616580310894584E-018
          80           1  0.000000000000000E+000 -4.383419689119862E-018
          80           2  0.000000000000000E+000 -4.616580310883579E-018
          81           1  0.000000000000000E+000 -4.383419689118273E-018
          81           2  0.000000000000000E+000 -4.616580310881971E-018
          82           1  0.000000000000000E+000 -4.383419689116437E-018
          82           2  0.000000000000000E+000 -4.616580310886686E-018
          83           1  0.000000000000000E+000 -4.383419689117618E-018
          83           2  0.000000000000000E+000 -4.616580310887060E-018
          84           1  0.000000000000000E+000 -4.383419689120316E-018
          84           2  0.000000000000000E+000 -4.616580310882570E-018
          85           1  0.000000000000000E+000 -4.383419689122649E-018
          85           2  0.000000000000000E+000 -4.616580310888032E-018
          86           1  0.000000000000000E+000 -4.383419689118694E-018
          86           2  0.000000000000000E+000 -4.616580310880274E-018
          87           1  0.000000000000000E+000 -4.383419689119362E-018
          87           2  0.000000000000000E+000 -4.616580310880543E-018
          88           1  0.000000000000000E+000 -4.383419689121162E-018
          88           2  0.000000000000000E+000 -4.616580310884186E-018
          89           1  0.000000000000000E+000 -4.383419689117848E-018
          89           2  0.000000000000000E+000 -4.616580310883617E-018
          90           1  0.000000000000000E+000 -4.383419689121345E-018
          90           2  0.000000000000000E+000 -4.616580310880398E-018
          91           1  0.000000000000000E+000 -4.383419689122422E-018
          91           2  0.000000000000000E+000 -4.616580310879141E-018
          92           1  0.000000000000000E+000 -4.383419689123576E-018
          92           2  0.000000000000000E+000 -4.616580310883494E-018
          93           1  0.000000000000000E+000 -4.383419689124629E-018
          93           2  0.000000000000000E+000 -4.616580310888706E-018
          94           1  0.000000000000000E+000 -4.383419689124881E-018
          94           2  0.000000000000000E+000 -4.616580310890880E-018
          95           1  0.000000000000000E+000 -4.383419689121538E-018
          95           2  0.000000000000000E+000 -4.616580310887246E-018
          96           1  0.000000000000000E+000 -4.383419689119859E-018
          96           2  0.000000000000000E+000 -4.616580310885964E-018
          97           1  0.000000000000000E+000 -4.383419689121595E-018
          97           2  0.000000000000000E+000 -4.616580310889038E-018
          98           1  0.000000000000000E+000 -4.383419689124868E-018
          98           2  0.000000000000000E+000 -4.616580310892992E-018
          99           1  0.000000000000000E+000 -4.383419689121327E-018
          99           2  0.000000000000000E+000 -4.616580310888523E-018
         100           1  0.000000000000000E+000 -4.383419689130467E-018
         100           2  0.000000000000000E+000 -4.616580310894791E-018
         101           1  0.000000000000000E+000 -4.383419689118354E-018
         101           2  0.000000000000000E+000 -4.616580310881721E-018
         102           1  0.000000000000000E+000 -4.383419689116812E-018
         102           2  0.000000000000000E+000 -4.616580310888639E-018
         103           1  0.000000000000000E+000 -4.383419689116991E-018
         103           2  0.000000000000000E+000 -4.616580310886045E-018
         104           1  0.000000000000000E+000 -4.383419689119117E-018
         104           2  0.000000000000000E+000 -4.616580310883049E-018
         105           1  0.000000000000000E+000 -4.383419689119955E-018
         105           2  0.000000000000000E+000 -4.616580310880037E-018
         106           1  0.000000000000000E+000 -4.383419689118290E-018
         106           2  0.000000000000000E+000 -4.616580310876967E-018
         107           1  0.000000000000000E+000 -4.383419689119013E-018
         107           2  0.000000000000000E+000 -4.616580310880826E-018
         108           1  0.000000000000000E+000 -4.383419689118035E-018
         108           2  0.000000000000000E+000 -4.616580310880474E-018
         109           1  0.000000000000000E+000 -4.383419689117105E-018
         109           2  0.000000000000000E+000 -4.616580310879282E-018
         110           1  0.000000000000000E+000 -4.383419689120952E-018
         110           2  0.000000000000000E+000 -4.616580310880711E-018
         111           1  0.000000000000000E+000 -4.383419689123565E-018
         111           2  0.000000000000000E+000 -4.616580310882615E-018
         112           1  0.000000000000000E+000 -4.383419689124384E-018
         112           2  0.000000000000000E+000 -4.616580310884305E-018
         113           1  0.000000000000000E+000 -4.383419689124614E-018
         113           2  0.000000000000000E+000 -4.616580310886912E-018
         114           1  0.000000000000000E+000 -4.383419689124704E-018
         114           2  0.000000000000000E+000 -4.616580310889109E-018
         115           1  0.000000000000000E+000 -4.383419689122794E-018
         115           2  0.000000000000000E+000 -4.616580310886319E-018
         116           1  0.000000000000000E+000 -4.383419689122219E-018
         116           2  0.000000000000000E+000 -4.616580310885606E-018
         117           1  0.000000000000000E+000 -4.383419689124006E-018
         117           2  0.000000000000000E+000 -4.616580310887586E-018
         118           1  0.000000000000000E+000 -4.383419689126317E-018
         118           2  0.000000000000000E+000 -4.616580310891124E-018
         119           1  0.000000000000000E+000 -4.383419689124337E-018
         119           2  0.000000000000000E+000 -4.616580310891087E-018
         120           1  0.000000000000000E+000 -4.383419689108669E-018
         120           2  0.000000000000000E+000 -4.616580310864014E-018
         121           1  0.000000000000000E+000 -4.383419689118649E-018
         121           2  0.000000000000000E+000 -4.616580310881547E-018
         122           1  0.000000000000000E+000 -4.383419689118605E-018
         122           2  0.000000000000000E+000 -4.616580310881043E-018
         123           1  0.000000000000000E+000 -4.383419689116885E-018
         123           2  0.000000000000000E+000 -4.616580310884107E-018
         124           1  0.000000000000000E+000 -4.383419689117938E-018
         124           2  0.000000000000000E+000 -4.616580310884083E-018
         125           1  0.000000000000000E+000 -4.383419689118787E-018
         125           2  0.000000000000000E+000 -4.616580310880486E-018
         126           1  0.000000000000000E+000 -4.383419689118728E-018
         126           2  0.000000000000000E+000 -4.616580310880154E-018
         127           1  0.000000000000000E+000 -4.383419689117729E-018
         127           2  0.000000000000000E+000 -4.616580310879528E-018
         128           1  0.000000000000000E+000 -4.383419689119100E-018
         128           2  0.000000000000000E+000 -4.616580310884752E-018
         129           1  0.000000000000000E+000 -4.383419689116994E-018
         129           2  0.000000000000000E+000 -4.616580310879951E-018
         130           1  0.000000000000000E+000 -4.383419689119529E-018
         130           2  0.000000000000000E+000 -4.616580310879627E-018
         131           1  0.000000000000000E+000 -4.383419689123754E-018
         131           2  0.000000000000000E+000 -4.616580310882694E-018
         132           1  0.000000000000000E+000 -4.383419689128356E-018
         132           2  0.000000000000000E+000 -4.616580310892251E-018
         133           1  0.000000000000000E+000 -4.383419689121354E-018
         133           2  0.000000000000000E+000 -4.616580310879608E-018
         134           1  0.000000000000000E+000 -4.383419689120196E-018
         134           2  0.000000000000000E+000 -4.616580310879105E-018
         135           1  0.000000000000000E+000 -4.383419689125515E-018
         135           2  0.000000000000000E+000 -4.616580310886790E-018
         136           1  0.000000000000000E+000 -4.383419689124858E-018
         136           2  0.000000000000000E+000 -4.616580310885812E-018
         137           1  0.000000000000000E+000 -4.383419689127911E-018
         137           2  0.000000000000000E+000 -4.616580310892435E-018
         138           1  0.000000000000000E+000 -4.383419689125607E-018
         138           2  0.000000000000000E+000 -4.616580310889349E-018
         139           1  0.000000000000000E+000 -4.383419689122720E-018
         139           2  0.000000000000000E+000 -4.616580310886973E-018
         140           1  0.000000000000000E+000 -4.383419689107522E-018
         140           2  0.000000000000000E+000 -4.616580310862476E-018
         141           1  0.000000000000000E+000 -4.383419689119125E-018
         141           2  0.000000000000000E+000 -4.616580310882035E-018
         142           1  0.000000000000000E+000 -4.383419689118681E-018
         142           2  0.000000000000000E+000 -4.616580310886240E-018
         143           1  0.000000000000000E+000 -4.383419689118440E-018
         143           2  0.000000000000000E+000 -4.616580310880473E-018
         144           1  0.000000000000000E+000 -4.383419689118429E-018
         144           2  0.000000000000000E+000 -4.616580310885782E-018
         145           1  0.000000000000000E+000 -4.383419689119474E-018
         145           2  0.000000000000000E+000 -4.616580310885957E-018
         146           1  0.000000000000000E+000 -4.383419689121217E-018
         146           2  0.000000000000000E+000 -4.616580310885952E-018
         147           1  0.000000000000000E+000 -4.383419689118285E-018
         147           2  0.000000000000000E+000 -4.616580310880572E-018
         148           1  0.000000000000000E+000 -4.383419689119817E-018
         148           2  0.000000000000000E+000 -4.616580310883925E-018
         149           1  0.000000000000000E+000 -4.383419689117876E-018
         149           2  0.000000000000000E+000 -4.616580310877030E-018
         150           1  0.000000000000000E+000 -4.383419689125665E-018
         150           2  0.000000000000000E+000 -4.616580310889590E-018
         151           1  0.000000000000000E+000 -4.383419689123291E-018
         151           2  0.000000000000000E+000 -4.616580310882097E-018
         152           1  0.000000000000000E+000 -4.383419689124263E-018
         152           2  0.000000000000000E+000 -4.616580310882231E-018
         153           1  0.000000000000000E+000 -4.383419689122471E-018
         153           2  0.000000000000000E+000 -4.616580310880757E-018
         154           1  0.000000000000000E+000 -4.383419689121573E-018
         154           2  0.000000000000000E+000 -4.616580310878206E-018
         155           1  0.000000000000000E+000 -4.383419689124901E-018
         155           2  0.000000000000000E+000 -4.616580310881167E-018
         156           1  0.000000000000000E+000 -4.383419689125079E-018
         156           2  0.000000000000000E+000 -4.616580310880738E-018
         157           1  0.000000000000000E+000 -4.383419689128761E-018
         157           2  0.000000000000000E+000 -4.616580310892368E-018
         158           1  0.000000000000000E+000 -4.383419689126283E-018
         158           2  0.000000000000000E+000 -4.616580310889196E-018
         159           1  0.000000000000000E+000 -4.383419689129304E-018
         159           2  0.000000000000000E+000 -4.616580310892869E-018
         160           1  0.000000000000000E+000 -4.383419689119736E-018
         160           2  0.000000000000000E+000 -4.616580310881171E-018
         161           1  0.000000000000000E+000 -4.383419689120886E-018
         161           2  0.000000000000000E+000 -4.616580310888468E-018
         162           1  0.000000000000000E+000 -4.383419689118068E-018
         162           2  0.000000000000000E+000 -4.616580310881059E-018
         163           1  0.000000000000000E+000 -4.383419689122146E-018
         163           2  0.000000000000000E+000 -4.616580310890504E-018
         164           1  0.000000000000000E+000 -4.383419689118934E-018
         164           2  0.000000000000000E+000 -4.616580310883939E-018
         165           1  0.000000000000000E+000 -4.383419689121824E-018
         165           2  0.000000000000000E+000 -4.616580310887166E-018
         166           1  0.000000000000000E+000 -4.383419689120040E-018
         166           2  0.000000000000000E+000 -4.616580310880624E-018
         167           1  0.000000000000000E+000 -4.383419689120601E-018
         167           2  0.000000000000000E+000 -4.616580310881184E-018
         168           1  0.000000000000000E+000 -4.383419689120238E-018
         168           2  0.000000000000000E+000 -4.616580310881154E-018
         169           1  0.000000000000000E+000 -4.383419689125136E-018
         169           2  0.000000000000000E+000 -4.616580310887084E-018
         170           1  0.000000000000000E+000 -4.383419689115397E-018
         170           2  0.000000000000000E+000 -4.616580310872680E-018
         171           1  0.000000000000000E+000 -4.383419689114741E-018
         171           2  0.000000000000000E+000 -4.616580310874481E-018
         172           1  0.000000000000000E+000 -4.383419689120078E-018
         172           2  0.000000000000000E+000 -4.616580310876571E-018
         173           1  0.000000000000000E+000 -4.383419689120498E-018
         173           2  0.000000000000000E+000 -4.616580310875978E-018
         174           1  0.000000000000000E+000 -4.383419689120996E-018
         174           2  0.000000000000000E+000 -4.616580310875255E-018
         175           1  0.000000000000000E+000 -4.383419689123306E-018
         175           2  0.000000000000000E+000 -4.616580310877239E-018
         176           1  0.000000000000000E+000 -4.383419689125724E-018
         176           2  0.000000000000000E+000 -4.616580310881146E-018
         177           1  0.000000000000000E+000 -4.383419689126947E-018
         177           2  0.000000000000000E+000 -4.616580310886438E-018
         178           1  0.000000000000000E+000 -4.383419689126294E-018
         178           2  0.000000000000000E+000 -4.616580310886074E-018
         179           1  0.000000000000000E+000 -4.383419689124885E-018
         179           2  0.000000000000000E+000 -4.616580310882989E-018
         180           1  0.000000000000000E+000 -4.383419689109628E-018
         180           2  0.000000000000000E+000 -4.616580310865801E-018
         181           1  0.000000000000000E+000 -4.383419689129925E-018
         181           2  0.000000000000000E+000 -4.616580310891426E-018
         182           1  0.000000000000000E+000 -4.383419689113394E-018
         182           2  0.000000000000000E+000 -4.616580310870890E-018
         183           1  0.000000000000000E+000 -4.383419689126631E-018
         183           2  0.000000000000000E+000 -4.616580310889589E-018
         184           1  0.000000000000000E+000 -4.383419689121944E-018
         184           2  0.000000000000000E+000 -4.616580310880121E-018
         185           1  0.000000000000000E+000 -4.383419689121618E-018
         185           2  0.000000000000000E+000 -4.616580310878723E-018
         186           1  0.000000000000000E+000 -4.383419689121439E-018
         186           2  0.000000000000000E+000 -4.616580310877142E-018
         187           1  0.000000000000000E+000 -4.383419689121318E-018
         187           2  0.000000000000000E+000 -4.616580310879147E-018
         188           1  0.000000000000000E+000 -4.383419689120219E-018
         188           2  0.000000000000000E+000 -4.616580310878454E-018
         189           1  0.000000000000000E+000 -4.383419689117013E-018
         189           2  0.000000000000000E+000 -4.616580310873477E-018
         190           1  0.000000000000000E+000 -4.383419689116867E-018
         190           2  0.000000000000000E+000 -4.616580310877912E-018
         191           1  0.000000000000000E+000 -4.383419689116483E-018
         191           2  0.000000000000000E+000 -4.616580310875705E-018
         192           1  0.000000000000000E+000 -4.383419689122841E-018
         192           2  0.000000000000000E+000 -4.616580310882946E-018
         193           1  0.000000000000000E+000 -4.383419689120773E-018
         193           2  0.000000000000000E+000 -4.616580310878941E-018
         194           1  0.000000000000000E+000 -4.383419689120835E-018
         194           2  0.000000000000000E+000 -4.616580310879387E-018
         195           1  0.000000000000000E+000 -4.383419689121959E-018
         195           2  0.000000000000000E+000 -4.616580310879161E-018
         196           1  0.000000000000000E+000 -4.383419689124091E-018
         196           2  0.000000000000000E+000 -4.616580310882877E-018
         197           1  0.000000000000000E+000 -4.383419689123048E-018
         197           2  0.000000000000000E+000 -4.616580310881600E-018
         198           1  0.000000000000000E+000 -4.383419689125568E-018
         198           2  0.000000000000000E+000 -4.616580310886528E-018
         199           1  0.000000000000000E+000 -4.383419689126329E-018
         199           2  0.000000000000000E+000 -4.616580310889024E-018
         200           1  0.000000000000000E+000 -4.383419689129022E-018
         200           2  0.000000000000000E+000 -4.616580310894193E-018
         201           1  0.000000000000000E+000 -4.383419689130081E-018
         201           2  0.000000000000000E+000 -4.616580310885381E-018
         202           1  0.000000000000000E+000 -4.383419689122430E-018
         202           2  0.000000000000000E+000 -4.616580310884288E-018
         203           1  0.000000000000000E+000 -4.383419689111676E-018
         203           2  0.000000000000000E+000 -4.616580310867274E-018
         204           1  0.000000000000000E+000 -4.383419689127557E-018
         204           2  0.000000000000000E+000 -4.616580310888270E-018
         205           1  0.000000000000000E+000 -4.383419689122982E-018
         205           2  0.000000000000000E+000 -4.616580310877245E-018
         206           1  0.000000000000000E+000 -4.383419689123857E-018
         206           2  0.000000000000000E+000 -4.616580310876618E-018
         207           1  0.000000000000000E+000 -4.383419689125366E-018
         207           2  0.000000000000000E+000 -4.616580310882379E-018
         208           1  0.000000000000000E+000 -4.383419689121694E-018
         208           2  0.000000000000000E+000 -4.616580310878495E-018
         209           1  0.000000000000000E+000 -4.383419689114349E-018
         209           2  0.000000000000000E+000 -4.616580310870075E-018
         210           1  0.000000000000000E+000 -4.383419689119045E-018
         210           2  0.000000000000000E+000 -4.616580310876293E-018
         211           1  0.000000000000000E+000 -4.383419689109650E-018
         211           2  0.000000000000000E+000 -4.616580310865428E-018
         212           1  0.000000000000000E+000 -4.383419689128110E-018
         212           2  0.000000000000000E+000 -4.616580310891774E-018
         213           1  0.000000000000000E+000 -4.383419689129138E-018
         213           2  0.000000000000000E+000 -4.616580310891356E-018
         214           1  0.000000000000000E+000 -4.383419689130505E-018
         214           2  0.000000000000000E+000 -4.616580310891852E-018
         215           1  0.000000000000000E+000 -4.383419689125861E-018
         215           2  0.000000000000000E+000 -4.616580310883182E-018
         216           1  0.000000000000000E+000 -4.383419689127533E-018
         216           2  0.000000000000000E+000 -4.616580310887559E-018
         217           1  0.000000000000000E+000 -4.383419689123445E-018
         217           2  0.000000000000000E+000 -4.616580310882203E-018
         218           1  0.000000000000000E+000 -4.383419689127246E-018
         218           2  0.000000000000000E+000 -4.616580310889241E-018
         219           1  0.000000000000000E+000 -4.383419689128753E-018
         219           2  0.000000000000000E+000 -4.616580310891896E-018
         220           1  0.000000000000000E+000 -4.383419689130780E-018
         220           2  0.000000000000000E+000 -4.616580310894436E-018
         221           1  0.000000000000000E+000 -4.383419689119907E-018
         221           2  0.000000000000000E+000 -4.616580310879847E-018
         222           1  0.000000000000000E+000 -4.383419689125008E-018
         222           2  0.000000000000000E+000 -4.616580310880500E-018
         223           1  0.000000000000000E+000 -4.383419689128055E-018
         223           2  0.000000000000000E+000 -4.616580310888878E-018
         224           1  0.000000000000000E+000 -4.383419689123418E-018
         224           2  0.000000000000000E+000 -4.616580310883069E-018
         225           1  0.000000000000000E+000 -4.383419689123314E-018
         225           2  0.000000000000000E+000 -4.616580310878506E-018
         226           1  0.000000000000000E+000 -4.383419689124038E-018
         226           2  0.000000000000000E+000 -4.616580310874582E-018
         227           1  0.000000000000000E+000 -4.383419689123353E-018
         227           2  0.000000000000000E+000 -4.616580310877874E-018
         228           1  0.000000000000000E+000 -4.383419689121013E-018
         228           2  0.000000000000000E+000 -4.616580310876286E-018
         229           1  0.000000000000000E+000 -4.383419689121053E-018
         229           2  0.000000000000000E+000 -4.616580310879716E-018
         230           1  0.000000000000000E+000 -4.383419689120741E-018
         230           2  0.000000000000000E+000 -4.616580310882352E-018
         231           1  0.000000000000000E+000 -4.383419689126306E-018
         231           2  0.000000000000000E+000 -4.616580310891259E-018
         232           1  0.000000000000000E+000 -4.383419689125208E-018
         232           2  0.000000000000000E+000 -4.616580310887043E-018
         233           1  0.000000000000000E+000 -4.383419689126459E-018
         233           2  0.000000000000000E+000 -4.616580310887648E-018
         234           1  0.000000000000000E+000 -4.383419689124931E-018
         234           2  0.000000000000000E+000 -4.616580310882040E-018
         235           1  0.000000000000000E+000 -4.383419689119271E-018
         235           2  0.000000000000000E+000 -4.616580310880929E-018
         236           1  0.000000000000000E+000 -4.383419689129617E-018
         236           2  0.000000000000000E+000 -4.616580310889799E-018
         237           1  0.000000000000000E+000 -4.383419689124377E-018
         237           2  0.000000000000000E+000 -4.616580310884723E-018
         238           1  0.000000000000000E+000 -4.383419689117983E-018
         238           2  0.000000000000000E+000 -4.616580310878699E-018
         239           1  0.000000000000000E+000 -4.383419689123289E-018
         239           2  0.000000000000000E+000 -4.616580310883877E-018
         240           1  0.000000000000000E+000 -4.383419689129853E-018
         240           2  0.000000000000000E+000 -4.616580310893251E-018
         241           1  0.000000000000000E+000 -4.383419689121078E-018
         241           2  0.000000000000000E+000 -4.616580310881799E-018
         242           1  0.000000000000000E+000 -4.383419689120324E-018
         242           2  0.000000000000000E+000 -4.616580310880735E-018
         243           1  0.000000000000000E+000 -4.383419689123586E-018
         243           2  0.000000000000000E+000 -4.616580310881887E-018
         244           1  0.000000000000000E+000 -4.383419689123435E-018
         244           2  0.000000000000000E+000 -4.616580310881667E-018
         245           1  0.000000000000000E+000 -4.383419689119256E-018
         245           2  0.000000000000000E+000 -4.616580310880323E-018
         246           1  0.000000000000000E+000 -4.383419689124437E-018
         246           2  0.000000000000000E+000 -4.616580310877360E-018
         247           1  0.000000000000000E+000 -4.383419689124136E-018
         247           2  0.000000000000000E+000 -4.616580310877323E-018
         248           1  0.000000000000000E+000 -4.383419689121964E-018
         248           2  0.000000000000000E+000 -4.616580310875572E-018
         249           1  0.000000000000000E+000 -4.383419689120633E-018
         249           2  0.000000000000000E+000 -4.616580310877164E-018
         250           1  0.000000000000000E+000 -4.383419689121666E-018
         250           2  0.000000000000000E+000 -4.616580310881459E-018
         251           1  0.000000000000000E+000 -4.383419689123483E-018
         251           2  0.000000000000000E+000 -4.616580310884653E-018
         252           1  0.000000000000000E+000 -4.383419689130584E-018
         252           2  0.000000000000000E+000 -4.616580310892595E-018
         253           1  0.000000000000000E+000 -4.383419689129966E-018
         253           2  0.000000000000000E+000 -4.616580310891119E-018
         254           1  0.000000000000000E+000 -4.383419689119234E-018
         254           2  0.000000000000000E+000 -4.616580310881092E-018
         255           1  0.000000000000000E+000 -4.383419689124538E-018
         255           2  0.000000000000000E+000 -4.616580310878556E-018
         256           1  0.000000000000000E+000 -4.383419689124070E-018
         256           2  0.000000000000000E+000 -4.616580310882161E-018
         257           1  0.000000000000000E+000 -4.383419689126749E-018
         257           2  0.000000000000000E+000 -4.616580310888483E-018
         258           1  0.000000000000000E+000 -4.383419689125197E-018
         258           2  0.000000000000000E+000 -4.616580310888549E-018
         259           1  0.000000000000000E+000 -4.383419689125284E-018
         259           2  0.000000000000000E+000 -4.616580310888030E-018
         260           1  0.000000000000000E+000 -4.383419689129886E-018
         260           2  0.000000000000000E+000 -4.616580310891648E-018
         261           1  0.000000000000000E+000 -4.383419689120382E-018
         261           2  0.000000000000000E+000 -4.616580310880355E-018
         262           1  0.000000000000000E+000 -4.383419689126413E-018
         262           2  0.000000000000000E+000 -4.616580310883623E-018
         263           1  0.000000000000000E+000 -4.383419689122614E-018
         263           2  0.000000000000000E+000 -4.616580310877197E-018
         264           1  0.000000000000000E+000 -4.383419689123835E-018
         264           2  0.000000000000000E+000 -4.616580310878364E-018
         265           1  0.000000000000000E+000 -4.383419689121495E-018
         265           2  0.000000000000000E+000 -4.616580310874513E-018
         266           1  0.000000000000000E+000 -4.383419689124482E-018
         266           2  0.000000000000000E+000 -4.616580310877723E-018
         267           1  0.000000000000000E+000 -4.383419689123538E-018
         267           2  0.000000000000000E+000 -4.616580310875114E-018
         268           1  0.000000000000000E+000 -4.383419689124969E-018
         268           2  0.000000000000000E+000 -4.616580310878186E-018
         269           1  0.000000000000000E+000 -4.383419689121857E-018
         269           2  0.000000000000000E+000 -4.616580310876491E-018
         270           1  0.000000000000000E+000 -4.383419689118798E-018
         270           2  0.000000000000000E+000 -4.616580310880339E-018
         271           1  0.000000000000000E+000 -4.383419689122492E-018
         271           2  0.000000000000000E+000 -4.616580310878430E-018
         272           1  0.000000000000000E+000 -4.383419689125227E-018
         272           2  0.000000000000000E+000 -4.616580310883267E-018
         273           1  0.000000000000000E+000 -4.383419689127369E-018
         273           2  0.000000000000000E+000 -4.616580310886350E-018
         274           1  0.000000000000000E+000 -4.383419689124862E-018
         274           2  0.000000000000000E+000 -4.616580310880453E-018
         275           1  0.000000000000000E+000 -4.383419689122302E-018
         275           2  0.000000000000000E+000 -4.616580310876092E-018
         276           1  0.000000000000000E+000 -4.383419689124430E-018
         276           2  0.000000000000000E+000 -4.616580310881944E-018
         277           1  0.000000000000000E+000 -4.383419689128353E-018
         277           2  0.000000000000000E+000 -4.616580310889263E-018
         278           1  0.000000000000000E+000 -4.383419689125639E-018
         278           2  0.000000000000000E+000 -4.616580310888607E-018
         279           1  0.000000000000000E+000 -4.383419689118572E-018
         279           2  0.000000000000000E+000 -4.616580310877521E-018
         280           1  0.000000000000000E+000 -4.383419689121269E-018
         280           2  0.000000000000000E+000 -4.616580310883768E-018
         281           1  0.000000000000000E+000 -4.383419689127476E-018
         281           2  0.000000000000000E+000 -4.616580310886586E-018
         282           1  0.000000000000000E+000 -4.383419689123042E-018
         282           2  0.000000000000000E+000 -4.616580310876581E-018
         283           1  0.000000000000000E+000 -4.383419689123928E-018
         283           2  0.000000000000000E+000 -4.616580310877004E-018
         284           1  0.000000000000000E+000 -4.383419689124139E-018
         284           2  0.000000000000000E+000 -4.616580310877144E-018
         285           1  0.000000000000000E+000 -4.383419689123760E-018
         285           2  0.000000000000000E+000 -4.616580310876572E-018
         286           1  0.000000000000000E+000 -4.383419689123212E-018
         286           2  0.000000000000000E+000 -4.616580310874585E-018
         287           1  0.000000000000000E+000 -4.383419689122999E-018
         287           2  0.000000000000000E+000 -4.616580310874681E-018
         288           1  0.000000000000000E+000 -4.383419689122478E-018
         288           2  0.000000000000000E+000 -4.616580310873147E-018
         289           1  0.000000000000000E+000 -4.383419689121883E-018
         289           2  0.000000000000000E+000 -4.616580310876754E-018
         290           1  0.000000000000000E+000 -4.383419689122786E-018
         290           2  0.000000000000000E+000 -4.616580310875197E-018
         291           1  0.000000000000000E+000 -4.383419689125000E-018
         291           2  0.000000000000000E+000 -4.616580310876632E-018
         292           1  0.000000000000000E+000 -4.383419689127541E-018
         292           2  0.000000000000000E+000 -4.616580310883413E-018
         293           1  0.000000000000000E+000 -4.383419689130122E-018
         293           2  0.000000000000000E+000 -4.616580310890397E-018
         294           1  0.000000000000000E+000 -4.383419689125877E-018
         294           2  0.000000000000000E+000 -4.616580310880282E-018
         295           1  0.000000000000000E+000 -4.383419689121700E-018
         295           2  0.000000000000000E+000 -4.616580310876379E-018
         296           1  0.000000000000000E+000 -4.383419689127692E-018
         296           2  0.000000000000000E+000 -4.616580310890680E-018
         297           1  0.000000000000000E+000 -4.383419689127658E-018
         297           2  0.000000000000000E+000 -4.616580310889288E-018
         298           1  0.000000000000000E+000 -4.383419689129988E-018
         298           2  0.000000000000000E+000 -4.616580310893359E-018
         299           1  0.000000000000000E+000 -4.383419689125860E-018
         299           2  0.000000000000000E+000 -4.616580310886101E-018
         300           1  0.000000000000000E+000 -4.383419689131016E-018
         300           2  0.000000000000000E+000 -4.616580310892309E-018
         301           1  0.000000000000000E+000 -4.383419689121383E-018
         301           2  0.000000000000000E+000 -4.616580310881615E-018
         302           1  0.000000000000000E+000 -4.383419689120770E-018
         302           2  0.000000000000000E+000 -4.616580310877797E-018
         303           1  0.000000000000000E+000 -4.383419689122042E-018
         303           2  0.000000000000000E+000 -4.616580310880042E-018
         304           1  0.000000000000000E+000 -4.383419689121318E-018
         304           2  0.000000000000000E+000 -4.616580310880892E-018
         305           1  0.000000000000000E+000 -4.383419689121764E-018
         305           2  0.000000000000000E+000 -4.616580310878835E-018
         306           1  0.000000000000000E+000 -4.383419689122245E-018
         306           2  0.000000000000000E+000 -4.616580310876653E-018
         307           1  0.000000000000000E+000 -4.383419689122397E-018
         307           2  0.000000000000000E+000 -4.616580310874914E-018
         308           1  0.000000000000000E+000 -4.383419689122756E-018
         308           2  0.000000000000000E+000 -4.616580310873756E-018
         309           1  0.000000000000000E+000 -4.383419689122599E-018
         309           2  0.000000000000000E+000 -4.616580310878853E-018
         310           1  0.000000000000000E+000 -4.383419689122220E-018
         310           2  0.000000000000000E+000 -4.616580310875272E-018
         311           1  0.000000000000000E+000 -4.383419689125639E-018
         311           2  0.000000000000000E+000 -4.616580310876934E-018
         312           1  0.000000000000000E+000 -4.383419689125188E-018
         312           2  0.000000000000000E+000 -4.616580310873820E-018
         313           1  0.000000000000000E+000 -4.383419689125357E-018
         313           2  0.000000000000000E+000 -4.616580310876957E-018
         314           1  0.000000000000000E+000 -4.383419689125317E-018
         314           2  0.000000000000000E+000 -4.616580310880235E-018
         315           1  0.000000000000000E+000 -4.383419689122325E-018
         315           2  0.000000000000000E+000 -4.616580310881649E-018
         316           1  0.000000000000000E+000 -4.383419689128598E-018
         316           2  0.000000000000000E+000 -4.616580310892177E-018
         317           1  0.000000000000000E+000 -4.383419689129886E-018
         317           2  0.000000000000000E+000 -4.616580310894446E-018
         318           1  0.000000000000000E+000 -4.383419689128888E-018
         318           2  0.000000000000000E+000 -4.616580310893809E-018
         319           1  0.000000000000000E+000 -4.383419689123400E-018
         319           2  0.000000000000000E+000 -4.616580310883479E-018
         320           1  0.000000000000000E+000 -4.383419689109184E-018
         320           2  0.000000000000000E+000 -4.616580310862662E-018
         321           1  0.000000000000000E+000 -4.383419689119622E-018
         321           2  0.000000000000000E+000 -4.616580310880794E-018
         322           1  0.000000000000000E+000 -4.383419689122751E-018
         322           2  0.000000000000000E+000 -4.616580310884367E-018
         323           1  0.000000000000000E+000 -4.383419689124122E-018
         323           2  0.000000000000000E+000 -4.616580310885076E-018
         324           1  0.000000000000000E+000 -4.383419689121912E-018
         324           2  0.000000000000000E+000 -4.616580310881057E-018
         325           1  0.000000000000000E+000 -4.383419689121804E-018
         325           2  0.000000000000000E+000 -4.616580310881560E-018
         326           1  0.000000000000000E+000 -4.383419689120247E-018
         326           2  0.000000000000000E+000 -4.616580310880263E-018
         327           1  0.000000000000000E+000 -4.383419689121266E-018
         327           2  0.000000000000000E+000 -4.616580310877504E-018
         328           1  0.000000000000000E+000 -4.383419689122448E-018
         328           2  0.000000000000000E+000 -4.616580310874950E-018
         329           1  0.000000000000000E+000 -4.383419689120187E-018
         329           2  0.000000000000000E+000 -4.616580310875941E-018
         330           1  0.000000000000000E+000 -4.383419689122765E-018
         330           2  0.000000000000000E+000 -4.616580310874572E-018
         331           1  0.000000000000000E+000 -4.383419689123972E-018
         331           2  0.000000000000000E+000 -4.616580310873420E-018
         332           1  0.000000000000000E+000 -4.383419689125360E-018
         332           2  0.000000000000000E+000 -4.616580310874949E-018
         333           1  0.000000000000000E+000 -4.383419689124406E-018
         333           2  0.000000000000000E+000 -4.616580310878695E-018
         334           1  0.000000000000000E+000 -4.383419689124493E-018
         334           2  0.000000000000000E+000 -4.616580310883736E-018
         335           1  0.000000000000000E+000 -4.383419689127222E-018
         335           2  0.000000000000000E+000 -4.616580310888053E-018
         336           1  0.000000000000000E+000 -4.383419689122724E-018
         336           2  0.000000000000000E+000 -4.616580310882319E-018
         337           1  0.000000000000000E+000 -4.383419689118854E-018
         337           2  0.000000000000000E+000 -4.616580310878306E-018
         338           1  0.000000000000000E+000 -4.383419689126133E-018
         338           2  0.000000000000000E+000 -4.616580310888392E-018
         339           1  0.000000000000000E+000 -4.383419689129036E-018
         339           2  0.000000000000000E+000 -4.616580310893704E-018
         340           1  0.000000000000000E+000 -4.383419689107747E-018
         340           2  0.000000000000000E+000 -4.616580310862349E-018
         341           1  0.000000000000000E+000 -4.383419689119738E-018
         341           2  0.000000000000000E+000 -4.616580310882236E-018
         342           1  0.000000000000000E+000 -4.383419689120919E-018
         342           2  0.000000000000000E+000 -4.616580310886373E-018
         343           1  0.000000000000000E+000 -4.383419689122589E-018
         343           2  0.000000000000000E+000 -4.616580310886228E-018
         344           1  0.000000000000000E+000 -4.383419689121992E-018
         344           2  0.000000000000000E+000 -4.616580310884519E-018
         345           1  0.000000000000000E+000 -4.383419689121654E-018
         345           2  0.000000000000000E+000 -4.616580310885295E-018
         346           1  0.000000000000000E+000 -4.383419689121650E-018
         346           2  0.000000000000000E+000 -4.616580310885452E-018
         347           1  0.000000000000000E+000 -4.383419689122636E-018
         347           2  0.000000000000000E+000 -4.616580310881141E-018
         348           1  0.000000000000000E+000 -4.383419689123707E-018
         348           2  0.000000000000000E+000 -4.616580310878319E-018
         349           1  0.000000000000000E+000 -4.383419689121606E-018
         349           2  0.000000000000000E+000 -4.616580310878826E-018
         350           1  0.000000000000000E+000 -4.383419689123589E-018
         350           2  0.000000000000000E+000 -4.616580310878343E-018
         351           1  0.000000000000000E+000 -4.383419689123356E-018
         351           2  0.000000000000000E+000 -4.616580310877903E-018
         352           1  0.000000000000000E+000 -4.383419689124016E-018
         352           2  0.000000000000000E+000 -4.616580310881121E-018
         353           1  0.000000000000000E+000 -4.383419689128208E-018
         353           2  0.000000000000000E+000 -4.616580310890221E-018
         354           1  0.000000000000000E+000 -4.383419689124988E-018
         354           2  0.000000000000000E+000 -4.616580310888332E-018
         355           1  0.000000000000000E+000 -4.383419689128472E-018
         355           2  0.000000000000000E+000 -4.616580310891897E-018
         356           1  0.000000000000000E+000 -4.383419689129682E-018
         356           2  0.000000000000000E+000 -4.616580310894597E-018
         357           1  0.000000000000000E+000 -4.383419689130921E-018
         357           2  0.000000000000000E+000 -4.616580310896851E-018
         358           1  0.000000000000000E+000 -4.383419689130376E-018
         358           2  0.000000000000000E+000 -4.616580310896999E-018
         359           1  0.000000000000000E+000 -4.383419689128952E-018
         359           2  0.000000000000000E+000 -4.616580310892994E-018
         360           1  0.000000000000000E+000 -4.383419689108408E-018
         360           2  0.000000000000000E+000 -4.616580310863434E-018
         361           1  0.000000000000000E+000 -4.383419689120254E-018
         361           2  0.000000000000000E+000 -4.616580310883365E-018
         362           1  0.000000000000000E+000 -4.383419689119265E-018
         362           2  0.000000000000000E+000 -4.616580310881695E-018
         363           1  0.000000000000000E+000 -4.383419689119288E-018
         363           2  0.000000000000000E+000 -4.616580310881561E-018
         364           1  0.000000000000000E+000 -4.383419689122388E-018
         364           2  0.000000000000000E+000 -4.616580310889549E-018
         365           1  0.000000000000000E+000 -4.383419689118757E-018
         365           2  0.000000000000000E+000 -4.616580310885942E-018
         366           1  0.000000000000000E+000 -4.383419689122746E-018
         366           2  0.000000000000000E+000 -4.616580310889845E-018
         367           1  0.000000000000000E+000 -4.383419689123089E-018
         367           2  0.000000000000000E+000 -4.616580310884503E-018
         368           1  0.000000000000000E+000 -4.383419689126461E-018
         368           2  0.000000000000000E+000 -4.616580310883821E-018
         369           1  0.000000000000000E+000 -4.383419689124653E-018
         369           2  0.000000000000000E+000 -4.616580310883187E-018
         370           1  0.000000000000000E+000 -4.383419689129314E-018
         370           2  0.000000000000000E+000 -4.616580310888230E-018
         371           1  0.000000000000000E+000 -4.383419689128313E-018
         371           2  0.000000000000000E+000 -4.616580310887106E-018
         372           1  0.000000000000000E+000 -4.383419689125535E-018
         372           2  0.000000000000000E+000 -4.616580310882874E-018
         373           1  0.000000000000000E+000 -4.383419689130258E-018
         373           2  0.000000000000000E+000 -4.616580310891950E-018
         374           1  0.000000000000000E+000 -4.383419689129276E-018
         374           2  0.000000000000000E+000 -4.616580310891353E-018
         375           1  0.000000000000000E+000 -4.383419689127595E-018
         375           2  0.000000000000000E+000 -4.616580310890924E-018
         376           1  0.000000000000000E+000 -4.383419689122748E-018
         376           2  0.000000000000000E+000 -4.616580310884814E-018
         377           1  0.000000000000000E+000 -4.383419689111998E-018
         377           2  0.000000000000000E+000 -4.616580310870046E-018
         378           1  0.000000000000000E+000 -4.383419689127271E-018
         378           2  0.000000000000000E+000 -4.616580310893533E-018
         379           1  0.000000000000000E+000 -4.383419689130515E-018
         379           2  0.000000000000000E+000 -4.616580310899534E-018
         380           1  0.000000000000000E+000 -4.383419689128251E-018
         380           2  0.000000000000000E+000 -4.616580310894111E-018
         381           1  0.000000000000000E+000 -4.383419689119783E-018
         381           2  0.000000000000000E+000 -4.616580310882805E-018
         382           1  0.000000000000000E+000 -4.383419689119350E-018
         382           2  0.000000000000000E+000 -4.616580310882179E-018
         383           1  0.000000000000000E+000 -4.383419689119083E-018
         383           2  0.000000000000000E+000 -4.616580310882183E-018
         384           1  0.000000000000000E+000 -4.383419689119496E-018
         384           2  0.000000000000000E+000 -4.616580310883114E-018
         385           1  0.000000000000000E+000 -4.383419689119301E-018
         385           2  0.000000000000000E+000 -4.616580310882220E-018
         386           1  0.000000000000000E+000 -4.383419689120496E-018
         386           2  0.000000000000000E+000 -4.616580310884153E-018
         387           1  0.000000000000000E+000 -4.383419689127324E-018
         387           2  0.000000000000000E+000 -4.616580310892178E-018
         388           1  0.000000000000000E+000 -4.383419689120077E-018
         388           2  0.000000000000000E+000 -4.616580310880892E-018
         389           1  0.000000000000000E+000 -4.383419689125175E-018
         389           2  0.000000000000000E+000 -4.616580310883998E-018
         390           1  0.000000000000000E+000 -4.383419689120522E-018
         390           2  0.000000000000000E+000 -4.616580310882053E-018
         391           1  0.000000000000000E+000 -4.383419689120476E-018
         391           2  0.000000000000000E+000 -4.616580310882047E-018
         392           1  0.000000000000000E+000 -4.383419689120304E-018
         392           2  0.000000000000000E+000 -4.616580310881161E-018
         393           1  0.000000000000000E+000 -4.383419689120389E-018
         393           2  0.000000000000000E+000 -4.616580310881414E-018
         394           1  0.000000000000000E+000 -4.383419689120717E-018
         394           2  0.000000000000000E+000 -4.616580310882734E-018
         395           1  0.000000000000000E+000 -4.383419689111107E-018
         395           2  0.000000000000000E+000 -4.616580310866655E-018
         396           1  0.000000000000000E+000 -4.383419689108572E-018
         396           2  0.000000000000000E+000 -4.616580310863374E-018
         397           1  0.000000000000000E+000 -4.383419689113435E-018
         397           2  0.000000000000000E+000 -4.616580310871465E-018
         398           1  0.000000000000000E+000 -4.383419689112650E-018
         398           2  0.000000000000000E+000 -4.616580310870316E-018
         399           1  0.000000000000000E+000 -4.383419689124077E-018
         399           2  0.000000000000000E+000 -4.616580310888205E-018
         400           1  0.000000000000000E+000 -4.383419689123411E-018
         400           2  0.000000000000000E+000 -4.616580310886070E-018
