           1           1  0.000000000000000E+000 -7.894444444442275E-016
           1           2  0.000000000000000E+000 -4.355555555555517E-016
           2           1  0.000000000000000E+000 -7.894444444442196E-016
           2           2  0.000000000000000E+000 -4.355555555555121E-016
           3           1  0.000000000000000E+000 -7.894444444441673E-016
           3           2  0.000000000000000E+000 -4.355555555555418E-016
           4           1  0.000000000000000E+000 -7.894444444441254E-016
           4           2  0.000000000000000E+000 -4.355555555555080E-016
           5           1  0.000000000000000E+000 -7.894444444440329E-016
           5           2  0.000000000000000E+000 -4.355555555554978E-016
           6           1  0.000000000000000E+000 -7.894444444440131E-016
           6           2  0.000000000000000E+000 -4.355555555554730E-016
           7           1  0.000000000000000E+000 -7.894444444441300E-016
           7           2  0.000000000000000E+000 -4.355555555555307E-016
           8           1  0.000000000000000E+000 -7.894444444441713E-016
           8           2  0.000000000000000E+000 -4.355555555555232E-016
           9           1  0.000000000000000E+000 -7.894444444442232E-016
           9           2  0.000000000000000E+000 -4.355555555555275E-016
          10           1  0.000000000000000E+000 -7.894444444442385E-016
          10           2  0.000000000000000E+000 -4.355555555555365E-016
          11           1  0.000000000000000E+000 -7.894444444442261E-016
          11           2  0.000000000000000E+000 -4.355555555555138E-016
          12           1  0.000000000000000E+000 -7.894444444441585E-016
          12           2  0.000000000000000E+000 -4.355555555554966E-016
          13           1  0.000000000000000E+000 -7.894444444440718E-016
          13           2  0.000000000000000E+000 -4.355555555554505E-016
          14           1  0.000000000000000E+000 -7.894444444441183E-016
          14           2  0.000000000000000E+000 -4.355555555554992E-016
          15           1  0.000000000000000E+000 -7.894444444439116E-016
          15           2  0.000000000000000E+000 -4.355555555554120E-016
          16           1  0.000000000000000E+000 -7.894444444439524E-016
          16           2  0.000000000000000E+000 -4.355555555554538E-016
          17           1  0.000000000000000E+000 -7.894444444440704E-016
          17           2  0.000000000000000E+000 -4.355555555554795E-016
          18           1  0.000000000000000E+000 -7.894444444440947E-016
          18           2  0.000000000000000E+000 -4.355555555554435E-016
          19           1  0.000000000000000E+000 -7.894444444441305E-016
          19           2  0.000000000000000E+000 -4.355555555554855E-016
          20           1  0.000000000000000E+000 -7.894444444442171E-016
          20           2  0.000000000000000E+000 -4.355555555555125E-016
          21           1  0.000000000000000E+000 -7.894444444442068E-016
          21           2  0.000000000000000E+000 -4.355555555555585E-016
          22           1  0.000000000000000E+000 -7.894444444441558E-016
          22           2  0.000000000000000E+000 -4.355555555554900E-016
          23           1  0.000000000000000E+000 -7.894444444440410E-016
          23           2  0.000000000000000E+000 -4.355555555554845E-016
          24           1  0.000000000000000E+000 -7.894444444440013E-016
          24           2  0.000000000000000E+000 -4.355555555554662E-016
          25           1  0.000000000000000E+000 -7.894444444438724E-016
          25           2  0.000000000000000E+000 -4.355555555554289E-016
          26           1  0.000000000000000E+000 -7.894444444438670E-016
          26           2  0.000000000000000E+000 -4.355555555554762E-016
          27           1  0.000000000000000E+000 -7.894444444440169E-016
          27           2  0.000000000000000E+000 -4.355555555554772E-016
          28           1  0.000000000000000E+000 -7.894444444440963E-016
          28           2  0.000000000000000E+000 -4.355555555555185E-016
          29           1  0.000000000000000E+000 -7.894444444441343E-016
          29           2  0.000000000000000E+000 -4.355555555554846E-016
          30           1  0.000000000000000E+000 -7.894444444441739E-016
          30           2  0.000000000000000E+000 -4.355555555555133E-016
          31           1  0.000000000000000E+000 -7.894444444441212E-016
          31           2  0.000000000000000E+000 -4.355555555555029E-016
          32           1  0.000000000000000E+000 -7.894444444440266E-016
          32           2  0.000000000000000E+000 -4.355555555553971E-016
          33           1  0.000000000000000E+000 -7.894444444439948E-016
          33           2  0.000000000000000E+000 -4.355555555554809E-016
          34           1  0.000000000000000E+000 -7.894444444439043E-016
          34           2  0.000000000000000E+000 -4.355555555554674E-016
          35           1  0.000000000000000E+000 -7.894444444437810E-016
          35           2  0.000000000000000E+000 -4.355555555554566E-016
          36           1  0.000000000000000E+000 -7.894444444438220E-016
          36           2  0.000000000000000E+000 -4.355555555554442E-016
          37           1  0.000000000000000E+000 -7.894444444439147E-016
          37           2  0.000000000000000E+000 -4.355555555554330E-016
          38           1  0.000000000000000E+000 -7.894444444439923E-016
          38           2  0.000000000000000E+000 -4.355555555555032E-016
          39           1  0.000000000000000E+000 -7.894444444440391E-016
          39           2  0.000000000000000E+000 -4.355555555554669E-016
          40           1  0.000000000000000E+000 -7.894444444441239E-016
          40           2  0.000000000000000E+000 -4.355555555555079E-016
          41           1  0.000000000000000E+000 -7.894444444440545E-016
          41           2  0.000000000000000E+000 -4.355555555554933E-016
          42           1  0.000000000000000E+000 -7.894444444439895E-016
          42           2  0.000000000000000E+000 -4.355555555554696E-016
          43           1  0.000000000000000E+000 -7.894444444438627E-016
          43           2  0.000000000000000E+000 -4.355555555554630E-016
          44           1  0.000000000000000E+000 -7.894444444437545E-016
          44           2  0.000000000000000E+000 -4.355555555554195E-016
          45           1  0.000000000000000E+000 -7.894444444436717E-016
          45           2  0.000000000000000E+000 -4.355555555554351E-016
          46           1  0.000000000000000E+000 -7.894444444437134E-016
          46           2  0.000000000000000E+000 -4.355555555554255E-016
          47           1  0.000000000000000E+000 -7.894444444438091E-016
          47           2  0.000000000000000E+000 -4.355555555554047E-016
          48           1  0.000000000000000E+000 -7.894444444438643E-016
          48           2  0.000000000000000E+000 -4.355555555554516E-016
          49           1  0.000000000000000E+000 -7.894444444440260E-016
          49           2  0.000000000000000E+000 -4.355555555554724E-016
          50           1  0.000000000000000E+000 -7.894444444440818E-016
          50           2  0.000000000000000E+000 -4.355555555555089E-016
          51           1  0.000000000000000E+000 -7.894444444440586E-016
          51           2  0.000000000000000E+000 -4.355555555555105E-016
          52           1  0.000000000000000E+000 -7.894444444439539E-016
          52           2  0.000000000000000E+000 -4.355555555554808E-016
          53           1  0.000000000000000E+000 -7.894444444438636E-016
          53           2  0.000000000000000E+000 -4.355555555554311E-016
          54           1  0.000000000000000E+000 -7.894444444437966E-016
          54           2  0.000000000000000E+000 -4.355555555554331E-016
          55           1  0.000000000000000E+000 -7.894444444436703E-016
          55           2  0.000000000000000E+000 -4.355555555554332E-016
          56           1  0.000000000000000E+000 -7.894444444436440E-016
          56           2  0.000000000000000E+000 -4.355555555553950E-016
          57           1  0.000000000000000E+000 -7.894444444437958E-016
          57           2  0.000000000000000E+000 -4.355555555554485E-016
          58           1  0.000000000000000E+000 -7.894444444438940E-016
          58           2  0.000000000000000E+000 -4.355555555554580E-016
          59           1  0.000000000000000E+000 -7.894444444440216E-016
          59           2  0.000000000000000E+000 -4.355555555554810E-016
          60           1  0.000000000000000E+000 -7.894444444440353E-016
          60           2  0.000000000000000E+000 -4.355555555554936E-016
          61           1  0.000000000000000E+000 -7.894444444441336E-016
          61           2  0.000000000000000E+000 -4.355555555555232E-016
          62           1  0.000000000000000E+000 -7.894444444441254E-016
          62           2  0.000000000000000E+000 -4.355555555554935E-016
          63           1  0.000000000000000E+000 -7.894444444439525E-016
          63           2  0.000000000000000E+000 -4.355555555554549E-016
          64           1  0.000000000000000E+000 -7.894444444438701E-016
          64           2  0.000000000000000E+000 -4.355555555554357E-016
          65           1  0.000000000000000E+000 -7.894444444437876E-016
          65           2  0.000000000000000E+000 -4.355555555554660E-016
          66           1  0.000000000000000E+000 -7.894444444437809E-016
          66           2  0.000000000000000E+000 -4.355555555553946E-016
          67           1  0.000000000000000E+000 -7.894444444439014E-016
          67           2  0.000000000000000E+000 -4.355555555554814E-016
          68           1  0.000000000000000E+000 -7.894444444439705E-016
          68           2  0.000000000000000E+000 -4.355555555554754E-016
          69           1  0.000000000000000E+000 -7.894444444441114E-016
          69           2  0.000000000000000E+000 -4.355555555554842E-016
          70           1  0.000000000000000E+000 -7.894444444441996E-016
          70           2  0.000000000000000E+000 -4.355555555556091E-016
          71           1  0.000000000000000E+000 -7.894444444441530E-016
          71           2  0.000000000000000E+000 -4.355555555555049E-016
          72           1  0.000000000000000E+000 -7.894444444441407E-016
          72           2  0.000000000000000E+000 -4.355555555554954E-016
          73           1  0.000000000000000E+000 -7.894444444440555E-016
          73           2  0.000000000000000E+000 -4.355555555555062E-016
          74           1  0.000000000000000E+000 -7.894444444439915E-016
          74           2  0.000000000000000E+000 -4.355555555554418E-016
          75           1  0.000000000000000E+000 -7.894444444438811E-016
          75           2  0.000000000000000E+000 -4.355555555554599E-016
          76           1  0.000000000000000E+000 -7.894444444438690E-016
          76           2  0.000000000000000E+000 -4.355555555554874E-016
          77           1  0.000000000000000E+000 -7.894444444440355E-016
          77           2  0.000000000000000E+000 -4.355555555555258E-016
          78           1  0.000000000000000E+000 -7.894444444440361E-016
          78           2  0.000000000000000E+000 -4.355555555554727E-016
          79           1  0.000000000000000E+000 -7.894444444441164E-016
          79           2  0.000000000000000E+000 -4.355555555554982E-016
          80           1  0.000000000000000E+000 -7.894444444441941E-016
          80           2  0.000000000000000E+000 -4.355555555555100E-016
          81           1  0.000000000000000E+000 -7.894444444441869E-016
          81           2  0.000000000000000E+000 -4.355555555555163E-016
          82           1  0.000000000000000E+000 -7.894444444441668E-016
          82           2  0.000000000000000E+000 -4.355555555555194E-016
          83           1  0.000000000000000E+000 -7.894444444441018E-016
          83           2  0.000000000000000E+000 -4.355555555554768E-016
          84           1  0.000000000000000E+000 -7.894444444440744E-016
          84           2  0.000000000000000E+000 -4.355555555555110E-016
          85           1  0.000000000000000E+000 -7.894444444439412E-016
          85           2  0.000000000000000E+000 -4.355555555553826E-016
          86           1  0.000000000000000E+000 -7.894444444439259E-016
          86           2  0.000000000000000E+000 -4.355555555554350E-016
          87           1  0.000000000000000E+000 -7.894444444440519E-016
          87           2  0.000000000000000E+000 -4.355555555554053E-016
          88           1  0.000000000000000E+000 -7.894444444440701E-016
          88           2  0.000000000000000E+000 -4.355555555554431E-016
          89           1  0.000000000000000E+000 -7.894444444441548E-016
          89           2  0.000000000000000E+000 -4.355555555555176E-016
          90           1  0.000000000000000E+000 -7.894444444441777E-016
          90           2  0.000000000000000E+000 -4.355555555554922E-016
          91           1  0.000000000000000E+000 -7.894444444442468E-016
          91           2  0.000000000000000E+000 -4.355555555555226E-016
          92           1  0.000000000000000E+000 -7.894444444442257E-016
          92           2  0.000000000000000E+000 -4.355555555555064E-016
          93           1  0.000000000000000E+000 -7.894444444441603E-016
          93           2  0.000000000000000E+000 -4.355555555555108E-016
          94           1  0.000000000000000E+000 -7.894444444441222E-016
          94           2  0.000000000000000E+000 -4.355555555555111E-016
          95           1  0.000000000000000E+000 -7.894444444440239E-016
          95           2  0.000000000000000E+000 -4.355555555555032E-016
          96           1  0.000000000000000E+000 -7.894444444440636E-016
          96           2  0.000000000000000E+000 -4.355555555554817E-016
          97           1  0.000000000000000E+000 -7.894444444441517E-016
          97           2  0.000000000000000E+000 -4.355555555555121E-016
          98           1  0.000000000000000E+000 -7.894444444441691E-016
          98           2  0.000000000000000E+000 -4.355555555555033E-016
          99           1  0.000000000000000E+000 -7.894444444441788E-016
          99           2  0.000000000000000E+000 -4.355555555554885E-016
         100           1  0.000000000000000E+000 -7.894444444442486E-016
         100           2  0.000000000000000E+000 -4.355555555555338E-016
