           1           1  0.000000000000000E+000 -5.288882610540580E-018
           1           2  0.000000000000000E+000 -3.711117389467128E-018
           2           1  0.000000000000000E+000 -5.288882610543670E-018
           2           2  0.000000000000000E+000 -3.711117389471482E-018
           3           1  0.000000000000000E+000 -5.288882610540631E-018
           3           2  0.000000000000000E+000 -3.711117389466020E-018
           4           1  0.000000000000000E+000 -5.288882610541015E-018
           4           2  0.000000000000000E+000 -3.711117389467830E-018
           5           1  0.000000000000000E+000 -5.288882610542993E-018
           5           2  0.000000000000000E+000 -3.711117389476547E-018
           6           1  0.000000000000000E+000 -5.288882610542094E-018
           6           2  0.000000000000000E+000 -3.711117389474736E-018
           7           1  0.000000000000000E+000 -5.288882610541723E-018
           7           2  0.000000000000000E+000 -3.711117389474308E-018
           8           1  0.000000000000000E+000 -5.288882610541106E-018
           8           2  0.000000000000000E+000 -3.711117389472287E-018
           9           1  0.000000000000000E+000 -5.288882610545758E-018
           9           2  0.000000000000000E+000 -3.711117389484214E-018
          10           1  0.000000000000000E+000 -5.288882610544658E-018
          10           2  0.000000000000000E+000 -3.711117389485418E-018
          11           1  0.000000000000000E+000 -5.288882610541790E-018
          11           2  0.000000000000000E+000 -3.711117389476207E-018
          12           1  0.000000000000000E+000 -5.288882610537237E-018
          12           2  0.000000000000000E+000 -3.711117389469816E-018
          13           1  0.000000000000000E+000 -5.288882610539829E-018
          13           2  0.000000000000000E+000 -3.711117389479449E-018
          14           1  0.000000000000000E+000 -5.288882610540833E-018
          14           2  0.000000000000000E+000 -3.711117389483612E-018
          15           1  0.000000000000000E+000 -5.288882610537907E-018
          15           2  0.000000000000000E+000 -3.711117389471983E-018
          16           1  0.000000000000000E+000 -5.288882610533217E-018
          16           2  0.000000000000000E+000 -3.711117389456391E-018
          17           1  0.000000000000000E+000 -5.288882610530715E-018
          17           2  0.000000000000000E+000 -3.711117389448729E-018
          18           1  0.000000000000000E+000 -5.288882610539050E-018
          18           2  0.000000000000000E+000 -3.711117389471059E-018
          19           1  0.000000000000000E+000 -5.288882610528698E-018
          19           2  0.000000000000000E+000 -3.711117389451141E-018
          20           1  0.000000000000000E+000 -5.288882610532520E-018
          20           2  0.000000000000000E+000 -3.711117389462116E-018
          21           1  0.000000000000000E+000 -5.288882610536788E-018
          21           2  0.000000000000000E+000 -3.711117389459806E-018
          22           1  0.000000000000000E+000 -5.288882610541769E-018
          22           2  0.000000000000000E+000 -3.711117389466909E-018
          23           1  0.000000000000000E+000 -5.288882610544570E-018
          23           2  0.000000000000000E+000 -3.711117389472782E-018
          24           1  0.000000000000000E+000 -5.288882610539279E-018
          24           2  0.000000000000000E+000 -3.711117389461625E-018
          25           1  0.000000000000000E+000 -5.288882610540780E-018
          25           2  0.000000000000000E+000 -3.711117389468699E-018
          26           1  0.000000000000000E+000 -5.288882610538549E-018
          26           2  0.000000000000000E+000 -3.711117389464752E-018
          27           1  0.000000000000000E+000 -5.288882610540750E-018
          27           2  0.000000000000000E+000 -3.711117389470537E-018
          28           1  0.000000000000000E+000 -5.288882610539326E-018
          28           2  0.000000000000000E+000 -3.711117389466193E-018
          29           1  0.000000000000000E+000 -5.288882610540339E-018
          29           2  0.000000000000000E+000 -3.711117389470239E-018
          30           1  0.000000000000000E+000 -5.288882610534712E-018
          30           2  0.000000000000000E+000 -3.711117389454297E-018
          31           1  0.000000000000000E+000 -5.288882610541684E-018
          31           2  0.000000000000000E+000 -3.711117389476571E-018
          32           1  0.000000000000000E+000 -5.288882610539156E-018
          32           2  0.000000000000000E+000 -3.711117389474937E-018
          33           1  0.000000000000000E+000 -5.288882610531926E-018
          33           2  0.000000000000000E+000 -3.711117389456769E-018
          34           1  0.000000000000000E+000 -5.288882610534184E-018
          34           2  0.000000000000000E+000 -3.711117389464054E-018
          35           1  0.000000000000000E+000 -5.288882610534803E-018
          35           2  0.000000000000000E+000 -3.711117389463292E-018
          36           1  0.000000000000000E+000 -5.288882610533146E-018
          36           2  0.000000000000000E+000 -3.711117389455898E-018
          37           1  0.000000000000000E+000 -5.288882610536999E-018
          37           2  0.000000000000000E+000 -3.711117389465918E-018
          38           1  0.000000000000000E+000 -5.288882610537212E-018
          38           2  0.000000000000000E+000 -3.711117389464553E-018
          39           1  0.000000000000000E+000 -5.288882610533073E-018
          39           2  0.000000000000000E+000 -3.711117389458850E-018
          40           1  0.000000000000000E+000 -5.288882610531088E-018
          40           2  0.000000000000000E+000 -3.711117389456770E-018
          41           1  0.000000000000000E+000 -5.288882610540240E-018
          41           2  0.000000000000000E+000 -3.711117389459817E-018
          42           1  0.000000000000000E+000 -5.288882610541493E-018
          42           2  0.000000000000000E+000 -3.711117389465007E-018
          43           1  0.000000000000000E+000 -5.288882610546929E-018
          43           2  0.000000000000000E+000 -3.711117389480058E-018
          44           1  0.000000000000000E+000 -5.288882610541998E-018
          44           2  0.000000000000000E+000 -3.711117389469910E-018
          45           1  0.000000000000000E+000 -5.288882610542351E-018
          45           2  0.000000000000000E+000 -3.711117389474228E-018
          46           1  0.000000000000000E+000 -5.288882610542240E-018
          46           2  0.000000000000000E+000 -3.711117389475259E-018
          47           1  0.000000000000000E+000 -5.288882610544676E-018
          47           2  0.000000000000000E+000 -3.711117389482912E-018
          48           1  0.000000000000000E+000 -5.288882610541940E-018
          48           2  0.000000000000000E+000 -3.711117389474889E-018
          49           1  0.000000000000000E+000 -5.288882610544423E-018
          49           2  0.000000000000000E+000 -3.711117389483323E-018
          50           1  0.000000000000000E+000 -5.288882610543210E-018
          50           2  0.000000000000000E+000 -3.711117389479469E-018
          51           1  0.000000000000000E+000 -5.288882610541480E-018
          51           2  0.000000000000000E+000 -3.711117389477467E-018
          52           1  0.000000000000000E+000 -5.288882610540284E-018
          52           2  0.000000000000000E+000 -3.711117389477765E-018
          53           1  0.000000000000000E+000 -5.288882610538653E-018
          53           2  0.000000000000000E+000 -3.711117389476006E-018
          54           1  0.000000000000000E+000 -5.288882610535613E-018
          54           2  0.000000000000000E+000 -3.711117389465691E-018
          55           1  0.000000000000000E+000 -5.288882610541929E-018
          55           2  0.000000000000000E+000 -3.711117389478668E-018
          56           1  0.000000000000000E+000 -5.288882610545510E-018
          56           2  0.000000000000000E+000 -3.711117389487457E-018
          57           1  0.000000000000000E+000 -5.288882610546009E-018
          57           2  0.000000000000000E+000 -3.711117389488310E-018
          58           1  0.000000000000000E+000 -5.288882610542110E-018
          58           2  0.000000000000000E+000 -3.711117389476299E-018
          59           1  0.000000000000000E+000 -5.288882610538636E-018
          59           2  0.000000000000000E+000 -3.711117389468447E-018
          60           1  0.000000000000000E+000 -5.288882610538246E-018
          60           2  0.000000000000000E+000 -3.711117389465953E-018
          61           1  0.000000000000000E+000 -5.288882610543243E-018
          61           2  0.000000000000000E+000 -3.711117389469252E-018
          62           1  0.000000000000000E+000 -5.288882610541490E-018
          62           2  0.000000000000000E+000 -3.711117389466718E-018
          63           1  0.000000000000000E+000 -5.288882610546466E-018
          63           2  0.000000000000000E+000 -3.711117389482147E-018
          64           1  0.000000000000000E+000 -5.288882610544709E-018
          64           2  0.000000000000000E+000 -3.711117389482298E-018
          65           1  0.000000000000000E+000 -5.288882610544445E-018
          65           2  0.000000000000000E+000 -3.711117389482326E-018
          66           1  0.000000000000000E+000 -5.288882610544155E-018
          66           2  0.000000000000000E+000 -3.711117389480762E-018
          67           1  0.000000000000000E+000 -5.288882610546318E-018
          67           2  0.000000000000000E+000 -3.711117389486732E-018
          68           1  0.000000000000000E+000 -5.288882610544621E-018
          68           2  0.000000000000000E+000 -3.711117389483705E-018
          69           1  0.000000000000000E+000 -5.288882610543464E-018
          69           2  0.000000000000000E+000 -3.711117389484476E-018
          70           1  0.000000000000000E+000 -5.288882610544519E-018
          70           2  0.000000000000000E+000 -3.711117389485086E-018
          71           1  0.000000000000000E+000 -5.288882610542423E-018
          71           2  0.000000000000000E+000 -3.711117389483878E-018
          72           1  0.000000000000000E+000 -5.288882610542883E-018
          72           2  0.000000000000000E+000 -3.711117389482765E-018
          73           1  0.000000000000000E+000 -5.288882610543048E-018
          73           2  0.000000000000000E+000 -3.711117389481256E-018
          74           1  0.000000000000000E+000 -5.288882610544999E-018
          74           2  0.000000000000000E+000 -3.711117389485875E-018
          75           1  0.000000000000000E+000 -5.288882610546263E-018
          75           2  0.000000000000000E+000 -3.711117389487864E-018
          76           1  0.000000000000000E+000 -5.288882610545678E-018
          76           2  0.000000000000000E+000 -3.711117389487616E-018
          77           1  0.000000000000000E+000 -5.288882610543830E-018
          77           2  0.000000000000000E+000 -3.711117389480480E-018
          78           1  0.000000000000000E+000 -5.288882610544585E-018
          78           2  0.000000000000000E+000 -3.711117389482848E-018
          79           1  0.000000000000000E+000 -5.288882610541562E-018
          79           2  0.000000000000000E+000 -3.711117389476279E-018
          80           1  0.000000000000000E+000 -5.288882610536332E-018
          80           2  0.000000000000000E+000 -3.711117389462471E-018
          81           1  0.000000000000000E+000 -5.288882610544505E-018
          81           2  0.000000000000000E+000 -3.711117389479151E-018
          82           1  0.000000000000000E+000 -5.288882610537841E-018
          82           2  0.000000000000000E+000 -3.711117389463198E-018
          83           1  0.000000000000000E+000 -5.288882610544165E-018
          83           2  0.000000000000000E+000 -3.711117389481949E-018
          84           1  0.000000000000000E+000 -5.288882610542855E-018
          84           2  0.000000000000000E+000 -3.711117389481689E-018
          85           1  0.000000000000000E+000 -5.288882610544458E-018
          85           2  0.000000000000000E+000 -3.711117389484542E-018
          86           1  0.000000000000000E+000 -5.288882610542657E-018
          86           2  0.000000000000000E+000 -3.711117389474217E-018
          87           1  0.000000000000000E+000 -5.288882610543474E-018
          87           2  0.000000000000000E+000 -3.711117389479634E-018
          88           1  0.000000000000000E+000 -5.288882610544395E-018
          88           2  0.000000000000000E+000 -3.711117389484169E-018
          89           1  0.000000000000000E+000 -5.288882610541481E-018
          89           2  0.000000000000000E+000 -3.711117389479519E-018
          90           1  0.000000000000000E+000 -5.288882610540518E-018
          90           2  0.000000000000000E+000 -3.711117389468585E-018
          91           1  0.000000000000000E+000 -5.288882610544326E-018
          91           2  0.000000000000000E+000 -3.711117389484008E-018
          92           1  0.000000000000000E+000 -5.288882610544510E-018
          92           2  0.000000000000000E+000 -3.711117389483948E-018
          93           1  0.000000000000000E+000 -5.288882610545610E-018
          93           2  0.000000000000000E+000 -3.711117389485066E-018
          94           1  0.000000000000000E+000 -5.288882610547125E-018
          94           2  0.000000000000000E+000 -3.711117389487757E-018
          95           1  0.000000000000000E+000 -5.288882610547439E-018
          95           2  0.000000000000000E+000 -3.711117389490364E-018
          96           1  0.000000000000000E+000 -5.288882610543807E-018
          96           2  0.000000000000000E+000 -3.711117389480568E-018
          97           1  0.000000000000000E+000 -5.288882610544517E-018
          97           2  0.000000000000000E+000 -3.711117389483991E-018
          98           1  0.000000000000000E+000 -5.288882610537094E-018
          98           2  0.000000000000000E+000 -3.711117389466111E-018
          99           1  0.000000000000000E+000 -5.288882610538394E-018
          99           2  0.000000000000000E+000 -3.711117389471352E-018
         100           1  0.000000000000000E+000 -5.288882610534869E-018
         100           2  0.000000000000000E+000 -3.711117389461301E-018
         101           1  0.000000000000000E+000 -5.288882610539119E-018
         101           2  0.000000000000000E+000 -3.711117389469107E-018
         102           1  0.000000000000000E+000 -5.288882610537046E-018
         102           2  0.000000000000000E+000 -3.711117389462855E-018
         103           1  0.000000000000000E+000 -5.288882610543334E-018
         103           2  0.000000000000000E+000 -3.711117389481436E-018
         104           1  0.000000000000000E+000 -5.288882610542790E-018
         104           2  0.000000000000000E+000 -3.711117389480533E-018
         105           1  0.000000000000000E+000 -5.288882610540717E-018
         105           2  0.000000000000000E+000 -3.711117389473793E-018
         106           1  0.000000000000000E+000 -5.288882610532396E-018
         106           2  0.000000000000000E+000 -3.711117389451618E-018
         107           1  0.000000000000000E+000 -5.288882610540003E-018
         107           2  0.000000000000000E+000 -3.711117389471757E-018
         108           1  0.000000000000000E+000 -5.288882610535807E-018
         108           2  0.000000000000000E+000 -3.711117389458988E-018
         109           1  0.000000000000000E+000 -5.288882610542641E-018
         109           2  0.000000000000000E+000 -3.711117389481868E-018
         110           1  0.000000000000000E+000 -5.288882610543477E-018
         110           2  0.000000000000000E+000 -3.711117389483103E-018
         111           1  0.000000000000000E+000 -5.288882610544890E-018
         111           2  0.000000000000000E+000 -3.711117389485598E-018
         112           1  0.000000000000000E+000 -5.288882610544255E-018
         112           2  0.000000000000000E+000 -3.711117389483319E-018
         113           1  0.000000000000000E+000 -5.288882610544836E-018
         113           2  0.000000000000000E+000 -3.711117389484422E-018
         114           1  0.000000000000000E+000 -5.288882610545990E-018
         114           2  0.000000000000000E+000 -3.711117389487029E-018
         115           1  0.000000000000000E+000 -5.288882610545621E-018
         115           2  0.000000000000000E+000 -3.711117389487454E-018
         116           1  0.000000000000000E+000 -5.288882610540031E-018
         116           2  0.000000000000000E+000 -3.711117389473357E-018
         117           1  0.000000000000000E+000 -5.288882610540619E-018
         117           2  0.000000000000000E+000 -3.711117389476666E-018
         118           1  0.000000000000000E+000 -5.288882610539588E-018
         118           2  0.000000000000000E+000 -3.711117389473515E-018
         119           1  0.000000000000000E+000 -5.288882610533453E-018
         119           2  0.000000000000000E+000 -3.711117389455884E-018
         120           1  0.000000000000000E+000 -5.288882610533704E-018
         120           2  0.000000000000000E+000 -3.711117389458939E-018
         121           1  0.000000000000000E+000 -5.288882610538841E-018
         121           2  0.000000000000000E+000 -3.711117389466542E-018
         122           1  0.000000000000000E+000 -5.288882610537708E-018
         122           2  0.000000000000000E+000 -3.711117389463531E-018
         123           1  0.000000000000000E+000 -5.288882610540948E-018
         123           2  0.000000000000000E+000 -3.711117389473629E-018
         124           1  0.000000000000000E+000 -5.288882610544318E-018
         124           2  0.000000000000000E+000 -3.711117389483240E-018
         125           1  0.000000000000000E+000 -5.288882610542983E-018
         125           2  0.000000000000000E+000 -3.711117389480597E-018
         126           1  0.000000000000000E+000 -5.288882610539696E-018
         126           2  0.000000000000000E+000 -3.711117389469865E-018
         127           1  0.000000000000000E+000 -5.288882610540457E-018
         127           2  0.000000000000000E+000 -3.711117389470958E-018
         128           1  0.000000000000000E+000 -5.288882610540080E-018
         128           2  0.000000000000000E+000 -3.711117389469128E-018
         129           1  0.000000000000000E+000 -5.288882610541068E-018
         129           2  0.000000000000000E+000 -3.711117389469335E-018
         130           1  0.000000000000000E+000 -5.288882610545121E-018
         130           2  0.000000000000000E+000 -3.711117389483033E-018
         131           1  0.000000000000000E+000 -5.288882610535042E-018
         131           2  0.000000000000000E+000 -3.711117389456482E-018
         132           1  0.000000000000000E+000 -5.288882610545175E-018
         132           2  0.000000000000000E+000 -3.711117389483896E-018
         133           1  0.000000000000000E+000 -5.288882610542259E-018
         133           2  0.000000000000000E+000 -3.711117389476988E-018
         134           1  0.000000000000000E+000 -5.288882610544001E-018
         134           2  0.000000000000000E+000 -3.711117389481787E-018
         135           1  0.000000000000000E+000 -5.288882610541592E-018
         135           2  0.000000000000000E+000 -3.711117389477699E-018
         136           1  0.000000000000000E+000 -5.288882610543148E-018
         136           2  0.000000000000000E+000 -3.711117389482851E-018
         137           1  0.000000000000000E+000 -5.288882610541174E-018
         137           2  0.000000000000000E+000 -3.711117389477942E-018
         138           1  0.000000000000000E+000 -5.288882610536225E-018
         138           2  0.000000000000000E+000 -3.711117389463890E-018
         139           1  0.000000000000000E+000 -5.288882610532624E-018
         139           2  0.000000000000000E+000 -3.711117389455167E-018
         140           1  0.000000000000000E+000 -5.288882610535898E-018
         140           2  0.000000000000000E+000 -3.711117389466088E-018
         141           1  0.000000000000000E+000 -5.288882610541657E-018
         141           2  0.000000000000000E+000 -3.711117389474527E-018
         142           1  0.000000000000000E+000 -5.288882610542111E-018
         142           2  0.000000000000000E+000 -3.711117389475410E-018
         143           1  0.000000000000000E+000 -5.288882610540733E-018
         143           2  0.000000000000000E+000 -3.711117389472089E-018
         144           1  0.000000000000000E+000 -5.288882610545037E-018
         144           2  0.000000000000000E+000 -3.711117389483951E-018
         145           1  0.000000000000000E+000 -5.288882610542124E-018
         145           2  0.000000000000000E+000 -3.711117389475880E-018
         146           1  0.000000000000000E+000 -5.288882610540130E-018
         146           2  0.000000000000000E+000 -3.711117389469819E-018
         147           1  0.000000000000000E+000 -5.288882610543548E-018
         147           2  0.000000000000000E+000 -3.711117389478493E-018
         148           1  0.000000000000000E+000 -5.288882610542524E-018
         148           2  0.000000000000000E+000 -3.711117389473415E-018
         149           1  0.000000000000000E+000 -5.288882610531507E-018
         149           2  0.000000000000000E+000 -3.711117389444678E-018
         150           1  0.000000000000000E+000 -5.288882610534432E-018
         150           2  0.000000000000000E+000 -3.711117389453889E-018
         151           1  0.000000000000000E+000 -5.288882610539830E-018
         151           2  0.000000000000000E+000 -3.711117389469213E-018
         152           1  0.000000000000000E+000 -5.288882610546322E-018
         152           2  0.000000000000000E+000 -3.711117389485059E-018
         153           1  0.000000000000000E+000 -5.288882610545949E-018
         153           2  0.000000000000000E+000 -3.711117389485367E-018
         154           1  0.000000000000000E+000 -5.288882610544470E-018
         154           2  0.000000000000000E+000 -3.711117389483253E-018
         155           1  0.000000000000000E+000 -5.288882610543858E-018
         155           2  0.000000000000000E+000 -3.711117389483865E-018
         156           1  0.000000000000000E+000 -5.288882610544100E-018
         156           2  0.000000000000000E+000 -3.711117389485750E-018
         157           1  0.000000000000000E+000 -5.288882610542914E-018
         157           2  0.000000000000000E+000 -3.711117389481231E-018
         158           1  0.000000000000000E+000 -5.288882610534983E-018
         158           2  0.000000000000000E+000 -3.711117389459780E-018
         159           1  0.000000000000000E+000 -5.288882610533252E-018
         159           2  0.000000000000000E+000 -3.711117389456371E-018
         160           1  0.000000000000000E+000 -5.288882610543693E-018
         160           2  0.000000000000000E+000 -3.711117389485926E-018
         161           1  0.000000000000000E+000 -5.288882610542851E-018
         161           2  0.000000000000000E+000 -3.711117389478574E-018
         162           1  0.000000000000000E+000 -5.288882610542870E-018
         162           2  0.000000000000000E+000 -3.711117389477064E-018
         163           1  0.000000000000000E+000 -5.288882610541493E-018
         163           2  0.000000000000000E+000 -3.711117389473391E-018
         164           1  0.000000000000000E+000 -5.288882610546134E-018
         164           2  0.000000000000000E+000 -3.711117389487174E-018
         165           1  0.000000000000000E+000 -5.288882610545071E-018
         165           2  0.000000000000000E+000 -3.711117389482778E-018
         166           1  0.000000000000000E+000 -5.288882610544571E-018
         166           2  0.000000000000000E+000 -3.711117389484035E-018
         167           1  0.000000000000000E+000 -5.288882610545168E-018
         167           2  0.000000000000000E+000 -3.711117389482516E-018
         168           1  0.000000000000000E+000 -5.288882610534012E-018
         168           2  0.000000000000000E+000 -3.711117389452342E-018
         169           1  0.000000000000000E+000 -5.288882610530940E-018
         169           2  0.000000000000000E+000 -3.711117389442423E-018
         170           1  0.000000000000000E+000 -5.288882610532006E-018
         170           2  0.000000000000000E+000 -3.711117389447117E-018
         171           1  0.000000000000000E+000 -5.288882610541747E-018
         171           2  0.000000000000000E+000 -3.711117389474498E-018
         172           1  0.000000000000000E+000 -5.288882610547411E-018
         172           2  0.000000000000000E+000 -3.711117389486740E-018
         173           1  0.000000000000000E+000 -5.288882610546418E-018
         173           2  0.000000000000000E+000 -3.711117389486197E-018
         174           1  0.000000000000000E+000 -5.288882610541498E-018
         174           2  0.000000000000000E+000 -3.711117389472456E-018
         175           1  0.000000000000000E+000 -5.288882610545203E-018
         175           2  0.000000000000000E+000 -3.711117389485685E-018
         176           1  0.000000000000000E+000 -5.288882610544562E-018
         176           2  0.000000000000000E+000 -3.711117389484835E-018
         177           1  0.000000000000000E+000 -5.288882610541865E-018
         177           2  0.000000000000000E+000 -3.711117389478634E-018
         178           1  0.000000000000000E+000 -5.288882610536910E-018
         178           2  0.000000000000000E+000 -3.711117389464926E-018
         179           1  0.000000000000000E+000 -5.288882610536926E-018
         179           2  0.000000000000000E+000 -3.711117389467282E-018
         180           1  0.000000000000000E+000 -5.288882610535665E-018
         180           2  0.000000000000000E+000 -3.711117389464866E-018
         181           1  0.000000000000000E+000 -5.288882610539613E-018
         181           2  0.000000000000000E+000 -3.711117389470284E-018
         182           1  0.000000000000000E+000 -5.288882610539479E-018
         182           2  0.000000000000000E+000 -3.711117389469150E-018
         183           1  0.000000000000000E+000 -5.288882610544208E-018
         183           2  0.000000000000000E+000 -3.711117389482591E-018
         184           1  0.000000000000000E+000 -5.288882610545071E-018
         184           2  0.000000000000000E+000 -3.711117389483801E-018
         185           1  0.000000000000000E+000 -5.288882610545205E-018
         185           2  0.000000000000000E+000 -3.711117389483707E-018
         186           1  0.000000000000000E+000 -5.288882610544484E-018
         186           2  0.000000000000000E+000 -3.711117389482868E-018
         187           1  0.000000000000000E+000 -5.288882610544478E-018
         187           2  0.000000000000000E+000 -3.711117389483946E-018
         188           1  0.000000000000000E+000 -5.288882610543423E-018
         188           2  0.000000000000000E+000 -3.711117389479543E-018
         189           1  0.000000000000000E+000 -5.288882610530678E-018
         189           2  0.000000000000000E+000 -3.711117389443424E-018
         190           1  0.000000000000000E+000 -5.288882610530041E-018
         190           2  0.000000000000000E+000 -3.711117389442497E-018
         191           1  0.000000000000000E+000 -5.288882610530534E-018
         191           2  0.000000000000000E+000 -3.711117389444535E-018
         192           1  0.000000000000000E+000 -5.288882610545953E-018
         192           2  0.000000000000000E+000 -3.711117389484167E-018
         193           1  0.000000000000000E+000 -5.288882610542347E-018
         193           2  0.000000000000000E+000 -3.711117389474054E-018
         194           1  0.000000000000000E+000 -5.288882610537103E-018
         194           2  0.000000000000000E+000 -3.711117389461441E-018
         195           1  0.000000000000000E+000 -5.288882610541567E-018
         195           2  0.000000000000000E+000 -3.711117389477380E-018
         196           1  0.000000000000000E+000 -5.288882610540448E-018
         196           2  0.000000000000000E+000 -3.711117389476749E-018
         197           1  0.000000000000000E+000 -5.288882610541843E-018
         197           2  0.000000000000000E+000 -3.711117389480871E-018
         198           1  0.000000000000000E+000 -5.288882610534577E-018
         198           2  0.000000000000000E+000 -3.711117389461807E-018
         199           1  0.000000000000000E+000 -5.288882610533745E-018
         199           2  0.000000000000000E+000 -3.711117389462145E-018
         200           1  0.000000000000000E+000 -5.288882610535221E-018
         200           2  0.000000000000000E+000 -3.711117389468099E-018
         201           1  0.000000000000000E+000 -5.288882610545004E-018
         201           2  0.000000000000000E+000 -3.711117389488476E-018
         202           1  0.000000000000000E+000 -5.288882610537275E-018
         202           2  0.000000000000000E+000 -3.711117389466972E-018
         203           1  0.000000000000000E+000 -5.288882610536469E-018
         203           2  0.000000000000000E+000 -3.711117389463950E-018
         204           1  0.000000000000000E+000 -5.288882610544664E-018
         204           2  0.000000000000000E+000 -3.711117389484331E-018
         205           1  0.000000000000000E+000 -5.288882610544047E-018
         205           2  0.000000000000000E+000 -3.711117389482684E-018
         206           1  0.000000000000000E+000 -5.288882610543383E-018
         206           2  0.000000000000000E+000 -3.711117389484922E-018
         207           1  0.000000000000000E+000 -5.288882610543401E-018
         207           2  0.000000000000000E+000 -3.711117389481996E-018
         208           1  0.000000000000000E+000 -5.288882610540277E-018
         208           2  0.000000000000000E+000 -3.711117389471649E-018
         209           1  0.000000000000000E+000 -5.288882610532282E-018
         209           2  0.000000000000000E+000 -3.711117389450416E-018
         210           1  0.000000000000000E+000 -5.288882610529782E-018
         210           2  0.000000000000000E+000 -3.711117389442009E-018
         211           1  0.000000000000000E+000 -5.288882610534156E-018
         211           2  0.000000000000000E+000 -3.711117389455449E-018
         212           1  0.000000000000000E+000 -5.288882610545351E-018
         212           2  0.000000000000000E+000 -3.711117389482275E-018
         213           1  0.000000000000000E+000 -5.288882610543092E-018
         213           2  0.000000000000000E+000 -3.711117389476731E-018
         214           1  0.000000000000000E+000 -5.288882610541914E-018
         214           2  0.000000000000000E+000 -3.711117389475875E-018
         215           1  0.000000000000000E+000 -5.288882610542514E-018
         215           2  0.000000000000000E+000 -3.711117389479740E-018
         216           1  0.000000000000000E+000 -5.288882610537608E-018
         216           2  0.000000000000000E+000 -3.711117389471160E-018
         217           1  0.000000000000000E+000 -5.288882610540032E-018
         217           2  0.000000000000000E+000 -3.711117389477007E-018
         218           1  0.000000000000000E+000 -5.288882610539700E-018
         218           2  0.000000000000000E+000 -3.711117389477588E-018
         219           1  0.000000000000000E+000 -5.288882610534599E-018
         219           2  0.000000000000000E+000 -3.711117389464041E-018
         220           1  0.000000000000000E+000 -5.288882610536251E-018
         220           2  0.000000000000000E+000 -3.711117389470430E-018
         221           1  0.000000000000000E+000 -5.288882610543253E-018
         221           2  0.000000000000000E+000 -3.711117389483803E-018
         222           1  0.000000000000000E+000 -5.288882610541383E-018
         222           2  0.000000000000000E+000 -3.711117389475492E-018
         223           1  0.000000000000000E+000 -5.288882610539498E-018
         223           2  0.000000000000000E+000 -3.711117389472022E-018
         224           1  0.000000000000000E+000 -5.288882610544024E-018
         224           2  0.000000000000000E+000 -3.711117389482537E-018
         225           1  0.000000000000000E+000 -5.288882610543341E-018
         225           2  0.000000000000000E+000 -3.711117389482732E-018
         226           1  0.000000000000000E+000 -5.288882610542423E-018
         226           2  0.000000000000000E+000 -3.711117389481671E-018
         227           1  0.000000000000000E+000 -5.288882610541118E-018
         227           2  0.000000000000000E+000 -3.711117389475983E-018
         228           1  0.000000000000000E+000 -5.288882610544802E-018
         228           2  0.000000000000000E+000 -3.711117389482386E-018
         229           1  0.000000000000000E+000 -5.288882610543313E-018
         229           2  0.000000000000000E+000 -3.711117389481271E-018
         230           1  0.000000000000000E+000 -5.288882610542391E-018
         230           2  0.000000000000000E+000 -3.711117389477498E-018
         231           1  0.000000000000000E+000 -5.288882610544788E-018
         231           2  0.000000000000000E+000 -3.711117389483675E-018
         232           1  0.000000000000000E+000 -5.288882610538507E-018
         232           2  0.000000000000000E+000 -3.711117389465571E-018
         233           1  0.000000000000000E+000 -5.288882610542313E-018
         233           2  0.000000000000000E+000 -3.711117389475510E-018
         234           1  0.000000000000000E+000 -5.288882610539936E-018
         234           2  0.000000000000000E+000 -3.711117389470583E-018
         235           1  0.000000000000000E+000 -5.288882610541499E-018
         235           2  0.000000000000000E+000 -3.711117389477551E-018
         236           1  0.000000000000000E+000 -5.288882610538834E-018
         236           2  0.000000000000000E+000 -3.711117389474097E-018
         237           1  0.000000000000000E+000 -5.288882610536872E-018
         237           2  0.000000000000000E+000 -3.711117389470900E-018
         238           1  0.000000000000000E+000 -5.288882610537758E-018
         238           2  0.000000000000000E+000 -3.711117389472661E-018
         239           1  0.000000000000000E+000 -5.288882610536376E-018
         239           2  0.000000000000000E+000 -3.711117389465983E-018
         240           1  0.000000000000000E+000 -5.288882610533602E-018
         240           2  0.000000000000000E+000 -3.711117389460938E-018
         241           1  0.000000000000000E+000 -5.288882610542502E-018
         241           2  0.000000000000000E+000 -3.711117389479026E-018
         242           1  0.000000000000000E+000 -5.288882610541766E-018
         242           2  0.000000000000000E+000 -3.711117389477121E-018
         243           1  0.000000000000000E+000 -5.288882610542389E-018
         243           2  0.000000000000000E+000 -3.711117389479290E-018
         244           1  0.000000000000000E+000 -5.288882610543740E-018
         244           2  0.000000000000000E+000 -3.711117389483800E-018
         245           1  0.000000000000000E+000 -5.288882610544091E-018
         245           2  0.000000000000000E+000 -3.711117389483565E-018
         246           1  0.000000000000000E+000 -5.288882610542742E-018
         246           2  0.000000000000000E+000 -3.711117389480942E-018
         247           1  0.000000000000000E+000 -5.288882610539309E-018
         247           2  0.000000000000000E+000 -3.711117389470802E-018
         248           1  0.000000000000000E+000 -5.288882610542954E-018
         248           2  0.000000000000000E+000 -3.711117389480678E-018
         249           1  0.000000000000000E+000 -5.288882610543689E-018
         249           2  0.000000000000000E+000 -3.711117389482889E-018
         250           1  0.000000000000000E+000 -5.288882610545322E-018
         250           2  0.000000000000000E+000 -3.711117389485826E-018
         251           1  0.000000000000000E+000 -5.288882610544517E-018
         251           2  0.000000000000000E+000 -3.711117389483804E-018
         252           1  0.000000000000000E+000 -5.288882610542592E-018
         252           2  0.000000000000000E+000 -3.711117389477387E-018
         253           1  0.000000000000000E+000 -5.288882610541243E-018
         253           2  0.000000000000000E+000 -3.711117389474133E-018
         254           1  0.000000000000000E+000 -5.288882610543060E-018
         254           2  0.000000000000000E+000 -3.711117389479732E-018
         255           1  0.000000000000000E+000 -5.288882610540548E-018
         255           2  0.000000000000000E+000 -3.711117389473485E-018
         256           1  0.000000000000000E+000 -5.288882610540763E-018
         256           2  0.000000000000000E+000 -3.711117389476484E-018
         257           1  0.000000000000000E+000 -5.288882610540189E-018
         257           2  0.000000000000000E+000 -3.711117389475584E-018
         258           1  0.000000000000000E+000 -5.288882610539011E-018
         258           2  0.000000000000000E+000 -3.711117389473042E-018
         259           1  0.000000000000000E+000 -5.288882610535372E-018
         259           2  0.000000000000000E+000 -3.711117389463266E-018
         260           1  0.000000000000000E+000 -5.288882610535335E-018
         260           2  0.000000000000000E+000 -3.711117389465167E-018
         261           1  0.000000000000000E+000 -5.288882610542089E-018
         261           2  0.000000000000000E+000 -3.711117389478683E-018
         262           1  0.000000000000000E+000 -5.288882610540649E-018
         262           2  0.000000000000000E+000 -3.711117389474280E-018
         263           1  0.000000000000000E+000 -5.288882610547014E-018
         263           2  0.000000000000000E+000 -3.711117389488827E-018
         264           1  0.000000000000000E+000 -5.288882610543948E-018
         264           2  0.000000000000000E+000 -3.711117389483774E-018
         265           1  0.000000000000000E+000 -5.288882610543596E-018
         265           2  0.000000000000000E+000 -3.711117389482235E-018
         266           1  0.000000000000000E+000 -5.288882610543876E-018
         266           2  0.000000000000000E+000 -3.711117389482291E-018
         267           1  0.000000000000000E+000 -5.288882610541965E-018
         267           2  0.000000000000000E+000 -3.711117389476445E-018
         268           1  0.000000000000000E+000 -5.288882610537696E-018
         268           2  0.000000000000000E+000 -3.711117389467327E-018
         269           1  0.000000000000000E+000 -5.288882610542097E-018
         269           2  0.000000000000000E+000 -3.711117389479228E-018
         270           1  0.000000000000000E+000 -5.288882610543776E-018
         270           2  0.000000000000000E+000 -3.711117389484365E-018
         271           1  0.000000000000000E+000 -5.288882610542339E-018
         271           2  0.000000000000000E+000 -3.711117389477406E-018
         272           1  0.000000000000000E+000 -5.288882610541396E-018
         272           2  0.000000000000000E+000 -3.711117389475850E-018
         273           1  0.000000000000000E+000 -5.288882610543807E-018
         273           2  0.000000000000000E+000 -3.711117389482893E-018
         274           1  0.000000000000000E+000 -5.288882610543359E-018
         274           2  0.000000000000000E+000 -3.711117389482155E-018
         275           1  0.000000000000000E+000 -5.288882610543410E-018
         275           2  0.000000000000000E+000 -3.711117389481985E-018
         276           1  0.000000000000000E+000 -5.288882610542088E-018
         276           2  0.000000000000000E+000 -3.711117389477479E-018
         277           1  0.000000000000000E+000 -5.288882610541340E-018
         277           2  0.000000000000000E+000 -3.711117389475688E-018
         278           1  0.000000000000000E+000 -5.288882610542311E-018
         278           2  0.000000000000000E+000 -3.711117389480943E-018
         279           1  0.000000000000000E+000 -5.288882610539434E-018
         279           2  0.000000000000000E+000 -3.711117389473447E-018
         280           1  0.000000000000000E+000 -5.288882610537831E-018
         280           2  0.000000000000000E+000 -3.711117389470053E-018
         281           1  0.000000000000000E+000 -5.288882610541677E-018
         281           2  0.000000000000000E+000 -3.711117389476421E-018
         282           1  0.000000000000000E+000 -5.288882610541580E-018
         282           2  0.000000000000000E+000 -3.711117389475437E-018
         283           1  0.000000000000000E+000 -5.288882610547919E-018
         283           2  0.000000000000000E+000 -3.711117389490901E-018
         284           1  0.000000000000000E+000 -5.288882610547115E-018
         284           2  0.000000000000000E+000 -3.711117389490099E-018
         285           1  0.000000000000000E+000 -5.288882610544447E-018
         285           2  0.000000000000000E+000 -3.711117389483092E-018
         286           1  0.000000000000000E+000 -5.288882610546369E-018
         286           2  0.000000000000000E+000 -3.711117389486364E-018
         287           1  0.000000000000000E+000 -5.288882610546875E-018
         287           2  0.000000000000000E+000 -3.711117389485239E-018
         288           1  0.000000000000000E+000 -5.288882610545306E-018
         288           2  0.000000000000000E+000 -3.711117389482358E-018
         289           1  0.000000000000000E+000 -5.288882610543407E-018
         289           2  0.000000000000000E+000 -3.711117389481256E-018
         290           1  0.000000000000000E+000 -5.288882610542286E-018
         290           2  0.000000000000000E+000 -3.711117389481737E-018
         291           1  0.000000000000000E+000 -5.288882610540961E-018
         291           2  0.000000000000000E+000 -3.711117389477419E-018
         292           1  0.000000000000000E+000 -5.288882610543330E-018
         292           2  0.000000000000000E+000 -3.711117389483907E-018
         293           1  0.000000000000000E+000 -5.288882610541726E-018
         293           2  0.000000000000000E+000 -3.711117389479476E-018
         294           1  0.000000000000000E+000 -5.288882610539196E-018
         294           2  0.000000000000000E+000 -3.711117389473488E-018
         295           1  0.000000000000000E+000 -5.288882610542513E-018
         295           2  0.000000000000000E+000 -3.711117389480507E-018
         296           1  0.000000000000000E+000 -5.288882610543982E-018
         296           2  0.000000000000000E+000 -3.711117389474883E-018
         297           1  0.000000000000000E+000 -5.288882610540274E-018
         297           2  0.000000000000000E+000 -3.711117389473894E-018
         298           1  0.000000000000000E+000 -5.288882610540064E-018
         298           2  0.000000000000000E+000 -3.711117389473564E-018
         299           1  0.000000000000000E+000 -5.288882610535838E-018
         299           2  0.000000000000000E+000 -3.711117389465338E-018
         300           1  0.000000000000000E+000 -5.288882610536962E-018
         300           2  0.000000000000000E+000 -3.711117389468090E-018
         301           1  0.000000000000000E+000 -5.288882610541655E-018
         301           2  0.000000000000000E+000 -3.711117389476028E-018
         302           1  0.000000000000000E+000 -5.288882610540614E-018
         302           2  0.000000000000000E+000 -3.711117389473430E-018
         303           1  0.000000000000000E+000 -5.288882610544585E-018
         303           2  0.000000000000000E+000 -3.711117389481446E-018
         304           1  0.000000000000000E+000 -5.288882610546203E-018
         304           2  0.000000000000000E+000 -3.711117389486999E-018
         305           1  0.000000000000000E+000 -5.288882610545867E-018
         305           2  0.000000000000000E+000 -3.711117389488004E-018
         306           1  0.000000000000000E+000 -5.288882610544235E-018
         306           2  0.000000000000000E+000 -3.711117389480812E-018
         307           1  0.000000000000000E+000 -5.288882610545024E-018
         307           2  0.000000000000000E+000 -3.711117389481392E-018
         308           1  0.000000000000000E+000 -5.288882610545842E-018
         308           2  0.000000000000000E+000 -3.711117389482025E-018
         309           1  0.000000000000000E+000 -5.288882610544334E-018
         309           2  0.000000000000000E+000 -3.711117389480656E-018
         310           1  0.000000000000000E+000 -5.288882610543421E-018
         310           2  0.000000000000000E+000 -3.711117389480885E-018
         311           1  0.000000000000000E+000 -5.288882610539606E-018
         311           2  0.000000000000000E+000 -3.711117389472000E-018
         312           1  0.000000000000000E+000 -5.288882610541609E-018
         312           2  0.000000000000000E+000 -3.711117389479592E-018
         313           1  0.000000000000000E+000 -5.288882610541977E-018
         313           2  0.000000000000000E+000 -3.711117389479114E-018
         314           1  0.000000000000000E+000 -5.288882610539666E-018
         314           2  0.000000000000000E+000 -3.711117389472332E-018
         315           1  0.000000000000000E+000 -5.288882610537302E-018
         315           2  0.000000000000000E+000 -3.711117389465641E-018
         316           1  0.000000000000000E+000 -5.288882610541028E-018
         316           2  0.000000000000000E+000 -3.711117389475370E-018
         317           1  0.000000000000000E+000 -5.288882610539585E-018
         317           2  0.000000000000000E+000 -3.711117389473488E-018
         318           1  0.000000000000000E+000 -5.288882610536543E-018
         318           2  0.000000000000000E+000 -3.711117389468141E-018
         319           1  0.000000000000000E+000 -5.288882610534137E-018
         319           2  0.000000000000000E+000 -3.711117389459819E-018
         320           1  0.000000000000000E+000 -5.288882610534535E-018
         320           2  0.000000000000000E+000 -3.711117389462410E-018
         321           1  0.000000000000000E+000 -5.288882610541592E-018
         321           2  0.000000000000000E+000 -3.711117389473041E-018
         322           1  0.000000000000000E+000 -5.288882610544324E-018
         322           2  0.000000000000000E+000 -3.711117389480278E-018
         323           1  0.000000000000000E+000 -5.288882610544391E-018
         323           2  0.000000000000000E+000 -3.711117389479309E-018
         324           1  0.000000000000000E+000 -5.288882610542373E-018
         324           2  0.000000000000000E+000 -3.711117389475838E-018
         325           1  0.000000000000000E+000 -5.288882610540866E-018
         325           2  0.000000000000000E+000 -3.711117389475468E-018
         326           1  0.000000000000000E+000 -5.288882610542041E-018
         326           2  0.000000000000000E+000 -3.711117389477977E-018
         327           1  0.000000000000000E+000 -5.288882610542454E-018
         327           2  0.000000000000000E+000 -3.711117389476135E-018
         328           1  0.000000000000000E+000 -5.288882610544201E-018
         328           2  0.000000000000000E+000 -3.711117389479123E-018
         329           1  0.000000000000000E+000 -5.288882610543379E-018
         329           2  0.000000000000000E+000 -3.711117389475688E-018
         330           1  0.000000000000000E+000 -5.288882610543544E-018
         330           2  0.000000000000000E+000 -3.711117389477651E-018
         331           1  0.000000000000000E+000 -5.288882610539851E-018
         331           2  0.000000000000000E+000 -3.711117389470134E-018
         332           1  0.000000000000000E+000 -5.288882610541273E-018
         332           2  0.000000000000000E+000 -3.711117389477371E-018
         333           1  0.000000000000000E+000 -5.288882610540356E-018
         333           2  0.000000000000000E+000 -3.711117389474125E-018
         334           1  0.000000000000000E+000 -5.288882610539518E-018
         334           2  0.000000000000000E+000 -3.711117389471603E-018
         335           1  0.000000000000000E+000 -5.288882610539851E-018
         335           2  0.000000000000000E+000 -3.711117389472260E-018
         336           1  0.000000000000000E+000 -5.288882610541444E-018
         336           2  0.000000000000000E+000 -3.711117389476963E-018
         337           1  0.000000000000000E+000 -5.288882610540476E-018
         337           2  0.000000000000000E+000 -3.711117389475088E-018
         338           1  0.000000000000000E+000 -5.288882610539871E-018
         338           2  0.000000000000000E+000 -3.711117389473137E-018
         339           1  0.000000000000000E+000 -5.288882610534427E-018
         339           2  0.000000000000000E+000 -3.711117389458106E-018
         340           1  0.000000000000000E+000 -5.288882610535353E-018
         340           2  0.000000000000000E+000 -3.711117389463091E-018
         341           1  0.000000000000000E+000 -5.288882610539614E-018
         341           2  0.000000000000000E+000 -3.711117389469783E-018
         342           1  0.000000000000000E+000 -5.288882610543215E-018
         342           2  0.000000000000000E+000 -3.711117389476206E-018
         343           1  0.000000000000000E+000 -5.288882610544286E-018
         343           2  0.000000000000000E+000 -3.711117389475536E-018
         344           1  0.000000000000000E+000 -5.288882610541416E-018
         344           2  0.000000000000000E+000 -3.711117389473667E-018
         345           1  0.000000000000000E+000 -5.288882610539812E-018
         345           2  0.000000000000000E+000 -3.711117389472226E-018
         346           1  0.000000000000000E+000 -5.288882610539824E-018
         346           2  0.000000000000000E+000 -3.711117389472613E-018
         347           1  0.000000000000000E+000 -5.288882610539107E-018
         347           2  0.000000000000000E+000 -3.711117389469663E-018
         348           1  0.000000000000000E+000 -5.288882610540260E-018
         348           2  0.000000000000000E+000 -3.711117389471254E-018
         349           1  0.000000000000000E+000 -5.288882610537599E-018
         349           2  0.000000000000000E+000 -3.711117389464199E-018
         350           1  0.000000000000000E+000 -5.288882610536498E-018
         350           2  0.000000000000000E+000 -3.711117389461418E-018
         351           1  0.000000000000000E+000 -5.288882610535963E-018
         351           2  0.000000000000000E+000 -3.711117389460781E-018
         352           1  0.000000000000000E+000 -5.288882610537069E-018
         352           2  0.000000000000000E+000 -3.711117389464706E-018
         353           1  0.000000000000000E+000 -5.288882610539551E-018
         353           2  0.000000000000000E+000 -3.711117389470714E-018
         354           1  0.000000000000000E+000 -5.288882610538257E-018
         354           2  0.000000000000000E+000 -3.711117389465934E-018
         355           1  0.000000000000000E+000 -5.288882610538990E-018
         355           2  0.000000000000000E+000 -3.711117389467581E-018
         356           1  0.000000000000000E+000 -5.288882610540028E-018
         356           2  0.000000000000000E+000 -3.711117389471937E-018
         357           1  0.000000000000000E+000 -5.288882610537641E-018
         357           2  0.000000000000000E+000 -3.711117389467030E-018
         358           1  0.000000000000000E+000 -5.288882610537748E-018
         358           2  0.000000000000000E+000 -3.711117389466140E-018
         359           1  0.000000000000000E+000 -5.288882610538425E-018
         359           2  0.000000000000000E+000 -3.711117389463111E-018
         360           1  0.000000000000000E+000 -5.288882610538054E-018
         360           2  0.000000000000000E+000 -3.711117389460446E-018
         361           1  0.000000000000000E+000 -5.288882610536186E-018
         361           2  0.000000000000000E+000 -3.711117389465634E-018
         362           1  0.000000000000000E+000 -5.288882610537655E-018
         362           2  0.000000000000000E+000 -3.711117389467815E-018
         363           1  0.000000000000000E+000 -5.288882610540122E-018
         363           2  0.000000000000000E+000 -3.711117389468449E-018
         364           1  0.000000000000000E+000 -5.288882610540643E-018
         364           2  0.000000000000000E+000 -3.711117389472982E-018
         365           1  0.000000000000000E+000 -5.288882610538083E-018
         365           2  0.000000000000000E+000 -3.711117389466568E-018
         366           1  0.000000000000000E+000 -5.288882610537274E-018
         366           2  0.000000000000000E+000 -3.711117389467360E-018
         367           1  0.000000000000000E+000 -5.288882610537589E-018
         367           2  0.000000000000000E+000 -3.711117389466862E-018
         368           1  0.000000000000000E+000 -5.288882610536429E-018
         368           2  0.000000000000000E+000 -3.711117389463219E-018
         369           1  0.000000000000000E+000 -5.288882610535845E-018
         369           2  0.000000000000000E+000 -3.711117389462893E-018
         370           1  0.000000000000000E+000 -5.288882610535164E-018
         370           2  0.000000000000000E+000 -3.711117389460478E-018
         371           1  0.000000000000000E+000 -5.288882610537730E-018
         371           2  0.000000000000000E+000 -3.711117389465723E-018
         372           1  0.000000000000000E+000 -5.288882610538294E-018
         372           2  0.000000000000000E+000 -3.711117389465926E-018
         373           1  0.000000000000000E+000 -5.288882610537431E-018
         373           2  0.000000000000000E+000 -3.711117389463286E-018
         374           1  0.000000000000000E+000 -5.288882610535358E-018
         374           2  0.000000000000000E+000 -3.711117389456382E-018
         375           1  0.000000000000000E+000 -5.288882610536607E-018
         375           2  0.000000000000000E+000 -3.711117389460404E-018
         376           1  0.000000000000000E+000 -5.288882610536284E-018
         376           2  0.000000000000000E+000 -3.711117389462129E-018
         377           1  0.000000000000000E+000 -5.288882610538164E-018
         377           2  0.000000000000000E+000 -3.711117389467847E-018
         378           1  0.000000000000000E+000 -5.288882610537442E-018
         378           2  0.000000000000000E+000 -3.711117389461909E-018
         379           1  0.000000000000000E+000 -5.288882610539595E-018
         379           2  0.000000000000000E+000 -3.711117389462695E-018
         380           1  0.000000000000000E+000 -5.288882610534519E-018
         380           2  0.000000000000000E+000 -3.711117389459726E-018
         381           1  0.000000000000000E+000 -5.288882610534426E-018
         381           2  0.000000000000000E+000 -3.711117389464902E-018
         382           1  0.000000000000000E+000 -5.288882610537012E-018
         382           2  0.000000000000000E+000 -3.711117389465772E-018
         383           1  0.000000000000000E+000 -5.288882610538893E-018
         383           2  0.000000000000000E+000 -3.711117389464296E-018
         384           1  0.000000000000000E+000 -5.288882610539944E-018
         384           2  0.000000000000000E+000 -3.711117389470499E-018
         385           1  0.000000000000000E+000 -5.288882610538284E-018
         385           2  0.000000000000000E+000 -3.711117389467600E-018
         386           1  0.000000000000000E+000 -5.288882610537437E-018
         386           2  0.000000000000000E+000 -3.711117389466578E-018
         387           1  0.000000000000000E+000 -5.288882610538771E-018
         387           2  0.000000000000000E+000 -3.711117389470766E-018
         388           1  0.000000000000000E+000 -5.288882610539324E-018
         388           2  0.000000000000000E+000 -3.711117389474493E-018
         389           1  0.000000000000000E+000 -5.288882610538734E-018
         389           2  0.000000000000000E+000 -3.711117389473263E-018
         390           1  0.000000000000000E+000 -5.288882610538435E-018
         390           2  0.000000000000000E+000 -3.711117389470872E-018
         391           1  0.000000000000000E+000 -5.288882610537961E-018
         391           2  0.000000000000000E+000 -3.711117389467010E-018
         392           1  0.000000000000000E+000 -5.288882610538541E-018
         392           2  0.000000000000000E+000 -3.711117389465802E-018
         393           1  0.000000000000000E+000 -5.288882610538693E-018
         393           2  0.000000000000000E+000 -3.711117389467801E-018
         394           1  0.000000000000000E+000 -5.288882610537086E-018
         394           2  0.000000000000000E+000 -3.711117389462259E-018
         395           1  0.000000000000000E+000 -5.288882610536808E-018
         395           2  0.000000000000000E+000 -3.711117389461624E-018
         396           1  0.000000000000000E+000 -5.288882610537552E-018
         396           2  0.000000000000000E+000 -3.711117389466907E-018
         397           1  0.000000000000000E+000 -5.288882610538229E-018
         397           2  0.000000000000000E+000 -3.711117389468349E-018
         398           1  0.000000000000000E+000 -5.288882610539998E-018
         398           2  0.000000000000000E+000 -3.711117389464504E-018
         399           1  0.000000000000000E+000 -5.288882610535325E-018
         399           2  0.000000000000000E+000 -3.711117389460913E-018
         400           1  0.000000000000000E+000 -5.288882610538395E-018
         400           2  0.000000000000000E+000 -3.711117389463975E-018
