           1           1  0.000000000000000E+000 -1.237623762376031E-017
           1           2  0.000000000000000E+000 -1.262376237623463E-017
           2           1  0.000000000000000E+000 -1.237623762376056E-017
           2           2  0.000000000000000E+000 -1.262376237623243E-017
           3           1  0.000000000000000E+000 -1.237623762376192E-017
           3           2  0.000000000000000E+000 -1.262376237623804E-017
           4           1  0.000000000000000E+000 -1.237623762376244E-017
           4           2  0.000000000000000E+000 -1.262376237623709E-017
           5           1  0.000000000000000E+000 -1.237623762376066E-017
           5           2  0.000000000000000E+000 -1.262376237623357E-017
           6           1  0.000000000000000E+000 -1.237623762376391E-017
           6           2  0.000000000000000E+000 -1.262376237624702E-017
           7           1  0.000000000000000E+000 -1.237623762376094E-017
           7           2  0.000000000000000E+000 -1.262376237623766E-017
           8           1  0.000000000000000E+000 -1.237623762376220E-017
           8           2  0.000000000000000E+000 -1.262376237623584E-017
           9           1  0.000000000000000E+000 -1.237623762376149E-017
           9           2  0.000000000000000E+000 -1.262376237623090E-017
          10           1  0.000000000000000E+000 -1.237623762376300E-017
          10           2  0.000000000000000E+000 -1.262376237623785E-017
          11           1  0.000000000000000E+000 -1.237623762376050E-017
          11           2  0.000000000000000E+000 -1.262376237622933E-017
          12           1  0.000000000000000E+000 -1.237623762376236E-017
          12           2  0.000000000000000E+000 -1.262376237623817E-017
          13           1  0.000000000000000E+000 -1.237623762375999E-017
          13           2  0.000000000000000E+000 -1.262376237623013E-017
          14           1  0.000000000000000E+000 -1.237623762376175E-017
          14           2  0.000000000000000E+000 -1.262376237623533E-017
          15           1  0.000000000000000E+000 -1.237623762376213E-017
          15           2  0.000000000000000E+000 -1.262376237623506E-017
          16           1  0.000000000000000E+000 -1.237623762376209E-017
          16           2  0.000000000000000E+000 -1.262376237623355E-017
