           1           1  0.000000000000000E+000 -3.044041450776027E-016
           1           2  0.000000000000000E+000 -3.205958549221247E-016
           2           1  0.000000000000000E+000 -3.044041450775605E-016
           2           2  0.000000000000000E+000 -3.205958549220343E-016
           3           1  0.000000000000000E+000 -3.044041450776272E-016
           3           2  0.000000000000000E+000 -3.205958549221760E-016
           4           1  0.000000000000000E+000 -3.044041450776114E-016
           4           2  0.000000000000000E+000 -3.205958549221616E-016
           5           1  0.000000000000000E+000 -3.044041450775743E-016
           5           2  0.000000000000000E+000 -3.205958549220710E-016
           6           1  0.000000000000000E+000 -3.044041450775332E-016
           6           2  0.000000000000000E+000 -3.205958549220167E-016
           7           1  0.000000000000000E+000 -3.044041450775262E-016
           7           2  0.000000000000000E+000 -3.205958549220104E-016
           8           1  0.000000000000000E+000 -3.044041450775062E-016
           8           2  0.000000000000000E+000 -3.205958549219780E-016
           9           1  0.000000000000000E+000 -3.044041450775221E-016
           9           2  0.000000000000000E+000 -3.205958549219971E-016
          10           1  0.000000000000000E+000 -3.044041450775627E-016
          10           2  0.000000000000000E+000 -3.205958549220441E-016
          11           1  0.000000000000000E+000 -3.044041450775776E-016
          11           2  0.000000000000000E+000 -3.205958549220450E-016
          12           1  0.000000000000000E+000 -3.044041450775730E-016
          12           2  0.000000000000000E+000 -3.205958549220486E-016
          13           1  0.000000000000000E+000 -3.044041450773459E-016
          13           2  0.000000000000000E+000 -3.205958549216091E-016
          14           1  0.000000000000000E+000 -3.044041450772866E-016
          14           2  0.000000000000000E+000 -3.205958549215197E-016
          15           1  0.000000000000000E+000 -3.044041450773984E-016
          15           2  0.000000000000000E+000 -3.205958549217499E-016
          16           1  0.000000000000000E+000 -3.044041450775576E-016
          16           2  0.000000000000000E+000 -3.205958549220639E-016
          17           1  0.000000000000000E+000 -3.044041450775767E-016
          17           2  0.000000000000000E+000 -3.205958549220741E-016
          18           1  0.000000000000000E+000 -3.044041450775007E-016
          18           2  0.000000000000000E+000 -3.205958549219237E-016
          19           1  0.000000000000000E+000 -3.044041450774701E-016
          19           2  0.000000000000000E+000 -3.205958549219511E-016
          20           1  0.000000000000000E+000 -3.044041450774353E-016
          20           2  0.000000000000000E+000 -3.205958549219088E-016
          21           1  0.000000000000000E+000 -3.044041450775650E-016
          21           2  0.000000000000000E+000 -3.205958549220338E-016
          22           1  0.000000000000000E+000 -3.044041450777141E-016
          22           2  0.000000000000000E+000 -3.205958549221852E-016
          23           1  0.000000000000000E+000 -3.044041450776394E-016
          23           2  0.000000000000000E+000 -3.205958549221568E-016
          24           1  0.000000000000000E+000 -3.044041450776168E-016
          24           2  0.000000000000000E+000 -3.205958549221510E-016
          25           1  0.000000000000000E+000 -3.044041450775729E-016
          25           2  0.000000000000000E+000 -3.205958549220683E-016
          26           1  0.000000000000000E+000 -3.044041450775501E-016
          26           2  0.000000000000000E+000 -3.205958549220398E-016
          27           1  0.000000000000000E+000 -3.044041450775309E-016
          27           2  0.000000000000000E+000 -3.205958549220812E-016
          28           1  0.000000000000000E+000 -3.044041450772279E-016
          28           2  0.000000000000000E+000 -3.205958549215571E-016
          29           1  0.000000000000000E+000 -3.044041450775554E-016
          29           2  0.000000000000000E+000 -3.205958549220300E-016
          30           1  0.000000000000000E+000 -3.044041450775660E-016
          30           2  0.000000000000000E+000 -3.205958549220535E-016
          31           1  0.000000000000000E+000 -3.044041450775770E-016
          31           2  0.000000000000000E+000 -3.205958549220759E-016
          32           1  0.000000000000000E+000 -3.044041450775696E-016
          32           2  0.000000000000000E+000 -3.205958549220605E-016
          33           1  0.000000000000000E+000 -3.044041450773244E-016
          33           2  0.000000000000000E+000 -3.205958549216786E-016
          34           1  0.000000000000000E+000 -3.044041450773462E-016
          34           2  0.000000000000000E+000 -3.205958549216591E-016
          35           1  0.000000000000000E+000 -3.044041450775573E-016
          35           2  0.000000000000000E+000 -3.205958549220528E-016
          36           1  0.000000000000000E+000 -3.044041450773960E-016
          36           2  0.000000000000000E+000 -3.205958549219695E-016
          37           1  0.000000000000000E+000 -3.044041450774611E-016
          37           2  0.000000000000000E+000 -3.205958549218992E-016
          38           1  0.000000000000000E+000 -3.044041450775334E-016
          38           2  0.000000000000000E+000 -3.205958549219962E-016
          39           1  0.000000000000000E+000 -3.044041450775125E-016
          39           2  0.000000000000000E+000 -3.205958549220280E-016
          40           1  0.000000000000000E+000 -3.044041450775111E-016
          40           2  0.000000000000000E+000 -3.205958549219808E-016
          41           1  0.000000000000000E+000 -3.044041450776276E-016
          41           2  0.000000000000000E+000 -3.205958549221793E-016
          42           1  0.000000000000000E+000 -3.044041450776280E-016
          42           2  0.000000000000000E+000 -3.205958549221774E-016
          43           1  0.000000000000000E+000 -3.044041450776300E-016
          43           2  0.000000000000000E+000 -3.205958549221782E-016
          44           1  0.000000000000000E+000 -3.044041450775808E-016
          44           2  0.000000000000000E+000 -3.205958549221127E-016
          45           1  0.000000000000000E+000 -3.044041450775760E-016
          45           2  0.000000000000000E+000 -3.205958549220597E-016
          46           1  0.000000000000000E+000 -3.044041450775560E-016
          46           2  0.000000000000000E+000 -3.205958549220546E-016
          47           1  0.000000000000000E+000 -3.044041450775414E-016
          47           2  0.000000000000000E+000 -3.205958549220417E-016
          48           1  0.000000000000000E+000 -3.044041450775611E-016
          48           2  0.000000000000000E+000 -3.205958549220408E-016
          49           1  0.000000000000000E+000 -3.044041450775744E-016
          49           2  0.000000000000000E+000 -3.205958549220818E-016
          50           1  0.000000000000000E+000 -3.044041450774534E-016
          50           2  0.000000000000000E+000 -3.205958549219700E-016
          51           1  0.000000000000000E+000 -3.044041450775706E-016
          51           2  0.000000000000000E+000 -3.205958549220930E-016
          52           1  0.000000000000000E+000 -3.044041450774397E-016
          52           2  0.000000000000000E+000 -3.205958549218044E-016
          53           1  0.000000000000000E+000 -3.044041450774058E-016
          53           2  0.000000000000000E+000 -3.205958549217356E-016
          54           1  0.000000000000000E+000 -3.044041450773986E-016
          54           2  0.000000000000000E+000 -3.205958549218006E-016
          55           1  0.000000000000000E+000 -3.044041450774366E-016
          55           2  0.000000000000000E+000 -3.205958549218572E-016
          56           1  0.000000000000000E+000 -3.044041450774744E-016
          56           2  0.000000000000000E+000 -3.205958549219716E-016
          57           1  0.000000000000000E+000 -3.044041450775221E-016
          57           2  0.000000000000000E+000 -3.205958549220283E-016
          58           1  0.000000000000000E+000 -3.044041450775275E-016
          58           2  0.000000000000000E+000 -3.205958549220200E-016
          59           1  0.000000000000000E+000 -3.044041450775216E-016
          59           2  0.000000000000000E+000 -3.205958549219544E-016
          60           1  0.000000000000000E+000 -3.044041450775048E-016
          60           2  0.000000000000000E+000 -3.205958549219737E-016
          61           1  0.000000000000000E+000 -3.044041450776163E-016
          61           2  0.000000000000000E+000 -3.205958549221171E-016
          62           1  0.000000000000000E+000 -3.044041450775994E-016
          62           2  0.000000000000000E+000 -3.205958549221068E-016
          63           1  0.000000000000000E+000 -3.044041450775822E-016
          63           2  0.000000000000000E+000 -3.205958549220893E-016
          64           1  0.000000000000000E+000 -3.044041450774513E-016
          64           2  0.000000000000000E+000 -3.205958549219403E-016
          65           1  0.000000000000000E+000 -3.044041450775638E-016
          65           2  0.000000000000000E+000 -3.205958549220747E-016
          66           1  0.000000000000000E+000 -3.044041450774821E-016
          66           2  0.000000000000000E+000 -3.205958549219896E-016
          67           1  0.000000000000000E+000 -3.044041450775259E-016
          67           2  0.000000000000000E+000 -3.205958549220364E-016
          68           1  0.000000000000000E+000 -3.044041450775179E-016
          68           2  0.000000000000000E+000 -3.205958549221000E-016
          69           1  0.000000000000000E+000 -3.044041450775919E-016
          69           2  0.000000000000000E+000 -3.205958549221211E-016
          70           1  0.000000000000000E+000 -3.044041450774933E-016
          70           2  0.000000000000000E+000 -3.205958549220746E-016
          71           1  0.000000000000000E+000 -3.044041450774395E-016
          71           2  0.000000000000000E+000 -3.205958549220492E-016
          72           1  0.000000000000000E+000 -3.044041450774707E-016
          72           2  0.000000000000000E+000 -3.205958549219604E-016
          73           1  0.000000000000000E+000 -3.044041450774882E-016
          73           2  0.000000000000000E+000 -3.205958549218827E-016
          74           1  0.000000000000000E+000 -3.044041450774649E-016
          74           2  0.000000000000000E+000 -3.205958549219644E-016
          75           1  0.000000000000000E+000 -3.044041450775258E-016
          75           2  0.000000000000000E+000 -3.205958549220508E-016
          76           1  0.000000000000000E+000 -3.044041450775525E-016
          76           2  0.000000000000000E+000 -3.205958549221035E-016
          77           1  0.000000000000000E+000 -3.044041450775546E-016
          77           2  0.000000000000000E+000 -3.205958549220634E-016
          78           1  0.000000000000000E+000 -3.044041450775279E-016
          78           2  0.000000000000000E+000 -3.205958549220371E-016
          79           1  0.000000000000000E+000 -3.044041450775282E-016
          79           2  0.000000000000000E+000 -3.205958549219741E-016
          80           1  0.000000000000000E+000 -3.044041450775105E-016
          80           2  0.000000000000000E+000 -3.205958549219569E-016
          81           1  0.000000000000000E+000 -3.044041450775471E-016
          81           2  0.000000000000000E+000 -3.205958549220329E-016
          82           1  0.000000000000000E+000 -3.044041450775484E-016
          82           2  0.000000000000000E+000 -3.205958549220325E-016
          83           1  0.000000000000000E+000 -3.044041450775467E-016
          83           2  0.000000000000000E+000 -3.205958549220173E-016
          84           1  0.000000000000000E+000 -3.044041450774151E-016
          84           2  0.000000000000000E+000 -3.205958549217921E-016
          85           1  0.000000000000000E+000 -3.044041450775589E-016
          85           2  0.000000000000000E+000 -3.205958549220444E-016
          86           1  0.000000000000000E+000 -3.044041450774600E-016
          86           2  0.000000000000000E+000 -3.205958549219967E-016
          87           1  0.000000000000000E+000 -3.044041450775570E-016
          87           2  0.000000000000000E+000 -3.205958549220759E-016
          88           1  0.000000000000000E+000 -3.044041450775254E-016
          88           2  0.000000000000000E+000 -3.205958549220632E-016
          89           1  0.000000000000000E+000 -3.044041450775892E-016
          89           2  0.000000000000000E+000 -3.205958549220244E-016
          90           1  0.000000000000000E+000 -3.044041450776043E-016
          90           2  0.000000000000000E+000 -3.205958549220980E-016
          91           1  0.000000000000000E+000 -3.044041450775424E-016
          91           2  0.000000000000000E+000 -3.205958549220409E-016
          92           1  0.000000000000000E+000 -3.044041450775434E-016
          92           2  0.000000000000000E+000 -3.205958549220148E-016
          93           1  0.000000000000000E+000 -3.044041450775365E-016
          93           2  0.000000000000000E+000 -3.205958549219551E-016
          94           1  0.000000000000000E+000 -3.044041450775557E-016
          94           2  0.000000000000000E+000 -3.205958549220045E-016
          95           1  0.000000000000000E+000 -3.044041450775580E-016
          95           2  0.000000000000000E+000 -3.205958549220504E-016
          96           1  0.000000000000000E+000 -3.044041450775810E-016
          96           2  0.000000000000000E+000 -3.205958549220957E-016
          97           1  0.000000000000000E+000 -3.044041450775517E-016
          97           2  0.000000000000000E+000 -3.205958549220245E-016
          98           1  0.000000000000000E+000 -3.044041450775132E-016
          98           2  0.000000000000000E+000 -3.205958549219838E-016
          99           1  0.000000000000000E+000 -3.044041450774745E-016
          99           2  0.000000000000000E+000 -3.205958549219697E-016
         100           1  0.000000000000000E+000 -3.044041450775007E-016
         100           2  0.000000000000000E+000 -3.205958549219940E-016
         101           1  0.000000000000000E+000 -3.044041450773146E-016
         101           2  0.000000000000000E+000 -3.205958549216987E-016
         102           1  0.000000000000000E+000 -3.044041450773930E-016
         102           2  0.000000000000000E+000 -3.205958549217931E-016
         103           1  0.000000000000000E+000 -3.044041450774012E-016
         103           2  0.000000000000000E+000 -3.205958549217450E-016
         104           1  0.000000000000000E+000 -3.044041450774083E-016
         104           2  0.000000000000000E+000 -3.205958549218497E-016
         105           1  0.000000000000000E+000 -3.044041450774550E-016
         105           2  0.000000000000000E+000 -3.205958549218112E-016
         106           1  0.000000000000000E+000 -3.044041450774603E-016
         106           2  0.000000000000000E+000 -3.205958549218218E-016
         107           1  0.000000000000000E+000 -3.044041450774157E-016
         107           2  0.000000000000000E+000 -3.205958549218078E-016
         108           1  0.000000000000000E+000 -3.044041450774394E-016
         108           2  0.000000000000000E+000 -3.205958549218174E-016
         109           1  0.000000000000000E+000 -3.044041450775194E-016
         109           2  0.000000000000000E+000 -3.205958549218994E-016
         110           1  0.000000000000000E+000 -3.044041450775143E-016
         110           2  0.000000000000000E+000 -3.205958549219224E-016
         111           1  0.000000000000000E+000 -3.044041450775229E-016
         111           2  0.000000000000000E+000 -3.205958549219324E-016
         112           1  0.000000000000000E+000 -3.044041450775207E-016
         112           2  0.000000000000000E+000 -3.205958549219929E-016
         113           1  0.000000000000000E+000 -3.044041450775233E-016
         113           2  0.000000000000000E+000 -3.205958549219426E-016
         114           1  0.000000000000000E+000 -3.044041450775147E-016
         114           2  0.000000000000000E+000 -3.205958549219797E-016
         115           1  0.000000000000000E+000 -3.044041450775463E-016
         115           2  0.000000000000000E+000 -3.205958549220015E-016
         116           1  0.000000000000000E+000 -3.044041450775366E-016
         116           2  0.000000000000000E+000 -3.205958549220243E-016
         117           1  0.000000000000000E+000 -3.044041450775210E-016
         117           2  0.000000000000000E+000 -3.205958549219577E-016
         118           1  0.000000000000000E+000 -3.044041450775003E-016
         118           2  0.000000000000000E+000 -3.205958549219601E-016
         119           1  0.000000000000000E+000 -3.044041450774980E-016
         119           2  0.000000000000000E+000 -3.205958549219463E-016
         120           1  0.000000000000000E+000 -3.044041450775021E-016
         120           2  0.000000000000000E+000 -3.205958549219653E-016
         121           1  0.000000000000000E+000 -3.044041450775581E-016
         121           2  0.000000000000000E+000 -3.205958549220243E-016
         122           1  0.000000000000000E+000 -3.044041450775487E-016
         122           2  0.000000000000000E+000 -3.205958549220336E-016
         123           1  0.000000000000000E+000 -3.044041450772631E-016
         123           2  0.000000000000000E+000 -3.205958549217089E-016
         124           1  0.000000000000000E+000 -3.044041450773984E-016
         124           2  0.000000000000000E+000 -3.205958549218777E-016
         125           1  0.000000000000000E+000 -3.044041450774632E-016
         125           2  0.000000000000000E+000 -3.205958549218614E-016
         126           1  0.000000000000000E+000 -3.044041450773953E-016
         126           2  0.000000000000000E+000 -3.205958549218091E-016
         127           1  0.000000000000000E+000 -3.044041450773422E-016
         127           2  0.000000000000000E+000 -3.205958549216600E-016
         128           1  0.000000000000000E+000 -3.044041450773680E-016
         128           2  0.000000000000000E+000 -3.205958549216777E-016
         129           1  0.000000000000000E+000 -3.044041450774404E-016
         129           2  0.000000000000000E+000 -3.205958549217661E-016
         130           1  0.000000000000000E+000 -3.044041450774487E-016
         130           2  0.000000000000000E+000 -3.205958549218441E-016
         131           1  0.000000000000000E+000 -3.044041450774958E-016
         131           2  0.000000000000000E+000 -3.205958549219015E-016
         132           1  0.000000000000000E+000 -3.044041450774160E-016
         132           2  0.000000000000000E+000 -3.205958549218599E-016
         133           1  0.000000000000000E+000 -3.044041450774143E-016
         133           2  0.000000000000000E+000 -3.205958549218736E-016
         134           1  0.000000000000000E+000 -3.044041450774181E-016
         134           2  0.000000000000000E+000 -3.205958549218944E-016
         135           1  0.000000000000000E+000 -3.044041450774183E-016
         135           2  0.000000000000000E+000 -3.205958549218801E-016
         136           1  0.000000000000000E+000 -3.044041450774133E-016
         136           2  0.000000000000000E+000 -3.205958549219278E-016
         137           1  0.000000000000000E+000 -3.044041450774710E-016
         137           2  0.000000000000000E+000 -3.205958549219192E-016
         138           1  0.000000000000000E+000 -3.044041450774839E-016
         138           2  0.000000000000000E+000 -3.205958549218663E-016
         139           1  0.000000000000000E+000 -3.044041450774793E-016
         139           2  0.000000000000000E+000 -3.205958549219010E-016
         140           1  0.000000000000000E+000 -3.044041450774826E-016
         140           2  0.000000000000000E+000 -3.205958549218583E-016
         141           1  0.000000000000000E+000 -3.044041450775299E-016
         141           2  0.000000000000000E+000 -3.205958549219876E-016
         142           1  0.000000000000000E+000 -3.044041450772871E-016
         142           2  0.000000000000000E+000 -3.205958549215859E-016
         143           1  0.000000000000000E+000 -3.044041450773703E-016
         143           2  0.000000000000000E+000 -3.205958549217973E-016
         144           1  0.000000000000000E+000 -3.044041450774097E-016
         144           2  0.000000000000000E+000 -3.205958549218103E-016
         145           1  0.000000000000000E+000 -3.044041450774439E-016
         145           2  0.000000000000000E+000 -3.205958549218897E-016
         146           1  0.000000000000000E+000 -3.044041450774177E-016
         146           2  0.000000000000000E+000 -3.205958549218303E-016
         147           1  0.000000000000000E+000 -3.044041450773419E-016
         147           2  0.000000000000000E+000 -3.205958549216919E-016
         148           1  0.000000000000000E+000 -3.044041450772828E-016
         148           2  0.000000000000000E+000 -3.205958549216089E-016
         149           1  0.000000000000000E+000 -3.044041450773232E-016
         149           2  0.000000000000000E+000 -3.205958549216251E-016
         150           1  0.000000000000000E+000 -3.044041450773683E-016
         150           2  0.000000000000000E+000 -3.205958549217652E-016
         151           1  0.000000000000000E+000 -3.044041450773742E-016
         151           2  0.000000000000000E+000 -3.205958549217543E-016
         152           1  0.000000000000000E+000 -3.044041450773658E-016
         152           2  0.000000000000000E+000 -3.205958549216963E-016
         153           1  0.000000000000000E+000 -3.044041450773283E-016
         153           2  0.000000000000000E+000 -3.205958549216593E-016
         154           1  0.000000000000000E+000 -3.044041450773405E-016
         154           2  0.000000000000000E+000 -3.205958549216924E-016
         155           1  0.000000000000000E+000 -3.044041450773523E-016
         155           2  0.000000000000000E+000 -3.205958549216569E-016
         156           1  0.000000000000000E+000 -3.044041450773881E-016
         156           2  0.000000000000000E+000 -3.205958549217367E-016
         157           1  0.000000000000000E+000 -3.044041450774052E-016
         157           2  0.000000000000000E+000 -3.205958549218086E-016
         158           1  0.000000000000000E+000 -3.044041450773945E-016
         158           2  0.000000000000000E+000 -3.205958549217841E-016
         159           1  0.000000000000000E+000 -3.044041450774115E-016
         159           2  0.000000000000000E+000 -3.205958549217472E-016
         160           1  0.000000000000000E+000 -3.044041450774023E-016
         160           2  0.000000000000000E+000 -3.205958549217217E-016
         161           1  0.000000000000000E+000 -3.044041450775556E-016
         161           2  0.000000000000000E+000 -3.205958549220144E-016
         162           1  0.000000000000000E+000 -3.044041450775605E-016
         162           2  0.000000000000000E+000 -3.205958549220519E-016
         163           1  0.000000000000000E+000 -3.044041450775672E-016
         163           2  0.000000000000000E+000 -3.205958549220717E-016
         164           1  0.000000000000000E+000 -3.044041450774487E-016
         164           2  0.000000000000000E+000 -3.205958549218603E-016
         165           1  0.000000000000000E+000 -3.044041450774348E-016
         165           2  0.000000000000000E+000 -3.205958549219297E-016
         166           1  0.000000000000000E+000 -3.044041450774848E-016
         166           2  0.000000000000000E+000 -3.205958549218499E-016
         167           1  0.000000000000000E+000 -3.044041450774092E-016
         167           2  0.000000000000000E+000 -3.205958549218128E-016
         168           1  0.000000000000000E+000 -3.044041450772941E-016
         168           2  0.000000000000000E+000 -3.205958549216312E-016
         169           1  0.000000000000000E+000 -3.044041450772339E-016
         169           2  0.000000000000000E+000 -3.205958549215322E-016
         170           1  0.000000000000000E+000 -3.044041450772943E-016
         170           2  0.000000000000000E+000 -3.205958549216491E-016
         171           1  0.000000000000000E+000 -3.044041450772575E-016
         171           2  0.000000000000000E+000 -3.205958549216262E-016
         172           1  0.000000000000000E+000 -3.044041450773193E-016
         172           2  0.000000000000000E+000 -3.205958549215986E-016
         173           1  0.000000000000000E+000 -3.044041450772863E-016
         173           2  0.000000000000000E+000 -3.205958549215795E-016
         174           1  0.000000000000000E+000 -3.044041450773199E-016
         174           2  0.000000000000000E+000 -3.205958549215805E-016
         175           1  0.000000000000000E+000 -3.044041450773498E-016
         175           2  0.000000000000000E+000 -3.205958549216099E-016
         176           1  0.000000000000000E+000 -3.044041450774032E-016
         176           2  0.000000000000000E+000 -3.205958549216880E-016
         177           1  0.000000000000000E+000 -3.044041450774253E-016
         177           2  0.000000000000000E+000 -3.205958549217862E-016
         178           1  0.000000000000000E+000 -3.044041450773983E-016
         178           2  0.000000000000000E+000 -3.205958549217497E-016
         179           1  0.000000000000000E+000 -3.044041450773978E-016
         179           2  0.000000000000000E+000 -3.205958549217754E-016
         180           1  0.000000000000000E+000 -3.044041450773877E-016
         180           2  0.000000000000000E+000 -3.205958549216544E-016
         181           1  0.000000000000000E+000 -3.044041450775672E-016
         181           2  0.000000000000000E+000 -3.205958549220323E-016
         182           1  0.000000000000000E+000 -3.044041450773613E-016
         182           2  0.000000000000000E+000 -3.205958549217234E-016
         183           1  0.000000000000000E+000 -3.044041450774851E-016
         183           2  0.000000000000000E+000 -3.205958549218872E-016
         184           1  0.000000000000000E+000 -3.044041450774449E-016
         184           2  0.000000000000000E+000 -3.205958549218929E-016
         185           1  0.000000000000000E+000 -3.044041450774594E-016
         185           2  0.000000000000000E+000 -3.205958549219662E-016
         186           1  0.000000000000000E+000 -3.044041450775306E-016
         186           2  0.000000000000000E+000 -3.205958549218616E-016
         187           1  0.000000000000000E+000 -3.044041450774474E-016
         187           2  0.000000000000000E+000 -3.205958549218890E-016
         188           1  0.000000000000000E+000 -3.044041450772993E-016
         188           2  0.000000000000000E+000 -3.205958549216561E-016
         189           1  0.000000000000000E+000 -3.044041450772647E-016
         189           2  0.000000000000000E+000 -3.205958549215547E-016
         190           1  0.000000000000000E+000 -3.044041450772960E-016
         190           2  0.000000000000000E+000 -3.205958549216096E-016
         191           1  0.000000000000000E+000 -3.044041450773438E-016
         191           2  0.000000000000000E+000 -3.205958549216785E-016
         192           1  0.000000000000000E+000 -3.044041450773329E-016
         192           2  0.000000000000000E+000 -3.205958549216848E-016
         193           1  0.000000000000000E+000 -3.044041450773830E-016
         193           2  0.000000000000000E+000 -3.205958549216457E-016
         194           1  0.000000000000000E+000 -3.044041450773859E-016
         194           2  0.000000000000000E+000 -3.205958549215987E-016
         195           1  0.000000000000000E+000 -3.044041450773635E-016
         195           2  0.000000000000000E+000 -3.205958549216148E-016
         196           1  0.000000000000000E+000 -3.044041450773870E-016
         196           2  0.000000000000000E+000 -3.205958549217991E-016
         197           1  0.000000000000000E+000 -3.044041450774627E-016
         197           2  0.000000000000000E+000 -3.205958549218249E-016
         198           1  0.000000000000000E+000 -3.044041450773931E-016
         198           2  0.000000000000000E+000 -3.205958549216909E-016
         199           1  0.000000000000000E+000 -3.044041450774333E-016
         199           2  0.000000000000000E+000 -3.205958549217782E-016
         200           1  0.000000000000000E+000 -3.044041450773712E-016
         200           2  0.000000000000000E+000 -3.205958549215873E-016
         201           1  0.000000000000000E+000 -3.044041450775696E-016
         201           2  0.000000000000000E+000 -3.205958549220333E-016
         202           1  0.000000000000000E+000 -3.044041450774567E-016
         202           2  0.000000000000000E+000 -3.205958549217711E-016
         203           1  0.000000000000000E+000 -3.044041450774305E-016
         203           2  0.000000000000000E+000 -3.205958549218635E-016
         204           1  0.000000000000000E+000 -3.044041450775822E-016
         204           2  0.000000000000000E+000 -3.205958549220904E-016
         205           1  0.000000000000000E+000 -3.044041450775764E-016
         205           2  0.000000000000000E+000 -3.205958549220294E-016
         206           1  0.000000000000000E+000 -3.044041450775554E-016
         206           2  0.000000000000000E+000 -3.205958549219975E-016
         207           1  0.000000000000000E+000 -3.044041450774301E-016
         207           2  0.000000000000000E+000 -3.205958549219830E-016
         208           1  0.000000000000000E+000 -3.044041450773854E-016
         208           2  0.000000000000000E+000 -3.205958549217294E-016
         209           1  0.000000000000000E+000 -3.044041450773248E-016
         209           2  0.000000000000000E+000 -3.205958549216249E-016
         210           1  0.000000000000000E+000 -3.044041450773399E-016
         210           2  0.000000000000000E+000 -3.205958549215590E-016
         211           1  0.000000000000000E+000 -3.044041450773806E-016
         211           2  0.000000000000000E+000 -3.205958549217140E-016
         212           1  0.000000000000000E+000 -3.044041450773527E-016
         212           2  0.000000000000000E+000 -3.205958549216502E-016
         213           1  0.000000000000000E+000 -3.044041450774270E-016
         213           2  0.000000000000000E+000 -3.205958549217180E-016
         214           1  0.000000000000000E+000 -3.044041450774168E-016
         214           2  0.000000000000000E+000 -3.205958549216466E-016
         215           1  0.000000000000000E+000 -3.044041450774167E-016
         215           2  0.000000000000000E+000 -3.205958549216620E-016
         216           1  0.000000000000000E+000 -3.044041450774416E-016
         216           2  0.000000000000000E+000 -3.205958549218407E-016
         217           1  0.000000000000000E+000 -3.044041450774784E-016
         217           2  0.000000000000000E+000 -3.205958549218388E-016
         218           1  0.000000000000000E+000 -3.044041450774288E-016
         218           2  0.000000000000000E+000 -3.205958549217201E-016
         219           1  0.000000000000000E+000 -3.044041450774152E-016
         219           2  0.000000000000000E+000 -3.205958549217101E-016
         220           1  0.000000000000000E+000 -3.044041450773800E-016
         220           2  0.000000000000000E+000 -3.205958549216097E-016
         221           1  0.000000000000000E+000 -3.044041450773254E-016
         221           2  0.000000000000000E+000 -3.205958549215671E-016
         222           1  0.000000000000000E+000 -3.044041450774083E-016
         222           2  0.000000000000000E+000 -3.205958549217756E-016
         223           1  0.000000000000000E+000 -3.044041450774067E-016
         223           2  0.000000000000000E+000 -3.205958549219072E-016
         224           1  0.000000000000000E+000 -3.044041450774908E-016
         224           2  0.000000000000000E+000 -3.205958549220131E-016
         225           1  0.000000000000000E+000 -3.044041450775564E-016
         225           2  0.000000000000000E+000 -3.205958549220928E-016
         226           1  0.000000000000000E+000 -3.044041450775202E-016
         226           2  0.000000000000000E+000 -3.205958549220229E-016
         227           1  0.000000000000000E+000 -3.044041450774256E-016
         227           2  0.000000000000000E+000 -3.205958549219884E-016
         228           1  0.000000000000000E+000 -3.044041450773156E-016
         228           2  0.000000000000000E+000 -3.205958549216633E-016
         229           1  0.000000000000000E+000 -3.044041450772981E-016
         229           2  0.000000000000000E+000 -3.205958549215871E-016
         230           1  0.000000000000000E+000 -3.044041450773906E-016
         230           2  0.000000000000000E+000 -3.205958549216709E-016
         231           1  0.000000000000000E+000 -3.044041450774232E-016
         231           2  0.000000000000000E+000 -3.205958549216635E-016
         232           1  0.000000000000000E+000 -3.044041450774023E-016
         232           2  0.000000000000000E+000 -3.205958549216510E-016
         233           1  0.000000000000000E+000 -3.044041450774188E-016
         233           2  0.000000000000000E+000 -3.205958549216908E-016
         234           1  0.000000000000000E+000 -3.044041450774225E-016
         234           2  0.000000000000000E+000 -3.205958549217134E-016
         235           1  0.000000000000000E+000 -3.044041450774148E-016
         235           2  0.000000000000000E+000 -3.205958549217051E-016
         236           1  0.000000000000000E+000 -3.044041450774616E-016
         236           2  0.000000000000000E+000 -3.205958549217870E-016
         237           1  0.000000000000000E+000 -3.044041450774364E-016
         237           2  0.000000000000000E+000 -3.205958549217493E-016
         238           1  0.000000000000000E+000 -3.044041450774286E-016
         238           2  0.000000000000000E+000 -3.205958549217773E-016
         239           1  0.000000000000000E+000 -3.044041450774250E-016
         239           2  0.000000000000000E+000 -3.205958549217751E-016
         240           1  0.000000000000000E+000 -3.044041450774301E-016
         240           2  0.000000000000000E+000 -3.205958549217711E-016
         241           1  0.000000000000000E+000 -3.044041450775523E-016
         241           2  0.000000000000000E+000 -3.205958549220453E-016
         242           1  0.000000000000000E+000 -3.044041450774439E-016
         242           2  0.000000000000000E+000 -3.205958549219316E-016
         243           1  0.000000000000000E+000 -3.044041450774095E-016
         243           2  0.000000000000000E+000 -3.205958549219266E-016
         244           1  0.000000000000000E+000 -3.044041450774291E-016
         244           2  0.000000000000000E+000 -3.205958549218661E-016
         245           1  0.000000000000000E+000 -3.044041450774992E-016
         245           2  0.000000000000000E+000 -3.205958549220059E-016
         246           1  0.000000000000000E+000 -3.044041450775186E-016
         246           2  0.000000000000000E+000 -3.205958549219508E-016
         247           1  0.000000000000000E+000 -3.044041450774162E-016
         247           2  0.000000000000000E+000 -3.205958549219386E-016
         248           1  0.000000000000000E+000 -3.044041450773055E-016
         248           2  0.000000000000000E+000 -3.205958549216490E-016
         249           1  0.000000000000000E+000 -3.044041450772824E-016
         249           2  0.000000000000000E+000 -3.205958549215470E-016
         250           1  0.000000000000000E+000 -3.044041450773691E-016
         250           2  0.000000000000000E+000 -3.205958549215774E-016
         251           1  0.000000000000000E+000 -3.044041450773766E-016
         251           2  0.000000000000000E+000 -3.205958549215880E-016
         252           1  0.000000000000000E+000 -3.044041450773534E-016
         252           2  0.000000000000000E+000 -3.205958549215672E-016
         253           1  0.000000000000000E+000 -3.044041450773976E-016
         253           2  0.000000000000000E+000 -3.205958549216609E-016
         254           1  0.000000000000000E+000 -3.044041450774074E-016
         254           2  0.000000000000000E+000 -3.205958549217016E-016
         255           1  0.000000000000000E+000 -3.044041450773770E-016
         255           2  0.000000000000000E+000 -3.205958549216756E-016
         256           1  0.000000000000000E+000 -3.044041450774337E-016
         256           2  0.000000000000000E+000 -3.205958549217310E-016
         257           1  0.000000000000000E+000 -3.044041450774525E-016
         257           2  0.000000000000000E+000 -3.205958549217692E-016
         258           1  0.000000000000000E+000 -3.044041450774825E-016
         258           2  0.000000000000000E+000 -3.205958549218636E-016
         259           1  0.000000000000000E+000 -3.044041450774788E-016
         259           2  0.000000000000000E+000 -3.205958549219394E-016
         260           1  0.000000000000000E+000 -3.044041450775068E-016
         260           2  0.000000000000000E+000 -3.205958549219637E-016
         261           1  0.000000000000000E+000 -3.044041450773543E-016
         261           2  0.000000000000000E+000 -3.205958549215956E-016
         262           1  0.000000000000000E+000 -3.044041450774134E-016
         262           2  0.000000000000000E+000 -3.205958549217955E-016
         263           1  0.000000000000000E+000 -3.044041450774147E-016
         263           2  0.000000000000000E+000 -3.205958549217927E-016
         264           1  0.000000000000000E+000 -3.044041450774115E-016
         264           2  0.000000000000000E+000 -3.205958549218484E-016
         265           1  0.000000000000000E+000 -3.044041450775022E-016
         265           2  0.000000000000000E+000 -3.205958549219808E-016
         266           1  0.000000000000000E+000 -3.044041450774886E-016
         266           2  0.000000000000000E+000 -3.205958549219532E-016
         267           1  0.000000000000000E+000 -3.044041450774274E-016
         267           2  0.000000000000000E+000 -3.205958549218596E-016
         268           1  0.000000000000000E+000 -3.044041450772593E-016
         268           2  0.000000000000000E+000 -3.205958549215810E-016
         269           1  0.000000000000000E+000 -3.044041450772691E-016
         269           2  0.000000000000000E+000 -3.205958549214777E-016
         270           1  0.000000000000000E+000 -3.044041450773837E-016
         270           2  0.000000000000000E+000 -3.205958549216317E-016
         271           1  0.000000000000000E+000 -3.044041450774313E-016
         271           2  0.000000000000000E+000 -3.205958549217190E-016
         272           1  0.000000000000000E+000 -3.044041450773971E-016
         272           2  0.000000000000000E+000 -3.205958549216071E-016
         273           1  0.000000000000000E+000 -3.044041450773876E-016
         273           2  0.000000000000000E+000 -3.205958549216383E-016
         274           1  0.000000000000000E+000 -3.044041450773962E-016
         274           2  0.000000000000000E+000 -3.205958549217062E-016
         275           1  0.000000000000000E+000 -3.044041450773920E-016
         275           2  0.000000000000000E+000 -3.205958549216991E-016
         276           1  0.000000000000000E+000 -3.044041450774626E-016
         276           2  0.000000000000000E+000 -3.205958549218705E-016
         277           1  0.000000000000000E+000 -3.044041450775174E-016
         277           2  0.000000000000000E+000 -3.205958549219873E-016
         278           1  0.000000000000000E+000 -3.044041450775564E-016
         278           2  0.000000000000000E+000 -3.205958549220146E-016
         279           1  0.000000000000000E+000 -3.044041450775369E-016
         279           2  0.000000000000000E+000 -3.205958549219993E-016
         280           1  0.000000000000000E+000 -3.044041450775167E-016
         280           2  0.000000000000000E+000 -3.205958549220058E-016
         281           1  0.000000000000000E+000 -3.044041450775472E-016
         281           2  0.000000000000000E+000 -3.205958549220353E-016
         282           1  0.000000000000000E+000 -3.044041450773944E-016
         282           2  0.000000000000000E+000 -3.205958549217533E-016
         283           1  0.000000000000000E+000 -3.044041450774237E-016
         283           2  0.000000000000000E+000 -3.205958549218077E-016
         284           1  0.000000000000000E+000 -3.044041450774508E-016
         284           2  0.000000000000000E+000 -3.205958549218744E-016
         285           1  0.000000000000000E+000 -3.044041450774578E-016
         285           2  0.000000000000000E+000 -3.205958549219382E-016
         286           1  0.000000000000000E+000 -3.044041450774610E-016
         286           2  0.000000000000000E+000 -3.205958549219271E-016
         287           1  0.000000000000000E+000 -3.044041450773900E-016
         287           2  0.000000000000000E+000 -3.205958549217515E-016
         288           1  0.000000000000000E+000 -3.044041450773009E-016
         288           2  0.000000000000000E+000 -3.205958549215235E-016
         289           1  0.000000000000000E+000 -3.044041450773470E-016
         289           2  0.000000000000000E+000 -3.205958549216345E-016
         290           1  0.000000000000000E+000 -3.044041450774325E-016
         290           2  0.000000000000000E+000 -3.205958549217246E-016
         291           1  0.000000000000000E+000 -3.044041450774315E-016
         291           2  0.000000000000000E+000 -3.205958549218283E-016
         292           1  0.000000000000000E+000 -3.044041450774034E-016
         292           2  0.000000000000000E+000 -3.205958549216939E-016
         293           1  0.000000000000000E+000 -3.044041450774090E-016
         293           2  0.000000000000000E+000 -3.205958549217122E-016
         294           1  0.000000000000000E+000 -3.044041450773941E-016
         294           2  0.000000000000000E+000 -3.205958549216608E-016
         295           1  0.000000000000000E+000 -3.044041450774720E-016
         295           2  0.000000000000000E+000 -3.205958549218413E-016
         296           1  0.000000000000000E+000 -3.044041450775518E-016
         296           2  0.000000000000000E+000 -3.205958549220779E-016
         297           1  0.000000000000000E+000 -3.044041450775967E-016
         297           2  0.000000000000000E+000 -3.205958549221069E-016
         298           1  0.000000000000000E+000 -3.044041450775773E-016
         298           2  0.000000000000000E+000 -3.205958549220409E-016
         299           1  0.000000000000000E+000 -3.044041450775457E-016
         299           2  0.000000000000000E+000 -3.205958549219700E-016
         300           1  0.000000000000000E+000 -3.044041450775414E-016
         300           2  0.000000000000000E+000 -3.205958549220149E-016
         301           1  0.000000000000000E+000 -3.044041450774699E-016
         301           2  0.000000000000000E+000 -3.205958549218686E-016
         302           1  0.000000000000000E+000 -3.044041450775095E-016
         302           2  0.000000000000000E+000 -3.205958549218603E-016
         303           1  0.000000000000000E+000 -3.044041450774698E-016
         303           2  0.000000000000000E+000 -3.205958549218033E-016
         304           1  0.000000000000000E+000 -3.044041450774475E-016
         304           2  0.000000000000000E+000 -3.205958549218793E-016
         305           1  0.000000000000000E+000 -3.044041450774843E-016
         305           2  0.000000000000000E+000 -3.205958549219032E-016
         306           1  0.000000000000000E+000 -3.044041450774729E-016
         306           2  0.000000000000000E+000 -3.205958549219138E-016
         307           1  0.000000000000000E+000 -3.044041450773795E-016
         307           2  0.000000000000000E+000 -3.205958549217580E-016
         308           1  0.000000000000000E+000 -3.044041450773572E-016
         308           2  0.000000000000000E+000 -3.205958549216268E-016
         309           1  0.000000000000000E+000 -3.044041450774403E-016
         309           2  0.000000000000000E+000 -3.205958549217610E-016
         310           1  0.000000000000000E+000 -3.044041450774301E-016
         310           2  0.000000000000000E+000 -3.205958549218344E-016
         311           1  0.000000000000000E+000 -3.044041450774645E-016
         311           2  0.000000000000000E+000 -3.205958549218666E-016
         312           1  0.000000000000000E+000 -3.044041450774447E-016
         312           2  0.000000000000000E+000 -3.205958549218045E-016
         313           1  0.000000000000000E+000 -3.044041450774587E-016
         313           2  0.000000000000000E+000 -3.205958549217841E-016
         314           1  0.000000000000000E+000 -3.044041450774578E-016
         314           2  0.000000000000000E+000 -3.205958549218083E-016
         315           1  0.000000000000000E+000 -3.044041450775377E-016
         315           2  0.000000000000000E+000 -3.205958549220082E-016
         316           1  0.000000000000000E+000 -3.044041450776101E-016
         316           2  0.000000000000000E+000 -3.205958549221469E-016
         317           1  0.000000000000000E+000 -3.044041450776134E-016
         317           2  0.000000000000000E+000 -3.205958549221200E-016
         318           1  0.000000000000000E+000 -3.044041450775688E-016
         318           2  0.000000000000000E+000 -3.205958549220599E-016
         319           1  0.000000000000000E+000 -3.044041450775262E-016
         319           2  0.000000000000000E+000 -3.205958549220019E-016
         320           1  0.000000000000000E+000 -3.044041450775655E-016
         320           2  0.000000000000000E+000 -3.205958549220170E-016
         321           1  0.000000000000000E+000 -3.044041450776167E-016
         321           2  0.000000000000000E+000 -3.205958549221409E-016
         322           1  0.000000000000000E+000 -3.044041450776833E-016
         322           2  0.000000000000000E+000 -3.205958549221130E-016
         323           1  0.000000000000000E+000 -3.044041450775896E-016
         323           2  0.000000000000000E+000 -3.205958549220684E-016
         324           1  0.000000000000000E+000 -3.044041450775799E-016
         324           2  0.000000000000000E+000 -3.205958549220892E-016
         325           1  0.000000000000000E+000 -3.044041450775421E-016
         325           2  0.000000000000000E+000 -3.205958549220018E-016
         326           1  0.000000000000000E+000 -3.044041450774993E-016
         326           2  0.000000000000000E+000 -3.205958549218931E-016
         327           1  0.000000000000000E+000 -3.044041450773835E-016
         327           2  0.000000000000000E+000 -3.205958549217000E-016
         328           1  0.000000000000000E+000 -3.044041450774174E-016
         328           2  0.000000000000000E+000 -3.205958549217654E-016
         329           1  0.000000000000000E+000 -3.044041450774627E-016
         329           2  0.000000000000000E+000 -3.205958549218327E-016
         330           1  0.000000000000000E+000 -3.044041450774133E-016
         330           2  0.000000000000000E+000 -3.205958549218397E-016
         331           1  0.000000000000000E+000 -3.044041450774903E-016
         331           2  0.000000000000000E+000 -3.205958549218463E-016
         332           1  0.000000000000000E+000 -3.044041450774717E-016
         332           2  0.000000000000000E+000 -3.205958549218098E-016
         333           1  0.000000000000000E+000 -3.044041450774316E-016
         333           2  0.000000000000000E+000 -3.205958549218105E-016
         334           1  0.000000000000000E+000 -3.044041450774913E-016
         334           2  0.000000000000000E+000 -3.205958549219355E-016
         335           1  0.000000000000000E+000 -3.044041450775660E-016
         335           2  0.000000000000000E+000 -3.205958549220337E-016
         336           1  0.000000000000000E+000 -3.044041450775885E-016
         336           2  0.000000000000000E+000 -3.205958549220882E-016
         337           1  0.000000000000000E+000 -3.044041450776253E-016
         337           2  0.000000000000000E+000 -3.205958549221393E-016
         338           1  0.000000000000000E+000 -3.044041450776708E-016
         338           2  0.000000000000000E+000 -3.205958549221786E-016
         339           1  0.000000000000000E+000 -3.044041450776427E-016
         339           2  0.000000000000000E+000 -3.205958549221463E-016
         340           1  0.000000000000000E+000 -3.044041450775775E-016
         340           2  0.000000000000000E+000 -3.205958549221152E-016
         341           1  0.000000000000000E+000 -3.044041450776117E-016
         341           2  0.000000000000000E+000 -3.205958549220372E-016
         342           1  0.000000000000000E+000 -3.044041450776848E-016
         342           2  0.000000000000000E+000 -3.205958549221421E-016
         343           1  0.000000000000000E+000 -3.044041450776711E-016
         343           2  0.000000000000000E+000 -3.205958549223161E-016
         344           1  0.000000000000000E+000 -3.044041450776191E-016
         344           2  0.000000000000000E+000 -3.205958549222816E-016
         345           1  0.000000000000000E+000 -3.044041450776087E-016
         345           2  0.000000000000000E+000 -3.205958549221862E-016
         346           1  0.000000000000000E+000 -3.044041450775528E-016
         346           2  0.000000000000000E+000 -3.205958549219998E-016
         347           1  0.000000000000000E+000 -3.044041450774006E-016
         347           2  0.000000000000000E+000 -3.205958549217465E-016
         348           1  0.000000000000000E+000 -3.044041450774191E-016
         348           2  0.000000000000000E+000 -3.205958549217116E-016
         349           1  0.000000000000000E+000 -3.044041450774248E-016
         349           2  0.000000000000000E+000 -3.205958549217526E-016
         350           1  0.000000000000000E+000 -3.044041450773571E-016
         350           2  0.000000000000000E+000 -3.205958549216936E-016
         351           1  0.000000000000000E+000 -3.044041450773639E-016
         351           2  0.000000000000000E+000 -3.205958549216593E-016
         352           1  0.000000000000000E+000 -3.044041450774084E-016
         352           2  0.000000000000000E+000 -3.205958549217036E-016
         353           1  0.000000000000000E+000 -3.044041450773902E-016
         353           2  0.000000000000000E+000 -3.205958549217296E-016
         354           1  0.000000000000000E+000 -3.044041450774962E-016
         354           2  0.000000000000000E+000 -3.205958549219123E-016
         355           1  0.000000000000000E+000 -3.044041450775389E-016
         355           2  0.000000000000000E+000 -3.205958549219585E-016
         356           1  0.000000000000000E+000 -3.044041450775482E-016
         356           2  0.000000000000000E+000 -3.205958549220062E-016
         357           1  0.000000000000000E+000 -3.044041450775775E-016
         357           2  0.000000000000000E+000 -3.205958549221094E-016
         358           1  0.000000000000000E+000 -3.044041450776347E-016
         358           2  0.000000000000000E+000 -3.205958549222795E-016
         359           1  0.000000000000000E+000 -3.044041450775796E-016
         359           2  0.000000000000000E+000 -3.205958549221186E-016
         360           1  0.000000000000000E+000 -3.044041450775961E-016
         360           2  0.000000000000000E+000 -3.205958549221253E-016
         361           1  0.000000000000000E+000 -3.044041450772941E-016
         361           2  0.000000000000000E+000 -3.205958549216372E-016
         362           1  0.000000000000000E+000 -3.044041450774221E-016
         362           2  0.000000000000000E+000 -3.205958549219747E-016
         363           1  0.000000000000000E+000 -3.044041450776375E-016
         363           2  0.000000000000000E+000 -3.205958549223315E-016
         364           1  0.000000000000000E+000 -3.044041450776655E-016
         364           2  0.000000000000000E+000 -3.205958549223383E-016
         365           1  0.000000000000000E+000 -3.044041450776720E-016
         365           2  0.000000000000000E+000 -3.205958549222546E-016
         366           1  0.000000000000000E+000 -3.044041450775944E-016
         366           2  0.000000000000000E+000 -3.205958549221362E-016
         367           1  0.000000000000000E+000 -3.044041450774207E-016
         367           2  0.000000000000000E+000 -3.205958549217677E-016
         368           1  0.000000000000000E+000 -3.044041450774117E-016
         368           2  0.000000000000000E+000 -3.205958549216229E-016
         369           1  0.000000000000000E+000 -3.044041450774174E-016
         369           2  0.000000000000000E+000 -3.205958549216453E-016
         370           1  0.000000000000000E+000 -3.044041450774071E-016
         370           2  0.000000000000000E+000 -3.205958549217258E-016
         371           1  0.000000000000000E+000 -3.044041450773549E-016
         371           2  0.000000000000000E+000 -3.205958549216115E-016
         372           1  0.000000000000000E+000 -3.044041450773971E-016
         372           2  0.000000000000000E+000 -3.205958549215904E-016
         373           1  0.000000000000000E+000 -3.044041450774242E-016
         373           2  0.000000000000000E+000 -3.205958549216816E-016
         374           1  0.000000000000000E+000 -3.044041450775123E-016
         374           2  0.000000000000000E+000 -3.205958549218720E-016
         375           1  0.000000000000000E+000 -3.044041450775249E-016
         375           2  0.000000000000000E+000 -3.205958549219383E-016
         376           1  0.000000000000000E+000 -3.044041450775397E-016
         376           2  0.000000000000000E+000 -3.205958549220579E-016
         377           1  0.000000000000000E+000 -3.044041450776410E-016
         377           2  0.000000000000000E+000 -3.205958549222169E-016
         378           1  0.000000000000000E+000 -3.044041450776215E-016
         378           2  0.000000000000000E+000 -3.205958549222048E-016
         379           1  0.000000000000000E+000 -3.044041450774853E-016
         379           2  0.000000000000000E+000 -3.205958549218891E-016
         380           1  0.000000000000000E+000 -3.044041450774862E-016
         380           2  0.000000000000000E+000 -3.205958549217691E-016
         381           1  0.000000000000000E+000 -3.044041450775880E-016
         381           2  0.000000000000000E+000 -3.205958549221024E-016
         382           1  0.000000000000000E+000 -3.044041450775617E-016
         382           2  0.000000000000000E+000 -3.205958549220264E-016
         383           1  0.000000000000000E+000 -3.044041450776154E-016
         383           2  0.000000000000000E+000 -3.205958549222003E-016
         384           1  0.000000000000000E+000 -3.044041450777244E-016
         384           2  0.000000000000000E+000 -3.205958549223555E-016
         385           1  0.000000000000000E+000 -3.044041450776983E-016
         385           2  0.000000000000000E+000 -3.205958549222710E-016
         386           1  0.000000000000000E+000 -3.044041450776155E-016
         386           2  0.000000000000000E+000 -3.205958549221796E-016
         387           1  0.000000000000000E+000 -3.044041450774413E-016
         387           2  0.000000000000000E+000 -3.205958549217605E-016
         388           1  0.000000000000000E+000 -3.044041450773948E-016
         388           2  0.000000000000000E+000 -3.205958549216805E-016
         389           1  0.000000000000000E+000 -3.044041450774164E-016
         389           2  0.000000000000000E+000 -3.205958549216901E-016
         390           1  0.000000000000000E+000 -3.044041450774559E-016
         390           2  0.000000000000000E+000 -3.205958549218141E-016
         391           1  0.000000000000000E+000 -3.044041450773914E-016
         391           2  0.000000000000000E+000 -3.205958549216033E-016
         392           1  0.000000000000000E+000 -3.044041450773777E-016
         392           2  0.000000000000000E+000 -3.205958549215775E-016
         393           1  0.000000000000000E+000 -3.044041450774203E-016
         393           2  0.000000000000000E+000 -3.205958549217145E-016
         394           1  0.000000000000000E+000 -3.044041450774885E-016
         394           2  0.000000000000000E+000 -3.205958549218895E-016
         395           1  0.000000000000000E+000 -3.044041450775044E-016
         395           2  0.000000000000000E+000 -3.205958549220015E-016
         396           1  0.000000000000000E+000 -3.044041450775512E-016
         396           2  0.000000000000000E+000 -3.205958549220844E-016
         397           1  0.000000000000000E+000 -3.044041450776620E-016
         397           2  0.000000000000000E+000 -3.205958549221745E-016
         398           1  0.000000000000000E+000 -3.044041450776259E-016
         398           2  0.000000000000000E+000 -3.205958549221881E-016
         399           1  0.000000000000000E+000 -3.044041450774626E-016
         399           2  0.000000000000000E+000 -3.205958549218696E-016
         400           1  0.000000000000000E+000 -3.044041450774812E-016
         400           2  0.000000000000000E+000 -3.205958549218030E-016
