           1           1  0.000000000000000E+000 -5.908233815209359E-018
           1           2  0.000000000000000E+000 -1.909176618478407E-017
           2           1  0.000000000000000E+000 -5.908233815209461E-018
           2           2  0.000000000000000E+000 -1.909176618478298E-017
           3           1  0.000000000000000E+000 -5.908233815210060E-018
           3           2  0.000000000000000E+000 -1.909176618478451E-017
           4           1  0.000000000000000E+000 -5.908233815208816E-018
           4           2  0.000000000000000E+000 -1.909176618478270E-017
           5           1  0.000000000000000E+000 -5.908233815207917E-018
           5           2  0.000000000000000E+000 -1.909176618478258E-017
           6           1  0.000000000000000E+000 -5.908233815206376E-018
           6           2  0.000000000000000E+000 -1.909176618478298E-017
           7           1  0.000000000000000E+000 -5.908233815206772E-018
           7           2  0.000000000000000E+000 -1.909176618478001E-017
           8           1  0.000000000000000E+000 -5.908233815206005E-018
           8           2  0.000000000000000E+000 -1.909176618477685E-017
           9           1  0.000000000000000E+000 -5.908233815206323E-018
           9           2  0.000000000000000E+000 -1.909176618477647E-017
          10           1  0.000000000000000E+000 -5.908233815205839E-018
          10           2  0.000000000000000E+000 -1.909176618477724E-017
          11           1  0.000000000000000E+000 -5.908233815205432E-018
          11           2  0.000000000000000E+000 -1.909176618477809E-017
          12           1  0.000000000000000E+000 -5.908233815207027E-018
          12           2  0.000000000000000E+000 -1.909176618477862E-017
          13           1  0.000000000000000E+000 -5.908233815207346E-018
          13           2  0.000000000000000E+000 -1.909176618477759E-017
          14           1  0.000000000000000E+000 -5.908233815207838E-018
          14           2  0.000000000000000E+000 -1.909176618478014E-017
          15           1  0.000000000000000E+000 -5.908233815207665E-018
          15           2  0.000000000000000E+000 -1.909176618478211E-017
          16           1  0.000000000000000E+000 -5.908233815207189E-018
          16           2  0.000000000000000E+000 -1.909176618478371E-017
          17           1  0.000000000000000E+000 -5.908233815211355E-018
          17           2  0.000000000000000E+000 -1.909176618478631E-017
          18           1  0.000000000000000E+000 -5.908233815214066E-018
          18           2  0.000000000000000E+000 -1.909176618478718E-017
          19           1  0.000000000000000E+000 -5.908233815213249E-018
          19           2  0.000000000000000E+000 -1.909176618478724E-017
          20           1  0.000000000000000E+000 -5.908233815211823E-018
          20           2  0.000000000000000E+000 -1.909176618478502E-017
          21           1  0.000000000000000E+000 -5.908233815210039E-018
          21           2  0.000000000000000E+000 -1.909176618478432E-017
          22           1  0.000000000000000E+000 -5.908233815210751E-018
          22           2  0.000000000000000E+000 -1.909176618478631E-017
          23           1  0.000000000000000E+000 -5.908233815210610E-018
          23           2  0.000000000000000E+000 -1.909176618478519E-017
          24           1  0.000000000000000E+000 -5.908233815210648E-018
          24           2  0.000000000000000E+000 -1.909176618478309E-017
          25           1  0.000000000000000E+000 -5.908233815210143E-018
          25           2  0.000000000000000E+000 -1.909176618478284E-017
          26           1  0.000000000000000E+000 -5.908233815207014E-018
          26           2  0.000000000000000E+000 -1.909176618478186E-017
          27           1  0.000000000000000E+000 -5.908233815206189E-018
          27           2  0.000000000000000E+000 -1.909176618478064E-017
          28           1  0.000000000000000E+000 -5.908233815205488E-018
          28           2  0.000000000000000E+000 -1.909176618477881E-017
          29           1  0.000000000000000E+000 -5.908233815205019E-018
          29           2  0.000000000000000E+000 -1.909176618477891E-017
          30           1  0.000000000000000E+000 -5.908233815205345E-018
          30           2  0.000000000000000E+000 -1.909176618477939E-017
          31           1  0.000000000000000E+000 -5.908233815206211E-018
          31           2  0.000000000000000E+000 -1.909176618478046E-017
          32           1  0.000000000000000E+000 -5.908233815206866E-018
          32           2  0.000000000000000E+000 -1.909176618477988E-017
          33           1  0.000000000000000E+000 -5.908233815206771E-018
          33           2  0.000000000000000E+000 -1.909176618477837E-017
          34           1  0.000000000000000E+000 -5.908233815208500E-018
          34           2  0.000000000000000E+000 -1.909176618478233E-017
          35           1  0.000000000000000E+000 -5.908233815209230E-018
          35           2  0.000000000000000E+000 -1.909176618478336E-017
          36           1  0.000000000000000E+000 -5.908233815209476E-018
          36           2  0.000000000000000E+000 -1.909176618478535E-017
          37           1  0.000000000000000E+000 -5.908233815210774E-018
          37           2  0.000000000000000E+000 -1.909176618478657E-017
          38           1  0.000000000000000E+000 -5.908233815212223E-018
          38           2  0.000000000000000E+000 -1.909176618478878E-017
          39           1  0.000000000000000E+000 -5.908233815211784E-018
          39           2  0.000000000000000E+000 -1.909176618478961E-017
          40           1  0.000000000000000E+000 -5.908233815212603E-018
          40           2  0.000000000000000E+000 -1.909176618478682E-017
          41           1  0.000000000000000E+000 -5.908233815210028E-018
          41           2  0.000000000000000E+000 -1.909176618478348E-017
          42           1  0.000000000000000E+000 -5.908233815210605E-018
          42           2  0.000000000000000E+000 -1.909176618478624E-017
          43           1  0.000000000000000E+000 -5.908233815210312E-018
          43           2  0.000000000000000E+000 -1.909176618478405E-017
          44           1  0.000000000000000E+000 -5.908233815211111E-018
          44           2  0.000000000000000E+000 -1.909176618478334E-017
          45           1  0.000000000000000E+000 -5.908233815211033E-018
          45           2  0.000000000000000E+000 -1.909176618478199E-017
          46           1  0.000000000000000E+000 -5.908233815208498E-018
          46           2  0.000000000000000E+000 -1.909176618478149E-017
          47           1  0.000000000000000E+000 -5.908233815206064E-018
          47           2  0.000000000000000E+000 -1.909176618477861E-017
          48           1  0.000000000000000E+000 -5.908233815204458E-018
          48           2  0.000000000000000E+000 -1.909176618477749E-017
          49           1  0.000000000000000E+000 -5.908233815204788E-018
          49           2  0.000000000000000E+000 -1.909176618477699E-017
          50           1  0.000000000000000E+000 -5.908233815205826E-018
          50           2  0.000000000000000E+000 -1.909176618477745E-017
          51           1  0.000000000000000E+000 -5.908233815206288E-018
          51           2  0.000000000000000E+000 -1.909176618478029E-017
          52           1  0.000000000000000E+000 -5.908233815205333E-018
          52           2  0.000000000000000E+000 -1.909176618477940E-017
          53           1  0.000000000000000E+000 -5.908233815206624E-018
          53           2  0.000000000000000E+000 -1.909176618477972E-017
          54           1  0.000000000000000E+000 -5.908233815208061E-018
          54           2  0.000000000000000E+000 -1.909176618478149E-017
          55           1  0.000000000000000E+000 -5.908233815209400E-018
          55           2  0.000000000000000E+000 -1.909176618478343E-017
          56           1  0.000000000000000E+000 -5.908233815210475E-018
          56           2  0.000000000000000E+000 -1.909176618478341E-017
          57           1  0.000000000000000E+000 -5.908233815210703E-018
          57           2  0.000000000000000E+000 -1.909176618478614E-017
          58           1  0.000000000000000E+000 -5.908233815211606E-018
          58           2  0.000000000000000E+000 -1.909176618478928E-017
          59           1  0.000000000000000E+000 -5.908233815211183E-018
          59           2  0.000000000000000E+000 -1.909176618478941E-017
          60           1  0.000000000000000E+000 -5.908233815212824E-018
          60           2  0.000000000000000E+000 -1.909176618478823E-017
          61           1  0.000000000000000E+000 -5.908233815208687E-018
          61           2  0.000000000000000E+000 -1.909176618478187E-017
          62           1  0.000000000000000E+000 -5.908233815209730E-018
          62           2  0.000000000000000E+000 -1.909176618478480E-017
          63           1  0.000000000000000E+000 -5.908233815209490E-018
          63           2  0.000000000000000E+000 -1.909176618478449E-017
          64           1  0.000000000000000E+000 -5.908233815209974E-018
          64           2  0.000000000000000E+000 -1.909176618478299E-017
          65           1  0.000000000000000E+000 -5.908233815209986E-018
          65           2  0.000000000000000E+000 -1.909176618478233E-017
          66           1  0.000000000000000E+000 -5.908233815207316E-018
          66           2  0.000000000000000E+000 -1.909176618478133E-017
          67           1  0.000000000000000E+000 -5.908233815205666E-018
          67           2  0.000000000000000E+000 -1.909176618477846E-017
          68           1  0.000000000000000E+000 -5.908233815205958E-018
          68           2  0.000000000000000E+000 -1.909176618477642E-017
          69           1  0.000000000000000E+000 -5.908233815206521E-018
          69           2  0.000000000000000E+000 -1.909176618477481E-017
          70           1  0.000000000000000E+000 -5.908233815207025E-018
          70           2  0.000000000000000E+000 -1.909176618477561E-017
          71           1  0.000000000000000E+000 -5.908233815204077E-018
          71           2  0.000000000000000E+000 -1.909176618477707E-017
          72           1  0.000000000000000E+000 -5.908233815204682E-018
          72           2  0.000000000000000E+000 -1.909176618477876E-017
          73           1  0.000000000000000E+000 -5.908233815206367E-018
          73           2  0.000000000000000E+000 -1.909176618478141E-017
          74           1  0.000000000000000E+000 -5.908233815208731E-018
          74           2  0.000000000000000E+000 -1.909176618478473E-017
          75           1  0.000000000000000E+000 -5.908233815208598E-018
          75           2  0.000000000000000E+000 -1.909176618478316E-017
          76           1  0.000000000000000E+000 -5.908233815209859E-018
          76           2  0.000000000000000E+000 -1.909176618478454E-017
          77           1  0.000000000000000E+000 -5.908233815210285E-018
          77           2  0.000000000000000E+000 -1.909176618478535E-017
          78           1  0.000000000000000E+000 -5.908233815212335E-018
          78           2  0.000000000000000E+000 -1.909176618478914E-017
          79           1  0.000000000000000E+000 -5.908233815212827E-018
          79           2  0.000000000000000E+000 -1.909176618479058E-017
          80           1  0.000000000000000E+000 -5.908233815215817E-018
          80           2  0.000000000000000E+000 -1.909176618478894E-017
          81           1  0.000000000000000E+000 -5.908233815206618E-018
          81           2  0.000000000000000E+000 -1.909176618478203E-017
          82           1  0.000000000000000E+000 -5.908233815208114E-018
          82           2  0.000000000000000E+000 -1.909176618478326E-017
          83           1  0.000000000000000E+000 -5.908233815208905E-018
          83           2  0.000000000000000E+000 -1.909176618478435E-017
          84           1  0.000000000000000E+000 -5.908233815209398E-018
          84           2  0.000000000000000E+000 -1.909176618478354E-017
          85           1  0.000000000000000E+000 -5.908233815208997E-018
          85           2  0.000000000000000E+000 -1.909176618478044E-017
          86           1  0.000000000000000E+000 -5.908233815206704E-018
          86           2  0.000000000000000E+000 -1.909176618477865E-017
          87           1  0.000000000000000E+000 -5.908233815205605E-018
          87           2  0.000000000000000E+000 -1.909176618477803E-017
          88           1  0.000000000000000E+000 -5.908233815207001E-018
          88           2  0.000000000000000E+000 -1.909176618477757E-017
          89           1  0.000000000000000E+000 -5.908233815207482E-018
          89           2  0.000000000000000E+000 -1.909176618477757E-017
          90           1  0.000000000000000E+000 -5.908233815205023E-018
          90           2  0.000000000000000E+000 -1.909176618477789E-017
          91           1  0.000000000000000E+000 -5.908233815203983E-018
          91           2  0.000000000000000E+000 -1.909176618477760E-017
          92           1  0.000000000000000E+000 -5.908233815204256E-018
          92           2  0.000000000000000E+000 -1.909176618477866E-017
          93           1  0.000000000000000E+000 -5.908233815206819E-018
          93           2  0.000000000000000E+000 -1.909176618478011E-017
          94           1  0.000000000000000E+000 -5.908233815207350E-018
          94           2  0.000000000000000E+000 -1.909176618478333E-017
          95           1  0.000000000000000E+000 -5.908233815207843E-018
          95           2  0.000000000000000E+000 -1.909176618478489E-017
          96           1  0.000000000000000E+000 -5.908233815208936E-018
          96           2  0.000000000000000E+000 -1.909176618478583E-017
          97           1  0.000000000000000E+000 -5.908233815210903E-018
          97           2  0.000000000000000E+000 -1.909176618478707E-017
          98           1  0.000000000000000E+000 -5.908233815212587E-018
          98           2  0.000000000000000E+000 -1.909176618478985E-017
          99           1  0.000000000000000E+000 -5.908233815213741E-018
          99           2  0.000000000000000E+000 -1.909176618479305E-017
         100           1  0.000000000000000E+000 -5.908233815214069E-018
         100           2  0.000000000000000E+000 -1.909176618479204E-017
         101           1  0.000000000000000E+000 -5.908233815207170E-018
         101           2  0.000000000000000E+000 -1.909176618478156E-017
         102           1  0.000000000000000E+000 -5.908233815207808E-018
         102           2  0.000000000000000E+000 -1.909176618478314E-017
         103           1  0.000000000000000E+000 -5.908233815208155E-018
         103           2  0.000000000000000E+000 -1.909176618478444E-017
         104           1  0.000000000000000E+000 -5.908233815208394E-018
         104           2  0.000000000000000E+000 -1.909176618478169E-017
         105           1  0.000000000000000E+000 -5.908233815206839E-018
         105           2  0.000000000000000E+000 -1.909176618477755E-017
         106           1  0.000000000000000E+000 -5.908233815206718E-018
         106           2  0.000000000000000E+000 -1.909176618477763E-017
         107           1  0.000000000000000E+000 -5.908233815206457E-018
         107           2  0.000000000000000E+000 -1.909176618477793E-017
         108           1  0.000000000000000E+000 -5.908233815207876E-018
         108           2  0.000000000000000E+000 -1.909176618477833E-017
         109           1  0.000000000000000E+000 -5.908233815206652E-018
         109           2  0.000000000000000E+000 -1.909176618477809E-017
         110           1  0.000000000000000E+000 -5.908233815205159E-018
         110           2  0.000000000000000E+000 -1.909176618477852E-017
         111           1  0.000000000000000E+000 -5.908233815204931E-018
         111           2  0.000000000000000E+000 -1.909176618477984E-017
         112           1  0.000000000000000E+000 -5.908233815206165E-018
         112           2  0.000000000000000E+000 -1.909176618477992E-017
         113           1  0.000000000000000E+000 -5.908233815206873E-018
         113           2  0.000000000000000E+000 -1.909176618478015E-017
         114           1  0.000000000000000E+000 -5.908233815206997E-018
         114           2  0.000000000000000E+000 -1.909176618478166E-017
         115           1  0.000000000000000E+000 -5.908233815206306E-018
         115           2  0.000000000000000E+000 -1.909176618478393E-017
         116           1  0.000000000000000E+000 -5.908233815209561E-018
         116           2  0.000000000000000E+000 -1.909176618478671E-017
         117           1  0.000000000000000E+000 -5.908233815212743E-018
         117           2  0.000000000000000E+000 -1.909176618479176E-017
         118           1  0.000000000000000E+000 -5.908233815211644E-018
         118           2  0.000000000000000E+000 -1.909176618479144E-017
         119           1  0.000000000000000E+000 -5.908233815212499E-018
         119           2  0.000000000000000E+000 -1.909176618479132E-017
         120           1  0.000000000000000E+000 -5.908233815213093E-018
         120           2  0.000000000000000E+000 -1.909176618479059E-017
         121           1  0.000000000000000E+000 -5.908233815207624E-018
         121           2  0.000000000000000E+000 -1.909176618478127E-017
         122           1  0.000000000000000E+000 -5.908233815207159E-018
         122           2  0.000000000000000E+000 -1.909176618478363E-017
         123           1  0.000000000000000E+000 -5.908233815205936E-018
         123           2  0.000000000000000E+000 -1.909176618478210E-017
         124           1  0.000000000000000E+000 -5.908233815208195E-018
         124           2  0.000000000000000E+000 -1.909176618478335E-017
         125           1  0.000000000000000E+000 -5.908233815209044E-018
         125           2  0.000000000000000E+000 -1.909176618478129E-017
         126           1  0.000000000000000E+000 -5.908233815208123E-018
         126           2  0.000000000000000E+000 -1.909176618478035E-017
         127           1  0.000000000000000E+000 -5.908233815207024E-018
         127           2  0.000000000000000E+000 -1.909176618477956E-017
         128           1  0.000000000000000E+000 -5.908233815207967E-018
         128           2  0.000000000000000E+000 -1.909176618477928E-017
         129           1  0.000000000000000E+000 -5.908233815209016E-018
         129           2  0.000000000000000E+000 -1.909176618478119E-017
         130           1  0.000000000000000E+000 -5.908233815208265E-018
         130           2  0.000000000000000E+000 -1.909176618478183E-017
         131           1  0.000000000000000E+000 -5.908233815207786E-018
         131           2  0.000000000000000E+000 -1.909176618478263E-017
         132           1  0.000000000000000E+000 -5.908233815208599E-018
         132           2  0.000000000000000E+000 -1.909176618478278E-017
         133           1  0.000000000000000E+000 -5.908233815207809E-018
         133           2  0.000000000000000E+000 -1.909176618478148E-017
         134           1  0.000000000000000E+000 -5.908233815208392E-018
         134           2  0.000000000000000E+000 -1.909176618478151E-017
         135           1  0.000000000000000E+000 -5.908233815207304E-018
         135           2  0.000000000000000E+000 -1.909176618478472E-017
         136           1  0.000000000000000E+000 -5.908233815208738E-018
         136           2  0.000000000000000E+000 -1.909176618478812E-017
         137           1  0.000000000000000E+000 -5.908233815210768E-018
         137           2  0.000000000000000E+000 -1.909176618478938E-017
         138           1  0.000000000000000E+000 -5.908233815210191E-018
         138           2  0.000000000000000E+000 -1.909176618478867E-017
         139           1  0.000000000000000E+000 -5.908233815212373E-018
         139           2  0.000000000000000E+000 -1.909176618478850E-017
         140           1  0.000000000000000E+000 -5.908233815211510E-018
         140           2  0.000000000000000E+000 -1.909176618478658E-017
         141           1  0.000000000000000E+000 -5.908233815208842E-018
         141           2  0.000000000000000E+000 -1.909176618478150E-017
         142           1  0.000000000000000E+000 -5.908233815207650E-018
         142           2  0.000000000000000E+000 -1.909176618478280E-017
         143           1  0.000000000000000E+000 -5.908233815206582E-018
         143           2  0.000000000000000E+000 -1.909176618478457E-017
         144           1  0.000000000000000E+000 -5.908233815208948E-018
         144           2  0.000000000000000E+000 -1.909176618478486E-017
         145           1  0.000000000000000E+000 -5.908233815209407E-018
         145           2  0.000000000000000E+000 -1.909176618478391E-017
         146           1  0.000000000000000E+000 -5.908233815209096E-018
         146           2  0.000000000000000E+000 -1.909176618478479E-017
         147           1  0.000000000000000E+000 -5.908233815208047E-018
         147           2  0.000000000000000E+000 -1.909176618478306E-017
         148           1  0.000000000000000E+000 -5.908233815208510E-018
         148           2  0.000000000000000E+000 -1.909176618478362E-017
         149           1  0.000000000000000E+000 -5.908233815210331E-018
         149           2  0.000000000000000E+000 -1.909176618478407E-017
         150           1  0.000000000000000E+000 -5.908233815210640E-018
         150           2  0.000000000000000E+000 -1.909176618478361E-017
         151           1  0.000000000000000E+000 -5.908233815210912E-018
         151           2  0.000000000000000E+000 -1.909176618478438E-017
         152           1  0.000000000000000E+000 -5.908233815210876E-018
         152           2  0.000000000000000E+000 -1.909176618478408E-017
         153           1  0.000000000000000E+000 -5.908233815209104E-018
         153           2  0.000000000000000E+000 -1.909176618478267E-017
         154           1  0.000000000000000E+000 -5.908233815208544E-018
         154           2  0.000000000000000E+000 -1.909176618478178E-017
         155           1  0.000000000000000E+000 -5.908233815208784E-018
         155           2  0.000000000000000E+000 -1.909176618478331E-017
         156           1  0.000000000000000E+000 -5.908233815209879E-018
         156           2  0.000000000000000E+000 -1.909176618478560E-017
         157           1  0.000000000000000E+000 -5.908233815209637E-018
         157           2  0.000000000000000E+000 -1.909176618478784E-017
         158           1  0.000000000000000E+000 -5.908233815209013E-018
         158           2  0.000000000000000E+000 -1.909176618478598E-017
         159           1  0.000000000000000E+000 -5.908233815211613E-018
         159           2  0.000000000000000E+000 -1.909176618478519E-017
         160           1  0.000000000000000E+000 -5.908233815209888E-018
         160           2  0.000000000000000E+000 -1.909176618478599E-017
         161           1  0.000000000000000E+000 -5.908233815209201E-018
         161           2  0.000000000000000E+000 -1.909176618478240E-017
         162           1  0.000000000000000E+000 -5.908233815208383E-018
         162           2  0.000000000000000E+000 -1.909176618478443E-017
         163           1  0.000000000000000E+000 -5.908233815208721E-018
         163           2  0.000000000000000E+000 -1.909176618478463E-017
         164           1  0.000000000000000E+000 -5.908233815208851E-018
         164           2  0.000000000000000E+000 -1.909176618478414E-017
         165           1  0.000000000000000E+000 -5.908233815209872E-018
         165           2  0.000000000000000E+000 -1.909176618478514E-017
         166           1  0.000000000000000E+000 -5.908233815209267E-018
         166           2  0.000000000000000E+000 -1.909176618478657E-017
         167           1  0.000000000000000E+000 -5.908233815209543E-018
         167           2  0.000000000000000E+000 -1.909176618478749E-017
         168           1  0.000000000000000E+000 -5.908233815210129E-018
         168           2  0.000000000000000E+000 -1.909176618478839E-017
         169           1  0.000000000000000E+000 -5.908233815211538E-018
         169           2  0.000000000000000E+000 -1.909176618478797E-017
         170           1  0.000000000000000E+000 -5.908233815212960E-018
         170           2  0.000000000000000E+000 -1.909176618478697E-017
         171           1  0.000000000000000E+000 -5.908233815212942E-018
         171           2  0.000000000000000E+000 -1.909176618478528E-017
         172           1  0.000000000000000E+000 -5.908233815211899E-018
         172           2  0.000000000000000E+000 -1.909176618478499E-017
         173           1  0.000000000000000E+000 -5.908233815210285E-018
         173           2  0.000000000000000E+000 -1.909176618478396E-017
         174           1  0.000000000000000E+000 -5.908233815210169E-018
         174           2  0.000000000000000E+000 -1.909176618478321E-017
         175           1  0.000000000000000E+000 -5.908233815211784E-018
         175           2  0.000000000000000E+000 -1.909176618478367E-017
         176           1  0.000000000000000E+000 -5.908233815211335E-018
         176           2  0.000000000000000E+000 -1.909176618478582E-017
         177           1  0.000000000000000E+000 -5.908233815209632E-018
         177           2  0.000000000000000E+000 -1.909176618478803E-017
         178           1  0.000000000000000E+000 -5.908233815208319E-018
         178           2  0.000000000000000E+000 -1.909176618478631E-017
         179           1  0.000000000000000E+000 -5.908233815209984E-018
         179           2  0.000000000000000E+000 -1.909176618478531E-017
         180           1  0.000000000000000E+000 -5.908233815209479E-018
         180           2  0.000000000000000E+000 -1.909176618478313E-017
         181           1  0.000000000000000E+000 -5.908233815206631E-018
         181           2  0.000000000000000E+000 -1.909176618478212E-017
         182           1  0.000000000000000E+000 -5.908233815207400E-018
         182           2  0.000000000000000E+000 -1.909176618478393E-017
         183           1  0.000000000000000E+000 -5.908233815207748E-018
         183           2  0.000000000000000E+000 -1.909176618478360E-017
         184           1  0.000000000000000E+000 -5.908233815208863E-018
         184           2  0.000000000000000E+000 -1.909176618478437E-017
         185           1  0.000000000000000E+000 -5.908233815209876E-018
         185           2  0.000000000000000E+000 -1.909176618478692E-017
         186           1  0.000000000000000E+000 -5.908233815209905E-018
         186           2  0.000000000000000E+000 -1.909176618478750E-017
         187           1  0.000000000000000E+000 -5.908233815211052E-018
         187           2  0.000000000000000E+000 -1.909176618478972E-017
         188           1  0.000000000000000E+000 -5.908233815211957E-018
         188           2  0.000000000000000E+000 -1.909176618479114E-017
         189           1  0.000000000000000E+000 -5.908233815212303E-018
         189           2  0.000000000000000E+000 -1.909176618479131E-017
         190           1  0.000000000000000E+000 -5.908233815213714E-018
         190           2  0.000000000000000E+000 -1.909176618478940E-017
         191           1  0.000000000000000E+000 -5.908233815213035E-018
         191           2  0.000000000000000E+000 -1.909176618478867E-017
         192           1  0.000000000000000E+000 -5.908233815210808E-018
         192           2  0.000000000000000E+000 -1.909176618478777E-017
         193           1  0.000000000000000E+000 -5.908233815209097E-018
         193           2  0.000000000000000E+000 -1.909176618478602E-017
         194           1  0.000000000000000E+000 -5.908233815209001E-018
         194           2  0.000000000000000E+000 -1.909176618478682E-017
         195           1  0.000000000000000E+000 -5.908233815212008E-018
         195           2  0.000000000000000E+000 -1.909176618478659E-017
         196           1  0.000000000000000E+000 -5.908233815212639E-018
         196           2  0.000000000000000E+000 -1.909176618478905E-017
         197           1  0.000000000000000E+000 -5.908233815210688E-018
         197           2  0.000000000000000E+000 -1.909176618479101E-017
         198           1  0.000000000000000E+000 -5.908233815208034E-018
         198           2  0.000000000000000E+000 -1.909176618478567E-017
         199           1  0.000000000000000E+000 -5.908233815208249E-018
         199           2  0.000000000000000E+000 -1.909176618478408E-017
         200           1  0.000000000000000E+000 -5.908233815208553E-018
         200           2  0.000000000000000E+000 -1.909176618478335E-017
         201           1  0.000000000000000E+000 -5.908233815206619E-018
         201           2  0.000000000000000E+000 -1.909176618478259E-017
         202           1  0.000000000000000E+000 -5.908233815207128E-018
         202           2  0.000000000000000E+000 -1.909176618478255E-017
         203           1  0.000000000000000E+000 -5.908233815205850E-018
         203           2  0.000000000000000E+000 -1.909176618478313E-017
         204           1  0.000000000000000E+000 -5.908233815207754E-018
         204           2  0.000000000000000E+000 -1.909176618478518E-017
         205           1  0.000000000000000E+000 -5.908233815210949E-018
         205           2  0.000000000000000E+000 -1.909176618478878E-017
         206           1  0.000000000000000E+000 -5.908233815211897E-018
         206           2  0.000000000000000E+000 -1.909176618479110E-017
         207           1  0.000000000000000E+000 -5.908233815212686E-018
         207           2  0.000000000000000E+000 -1.909176618479171E-017
         208           1  0.000000000000000E+000 -5.908233815213664E-018
         208           2  0.000000000000000E+000 -1.909176618479248E-017
         209           1  0.000000000000000E+000 -5.908233815213245E-018
         209           2  0.000000000000000E+000 -1.909176618479269E-017
         210           1  0.000000000000000E+000 -5.908233815213014E-018
         210           2  0.000000000000000E+000 -1.909176618479262E-017
         211           1  0.000000000000000E+000 -5.908233815211667E-018
         211           2  0.000000000000000E+000 -1.909176618479259E-017
         212           1  0.000000000000000E+000 -5.908233815209590E-018
         212           2  0.000000000000000E+000 -1.909176618479098E-017
         213           1  0.000000000000000E+000 -5.908233815208182E-018
         213           2  0.000000000000000E+000 -1.909176618478816E-017
         214           1  0.000000000000000E+000 -5.908233815208722E-018
         214           2  0.000000000000000E+000 -1.909176618478748E-017
         215           1  0.000000000000000E+000 -5.908233815211858E-018
         215           2  0.000000000000000E+000 -1.909176618478623E-017
         216           1  0.000000000000000E+000 -5.908233815213963E-018
         216           2  0.000000000000000E+000 -1.909176618478971E-017
         217           1  0.000000000000000E+000 -5.908233815211330E-018
         217           2  0.000000000000000E+000 -1.909176618479080E-017
         218           1  0.000000000000000E+000 -5.908233815208667E-018
         218           2  0.000000000000000E+000 -1.909176618478728E-017
         219           1  0.000000000000000E+000 -5.908233815208500E-018
         219           2  0.000000000000000E+000 -1.909176618478400E-017
         220           1  0.000000000000000E+000 -5.908233815209364E-018
         220           2  0.000000000000000E+000 -1.909176618478075E-017
         221           1  0.000000000000000E+000 -5.908233815206162E-018
         221           2  0.000000000000000E+000 -1.909176618478198E-017
         222           1  0.000000000000000E+000 -5.908233815207718E-018
         222           2  0.000000000000000E+000 -1.909176618478432E-017
         223           1  0.000000000000000E+000 -5.908233815206257E-018
         223           2  0.000000000000000E+000 -1.909176618478218E-017
         224           1  0.000000000000000E+000 -5.908233815207597E-018
         224           2  0.000000000000000E+000 -1.909176618478377E-017
         225           1  0.000000000000000E+000 -5.908233815209562E-018
         225           2  0.000000000000000E+000 -1.909176618478649E-017
         226           1  0.000000000000000E+000 -5.908233815210195E-018
         226           2  0.000000000000000E+000 -1.909176618478943E-017
         227           1  0.000000000000000E+000 -5.908233815212096E-018
         227           2  0.000000000000000E+000 -1.909176618479291E-017
         228           1  0.000000000000000E+000 -5.908233815214403E-018
         228           2  0.000000000000000E+000 -1.909176618479295E-017
         229           1  0.000000000000000E+000 -5.908233815214087E-018
         229           2  0.000000000000000E+000 -1.909176618479330E-017
         230           1  0.000000000000000E+000 -5.908233815212476E-018
         230           2  0.000000000000000E+000 -1.909176618479362E-017
         231           1  0.000000000000000E+000 -5.908233815211428E-018
         231           2  0.000000000000000E+000 -1.909176618479343E-017
         232           1  0.000000000000000E+000 -5.908233815210439E-018
         232           2  0.000000000000000E+000 -1.909176618479224E-017
         233           1  0.000000000000000E+000 -5.908233815209456E-018
         233           2  0.000000000000000E+000 -1.909176618478910E-017
         234           1  0.000000000000000E+000 -5.908233815209293E-018
         234           2  0.000000000000000E+000 -1.909176618478849E-017
         235           1  0.000000000000000E+000 -5.908233815210673E-018
         235           2  0.000000000000000E+000 -1.909176618478847E-017
         236           1  0.000000000000000E+000 -5.908233815212769E-018
         236           2  0.000000000000000E+000 -1.909176618478859E-017
         237           1  0.000000000000000E+000 -5.908233815212265E-018
         237           2  0.000000000000000E+000 -1.909176618478871E-017
         238           1  0.000000000000000E+000 -5.908233815210272E-018
         238           2  0.000000000000000E+000 -1.909176618478853E-017
         239           1  0.000000000000000E+000 -5.908233815209952E-018
         239           2  0.000000000000000E+000 -1.909176618478569E-017
         240           1  0.000000000000000E+000 -5.908233815210412E-018
         240           2  0.000000000000000E+000 -1.909176618478376E-017
         241           1  0.000000000000000E+000 -5.908233815205977E-018
         241           2  0.000000000000000E+000 -1.909176618478045E-017
         242           1  0.000000000000000E+000 -5.908233815205665E-018
         242           2  0.000000000000000E+000 -1.909176618478343E-017
         243           1  0.000000000000000E+000 -5.908233815206557E-018
         243           2  0.000000000000000E+000 -1.909176618478260E-017
         244           1  0.000000000000000E+000 -5.908233815207371E-018
         244           2  0.000000000000000E+000 -1.909176618478446E-017
         245           1  0.000000000000000E+000 -5.908233815208972E-018
         245           2  0.000000000000000E+000 -1.909176618478417E-017
         246           1  0.000000000000000E+000 -5.908233815209614E-018
         246           2  0.000000000000000E+000 -1.909176618478833E-017
         247           1  0.000000000000000E+000 -5.908233815209972E-018
         247           2  0.000000000000000E+000 -1.909176618479239E-017
         248           1  0.000000000000000E+000 -5.908233815212186E-018
         248           2  0.000000000000000E+000 -1.909176618479294E-017
         249           1  0.000000000000000E+000 -5.908233815212238E-018
         249           2  0.000000000000000E+000 -1.909176618479356E-017
         250           1  0.000000000000000E+000 -5.908233815211264E-018
         250           2  0.000000000000000E+000 -1.909176618479292E-017
         251           1  0.000000000000000E+000 -5.908233815211056E-018
         251           2  0.000000000000000E+000 -1.909176618479241E-017
         252           1  0.000000000000000E+000 -5.908233815211124E-018
         252           2  0.000000000000000E+000 -1.909176618479116E-017
         253           1  0.000000000000000E+000 -5.908233815210440E-018
         253           2  0.000000000000000E+000 -1.909176618478990E-017
         254           1  0.000000000000000E+000 -5.908233815210059E-018
         254           2  0.000000000000000E+000 -1.909176618478802E-017
         255           1  0.000000000000000E+000 -5.908233815209802E-018
         255           2  0.000000000000000E+000 -1.909176618478600E-017
         256           1  0.000000000000000E+000 -5.908233815211146E-018
         256           2  0.000000000000000E+000 -1.909176618478438E-017
         257           1  0.000000000000000E+000 -5.908233815210263E-018
         257           2  0.000000000000000E+000 -1.909176618478516E-017
         258           1  0.000000000000000E+000 -5.908233815209697E-018
         258           2  0.000000000000000E+000 -1.909176618478706E-017
         259           1  0.000000000000000E+000 -5.908233815209000E-018
         259           2  0.000000000000000E+000 -1.909176618478500E-017
         260           1  0.000000000000000E+000 -5.908233815209035E-018
         260           2  0.000000000000000E+000 -1.909176618478336E-017
         261           1  0.000000000000000E+000 -5.908233815205264E-018
         261           2  0.000000000000000E+000 -1.909176618478011E-017
         262           1  0.000000000000000E+000 -5.908233815204189E-018
         262           2  0.000000000000000E+000 -1.909176618478214E-017
         263           1  0.000000000000000E+000 -5.908233815204994E-018
         263           2  0.000000000000000E+000 -1.909176618478099E-017
         264           1  0.000000000000000E+000 -5.908233815207372E-018
         264           2  0.000000000000000E+000 -1.909176618478122E-017
         265           1  0.000000000000000E+000 -5.908233815207882E-018
         265           2  0.000000000000000E+000 -1.909176618478157E-017
         266           1  0.000000000000000E+000 -5.908233815209017E-018
         266           2  0.000000000000000E+000 -1.909176618478440E-017
         267           1  0.000000000000000E+000 -5.908233815209630E-018
         267           2  0.000000000000000E+000 -1.909176618478855E-017
         268           1  0.000000000000000E+000 -5.908233815210077E-018
         268           2  0.000000000000000E+000 -1.909176618478977E-017
         269           1  0.000000000000000E+000 -5.908233815209815E-018
         269           2  0.000000000000000E+000 -1.909176618479036E-017
         270           1  0.000000000000000E+000 -5.908233815209856E-018
         270           2  0.000000000000000E+000 -1.909176618478928E-017
         271           1  0.000000000000000E+000 -5.908233815211213E-018
         271           2  0.000000000000000E+000 -1.909176618478816E-017
         272           1  0.000000000000000E+000 -5.908233815212021E-018
         272           2  0.000000000000000E+000 -1.909176618478781E-017
         273           1  0.000000000000000E+000 -5.908233815210754E-018
         273           2  0.000000000000000E+000 -1.909176618478673E-017
         274           1  0.000000000000000E+000 -5.908233815209842E-018
         274           2  0.000000000000000E+000 -1.909176618478572E-017
         275           1  0.000000000000000E+000 -5.908233815209477E-018
         275           2  0.000000000000000E+000 -1.909176618478275E-017
         276           1  0.000000000000000E+000 -5.908233815209483E-018
         276           2  0.000000000000000E+000 -1.909176618478109E-017
         277           1  0.000000000000000E+000 -5.908233815208069E-018
         277           2  0.000000000000000E+000 -1.909176618478290E-017
         278           1  0.000000000000000E+000 -5.908233815208923E-018
         278           2  0.000000000000000E+000 -1.909176618478518E-017
         279           1  0.000000000000000E+000 -5.908233815208135E-018
         279           2  0.000000000000000E+000 -1.909176618478521E-017
         280           1  0.000000000000000E+000 -5.908233815208617E-018
         280           2  0.000000000000000E+000 -1.909176618478444E-017
         281           1  0.000000000000000E+000 -5.908233815206434E-018
         281           2  0.000000000000000E+000 -1.909176618477546E-017
         282           1  0.000000000000000E+000 -5.908233815204222E-018
         282           2  0.000000000000000E+000 -1.909176618477746E-017
         283           1  0.000000000000000E+000 -5.908233815204776E-018
         283           2  0.000000000000000E+000 -1.909176618478012E-017
         284           1  0.000000000000000E+000 -5.908233815206667E-018
         284           2  0.000000000000000E+000 -1.909176618477946E-017
         285           1  0.000000000000000E+000 -5.908233815207101E-018
         285           2  0.000000000000000E+000 -1.909176618477843E-017
         286           1  0.000000000000000E+000 -5.908233815207287E-018
         286           2  0.000000000000000E+000 -1.909176618478087E-017
         287           1  0.000000000000000E+000 -5.908233815208112E-018
         287           2  0.000000000000000E+000 -1.909176618478182E-017
         288           1  0.000000000000000E+000 -5.908233815207448E-018
         288           2  0.000000000000000E+000 -1.909176618478272E-017
         289           1  0.000000000000000E+000 -5.908233815207157E-018
         289           2  0.000000000000000E+000 -1.909176618478323E-017
         290           1  0.000000000000000E+000 -5.908233815208638E-018
         290           2  0.000000000000000E+000 -1.909176618478391E-017
         291           1  0.000000000000000E+000 -5.908233815210947E-018
         291           2  0.000000000000000E+000 -1.909176618478508E-017
         292           1  0.000000000000000E+000 -5.908233815211634E-018
         292           2  0.000000000000000E+000 -1.909176618478666E-017
         293           1  0.000000000000000E+000 -5.908233815210649E-018
         293           2  0.000000000000000E+000 -1.909176618478767E-017
         294           1  0.000000000000000E+000 -5.908233815209258E-018
         294           2  0.000000000000000E+000 -1.909176618478466E-017
         295           1  0.000000000000000E+000 -5.908233815208125E-018
         295           2  0.000000000000000E+000 -1.909176618478150E-017
         296           1  0.000000000000000E+000 -5.908233815207138E-018
         296           2  0.000000000000000E+000 -1.909176618477951E-017
         297           1  0.000000000000000E+000 -5.908233815208059E-018
         297           2  0.000000000000000E+000 -1.909176618478432E-017
         298           1  0.000000000000000E+000 -5.908233815208243E-018
         298           2  0.000000000000000E+000 -1.909176618478435E-017
         299           1  0.000000000000000E+000 -5.908233815209955E-018
         299           2  0.000000000000000E+000 -1.909176618478315E-017
         300           1  0.000000000000000E+000 -5.908233815208101E-018
         300           2  0.000000000000000E+000 -1.909176618478195E-017
         301           1  0.000000000000000E+000 -5.908233815207409E-018
         301           2  0.000000000000000E+000 -1.909176618477650E-017
         302           1  0.000000000000000E+000 -5.908233815203843E-018
         302           2  0.000000000000000E+000 -1.909176618477843E-017
         303           1  0.000000000000000E+000 -5.908233815204208E-018
         303           2  0.000000000000000E+000 -1.909176618478070E-017
         304           1  0.000000000000000E+000 -5.908233815206226E-018
         304           2  0.000000000000000E+000 -1.909176618478119E-017
         305           1  0.000000000000000E+000 -5.908233815207178E-018
         305           2  0.000000000000000E+000 -1.909176618478195E-017
         306           1  0.000000000000000E+000 -5.908233815209113E-018
         306           2  0.000000000000000E+000 -1.909176618478649E-017
         307           1  0.000000000000000E+000 -5.908233815207524E-018
         307           2  0.000000000000000E+000 -1.909176618478067E-017
         308           1  0.000000000000000E+000 -5.908233815206689E-018
         308           2  0.000000000000000E+000 -1.909176618477955E-017
         309           1  0.000000000000000E+000 -5.908233815205777E-018
         309           2  0.000000000000000E+000 -1.909176618477787E-017
         310           1  0.000000000000000E+000 -5.908233815208036E-018
         310           2  0.000000000000000E+000 -1.909176618477984E-017
         311           1  0.000000000000000E+000 -5.908233815209595E-018
         311           2  0.000000000000000E+000 -1.909176618478198E-017
         312           1  0.000000000000000E+000 -5.908233815209943E-018
         312           2  0.000000000000000E+000 -1.909176618478592E-017
         313           1  0.000000000000000E+000 -5.908233815209380E-018
         313           2  0.000000000000000E+000 -1.909176618478738E-017
         314           1  0.000000000000000E+000 -5.908233815208136E-018
         314           2  0.000000000000000E+000 -1.909176618478491E-017
         315           1  0.000000000000000E+000 -5.908233815207417E-018
         315           2  0.000000000000000E+000 -1.909176618478211E-017
         316           1  0.000000000000000E+000 -5.908233815207745E-018
         316           2  0.000000000000000E+000 -1.909176618478206E-017
         317           1  0.000000000000000E+000 -5.908233815208675E-018
         317           2  0.000000000000000E+000 -1.909176618478584E-017
         318           1  0.000000000000000E+000 -5.908233815208893E-018
         318           2  0.000000000000000E+000 -1.909176618478483E-017
         319           1  0.000000000000000E+000 -5.908233815211088E-018
         319           2  0.000000000000000E+000 -1.909176618478451E-017
         320           1  0.000000000000000E+000 -5.908233815209417E-018
         320           2  0.000000000000000E+000 -1.909176618478138E-017
         321           1  0.000000000000000E+000 -5.908233815206176E-018
         321           2  0.000000000000000E+000 -1.909176618477648E-017
         322           1  0.000000000000000E+000 -5.908233815206056E-018
         322           2  0.000000000000000E+000 -1.909176618477870E-017
         323           1  0.000000000000000E+000 -5.908233815207267E-018
         323           2  0.000000000000000E+000 -1.909176618478292E-017
         324           1  0.000000000000000E+000 -5.908233815208284E-018
         324           2  0.000000000000000E+000 -1.909176618478461E-017
         325           1  0.000000000000000E+000 -5.908233815211504E-018
         325           2  0.000000000000000E+000 -1.909176618479239E-017
         326           1  0.000000000000000E+000 -5.908233815211889E-018
         326           2  0.000000000000000E+000 -1.909176618479177E-017
         327           1  0.000000000000000E+000 -5.908233815208491E-018
         327           2  0.000000000000000E+000 -1.909176618478311E-017
         328           1  0.000000000000000E+000 -5.908233815206941E-018
         328           2  0.000000000000000E+000 -1.909176618478155E-017
         329           1  0.000000000000000E+000 -5.908233815206185E-018
         329           2  0.000000000000000E+000 -1.909176618477921E-017
         330           1  0.000000000000000E+000 -5.908233815206766E-018
         330           2  0.000000000000000E+000 -1.909176618478066E-017
         331           1  0.000000000000000E+000 -5.908233815207688E-018
         331           2  0.000000000000000E+000 -1.909176618478194E-017
         332           1  0.000000000000000E+000 -5.908233815208673E-018
         332           2  0.000000000000000E+000 -1.909176618478523E-017
         333           1  0.000000000000000E+000 -5.908233815207856E-018
         333           2  0.000000000000000E+000 -1.909176618478645E-017
         334           1  0.000000000000000E+000 -5.908233815207881E-018
         334           2  0.000000000000000E+000 -1.909176618478485E-017
         335           1  0.000000000000000E+000 -5.908233815207711E-018
         335           2  0.000000000000000E+000 -1.909176618478146E-017
         336           1  0.000000000000000E+000 -5.908233815208453E-018
         336           2  0.000000000000000E+000 -1.909176618478346E-017
         337           1  0.000000000000000E+000 -5.908233815209413E-018
         337           2  0.000000000000000E+000 -1.909176618478792E-017
         338           1  0.000000000000000E+000 -5.908233815209518E-018
         338           2  0.000000000000000E+000 -1.909176618478737E-017
         339           1  0.000000000000000E+000 -5.908233815208757E-018
         339           2  0.000000000000000E+000 -1.909176618477970E-017
         340           1  0.000000000000000E+000 -5.908233815207905E-018
         340           2  0.000000000000000E+000 -1.909176618478154E-017
         341           1  0.000000000000000E+000 -5.908233815205538E-018
         341           2  0.000000000000000E+000 -1.909176618478133E-017
         342           1  0.000000000000000E+000 -5.908233815208579E-018
         342           2  0.000000000000000E+000 -1.909176618478306E-017
         343           1  0.000000000000000E+000 -5.908233815209724E-018
         343           2  0.000000000000000E+000 -1.909176618478240E-017
         344           1  0.000000000000000E+000 -5.908233815210048E-018
         344           2  0.000000000000000E+000 -1.909176618478298E-017
         345           1  0.000000000000000E+000 -5.908233815211752E-018
         345           2  0.000000000000000E+000 -1.909176618479287E-017
         346           1  0.000000000000000E+000 -5.908233815210508E-018
         346           2  0.000000000000000E+000 -1.909176618478998E-017
         347           1  0.000000000000000E+000 -5.908233815207356E-018
         347           2  0.000000000000000E+000 -1.909176618478244E-017
         348           1  0.000000000000000E+000 -5.908233815205296E-018
         348           2  0.000000000000000E+000 -1.909176618477927E-017
         349           1  0.000000000000000E+000 -5.908233815204676E-018
         349           2  0.000000000000000E+000 -1.909176618477928E-017
         350           1  0.000000000000000E+000 -5.908233815206610E-018
         350           2  0.000000000000000E+000 -1.909176618478169E-017
         351           1  0.000000000000000E+000 -5.908233815205807E-018
         351           2  0.000000000000000E+000 -1.909176618477820E-017
         352           1  0.000000000000000E+000 -5.908233815204273E-018
         352           2  0.000000000000000E+000 -1.909176618477711E-017
         353           1  0.000000000000000E+000 -5.908233815205901E-018
         353           2  0.000000000000000E+000 -1.909176618478252E-017
         354           1  0.000000000000000E+000 -5.908233815206997E-018
         354           2  0.000000000000000E+000 -1.909176618478304E-017
         355           1  0.000000000000000E+000 -5.908233815207234E-018
         355           2  0.000000000000000E+000 -1.909176618477939E-017
         356           1  0.000000000000000E+000 -5.908233815207941E-018
         356           2  0.000000000000000E+000 -1.909176618478232E-017
         357           1  0.000000000000000E+000 -5.908233815209547E-018
         357           2  0.000000000000000E+000 -1.909176618478679E-017
         358           1  0.000000000000000E+000 -5.908233815210641E-018
         358           2  0.000000000000000E+000 -1.909176618478754E-017
         359           1  0.000000000000000E+000 -5.908233815206757E-018
         359           2  0.000000000000000E+000 -1.909176618477859E-017
         360           1  0.000000000000000E+000 -5.908233815206226E-018
         360           2  0.000000000000000E+000 -1.909176618477600E-017
         361           1  0.000000000000000E+000 -5.908233815214620E-018
         361           2  0.000000000000000E+000 -1.909176618479649E-017
         362           1  0.000000000000000E+000 -5.908233815212197E-018
         362           2  0.000000000000000E+000 -1.909176618478973E-017
         363           1  0.000000000000000E+000 -5.908233815211422E-018
         363           2  0.000000000000000E+000 -1.909176618478323E-017
         364           1  0.000000000000000E+000 -5.908233815210801E-018
         364           2  0.000000000000000E+000 -1.909176618478239E-017
         365           1  0.000000000000000E+000 -5.908233815209142E-018
         365           2  0.000000000000000E+000 -1.909176618479061E-017
         366           1  0.000000000000000E+000 -5.908233815207745E-018
         366           2  0.000000000000000E+000 -1.909176618478739E-017
         367           1  0.000000000000000E+000 -5.908233815205789E-018
         367           2  0.000000000000000E+000 -1.909176618477806E-017
         368           1  0.000000000000000E+000 -5.908233815204072E-018
         368           2  0.000000000000000E+000 -1.909176618477506E-017
         369           1  0.000000000000000E+000 -5.908233815202968E-018
         369           2  0.000000000000000E+000 -1.909176618477765E-017
         370           1  0.000000000000000E+000 -5.908233815206237E-018
         370           2  0.000000000000000E+000 -1.909176618478137E-017
         371           1  0.000000000000000E+000 -5.908233815203008E-018
         371           2  0.000000000000000E+000 -1.909176618477496E-017
         372           1  0.000000000000000E+000 -5.908233815201237E-018
         372           2  0.000000000000000E+000 -1.909176618477155E-017
         373           1  0.000000000000000E+000 -5.908233815204198E-018
         373           2  0.000000000000000E+000 -1.909176618477789E-017
         374           1  0.000000000000000E+000 -5.908233815206753E-018
         374           2  0.000000000000000E+000 -1.909176618478005E-017
         375           1  0.000000000000000E+000 -5.908233815207916E-018
         375           2  0.000000000000000E+000 -1.909176618477942E-017
         376           1  0.000000000000000E+000 -5.908233815208627E-018
         376           2  0.000000000000000E+000 -1.909176618478196E-017
         377           1  0.000000000000000E+000 -5.908233815210144E-018
         377           2  0.000000000000000E+000 -1.909176618478593E-017
         378           1  0.000000000000000E+000 -5.908233815209211E-018
         378           2  0.000000000000000E+000 -1.909176618478585E-017
         379           1  0.000000000000000E+000 -5.908233815208413E-018
         379           2  0.000000000000000E+000 -1.909176618478019E-017
         380           1  0.000000000000000E+000 -5.908233815209088E-018
         380           2  0.000000000000000E+000 -1.909176618477598E-017
         381           1  0.000000000000000E+000 -5.908233815217965E-018
         381           2  0.000000000000000E+000 -1.909176618479868E-017
         382           1  0.000000000000000E+000 -5.908233815212700E-018
         382           2  0.000000000000000E+000 -1.909176618479563E-017
         383           1  0.000000000000000E+000 -5.908233815209049E-018
         383           2  0.000000000000000E+000 -1.909176618478454E-017
         384           1  0.000000000000000E+000 -5.908233815210593E-018
         384           2  0.000000000000000E+000 -1.909176618478434E-017
         385           1  0.000000000000000E+000 -5.908233815209020E-018
         385           2  0.000000000000000E+000 -1.909176618479133E-017
         386           1  0.000000000000000E+000 -5.908233815206605E-018
         386           2  0.000000000000000E+000 -1.909176618478713E-017
         387           1  0.000000000000000E+000 -5.908233815206237E-018
         387           2  0.000000000000000E+000 -1.909176618477767E-017
         388           1  0.000000000000000E+000 -5.908233815204750E-018
         388           2  0.000000000000000E+000 -1.909176618477643E-017
         389           1  0.000000000000000E+000 -5.908233815204424E-018
         389           2  0.000000000000000E+000 -1.909176618478359E-017
         390           1  0.000000000000000E+000 -5.908233815207821E-018
         390           2  0.000000000000000E+000 -1.909176618478261E-017
         391           1  0.000000000000000E+000 -5.908233815203205E-018
         391           2  0.000000000000000E+000 -1.909176618477167E-017
         392           1  0.000000000000000E+000 -5.908233815199945E-018
         392           2  0.000000000000000E+000 -1.909176618476523E-017
         393           1  0.000000000000000E+000 -5.908233815204278E-018
         393           2  0.000000000000000E+000 -1.909176618477380E-017
         394           1  0.000000000000000E+000 -5.908233815206236E-018
         394           2  0.000000000000000E+000 -1.909176618477782E-017
         395           1  0.000000000000000E+000 -5.908233815205515E-018
         395           2  0.000000000000000E+000 -1.909176618477807E-017
         396           1  0.000000000000000E+000 -5.908233815208858E-018
         396           2  0.000000000000000E+000 -1.909176618478036E-017
         397           1  0.000000000000000E+000 -5.908233815211571E-018
         397           2  0.000000000000000E+000 -1.909176618478300E-017
         398           1  0.000000000000000E+000 -5.908233815211132E-018
         398           2  0.000000000000000E+000 -1.909176618478413E-017
         399           1  0.000000000000000E+000 -5.908233815209240E-018
         399           2  0.000000000000000E+000 -1.909176618478414E-017
         400           1  0.000000000000000E+000 -5.908233815213676E-018
         400           2  0.000000000000000E+000 -1.909176618478575E-017
