           1           1  0.000000000000000E+000 -1.760563380281545E-017
           1           2  0.000000000000000E+000 -7.394366197182670E-018
           2           1  0.000000000000000E+000 -1.760563380281533E-017
           2           2  0.000000000000000E+000 -7.394366197182493E-018
           3           1  0.000000000000000E+000 -1.760563380281525E-017
           3           2  0.000000000000000E+000 -7.394366197181927E-018
           4           1  0.000000000000000E+000 -1.760563380281710E-017
           4           2  0.000000000000000E+000 -7.394366197183442E-018
           5           1  0.000000000000000E+000 -1.760563380282192E-017
           5           2  0.000000000000000E+000 -7.394366197184320E-018
           6           1  0.000000000000000E+000 -1.760563380281254E-017
           6           2  0.000000000000000E+000 -7.394366197181137E-018
           7           1  0.000000000000000E+000 -1.760563380281738E-017
           7           2  0.000000000000000E+000 -7.394366197183431E-018
           8           1  0.000000000000000E+000 -1.760563380281748E-017
           8           2  0.000000000000000E+000 -7.394366197183226E-018
           9           1  0.000000000000000E+000 -1.760563380280973E-017
           9           2  0.000000000000000E+000 -7.394366197180956E-018
          10           1  0.000000000000000E+000 -1.760563380281564E-017
          10           2  0.000000000000000E+000 -7.394366197182755E-018
          11           1  0.000000000000000E+000 -1.760563380281560E-017
          11           2  0.000000000000000E+000 -7.394366197182785E-018
          12           1  0.000000000000000E+000 -1.760563380281252E-017
          12           2  0.000000000000000E+000 -7.394366197181168E-018
          13           1  0.000000000000000E+000 -1.760563380280599E-017
          13           2  0.000000000000000E+000 -7.394366197180137E-018
          14           1  0.000000000000000E+000 -1.760563380281955E-017
          14           2  0.000000000000000E+000 -7.394366197184554E-018
          15           1  0.000000000000000E+000 -1.760563380282116E-017
          15           2  0.000000000000000E+000 -7.394366197184571E-018
          16           1  0.000000000000000E+000 -1.760563380281162E-017
          16           2  0.000000000000000E+000 -7.394366197180889E-018
          17           1  0.000000000000000E+000 -1.760563380281735E-017
          17           2  0.000000000000000E+000 -7.394366197183454E-018
          18           1  0.000000000000000E+000 -1.760563380281811E-017
          18           2  0.000000000000000E+000 -7.394366197183402E-018
          19           1  0.000000000000000E+000 -1.760563380280511E-017
          19           2  0.000000000000000E+000 -7.394366197179705E-018
          20           1  0.000000000000000E+000 -1.760563380281059E-017
          20           2  0.000000000000000E+000 -7.394366197180573E-018
          21           1  0.000000000000000E+000 -1.760563380281618E-017
          21           2  0.000000000000000E+000 -7.394366197182990E-018
          22           1  0.000000000000000E+000 -1.760563380280612E-017
          22           2  0.000000000000000E+000 -7.394366197179470E-018
          23           1  0.000000000000000E+000 -1.760563380281629E-017
          23           2  0.000000000000000E+000 -7.394366197182520E-018
          24           1  0.000000000000000E+000 -1.760563380281494E-017
          24           2  0.000000000000000E+000 -7.394366197181650E-018
          25           1  0.000000000000000E+000 -1.760563380281288E-017
          25           2  0.000000000000000E+000 -7.394366197181987E-018
          26           1  0.000000000000000E+000 -1.760563380281009E-017
          26           2  0.000000000000000E+000 -7.394366197180510E-018
          27           1  0.000000000000000E+000 -1.760563380281341E-017
          27           2  0.000000000000000E+000 -7.394366197181314E-018
          28           1  0.000000000000000E+000 -1.760563380281153E-017
          28           2  0.000000000000000E+000 -7.394366197181728E-018
          29           1  0.000000000000000E+000 -1.760563380280484E-017
          29           2  0.000000000000000E+000 -7.394366197178679E-018
          30           1  0.000000000000000E+000 -1.760563380281076E-017
          30           2  0.000000000000000E+000 -7.394366197181035E-018
          31           1  0.000000000000000E+000 -1.760563380281553E-017
          31           2  0.000000000000000E+000 -7.394366197182436E-018
          32           1  0.000000000000000E+000 -1.760563380280502E-017
          32           2  0.000000000000000E+000 -7.394366197178388E-018
          33           1  0.000000000000000E+000 -1.760563380281109E-017
          33           2  0.000000000000000E+000 -7.394366197180368E-018
          34           1  0.000000000000000E+000 -1.760563380281716E-017
          34           2  0.000000000000000E+000 -7.394366197182790E-018
          35           1  0.000000000000000E+000 -1.760563380281224E-017
          35           2  0.000000000000000E+000 -7.394366197181473E-018
          36           1  0.000000000000000E+000 -1.760563380281078E-017
          36           2  0.000000000000000E+000 -7.394366197179940E-018
          37           1  0.000000000000000E+000 -1.760563380281332E-017
          37           2  0.000000000000000E+000 -7.394366197181741E-018
          38           1  0.000000000000000E+000 -1.760563380281226E-017
          38           2  0.000000000000000E+000 -7.394366197181388E-018
          39           1  0.000000000000000E+000 -1.760563380281034E-017
          39           2  0.000000000000000E+000 -7.394366197180522E-018
          40           1  0.000000000000000E+000 -1.760563380281806E-017
          40           2  0.000000000000000E+000 -7.394366197183328E-018
          41           1  0.000000000000000E+000 -1.760563380281586E-017
          41           2  0.000000000000000E+000 -7.394366197182764E-018
          42           1  0.000000000000000E+000 -1.760563380281557E-017
          42           2  0.000000000000000E+000 -7.394366197182887E-018
          43           1  0.000000000000000E+000 -1.760563380280703E-017
          43           2  0.000000000000000E+000 -7.394366197179661E-018
          44           1  0.000000000000000E+000 -1.760563380281886E-017
          44           2  0.000000000000000E+000 -7.394366197183785E-018
          45           1  0.000000000000000E+000 -1.760563380281722E-017
          45           2  0.000000000000000E+000 -7.394366197182701E-018
          46           1  0.000000000000000E+000 -1.760563380281552E-017
          46           2  0.000000000000000E+000 -7.394366197182257E-018
          47           1  0.000000000000000E+000 -1.760563380281339E-017
          47           2  0.000000000000000E+000 -7.394366197181349E-018
          48           1  0.000000000000000E+000 -1.760563380281621E-017
          48           2  0.000000000000000E+000 -7.394366197182436E-018
          49           1  0.000000000000000E+000 -1.760563380281878E-017
          49           2  0.000000000000000E+000 -7.394366197184295E-018
          50           1  0.000000000000000E+000 -1.760563380281805E-017
          50           2  0.000000000000000E+000 -7.394366197183383E-018
          51           1  0.000000000000000E+000 -1.760563380281753E-017
          51           2  0.000000000000000E+000 -7.394366197183075E-018
          52           1  0.000000000000000E+000 -1.760563380281751E-017
          52           2  0.000000000000000E+000 -7.394366197183371E-018
          53           1  0.000000000000000E+000 -1.760563380281676E-017
          53           2  0.000000000000000E+000 -7.394366197183066E-018
          54           1  0.000000000000000E+000 -1.760563380281296E-017
          54           2  0.000000000000000E+000 -7.394366197181825E-018
          55           1  0.000000000000000E+000 -1.760563380280989E-017
          55           2  0.000000000000000E+000 -7.394366197180696E-018
          56           1  0.000000000000000E+000 -1.760563380281064E-017
          56           2  0.000000000000000E+000 -7.394366197180545E-018
          57           1  0.000000000000000E+000 -1.760563380280756E-017
          57           2  0.000000000000000E+000 -7.394366197180000E-018
          58           1  0.000000000000000E+000 -1.760563380281128E-017
          58           2  0.000000000000000E+000 -7.394366197180638E-018
          59           1  0.000000000000000E+000 -1.760563380281474E-017
          59           2  0.000000000000000E+000 -7.394366197181516E-018
          60           1  0.000000000000000E+000 -1.760563380281489E-017
          60           2  0.000000000000000E+000 -7.394366197182861E-018
          61           1  0.000000000000000E+000 -1.760563380281635E-017
          61           2  0.000000000000000E+000 -7.394366197182983E-018
          62           1  0.000000000000000E+000 -1.760563380281440E-017
          62           2  0.000000000000000E+000 -7.394366197182317E-018
          63           1  0.000000000000000E+000 -1.760563380281586E-017
          63           2  0.000000000000000E+000 -7.394366197182677E-018
          64           1  0.000000000000000E+000 -1.760563380281702E-017
          64           2  0.000000000000000E+000 -7.394366197182807E-018
          65           1  0.000000000000000E+000 -1.760563380281655E-017
          65           2  0.000000000000000E+000 -7.394366197182628E-018
          66           1  0.000000000000000E+000 -1.760563380281580E-017
          66           2  0.000000000000000E+000 -7.394366197182602E-018
          67           1  0.000000000000000E+000 -1.760563380281546E-017
          67           2  0.000000000000000E+000 -7.394366197182428E-018
          68           1  0.000000000000000E+000 -1.760563380281552E-017
          68           2  0.000000000000000E+000 -7.394366197182454E-018
          69           1  0.000000000000000E+000 -1.760563380281260E-017
          69           2  0.000000000000000E+000 -7.394366197181360E-018
          70           1  0.000000000000000E+000 -1.760563380281493E-017
          70           2  0.000000000000000E+000 -7.394366197182104E-018
          71           1  0.000000000000000E+000 -1.760563380281358E-017
          71           2  0.000000000000000E+000 -7.394366197182186E-018
          72           1  0.000000000000000E+000 -1.760563380281341E-017
          72           2  0.000000000000000E+000 -7.394366197181915E-018
          73           1  0.000000000000000E+000 -1.760563380281656E-017
          73           2  0.000000000000000E+000 -7.394366197183066E-018
          74           1  0.000000000000000E+000 -1.760563380281734E-017
          74           2  0.000000000000000E+000 -7.394366197183146E-018
          75           1  0.000000000000000E+000 -1.760563380281642E-017
          75           2  0.000000000000000E+000 -7.394366197182893E-018
          76           1  0.000000000000000E+000 -1.760563380281645E-017
          76           2  0.000000000000000E+000 -7.394366197182724E-018
          77           1  0.000000000000000E+000 -1.760563380281634E-017
          77           2  0.000000000000000E+000 -7.394366197182468E-018
          78           1  0.000000000000000E+000 -1.760563380281553E-017
          78           2  0.000000000000000E+000 -7.394366197182739E-018
          79           1  0.000000000000000E+000 -1.760563380280674E-017
          79           2  0.000000000000000E+000 -7.394366197179143E-018
          80           1  0.000000000000000E+000 -1.760563380280964E-017
          80           2  0.000000000000000E+000 -7.394366197179856E-018
          81           1  0.000000000000000E+000 -1.760563380281722E-017
          81           2  0.000000000000000E+000 -7.394366197182895E-018
          82           1  0.000000000000000E+000 -1.760563380281493E-017
          82           2  0.000000000000000E+000 -7.394366197182531E-018
          83           1  0.000000000000000E+000 -1.760563380281768E-017
          83           2  0.000000000000000E+000 -7.394366197183402E-018
          84           1  0.000000000000000E+000 -1.760563380281801E-017
          84           2  0.000000000000000E+000 -7.394366197183073E-018
          85           1  0.000000000000000E+000 -1.760563380281746E-017
          85           2  0.000000000000000E+000 -7.394366197183041E-018
          86           1  0.000000000000000E+000 -1.760563380281663E-017
          86           2  0.000000000000000E+000 -7.394366197183046E-018
          87           1  0.000000000000000E+000 -1.760563380281581E-017
          87           2  0.000000000000000E+000 -7.394366197182711E-018
          88           1  0.000000000000000E+000 -1.760563380281620E-017
          88           2  0.000000000000000E+000 -7.394366197182622E-018
          89           1  0.000000000000000E+000 -1.760563380281233E-017
          89           2  0.000000000000000E+000 -7.394366197180195E-018
          90           1  0.000000000000000E+000 -1.760563380281561E-017
          90           2  0.000000000000000E+000 -7.394366197182661E-018
          91           1  0.000000000000000E+000 -1.760563380281747E-017
          91           2  0.000000000000000E+000 -7.394366197183751E-018
          92           1  0.000000000000000E+000 -1.760563380281485E-017
          92           2  0.000000000000000E+000 -7.394366197182568E-018
          93           1  0.000000000000000E+000 -1.760563380281681E-017
          93           2  0.000000000000000E+000 -7.394366197183257E-018
          94           1  0.000000000000000E+000 -1.760563380281698E-017
          94           2  0.000000000000000E+000 -7.394366197183067E-018
          95           1  0.000000000000000E+000 -1.760563380281716E-017
          95           2  0.000000000000000E+000 -7.394366197182887E-018
          96           1  0.000000000000000E+000 -1.760563380281639E-017
          96           2  0.000000000000000E+000 -7.394366197183123E-018
          97           1  0.000000000000000E+000 -1.760563380281590E-017
          97           2  0.000000000000000E+000 -7.394366197182647E-018
          98           1  0.000000000000000E+000 -1.760563380281536E-017
          98           2  0.000000000000000E+000 -7.394366197182610E-018
          99           1  0.000000000000000E+000 -1.760563380281600E-017
          99           2  0.000000000000000E+000 -7.394366197182671E-018
         100           1  0.000000000000000E+000 -1.760563380280638E-017
         100           2  0.000000000000000E+000 -7.394366197180245E-018
