           1           1  0.000000000000000E+000 -1.601182411626545E-017
           1           2  0.000000000000000E+000 -8.988175883728057E-018
           2           1  0.000000000000000E+000 -1.601182411626650E-017
           2           2  0.000000000000000E+000 -8.988175883725538E-018
           3           1  0.000000000000000E+000 -1.601182411626654E-017
           3           2  0.000000000000000E+000 -8.988175883724146E-018
           4           1  0.000000000000000E+000 -1.601182411626457E-017
           4           2  0.000000000000000E+000 -8.988175883721677E-018
           5           1  0.000000000000000E+000 -1.601182411626445E-017
           5           2  0.000000000000000E+000 -8.988175883719302E-018
           6           1  0.000000000000000E+000 -1.601182411626560E-017
           6           2  0.000000000000000E+000 -8.988175883717551E-018
           7           1  0.000000000000000E+000 -1.601182411626598E-017
           7           2  0.000000000000000E+000 -8.988175883713334E-018
           8           1  0.000000000000000E+000 -1.601182411626908E-017
           8           2  0.000000000000000E+000 -8.988175883709733E-018
           9           1  0.000000000000000E+000 -1.601182411626842E-017
           9           2  0.000000000000000E+000 -8.988175883712352E-018
          10           1  0.000000000000000E+000 -1.601182411626839E-017
          10           2  0.000000000000000E+000 -8.988175883727354E-018
          11           1  0.000000000000000E+000 -1.601182411626468E-017
          11           2  0.000000000000000E+000 -8.988175883717746E-018
          12           1  0.000000000000000E+000 -1.601182411626339E-017
          12           2  0.000000000000000E+000 -8.988175883717728E-018
          13           1  0.000000000000000E+000 -1.601182411626467E-017
          13           2  0.000000000000000E+000 -8.988175883718007E-018
          14           1  0.000000000000000E+000 -1.601182411627276E-017
          14           2  0.000000000000000E+000 -8.988175883725096E-018
          15           1  0.000000000000000E+000 -1.601182411627281E-017
          15           2  0.000000000000000E+000 -8.988175883728166E-018
          16           1  0.000000000000000E+000 -1.601182411627514E-017
          16           2  0.000000000000000E+000 -8.988175883728128E-018
          17           1  0.000000000000000E+000 -1.601182411627407E-017
          17           2  0.000000000000000E+000 -8.988175883726912E-018
          18           1  0.000000000000000E+000 -1.601182411627012E-017
          18           2  0.000000000000000E+000 -8.988175883727189E-018
          19           1  0.000000000000000E+000 -1.601182411627470E-017
          19           2  0.000000000000000E+000 -8.988175883722969E-018
          20           1  0.000000000000000E+000 -1.601182411627034E-017
          20           2  0.000000000000000E+000 -8.988175883727125E-018
          21           1  0.000000000000000E+000 -1.601182411626704E-017
          21           2  0.000000000000000E+000 -8.988175883729339E-018
          22           1  0.000000000000000E+000 -1.601182411626628E-017
          22           2  0.000000000000000E+000 -8.988175883731633E-018
          23           1  0.000000000000000E+000 -1.601182411626672E-017
          23           2  0.000000000000000E+000 -8.988175883726294E-018
          24           1  0.000000000000000E+000 -1.601182411626590E-017
          24           2  0.000000000000000E+000 -8.988175883724641E-018
          25           1  0.000000000000000E+000 -1.601182411626510E-017
          25           2  0.000000000000000E+000 -8.988175883723005E-018
          26           1  0.000000000000000E+000 -1.601182411626549E-017
          26           2  0.000000000000000E+000 -8.988175883721233E-018
          27           1  0.000000000000000E+000 -1.601182411626633E-017
          27           2  0.000000000000000E+000 -8.988175883714469E-018
          28           1  0.000000000000000E+000 -1.601182411626785E-017
          28           2  0.000000000000000E+000 -8.988175883714187E-018
          29           1  0.000000000000000E+000 -1.601182411626673E-017
          29           2  0.000000000000000E+000 -8.988175883717723E-018
          30           1  0.000000000000000E+000 -1.601182411626514E-017
          30           2  0.000000000000000E+000 -8.988175883720566E-018
          31           1  0.000000000000000E+000 -1.601182411626290E-017
          31           2  0.000000000000000E+000 -8.988175883721960E-018
          32           1  0.000000000000000E+000 -1.601182411626208E-017
          32           2  0.000000000000000E+000 -8.988175883718014E-018
          33           1  0.000000000000000E+000 -1.601182411626522E-017
          33           2  0.000000000000000E+000 -8.988175883718942E-018
          34           1  0.000000000000000E+000 -1.601182411626997E-017
          34           2  0.000000000000000E+000 -8.988175883723977E-018
          35           1  0.000000000000000E+000 -1.601182411627064E-017
          35           2  0.000000000000000E+000 -8.988175883727035E-018
          36           1  0.000000000000000E+000 -1.601182411627354E-017
          36           2  0.000000000000000E+000 -8.988175883727621E-018
          37           1  0.000000000000000E+000 -1.601182411627315E-017
          37           2  0.000000000000000E+000 -8.988175883725142E-018
          38           1  0.000000000000000E+000 -1.601182411627325E-017
          38           2  0.000000000000000E+000 -8.988175883718671E-018
          39           1  0.000000000000000E+000 -1.601182411627224E-017
          39           2  0.000000000000000E+000 -8.988175883726210E-018
          40           1  0.000000000000000E+000 -1.601182411627320E-017
          40           2  0.000000000000000E+000 -8.988175883725015E-018
          41           1  0.000000000000000E+000 -1.601182411626805E-017
          41           2  0.000000000000000E+000 -8.988175883727063E-018
          42           1  0.000000000000000E+000 -1.601182411626859E-017
          42           2  0.000000000000000E+000 -8.988175883726123E-018
          43           1  0.000000000000000E+000 -1.601182411626808E-017
          43           2  0.000000000000000E+000 -8.988175883725379E-018
          44           1  0.000000000000000E+000 -1.601182411626739E-017
          44           2  0.000000000000000E+000 -8.988175883723313E-018
          45           1  0.000000000000000E+000 -1.601182411626644E-017
          45           2  0.000000000000000E+000 -8.988175883723851E-018
          46           1  0.000000000000000E+000 -1.601182411626630E-017
          46           2  0.000000000000000E+000 -8.988175883721292E-018
          47           1  0.000000000000000E+000 -1.601182411626614E-017
          47           2  0.000000000000000E+000 -8.988175883717014E-018
          48           1  0.000000000000000E+000 -1.601182411626575E-017
          48           2  0.000000000000000E+000 -8.988175883721298E-018
          49           1  0.000000000000000E+000 -1.601182411626647E-017
          49           2  0.000000000000000E+000 -8.988175883723985E-018
          50           1  0.000000000000000E+000 -1.601182411626523E-017
          50           2  0.000000000000000E+000 -8.988175883722256E-018
          51           1  0.000000000000000E+000 -1.601182411626475E-017
          51           2  0.000000000000000E+000 -8.988175883721322E-018
          52           1  0.000000000000000E+000 -1.601182411626382E-017
          52           2  0.000000000000000E+000 -8.988175883718889E-018
          53           1  0.000000000000000E+000 -1.601182411626658E-017
          53           2  0.000000000000000E+000 -8.988175883716595E-018
          54           1  0.000000000000000E+000 -1.601182411627184E-017
          54           2  0.000000000000000E+000 -8.988175883723176E-018
          55           1  0.000000000000000E+000 -1.601182411627012E-017
          55           2  0.000000000000000E+000 -8.988175883722983E-018
          56           1  0.000000000000000E+000 -1.601182411627152E-017
          56           2  0.000000000000000E+000 -8.988175883723518E-018
          57           1  0.000000000000000E+000 -1.601182411627169E-017
          57           2  0.000000000000000E+000 -8.988175883724427E-018
          58           1  0.000000000000000E+000 -1.601182411627339E-017
          58           2  0.000000000000000E+000 -8.988175883720293E-018
          59           1  0.000000000000000E+000 -1.601182411627305E-017
          59           2  0.000000000000000E+000 -8.988175883720382E-018
          60           1  0.000000000000000E+000 -1.601182411627479E-017
          60           2  0.000000000000000E+000 -8.988175883725311E-018
          61           1  0.000000000000000E+000 -1.601182411626667E-017
          61           2  0.000000000000000E+000 -8.988175883725109E-018
          62           1  0.000000000000000E+000 -1.601182411626839E-017
          62           2  0.000000000000000E+000 -8.988175883725492E-018
          63           1  0.000000000000000E+000 -1.601182411626859E-017
          63           2  0.000000000000000E+000 -8.988175883722711E-018
          64           1  0.000000000000000E+000 -1.601182411626768E-017
          64           2  0.000000000000000E+000 -8.988175883722120E-018
          65           1  0.000000000000000E+000 -1.601182411626637E-017
          65           2  0.000000000000000E+000 -8.988175883723820E-018
          66           1  0.000000000000000E+000 -1.601182411626573E-017
          66           2  0.000000000000000E+000 -8.988175883722484E-018
          67           1  0.000000000000000E+000 -1.601182411626576E-017
          67           2  0.000000000000000E+000 -8.988175883723160E-018
          68           1  0.000000000000000E+000 -1.601182411626768E-017
          68           2  0.000000000000000E+000 -8.988175883727267E-018
          69           1  0.000000000000000E+000 -1.601182411626843E-017
          69           2  0.000000000000000E+000 -8.988175883728453E-018
          70           1  0.000000000000000E+000 -1.601182411626800E-017
          70           2  0.000000000000000E+000 -8.988175883724692E-018
          71           1  0.000000000000000E+000 -1.601182411626758E-017
          71           2  0.000000000000000E+000 -8.988175883726698E-018
          72           1  0.000000000000000E+000 -1.601182411626594E-017
          72           2  0.000000000000000E+000 -8.988175883721718E-018
          73           1  0.000000000000000E+000 -1.601182411626770E-017
          73           2  0.000000000000000E+000 -8.988175883719452E-018
          74           1  0.000000000000000E+000 -1.601182411627256E-017
          74           2  0.000000000000000E+000 -8.988175883724043E-018
          75           1  0.000000000000000E+000 -1.601182411627248E-017
          75           2  0.000000000000000E+000 -8.988175883724371E-018
          76           1  0.000000000000000E+000 -1.601182411627519E-017
          76           2  0.000000000000000E+000 -8.988175883725778E-018
          77           1  0.000000000000000E+000 -1.601182411627691E-017
          77           2  0.000000000000000E+000 -8.988175883725724E-018
          78           1  0.000000000000000E+000 -1.601182411627445E-017
          78           2  0.000000000000000E+000 -8.988175883722982E-018
          79           1  0.000000000000000E+000 -1.601182411627372E-017
          79           2  0.000000000000000E+000 -8.988175883723276E-018
          80           1  0.000000000000000E+000 -1.601182411627486E-017
          80           2  0.000000000000000E+000 -8.988175883723513E-018
          81           1  0.000000000000000E+000 -1.601182411626622E-017
          81           2  0.000000000000000E+000 -8.988175883726404E-018
          82           1  0.000000000000000E+000 -1.601182411626874E-017
          82           2  0.000000000000000E+000 -8.988175883726929E-018
          83           1  0.000000000000000E+000 -1.601182411626847E-017
          83           2  0.000000000000000E+000 -8.988175883722948E-018
          84           1  0.000000000000000E+000 -1.601182411626791E-017
          84           2  0.000000000000000E+000 -8.988175883722923E-018
          85           1  0.000000000000000E+000 -1.601182411626836E-017
          85           2  0.000000000000000E+000 -8.988175883725032E-018
          86           1  0.000000000000000E+000 -1.601182411626553E-017
          86           2  0.000000000000000E+000 -8.988175883724342E-018
          87           1  0.000000000000000E+000 -1.601182411626514E-017
          87           2  0.000000000000000E+000 -8.988175883723581E-018
          88           1  0.000000000000000E+000 -1.601182411626710E-017
          88           2  0.000000000000000E+000 -8.988175883728334E-018
          89           1  0.000000000000000E+000 -1.601182411626831E-017
          89           2  0.000000000000000E+000 -8.988175883729291E-018
          90           1  0.000000000000000E+000 -1.601182411626768E-017
          90           2  0.000000000000000E+000 -8.988175883727353E-018
          91           1  0.000000000000000E+000 -1.601182411626732E-017
          91           2  0.000000000000000E+000 -8.988175883727051E-018
          92           1  0.000000000000000E+000 -1.601182411626657E-017
          92           2  0.000000000000000E+000 -8.988175883721409E-018
          93           1  0.000000000000000E+000 -1.601182411627131E-017
          93           2  0.000000000000000E+000 -8.988175883723526E-018
          94           1  0.000000000000000E+000 -1.601182411627330E-017
          94           2  0.000000000000000E+000 -8.988175883726997E-018
          95           1  0.000000000000000E+000 -1.601182411627101E-017
          95           2  0.000000000000000E+000 -8.988175883725698E-018
          96           1  0.000000000000000E+000 -1.601182411627054E-017
          96           2  0.000000000000000E+000 -8.988175883724697E-018
          97           1  0.000000000000000E+000 -1.601182411627552E-017
          97           2  0.000000000000000E+000 -8.988175883725596E-018
          98           1  0.000000000000000E+000 -1.601182411627648E-017
          98           2  0.000000000000000E+000 -8.988175883726169E-018
          99           1  0.000000000000000E+000 -1.601182411627587E-017
          99           2  0.000000000000000E+000 -8.988175883725949E-018
         100           1  0.000000000000000E+000 -1.601182411627469E-017
         100           2  0.000000000000000E+000 -8.988175883725818E-018
         101           1  0.000000000000000E+000 -1.601182411626638E-017
         101           2  0.000000000000000E+000 -8.988175883729020E-018
         102           1  0.000000000000000E+000 -1.601182411626781E-017
         102           2  0.000000000000000E+000 -8.988175883725647E-018
         103           1  0.000000000000000E+000 -1.601182411626757E-017
         103           2  0.000000000000000E+000 -8.988175883722305E-018
         104           1  0.000000000000000E+000 -1.601182411626896E-017
         104           2  0.000000000000000E+000 -8.988175883721051E-018
         105           1  0.000000000000000E+000 -1.601182411626944E-017
         105           2  0.000000000000000E+000 -8.988175883722983E-018
         106           1  0.000000000000000E+000 -1.601182411626813E-017
         106           2  0.000000000000000E+000 -8.988175883723840E-018
         107           1  0.000000000000000E+000 -1.601182411626762E-017
         107           2  0.000000000000000E+000 -8.988175883721396E-018
         108           1  0.000000000000000E+000 -1.601182411626844E-017
         108           2  0.000000000000000E+000 -8.988175883724864E-018
         109           1  0.000000000000000E+000 -1.601182411626905E-017
         109           2  0.000000000000000E+000 -8.988175883729524E-018
         110           1  0.000000000000000E+000 -1.601182411626732E-017
         110           2  0.000000000000000E+000 -8.988175883728347E-018
         111           1  0.000000000000000E+000 -1.601182411627037E-017
         111           2  0.000000000000000E+000 -8.988175883729473E-018
         112           1  0.000000000000000E+000 -1.601182411627101E-017
         112           2  0.000000000000000E+000 -8.988175883725396E-018
         113           1  0.000000000000000E+000 -1.601182411627502E-017
         113           2  0.000000000000000E+000 -8.988175883727479E-018
         114           1  0.000000000000000E+000 -1.601182411627223E-017
         114           2  0.000000000000000E+000 -8.988175883725980E-018
         115           1  0.000000000000000E+000 -1.601182411627046E-017
         115           2  0.000000000000000E+000 -8.988175883724864E-018
         116           1  0.000000000000000E+000 -1.601182411627119E-017
         116           2  0.000000000000000E+000 -8.988175883725509E-018
         117           1  0.000000000000000E+000 -1.601182411627134E-017
         117           2  0.000000000000000E+000 -8.988175883720116E-018
         118           1  0.000000000000000E+000 -1.601182411627466E-017
         118           2  0.000000000000000E+000 -8.988175883722376E-018
         119           1  0.000000000000000E+000 -1.601182411627441E-017
         119           2  0.000000000000000E+000 -8.988175883724897E-018
         120           1  0.000000000000000E+000 -1.601182411627664E-017
         120           2  0.000000000000000E+000 -8.988175883724039E-018
         121           1  0.000000000000000E+000 -1.601182411626733E-017
         121           2  0.000000000000000E+000 -8.988175883726929E-018
         122           1  0.000000000000000E+000 -1.601182411626821E-017
         122           2  0.000000000000000E+000 -8.988175883724783E-018
         123           1  0.000000000000000E+000 -1.601182411626757E-017
         123           2  0.000000000000000E+000 -8.988175883720258E-018
         124           1  0.000000000000000E+000 -1.601182411626986E-017
         124           2  0.000000000000000E+000 -8.988175883718407E-018
         125           1  0.000000000000000E+000 -1.601182411627003E-017
         125           2  0.000000000000000E+000 -8.988175883721245E-018
         126           1  0.000000000000000E+000 -1.601182411627117E-017
         126           2  0.000000000000000E+000 -8.988175883722704E-018
         127           1  0.000000000000000E+000 -1.601182411627176E-017
         127           2  0.000000000000000E+000 -8.988175883725436E-018
         128           1  0.000000000000000E+000 -1.601182411627104E-017
         128           2  0.000000000000000E+000 -8.988175883726304E-018
         129           1  0.000000000000000E+000 -1.601182411626992E-017
         129           2  0.000000000000000E+000 -8.988175883728152E-018
         130           1  0.000000000000000E+000 -1.601182411627042E-017
         130           2  0.000000000000000E+000 -8.988175883729450E-018
         131           1  0.000000000000000E+000 -1.601182411627400E-017
         131           2  0.000000000000000E+000 -8.988175883729847E-018
         132           1  0.000000000000000E+000 -1.601182411627304E-017
         132           2  0.000000000000000E+000 -8.988175883727006E-018
         133           1  0.000000000000000E+000 -1.601182411627637E-017
         133           2  0.000000000000000E+000 -8.988175883729534E-018
         134           1  0.000000000000000E+000 -1.601182411627551E-017
         134           2  0.000000000000000E+000 -8.988175883728755E-018
         135           1  0.000000000000000E+000 -1.601182411627801E-017
         135           2  0.000000000000000E+000 -8.988175883733049E-018
         136           1  0.000000000000000E+000 -1.601182411628174E-017
         136           2  0.000000000000000E+000 -8.988175883735970E-018
         137           1  0.000000000000000E+000 -1.601182411627695E-017
         137           2  0.000000000000000E+000 -8.988175883727978E-018
         138           1  0.000000000000000E+000 -1.601182411627073E-017
         138           2  0.000000000000000E+000 -8.988175883720664E-018
         139           1  0.000000000000000E+000 -1.601182411627397E-017
         139           2  0.000000000000000E+000 -8.988175883726313E-018
         140           1  0.000000000000000E+000 -1.601182411627997E-017
         140           2  0.000000000000000E+000 -8.988175883730847E-018
         141           1  0.000000000000000E+000 -1.601182411626626E-017
         141           2  0.000000000000000E+000 -8.988175883727182E-018
         142           1  0.000000000000000E+000 -1.601182411626732E-017
         142           2  0.000000000000000E+000 -8.988175883727610E-018
         143           1  0.000000000000000E+000 -1.601182411626812E-017
         143           2  0.000000000000000E+000 -8.988175883720621E-018
         144           1  0.000000000000000E+000 -1.601182411627090E-017
         144           2  0.000000000000000E+000 -8.988175883717863E-018
         145           1  0.000000000000000E+000 -1.601182411627148E-017
         145           2  0.000000000000000E+000 -8.988175883720490E-018
         146           1  0.000000000000000E+000 -1.601182411627252E-017
         146           2  0.000000000000000E+000 -8.988175883720754E-018
         147           1  0.000000000000000E+000 -1.601182411627262E-017
         147           2  0.000000000000000E+000 -8.988175883723513E-018
         148           1  0.000000000000000E+000 -1.601182411627198E-017
         148           2  0.000000000000000E+000 -8.988175883725746E-018
         149           1  0.000000000000000E+000 -1.601182411627083E-017
         149           2  0.000000000000000E+000 -8.988175883727348E-018
         150           1  0.000000000000000E+000 -1.601182411626858E-017
         150           2  0.000000000000000E+000 -8.988175883728608E-018
         151           1  0.000000000000000E+000 -1.601182411627042E-017
         151           2  0.000000000000000E+000 -8.988175883729494E-018
         152           1  0.000000000000000E+000 -1.601182411626960E-017
         152           2  0.000000000000000E+000 -8.988175883726060E-018
         153           1  0.000000000000000E+000 -1.601182411627046E-017
         153           2  0.000000000000000E+000 -8.988175883725834E-018
         154           1  0.000000000000000E+000 -1.601182411627372E-017
         154           2  0.000000000000000E+000 -8.988175883729934E-018
         155           1  0.000000000000000E+000 -1.601182411627748E-017
         155           2  0.000000000000000E+000 -8.988175883735013E-018
         156           1  0.000000000000000E+000 -1.601182411628316E-017
         156           2  0.000000000000000E+000 -8.988175883741070E-018
         157           1  0.000000000000000E+000 -1.601182411627710E-017
         157           2  0.000000000000000E+000 -8.988175883732229E-018
         158           1  0.000000000000000E+000 -1.601182411626981E-017
         158           2  0.000000000000000E+000 -8.988175883722398E-018
         159           1  0.000000000000000E+000 -1.601182411626893E-017
         159           2  0.000000000000000E+000 -8.988175883722760E-018
         160           1  0.000000000000000E+000 -1.601182411627397E-017
         160           2  0.000000000000000E+000 -8.988175883726228E-018
         161           1  0.000000000000000E+000 -1.601182411626488E-017
         161           2  0.000000000000000E+000 -8.988175883727767E-018
         162           1  0.000000000000000E+000 -1.601182411626789E-017
         162           2  0.000000000000000E+000 -8.988175883730980E-018
         163           1  0.000000000000000E+000 -1.601182411626857E-017
         163           2  0.000000000000000E+000 -8.988175883725023E-018
         164           1  0.000000000000000E+000 -1.601182411626945E-017
         164           2  0.000000000000000E+000 -8.988175883721154E-018
         165           1  0.000000000000000E+000 -1.601182411627173E-017
         165           2  0.000000000000000E+000 -8.988175883720288E-018
         166           1  0.000000000000000E+000 -1.601182411627289E-017
         166           2  0.000000000000000E+000 -8.988175883720991E-018
         167           1  0.000000000000000E+000 -1.601182411627241E-017
         167           2  0.000000000000000E+000 -8.988175883721708E-018
         168           1  0.000000000000000E+000 -1.601182411627203E-017
         168           2  0.000000000000000E+000 -8.988175883722828E-018
         169           1  0.000000000000000E+000 -1.601182411627042E-017
         169           2  0.000000000000000E+000 -8.988175883726000E-018
         170           1  0.000000000000000E+000 -1.601182411626741E-017
         170           2  0.000000000000000E+000 -8.988175883727646E-018
         171           1  0.000000000000000E+000 -1.601182411626974E-017
         171           2  0.000000000000000E+000 -8.988175883729588E-018
         172           1  0.000000000000000E+000 -1.601182411626987E-017
         172           2  0.000000000000000E+000 -8.988175883727764E-018
         173           1  0.000000000000000E+000 -1.601182411627373E-017
         173           2  0.000000000000000E+000 -8.988175883731875E-018
         174           1  0.000000000000000E+000 -1.601182411627123E-017
         174           2  0.000000000000000E+000 -8.988175883729088E-018
         175           1  0.000000000000000E+000 -1.601182411627599E-017
         175           2  0.000000000000000E+000 -8.988175883734604E-018
         176           1  0.000000000000000E+000 -1.601182411628774E-017
         176           2  0.000000000000000E+000 -8.988175883746581E-018
         177           1  0.000000000000000E+000 -1.601182411627769E-017
         177           2  0.000000000000000E+000 -8.988175883733927E-018
         178           1  0.000000000000000E+000 -1.601182411627048E-017
         178           2  0.000000000000000E+000 -8.988175883723783E-018
         179           1  0.000000000000000E+000 -1.601182411627072E-017
         179           2  0.000000000000000E+000 -8.988175883723541E-018
         180           1  0.000000000000000E+000 -1.601182411627427E-017
         180           2  0.000000000000000E+000 -8.988175883725236E-018
         181           1  0.000000000000000E+000 -1.601182411626541E-017
         181           2  0.000000000000000E+000 -8.988175883731299E-018
         182           1  0.000000000000000E+000 -1.601182411626632E-017
         182           2  0.000000000000000E+000 -8.988175883731494E-018
         183           1  0.000000000000000E+000 -1.601182411626814E-017
         183           2  0.000000000000000E+000 -8.988175883729242E-018
         184           1  0.000000000000000E+000 -1.601182411626936E-017
         184           2  0.000000000000000E+000 -8.988175883725586E-018
         185           1  0.000000000000000E+000 -1.601182411627105E-017
         185           2  0.000000000000000E+000 -8.988175883721991E-018
         186           1  0.000000000000000E+000 -1.601182411627169E-017
         186           2  0.000000000000000E+000 -8.988175883722017E-018
         187           1  0.000000000000000E+000 -1.601182411627211E-017
         187           2  0.000000000000000E+000 -8.988175883721134E-018
         188           1  0.000000000000000E+000 -1.601182411627029E-017
         188           2  0.000000000000000E+000 -8.988175883722521E-018
         189           1  0.000000000000000E+000 -1.601182411626966E-017
         189           2  0.000000000000000E+000 -8.988175883727034E-018
         190           1  0.000000000000000E+000 -1.601182411626639E-017
         190           2  0.000000000000000E+000 -8.988175883726843E-018
         191           1  0.000000000000000E+000 -1.601182411626525E-017
         191           2  0.000000000000000E+000 -8.988175883726294E-018
         192           1  0.000000000000000E+000 -1.601182411627040E-017
         192           2  0.000000000000000E+000 -8.988175883729434E-018
         193           1  0.000000000000000E+000 -1.601182411627672E-017
         193           2  0.000000000000000E+000 -8.988175883734756E-018
         194           1  0.000000000000000E+000 -1.601182411627755E-017
         194           2  0.000000000000000E+000 -8.988175883734953E-018
         195           1  0.000000000000000E+000 -1.601182411627778E-017
         195           2  0.000000000000000E+000 -8.988175883735603E-018
         196           1  0.000000000000000E+000 -1.601182411627840E-017
         196           2  0.000000000000000E+000 -8.988175883735668E-018
         197           1  0.000000000000000E+000 -1.601182411627180E-017
         197           2  0.000000000000000E+000 -8.988175883726376E-018
         198           1  0.000000000000000E+000 -1.601182411626978E-017
         198           2  0.000000000000000E+000 -8.988175883721712E-018
         199           1  0.000000000000000E+000 -1.601182411628116E-017
         199           2  0.000000000000000E+000 -8.988175883732821E-018
         200           1  0.000000000000000E+000 -1.601182411628639E-017
         200           2  0.000000000000000E+000 -8.988175883737773E-018
         201           1  0.000000000000000E+000 -1.601182411626666E-017
         201           2  0.000000000000000E+000 -8.988175883731322E-018
         202           1  0.000000000000000E+000 -1.601182411626643E-017
         202           2  0.000000000000000E+000 -8.988175883731497E-018
         203           1  0.000000000000000E+000 -1.601182411626794E-017
         203           2  0.000000000000000E+000 -8.988175883730551E-018
         204           1  0.000000000000000E+000 -1.601182411626904E-017
         204           2  0.000000000000000E+000 -8.988175883727237E-018
         205           1  0.000000000000000E+000 -1.601182411626977E-017
         205           2  0.000000000000000E+000 -8.988175883725259E-018
         206           1  0.000000000000000E+000 -1.601182411627025E-017
         206           2  0.000000000000000E+000 -8.988175883723133E-018
         207           1  0.000000000000000E+000 -1.601182411627086E-017
         207           2  0.000000000000000E+000 -8.988175883720865E-018
         208           1  0.000000000000000E+000 -1.601182411626974E-017
         208           2  0.000000000000000E+000 -8.988175883721298E-018
         209           1  0.000000000000000E+000 -1.601182411626586E-017
         209           2  0.000000000000000E+000 -8.988175883723894E-018
         210           1  0.000000000000000E+000 -1.601182411626475E-017
         210           2  0.000000000000000E+000 -8.988175883723820E-018
         211           1  0.000000000000000E+000 -1.601182411626226E-017
         211           2  0.000000000000000E+000 -8.988175883721506E-018
         212           1  0.000000000000000E+000 -1.601182411626734E-017
         212           2  0.000000000000000E+000 -8.988175883726778E-018
         213           1  0.000000000000000E+000 -1.601182411627426E-017
         213           2  0.000000000000000E+000 -8.988175883730670E-018
         214           1  0.000000000000000E+000 -1.601182411627841E-017
         214           2  0.000000000000000E+000 -8.988175883731966E-018
         215           1  0.000000000000000E+000 -1.601182411627922E-017
         215           2  0.000000000000000E+000 -8.988175883735137E-018
         216           1  0.000000000000000E+000 -1.601182411627591E-017
         216           2  0.000000000000000E+000 -8.988175883733847E-018
         217           1  0.000000000000000E+000 -1.601182411628312E-017
         217           2  0.000000000000000E+000 -8.988175883738266E-018
         218           1  0.000000000000000E+000 -1.601182411627369E-017
         218           2  0.000000000000000E+000 -8.988175883724730E-018
         219           1  0.000000000000000E+000 -1.601182411629515E-017
         219           2  0.000000000000000E+000 -8.988175883745540E-018
         220           1  0.000000000000000E+000 -1.601182411629482E-017
         220           2  0.000000000000000E+000 -8.988175883744373E-018
         221           1  0.000000000000000E+000 -1.601182411626636E-017
         221           2  0.000000000000000E+000 -8.988175883728542E-018
         222           1  0.000000000000000E+000 -1.601182411626653E-017
         222           2  0.000000000000000E+000 -8.988175883730276E-018
         223           1  0.000000000000000E+000 -1.601182411626645E-017
         223           2  0.000000000000000E+000 -8.988175883730761E-018
         224           1  0.000000000000000E+000 -1.601182411626626E-017
         224           2  0.000000000000000E+000 -8.988175883729283E-018
         225           1  0.000000000000000E+000 -1.601182411626806E-017
         225           2  0.000000000000000E+000 -8.988175883727339E-018
         226           1  0.000000000000000E+000 -1.601182411626996E-017
         226           2  0.000000000000000E+000 -8.988175883723543E-018
         227           1  0.000000000000000E+000 -1.601182411626945E-017
         227           2  0.000000000000000E+000 -8.988175883720714E-018
         228           1  0.000000000000000E+000 -1.601182411626811E-017
         228           2  0.000000000000000E+000 -8.988175883719346E-018
         229           1  0.000000000000000E+000 -1.601182411626479E-017
         229           2  0.000000000000000E+000 -8.988175883719598E-018
         230           1  0.000000000000000E+000 -1.601182411626222E-017
         230           2  0.000000000000000E+000 -8.988175883718540E-018
         231           1  0.000000000000000E+000 -1.601182411626433E-017
         231           2  0.000000000000000E+000 -8.988175883722008E-018
         232           1  0.000000000000000E+000 -1.601182411627234E-017
         232           2  0.000000000000000E+000 -8.988175883728299E-018
         233           1  0.000000000000000E+000 -1.601182411627894E-017
         233           2  0.000000000000000E+000 -8.988175883732209E-018
         234           1  0.000000000000000E+000 -1.601182411628915E-017
         234           2  0.000000000000000E+000 -8.988175883739841E-018
         235           1  0.000000000000000E+000 -1.601182411629111E-017
         235           2  0.000000000000000E+000 -8.988175883742763E-018
         236           1  0.000000000000000E+000 -1.601182411629160E-017
         236           2  0.000000000000000E+000 -8.988175883748082E-018
         237           1  0.000000000000000E+000 -1.601182411628843E-017
         237           2  0.000000000000000E+000 -8.988175883743893E-018
         238           1  0.000000000000000E+000 -1.601182411629006E-017
         238           2  0.000000000000000E+000 -8.988175883743637E-018
         239           1  0.000000000000000E+000 -1.601182411630326E-017
         239           2  0.000000000000000E+000 -8.988175883756505E-018
         240           1  0.000000000000000E+000 -1.601182411630731E-017
         240           2  0.000000000000000E+000 -8.988175883757272E-018
         241           1  0.000000000000000E+000 -1.601182411626816E-017
         241           2  0.000000000000000E+000 -8.988175883731770E-018
         242           1  0.000000000000000E+000 -1.601182411626793E-017
         242           2  0.000000000000000E+000 -8.988175883729180E-018
         243           1  0.000000000000000E+000 -1.601182411626806E-017
         243           2  0.000000000000000E+000 -8.988175883729744E-018
         244           1  0.000000000000000E+000 -1.601182411626808E-017
         244           2  0.000000000000000E+000 -8.988175883728639E-018
         245           1  0.000000000000000E+000 -1.601182411626692E-017
         245           2  0.000000000000000E+000 -8.988175883726715E-018
         246           1  0.000000000000000E+000 -1.601182411626865E-017
         246           2  0.000000000000000E+000 -8.988175883724901E-018
         247           1  0.000000000000000E+000 -1.601182411627038E-017
         247           2  0.000000000000000E+000 -8.988175883721734E-018
         248           1  0.000000000000000E+000 -1.601182411626824E-017
         248           2  0.000000000000000E+000 -8.988175883718530E-018
         249           1  0.000000000000000E+000 -1.601182411626277E-017
         249           2  0.000000000000000E+000 -8.988175883715515E-018
         250           1  0.000000000000000E+000 -1.601182411625990E-017
         250           2  0.000000000000000E+000 -8.988175883714542E-018
         251           1  0.000000000000000E+000 -1.601182411625757E-017
         251           2  0.000000000000000E+000 -8.988175883711976E-018
         252           1  0.000000000000000E+000 -1.601182411626249E-017
         252           2  0.000000000000000E+000 -8.988175883715736E-018
         253           1  0.000000000000000E+000 -1.601182411628309E-017
         253           2  0.000000000000000E+000 -8.988175883732879E-018
         254           1  0.000000000000000E+000 -1.601182411630266E-017
         254           2  0.000000000000000E+000 -8.988175883751217E-018
         255           1  0.000000000000000E+000 -1.601182411630493E-017
         255           2  0.000000000000000E+000 -8.988175883755347E-018
         256           1  0.000000000000000E+000 -1.601182411630258E-017
         256           2  0.000000000000000E+000 -8.988175883756893E-018
         257           1  0.000000000000000E+000 -1.601182411630812E-017
         257           2  0.000000000000000E+000 -8.988175883762166E-018
         258           1  0.000000000000000E+000 -1.601182411631038E-017
         258           2  0.000000000000000E+000 -8.988175883760050E-018
         259           1  0.000000000000000E+000 -1.601182411630908E-017
         259           2  0.000000000000000E+000 -8.988175883759138E-018
         260           1  0.000000000000000E+000 -1.601182411631772E-017
         260           2  0.000000000000000E+000 -8.988175883767616E-018
         261           1  0.000000000000000E+000 -1.601182411627615E-017
         261           2  0.000000000000000E+000 -8.988175883733556E-018
         262           1  0.000000000000000E+000 -1.601182411627386E-017
         262           2  0.000000000000000E+000 -8.988175883733884E-018
         263           1  0.000000000000000E+000 -1.601182411627520E-017
         263           2  0.000000000000000E+000 -8.988175883735602E-018
         264           1  0.000000000000000E+000 -1.601182411627693E-017
         264           2  0.000000000000000E+000 -8.988175883735437E-018
         265           1  0.000000000000000E+000 -1.601182411627612E-017
         265           2  0.000000000000000E+000 -8.988175883734577E-018
         266           1  0.000000000000000E+000 -1.601182411627521E-017
         266           2  0.000000000000000E+000 -8.988175883731328E-018
         267           1  0.000000000000000E+000 -1.601182411627290E-017
         267           2  0.000000000000000E+000 -8.988175883724784E-018
         268           1  0.000000000000000E+000 -1.601182411627287E-017
         268           2  0.000000000000000E+000 -8.988175883723341E-018
         269           1  0.000000000000000E+000 -1.601182411626987E-017
         269           2  0.000000000000000E+000 -8.988175883721074E-018
         270           1  0.000000000000000E+000 -1.601182411626883E-017
         270           2  0.000000000000000E+000 -8.988175883720000E-018
         271           1  0.000000000000000E+000 -1.601182411626496E-017
         271           2  0.000000000000000E+000 -8.988175883717336E-018
         272           1  0.000000000000000E+000 -1.601182411627269E-017
         272           2  0.000000000000000E+000 -8.988175883724804E-018
         273           1  0.000000000000000E+000 -1.601182411627565E-017
         273           2  0.000000000000000E+000 -8.988175883724482E-018
         274           1  0.000000000000000E+000 -1.601182411630038E-017
         274           2  0.000000000000000E+000 -8.988175883750482E-018
         275           1  0.000000000000000E+000 -1.601182411631178E-017
         275           2  0.000000000000000E+000 -8.988175883762209E-018
         276           1  0.000000000000000E+000 -1.601182411631357E-017
         276           2  0.000000000000000E+000 -8.988175883765668E-018
         277           1  0.000000000000000E+000 -1.601182411631024E-017
         277           2  0.000000000000000E+000 -8.988175883763354E-018
         278           1  0.000000000000000E+000 -1.601182411629860E-017
         278           2  0.000000000000000E+000 -8.988175883751402E-018
         279           1  0.000000000000000E+000 -1.601182411630036E-017
         279           2  0.000000000000000E+000 -8.988175883753917E-018
         280           1  0.000000000000000E+000 -1.601182411632480E-017
         280           2  0.000000000000000E+000 -8.988175883777815E-018
         281           1  0.000000000000000E+000 -1.601182411627463E-017
         281           2  0.000000000000000E+000 -8.988175883729088E-018
         282           1  0.000000000000000E+000 -1.601182411627717E-017
         282           2  0.000000000000000E+000 -8.988175883731413E-018
         283           1  0.000000000000000E+000 -1.601182411627850E-017
         283           2  0.000000000000000E+000 -8.988175883736175E-018
         284           1  0.000000000000000E+000 -1.601182411627663E-017
         284           2  0.000000000000000E+000 -8.988175883733838E-018
         285           1  0.000000000000000E+000 -1.601182411627887E-017
         285           2  0.000000000000000E+000 -8.988175883737553E-018
         286           1  0.000000000000000E+000 -1.601182411628061E-017
         286           2  0.000000000000000E+000 -8.988175883736329E-018
         287           1  0.000000000000000E+000 -1.601182411627807E-017
         287           2  0.000000000000000E+000 -8.988175883729739E-018
         288           1  0.000000000000000E+000 -1.601182411627676E-017
         288           2  0.000000000000000E+000 -8.988175883727498E-018
         289           1  0.000000000000000E+000 -1.601182411627730E-017
         289           2  0.000000000000000E+000 -8.988175883730055E-018
         290           1  0.000000000000000E+000 -1.601182411627520E-017
         290           2  0.000000000000000E+000 -8.988175883727273E-018
         291           1  0.000000000000000E+000 -1.601182411628260E-017
         291           2  0.000000000000000E+000 -8.988175883734309E-018
         292           1  0.000000000000000E+000 -1.601182411628089E-017
         292           2  0.000000000000000E+000 -8.988175883731702E-018
         293           1  0.000000000000000E+000 -1.601182411628796E-017
         293           2  0.000000000000000E+000 -8.988175883736622E-018
         294           1  0.000000000000000E+000 -1.601182411630883E-017
         294           2  0.000000000000000E+000 -8.988175883759602E-018
         295           1  0.000000000000000E+000 -1.601182411631459E-017
         295           2  0.000000000000000E+000 -8.988175883764952E-018
         296           1  0.000000000000000E+000 -1.601182411630459E-017
         296           2  0.000000000000000E+000 -8.988175883753245E-018
         297           1  0.000000000000000E+000 -1.601182411630195E-017
         297           2  0.000000000000000E+000 -8.988175883755439E-018
         298           1  0.000000000000000E+000 -1.601182411628480E-017
         298           2  0.000000000000000E+000 -8.988175883739103E-018
         299           1  0.000000000000000E+000 -1.601182411629936E-017
         299           2  0.000000000000000E+000 -8.988175883754251E-018
         300           1  0.000000000000000E+000 -1.601182411631309E-017
         300           2  0.000000000000000E+000 -8.988175883767520E-018
         301           1  0.000000000000000E+000 -1.601182411627763E-017
         301           2  0.000000000000000E+000 -8.988175883728458E-018
         302           1  0.000000000000000E+000 -1.601182411627774E-017
         302           2  0.000000000000000E+000 -8.988175883729347E-018
         303           1  0.000000000000000E+000 -1.601182411627628E-017
         303           2  0.000000000000000E+000 -8.988175883731568E-018
         304           1  0.000000000000000E+000 -1.601182411627644E-017
         304           2  0.000000000000000E+000 -8.988175883731499E-018
         305           1  0.000000000000000E+000 -1.601182411627799E-017
         305           2  0.000000000000000E+000 -8.988175883733514E-018
         306           1  0.000000000000000E+000 -1.601182411628271E-017
         306           2  0.000000000000000E+000 -8.988175883735990E-018
         307           1  0.000000000000000E+000 -1.601182411628335E-017
         307           2  0.000000000000000E+000 -8.988175883734124E-018
         308           1  0.000000000000000E+000 -1.601182411628216E-017
         308           2  0.000000000000000E+000 -8.988175883732756E-018
         309           1  0.000000000000000E+000 -1.601182411628044E-017
         309           2  0.000000000000000E+000 -8.988175883731137E-018
         310           1  0.000000000000000E+000 -1.601182411628547E-017
         310           2  0.000000000000000E+000 -8.988175883736978E-018
         311           1  0.000000000000000E+000 -1.601182411629236E-017
         311           2  0.000000000000000E+000 -8.988175883744138E-018
         312           1  0.000000000000000E+000 -1.601182411629443E-017
         312           2  0.000000000000000E+000 -8.988175883745426E-018
         313           1  0.000000000000000E+000 -1.601182411629675E-017
         313           2  0.000000000000000E+000 -8.988175883747010E-018
         314           1  0.000000000000000E+000 -1.601182411630253E-017
         314           2  0.000000000000000E+000 -8.988175883753109E-018
         315           1  0.000000000000000E+000 -1.601182411631428E-017
         315           2  0.000000000000000E+000 -8.988175883766992E-018
         316           1  0.000000000000000E+000 -1.601182411630682E-017
         316           2  0.000000000000000E+000 -8.988175883758490E-018
         317           1  0.000000000000000E+000 -1.601182411630503E-017
         317           2  0.000000000000000E+000 -8.988175883757545E-018
         318           1  0.000000000000000E+000 -1.601182411630023E-017
         318           2  0.000000000000000E+000 -8.988175883755655E-018
         319           1  0.000000000000000E+000 -1.601182411630521E-017
         319           2  0.000000000000000E+000 -8.988175883759816E-018
         320           1  0.000000000000000E+000 -1.601182411631327E-017
         320           2  0.000000000000000E+000 -8.988175883767326E-018
         321           1  0.000000000000000E+000 -1.601182411627330E-017
         321           2  0.000000000000000E+000 -8.988175883722932E-018
         322           1  0.000000000000000E+000 -1.601182411627498E-017
         322           2  0.000000000000000E+000 -8.988175883726387E-018
         323           1  0.000000000000000E+000 -1.601182411627391E-017
         323           2  0.000000000000000E+000 -8.988175883727693E-018
         324           1  0.000000000000000E+000 -1.601182411627865E-017
         324           2  0.000000000000000E+000 -8.988175883727397E-018
         325           1  0.000000000000000E+000 -1.601182411628024E-017
         325           2  0.000000000000000E+000 -8.988175883729690E-018
         326           1  0.000000000000000E+000 -1.601182411628238E-017
         326           2  0.000000000000000E+000 -8.988175883730816E-018
         327           1  0.000000000000000E+000 -1.601182411628299E-017
         327           2  0.000000000000000E+000 -8.988175883732533E-018
         328           1  0.000000000000000E+000 -1.601182411628342E-017
         328           2  0.000000000000000E+000 -8.988175883735355E-018
         329           1  0.000000000000000E+000 -1.601182411628276E-017
         329           2  0.000000000000000E+000 -8.988175883734024E-018
         330           1  0.000000000000000E+000 -1.601182411628581E-017
         330           2  0.000000000000000E+000 -8.988175883737579E-018
         331           1  0.000000000000000E+000 -1.601182411628322E-017
         331           2  0.000000000000000E+000 -8.988175883736101E-018
         332           1  0.000000000000000E+000 -1.601182411628689E-017
         332           2  0.000000000000000E+000 -8.988175883740078E-018
         333           1  0.000000000000000E+000 -1.601182411629051E-017
         333           2  0.000000000000000E+000 -8.988175883743623E-018
         334           1  0.000000000000000E+000 -1.601182411629882E-017
         334           2  0.000000000000000E+000 -8.988175883750894E-018
         335           1  0.000000000000000E+000 -1.601182411630590E-017
         335           2  0.000000000000000E+000 -8.988175883759881E-018
         336           1  0.000000000000000E+000 -1.601182411631124E-017
         336           2  0.000000000000000E+000 -8.988175883766050E-018
         337           1  0.000000000000000E+000 -1.601182411630385E-017
         337           2  0.000000000000000E+000 -8.988175883757539E-018
         338           1  0.000000000000000E+000 -1.601182411630570E-017
         338           2  0.000000000000000E+000 -8.988175883758708E-018
         339           1  0.000000000000000E+000 -1.601182411631733E-017
         339           2  0.000000000000000E+000 -8.988175883764617E-018
         340           1  0.000000000000000E+000 -1.601182411628292E-017
         340           2  0.000000000000000E+000 -8.988175883738614E-018
         341           1  0.000000000000000E+000 -1.601182411627459E-017
         341           2  0.000000000000000E+000 -8.988175883723311E-018
         342           1  0.000000000000000E+000 -1.601182411627614E-017
         342           2  0.000000000000000E+000 -8.988175883725847E-018
         343           1  0.000000000000000E+000 -1.601182411627608E-017
         343           2  0.000000000000000E+000 -8.988175883723091E-018
         344           1  0.000000000000000E+000 -1.601182411627685E-017
         344           2  0.000000000000000E+000 -8.988175883724113E-018
         345           1  0.000000000000000E+000 -1.601182411627783E-017
         345           2  0.000000000000000E+000 -8.988175883728995E-018
         346           1  0.000000000000000E+000 -1.601182411628017E-017
         346           2  0.000000000000000E+000 -8.988175883730456E-018
         347           1  0.000000000000000E+000 -1.601182411628032E-017
         347           2  0.000000000000000E+000 -8.988175883731733E-018
         348           1  0.000000000000000E+000 -1.601182411628437E-017
         348           2  0.000000000000000E+000 -8.988175883735781E-018
         349           1  0.000000000000000E+000 -1.601182411628488E-017
         349           2  0.000000000000000E+000 -8.988175883737586E-018
         350           1  0.000000000000000E+000 -1.601182411628616E-017
         350           2  0.000000000000000E+000 -8.988175883739321E-018
         351           1  0.000000000000000E+000 -1.601182411628539E-017
         351           2  0.000000000000000E+000 -8.988175883742654E-018
         352           1  0.000000000000000E+000 -1.601182411629334E-017
         352           2  0.000000000000000E+000 -8.988175883753521E-018
         353           1  0.000000000000000E+000 -1.601182411629867E-017
         353           2  0.000000000000000E+000 -8.988175883756792E-018
         354           1  0.000000000000000E+000 -1.601182411629874E-017
         354           2  0.000000000000000E+000 -8.988175883752869E-018
         355           1  0.000000000000000E+000 -1.601182411629817E-017
         355           2  0.000000000000000E+000 -8.988175883750372E-018
         356           1  0.000000000000000E+000 -1.601182411630726E-017
         356           2  0.000000000000000E+000 -8.988175883762049E-018
         357           1  0.000000000000000E+000 -1.601182411629547E-017
         357           2  0.000000000000000E+000 -8.988175883751769E-018
         358           1  0.000000000000000E+000 -1.601182411630050E-017
         358           2  0.000000000000000E+000 -8.988175883748384E-018
         359           1  0.000000000000000E+000 -1.601182411631173E-017
         359           2  0.000000000000000E+000 -8.988175883757838E-018
         360           1  0.000000000000000E+000 -1.601182411631064E-017
         360           2  0.000000000000000E+000 -8.988175883758775E-018
         361           1  0.000000000000000E+000 -1.601182411627157E-017
         361           2  0.000000000000000E+000 -8.988175883729279E-018
         362           1  0.000000000000000E+000 -1.601182411627525E-017
         362           2  0.000000000000000E+000 -8.988175883721851E-018
         363           1  0.000000000000000E+000 -1.601182411627793E-017
         363           2  0.000000000000000E+000 -8.988175883719526E-018
         364           1  0.000000000000000E+000 -1.601182411627645E-017
         364           2  0.000000000000000E+000 -8.988175883725424E-018
         365           1  0.000000000000000E+000 -1.601182411627486E-017
         365           2  0.000000000000000E+000 -8.988175883729057E-018
         366           1  0.000000000000000E+000 -1.601182411627666E-017
         366           2  0.000000000000000E+000 -8.988175883731283E-018
         367           1  0.000000000000000E+000 -1.601182411628002E-017
         367           2  0.000000000000000E+000 -8.988175883735682E-018
         368           1  0.000000000000000E+000 -1.601182411628178E-017
         368           2  0.000000000000000E+000 -8.988175883735511E-018
         369           1  0.000000000000000E+000 -1.601182411628126E-017
         369           2  0.000000000000000E+000 -8.988175883736999E-018
         370           1  0.000000000000000E+000 -1.601182411628125E-017
         370           2  0.000000000000000E+000 -8.988175883741272E-018
         371           1  0.000000000000000E+000 -1.601182411628773E-017
         371           2  0.000000000000000E+000 -8.988175883752673E-018
         372           1  0.000000000000000E+000 -1.601182411629658E-017
         372           2  0.000000000000000E+000 -8.988175883762055E-018
         373           1  0.000000000000000E+000 -1.601182411630030E-017
         373           2  0.000000000000000E+000 -8.988175883762625E-018
         374           1  0.000000000000000E+000 -1.601182411630677E-017
         374           2  0.000000000000000E+000 -8.988175883763345E-018
         375           1  0.000000000000000E+000 -1.601182411631231E-017
         375           2  0.000000000000000E+000 -8.988175883764200E-018
         376           1  0.000000000000000E+000 -1.601182411630455E-017
         376           2  0.000000000000000E+000 -8.988175883762363E-018
         377           1  0.000000000000000E+000 -1.601182411628841E-017
         377           2  0.000000000000000E+000 -8.988175883745928E-018
         378           1  0.000000000000000E+000 -1.601182411629256E-017
         378           2  0.000000000000000E+000 -8.988175883743890E-018
         379           1  0.000000000000000E+000 -1.601182411629910E-017
         379           2  0.000000000000000E+000 -8.988175883749835E-018
         380           1  0.000000000000000E+000 -1.601182411630426E-017
         380           2  0.000000000000000E+000 -8.988175883754621E-018
         381           1  0.000000000000000E+000 -1.601182411627120E-017
         381           2  0.000000000000000E+000 -8.988175883729211E-018
         382           1  0.000000000000000E+000 -1.601182411627157E-017
         382           2  0.000000000000000E+000 -8.988175883728837E-018
         383           1  0.000000000000000E+000 -1.601182411627719E-017
         383           2  0.000000000000000E+000 -8.988175883721275E-018
         384           1  0.000000000000000E+000 -1.601182411627547E-017
         384           2  0.000000000000000E+000 -8.988175883725518E-018
         385           1  0.000000000000000E+000 -1.601182411627220E-017
         385           2  0.000000000000000E+000 -8.988175883726134E-018
         386           1  0.000000000000000E+000 -1.601182411627599E-017
         386           2  0.000000000000000E+000 -8.988175883730816E-018
         387           1  0.000000000000000E+000 -1.601182411627958E-017
         387           2  0.000000000000000E+000 -8.988175883737750E-018
         388           1  0.000000000000000E+000 -1.601182411628078E-017
         388           2  0.000000000000000E+000 -8.988175883737964E-018
         389           1  0.000000000000000E+000 -1.601182411628496E-017
         389           2  0.000000000000000E+000 -8.988175883743988E-018
         390           1  0.000000000000000E+000 -1.601182411628368E-017
         390           2  0.000000000000000E+000 -8.988175883746134E-018
         391           1  0.000000000000000E+000 -1.601182411628708E-017
         391           2  0.000000000000000E+000 -8.988175883753163E-018
         392           1  0.000000000000000E+000 -1.601182411629818E-017
         392           2  0.000000000000000E+000 -8.988175883764710E-018
         393           1  0.000000000000000E+000 -1.601182411630333E-017
         393           2  0.000000000000000E+000 -8.988175883765858E-018
         394           1  0.000000000000000E+000 -1.601182411628456E-017
         394           2  0.000000000000000E+000 -8.988175883742290E-018
         395           1  0.000000000000000E+000 -1.601182411628592E-017
         395           2  0.000000000000000E+000 -8.988175883742300E-018
         396           1  0.000000000000000E+000 -1.601182411628484E-017
         396           2  0.000000000000000E+000 -8.988175883742044E-018
         397           1  0.000000000000000E+000 -1.601182411628912E-017
         397           2  0.000000000000000E+000 -8.988175883747299E-018
         398           1  0.000000000000000E+000 -1.601182411629319E-017
         398           2  0.000000000000000E+000 -8.988175883749239E-018
         399           1  0.000000000000000E+000 -1.601182411628104E-017
         399           2  0.000000000000000E+000 -8.988175883738737E-018
         400           1  0.000000000000000E+000 -1.601182411628455E-017
         400           2  0.000000000000000E+000 -8.988175883742329E-018
