           1           1  0.000000000000000E+000 -2.749999999999060E-016
           1           2  0.000000000000000E+000 -1.249999999999949E-016
           2           1  0.000000000000000E+000 -2.749999999998719E-016
           2           2  0.000000000000000E+000 -1.249999999999695E-016
           3           1  0.000000000000000E+000 -2.749999999998994E-016
           3           2  0.000000000000000E+000 -1.249999999999988E-016
           4           1  0.000000000000000E+000 -2.749999999999019E-016
           4           2  0.000000000000000E+000 -1.249999999999647E-016
           5           1  0.000000000000000E+000 -2.749999999999180E-016
           5           2  0.000000000000000E+000 -1.249999999999882E-016
           6           1  0.000000000000000E+000 -2.749999999999183E-016
           6           2  0.000000000000000E+000 -1.249999999999903E-016
           7           1  0.000000000000000E+000 -2.749999999999193E-016
           7           2  0.000000000000000E+000 -1.249999999999978E-016
           8           1  0.000000000000000E+000 -2.749999999999011E-016
           8           2  0.000000000000000E+000 -1.249999999999983E-016
           9           1  0.000000000000000E+000 -2.749999999998930E-016
           9           2  0.000000000000000E+000 -1.249999999999866E-016
          10           1  0.000000000000000E+000 -2.749999999999104E-016
          10           2  0.000000000000000E+000 -1.249999999999956E-016
          11           1  0.000000000000000E+000 -2.749999999998978E-016
          11           2  0.000000000000000E+000 -1.249999999999936E-016
          12           1  0.000000000000000E+000 -2.749999999998956E-016
          12           2  0.000000000000000E+000 -1.249999999999952E-016
          13           1  0.000000000000000E+000 -2.749999999999080E-016
          13           2  0.000000000000000E+000 -1.249999999999860E-016
          14           1  0.000000000000000E+000 -2.749999999999152E-016
          14           2  0.000000000000000E+000 -1.249999999999836E-016
          15           1  0.000000000000000E+000 -2.749999999999200E-016
          15           2  0.000000000000000E+000 -1.249999999999943E-016
          16           1  0.000000000000000E+000 -2.749999999999148E-016
          16           2  0.000000000000000E+000 -1.249999999999880E-016
          17           1  0.000000000000000E+000 -2.749999999999226E-016
          17           2  0.000000000000000E+000 -1.249999999999975E-016
          18           1  0.000000000000000E+000 -2.749999999999058E-016
          18           2  0.000000000000000E+000 -1.250000000000266E-016
          19           1  0.000000000000000E+000 -2.749999999998677E-016
          19           2  0.000000000000000E+000 -1.249999999999700E-016
          20           1  0.000000000000000E+000 -2.749999999998971E-016
          20           2  0.000000000000000E+000 -1.249999999999947E-016
          21           1  0.000000000000000E+000 -2.749999999998977E-016
          21           2  0.000000000000000E+000 -1.249999999999847E-016
          22           1  0.000000000000000E+000 -2.749999999999213E-016
          22           2  0.000000000000000E+000 -1.250000000000023E-016
          23           1  0.000000000000000E+000 -2.749999999999426E-016
          23           2  0.000000000000000E+000 -1.249999999999957E-016
          24           1  0.000000000000000E+000 -2.749999999999512E-016
          24           2  0.000000000000000E+000 -1.249999999999801E-016
          25           1  0.000000000000000E+000 -2.749999999999258E-016
          25           2  0.000000000000000E+000 -1.249999999999621E-016
          26           1  0.000000000000000E+000 -2.749999999999530E-016
          26           2  0.000000000000000E+000 -1.249999999999917E-016
          27           1  0.000000000000000E+000 -2.749999999999550E-016
          27           2  0.000000000000000E+000 -1.249999999999969E-016
          28           1  0.000000000000000E+000 -2.749999999999395E-016
          28           2  0.000000000000000E+000 -1.249999999999893E-016
          29           1  0.000000000000000E+000 -2.749999999999279E-016
          29           2  0.000000000000000E+000 -1.250000000000192E-016
          30           1  0.000000000000000E+000 -2.749999999999098E-016
          30           2  0.000000000000000E+000 -1.249999999999969E-016
          31           1  0.000000000000000E+000 -2.749999999999112E-016
          31           2  0.000000000000000E+000 -1.249999999999872E-016
          32           1  0.000000000000000E+000 -2.749999999999166E-016
          32           2  0.000000000000000E+000 -1.249999999999943E-016
          33           1  0.000000000000000E+000 -2.749999999999560E-016
          33           2  0.000000000000000E+000 -1.249999999999985E-016
          34           1  0.000000000000000E+000 -2.749999999999695E-016
          34           2  0.000000000000000E+000 -1.249999999999826E-016
          35           1  0.000000000000000E+000 -2.749999999999829E-016
          35           2  0.000000000000000E+000 -1.249999999999842E-016
          36           1  0.000000000000000E+000 -2.749999999999822E-016
          36           2  0.000000000000000E+000 -1.249999999999870E-016
          37           1  0.000000000000000E+000 -2.749999999999681E-016
          37           2  0.000000000000000E+000 -1.249999999999844E-016
          38           1  0.000000000000000E+000 -2.749999999999548E-016
          38           2  0.000000000000000E+000 -1.249999999999766E-016
          39           1  0.000000000000000E+000 -2.749999999999256E-016
          39           2  0.000000000000000E+000 -1.250000000000127E-016
          40           1  0.000000000000000E+000 -2.749999999999208E-016
          40           2  0.000000000000000E+000 -1.250000000000088E-016
          41           1  0.000000000000000E+000 -2.749999999999166E-016
          41           2  0.000000000000000E+000 -1.249999999999920E-016
          42           1  0.000000000000000E+000 -2.749999999999195E-016
          42           2  0.000000000000000E+000 -1.249999999999939E-016
          43           1  0.000000000000000E+000 -2.749999999999670E-016
          43           2  0.000000000000000E+000 -1.250000000000110E-016
          44           1  0.000000000000000E+000 -2.749999999999646E-016
          44           2  0.000000000000000E+000 -1.249999999999792E-016
          45           1  0.000000000000000E+000 -2.749999999999902E-016
          45           2  0.000000000000000E+000 -1.249999999999878E-016
          46           1  0.000000000000000E+000 -2.750000000000032E-016
          46           2  0.000000000000000E+000 -1.249999999999934E-016
          47           1  0.000000000000000E+000 -2.749999999999629E-016
          47           2  0.000000000000000E+000 -1.249999999999633E-016
          48           1  0.000000000000000E+000 -2.749999999999412E-016
          48           2  0.000000000000000E+000 -1.249999999999771E-016
          49           1  0.000000000000000E+000 -2.749999999999272E-016
          49           2  0.000000000000000E+000 -1.250000000000095E-016
          50           1  0.000000000000000E+000 -2.749999999999262E-016
          50           2  0.000000000000000E+000 -1.249999999999982E-016
          51           1  0.000000000000000E+000 -2.749999999998979E-016
          51           2  0.000000000000000E+000 -1.249999999999656E-016
          52           1  0.000000000000000E+000 -2.749999999999235E-016
          52           2  0.000000000000000E+000 -1.249999999999955E-016
          53           1  0.000000000000000E+000 -2.749999999999593E-016
          53           2  0.000000000000000E+000 -1.250000000000053E-016
          54           1  0.000000000000000E+000 -2.749999999999817E-016
          54           2  0.000000000000000E+000 -1.249999999999873E-016
          55           1  0.000000000000000E+000 -2.750000000000045E-016
          55           2  0.000000000000000E+000 -1.249999999999971E-016
          56           1  0.000000000000000E+000 -2.749999999999607E-016
          56           2  0.000000000000000E+000 -1.249999999999323E-016
          57           1  0.000000000000000E+000 -2.749999999999440E-016
          57           2  0.000000000000000E+000 -1.249999999999395E-016
          58           1  0.000000000000000E+000 -2.749999999999351E-016
          58           2  0.000000000000000E+000 -1.249999999999669E-016
          59           1  0.000000000000000E+000 -2.749999999999206E-016
          59           2  0.000000000000000E+000 -1.249999999999972E-016
          60           1  0.000000000000000E+000 -2.749999999999243E-016
          60           2  0.000000000000000E+000 -1.249999999999993E-016
          61           1  0.000000000000000E+000 -2.749999999998729E-016
          61           2  0.000000000000000E+000 -1.249999999999199E-016
          62           1  0.000000000000000E+000 -2.749999999999022E-016
          62           2  0.000000000000000E+000 -1.249999999999808E-016
          63           1  0.000000000000000E+000 -2.749999999999387E-016
          63           2  0.000000000000000E+000 -1.249999999999759E-016
          64           1  0.000000000000000E+000 -2.749999999999524E-016
          64           2  0.000000000000000E+000 -1.249999999999569E-016
          65           1  0.000000000000000E+000 -2.749999999999654E-016
          65           2  0.000000000000000E+000 -1.249999999999746E-016
          66           1  0.000000000000000E+000 -2.749999999999776E-016
          66           2  0.000000000000000E+000 -1.249999999999921E-016
          67           1  0.000000000000000E+000 -2.749999999999143E-016
          67           2  0.000000000000000E+000 -1.249999999998695E-016
          68           1  0.000000000000000E+000 -2.749999999999328E-016
          68           2  0.000000000000000E+000 -1.249999999999598E-016
          69           1  0.000000000000000E+000 -2.749999999999302E-016
          69           2  0.000000000000000E+000 -1.250000000000360E-016
          70           1  0.000000000000000E+000 -2.749999999999078E-016
          70           2  0.000000000000000E+000 -1.249999999999877E-016
          71           1  0.000000000000000E+000 -2.749999999998700E-016
          71           2  0.000000000000000E+000 -1.249999999999696E-016
          72           1  0.000000000000000E+000 -2.749999999998846E-016
          72           2  0.000000000000000E+000 -1.249999999999748E-016
          73           1  0.000000000000000E+000 -2.749999999999244E-016
          73           2  0.000000000000000E+000 -1.249999999999702E-016
          74           1  0.000000000000000E+000 -2.749999999999597E-016
          74           2  0.000000000000000E+000 -1.250000000000152E-016
          75           1  0.000000000000000E+000 -2.749999999999499E-016
          75           2  0.000000000000000E+000 -1.249999999999756E-016
          76           1  0.000000000000000E+000 -2.749999999999598E-016
          76           2  0.000000000000000E+000 -1.250000000000089E-016
          77           1  0.000000000000000E+000 -2.749999999999545E-016
          77           2  0.000000000000000E+000 -1.250000000000170E-016
          78           1  0.000000000000000E+000 -2.749999999999494E-016
          78           2  0.000000000000000E+000 -1.250000000000140E-016
          79           1  0.000000000000000E+000 -2.749999999999164E-016
          79           2  0.000000000000000E+000 -1.250000000000044E-016
          80           1  0.000000000000000E+000 -2.749999999999195E-016
          80           2  0.000000000000000E+000 -1.249999999999893E-016
          81           1  0.000000000000000E+000 -2.749999999998860E-016
          81           2  0.000000000000000E+000 -1.250000000000019E-016
          82           1  0.000000000000000E+000 -2.749999999998809E-016
          82           2  0.000000000000000E+000 -1.249999999999862E-016
          83           1  0.000000000000000E+000 -2.749999999999021E-016
          83           2  0.000000000000000E+000 -1.249999999999842E-016
          84           1  0.000000000000000E+000 -2.749999999999193E-016
          84           2  0.000000000000000E+000 -1.249999999999979E-016
          85           1  0.000000000000000E+000 -2.749999999999153E-016
          85           2  0.000000000000000E+000 -1.249999999999839E-016
          86           1  0.000000000000000E+000 -2.749999999999321E-016
          86           2  0.000000000000000E+000 -1.250000000000248E-016
          87           1  0.000000000000000E+000 -2.749999999999172E-016
          87           2  0.000000000000000E+000 -1.249999999999857E-016
          88           1  0.000000000000000E+000 -2.749999999999007E-016
          88           2  0.000000000000000E+000 -1.249999999999811E-016
          89           1  0.000000000000000E+000 -2.749999999998774E-016
          89           2  0.000000000000000E+000 -1.249999999999991E-016
          90           1  0.000000000000000E+000 -2.749999999998871E-016
          90           2  0.000000000000000E+000 -1.249999999999924E-016
          91           1  0.000000000000000E+000 -2.749999999998970E-016
          91           2  0.000000000000000E+000 -1.249999999999911E-016
          92           1  0.000000000000000E+000 -2.749999999999037E-016
          92           2  0.000000000000000E+000 -1.250000000000113E-016
          93           1  0.000000000000000E+000 -2.749999999998732E-016
          93           2  0.000000000000000E+000 -1.249999999999243E-016
          94           1  0.000000000000000E+000 -2.749999999999228E-016
          94           2  0.000000000000000E+000 -1.249999999999942E-016
          95           1  0.000000000000000E+000 -2.749999999999283E-016
          95           2  0.000000000000000E+000 -1.250000000000005E-016
          96           1  0.000000000000000E+000 -2.749999999999167E-016
          96           2  0.000000000000000E+000 -1.249999999999988E-016
          97           1  0.000000000000000E+000 -2.749999999999079E-016
          97           2  0.000000000000000E+000 -1.249999999999982E-016
          98           1  0.000000000000000E+000 -2.749999999999114E-016
          98           2  0.000000000000000E+000 -1.249999999999997E-016
          99           1  0.000000000000000E+000 -2.749999999998992E-016
          99           2  0.000000000000000E+000 -1.250000000000041E-016
         100           1  0.000000000000000E+000 -2.749999999999102E-016
         100           2  0.000000000000000E+000 -1.250000000000032E-016
