           1           1  0.000000000000000E+000 -1.028571428571323E-015
           1           2  0.000000000000000E+000 -5.714285714285209E-016
           2           1  0.000000000000000E+000 -1.028571428571294E-015
           2           2  0.000000000000000E+000 -5.714285714284801E-016
           3           1  0.000000000000000E+000 -1.028571428571315E-015
           3           2  0.000000000000000E+000 -5.714285714285780E-016
           4           1  0.000000000000000E+000 -1.028571428571251E-015
           4           2  0.000000000000000E+000 -5.714285714284858E-016
           5           1  0.000000000000000E+000 -1.028571428571264E-015
           5           2  0.000000000000000E+000 -5.714285714285625E-016
           6           1  0.000000000000000E+000 -1.028571428571225E-015
           6           2  0.000000000000000E+000 -5.714285714285677E-016
           7           1  0.000000000000000E+000 -1.028571428571252E-015
           7           2  0.000000000000000E+000 -5.714285714285090E-016
           8           1  0.000000000000000E+000 -1.028571428571298E-015
           8           2  0.000000000000000E+000 -5.714285714285599E-016
           9           1  0.000000000000000E+000 -1.028571428571280E-015
           9           2  0.000000000000000E+000 -5.714285714284729E-016
          10           1  0.000000000000000E+000 -1.028571428571303E-015
          10           2  0.000000000000000E+000 -5.714285714284507E-016
          11           1  0.000000000000000E+000 -1.028571428571314E-015
          11           2  0.000000000000000E+000 -5.714285714285878E-016
          12           1  0.000000000000000E+000 -1.028571428571263E-015
          12           2  0.000000000000000E+000 -5.714285714284440E-016
          13           1  0.000000000000000E+000 -1.028571428571249E-015
          13           2  0.000000000000000E+000 -5.714285714285076E-016
          14           1  0.000000000000000E+000 -1.028571428571244E-015
          14           2  0.000000000000000E+000 -5.714285714284647E-016
          15           1  0.000000000000000E+000 -1.028571428571194E-015
          15           2  0.000000000000000E+000 -5.714285714284444E-016
          16           1  0.000000000000000E+000 -1.028571428571191E-015
          16           2  0.000000000000000E+000 -5.714285714285443E-016
          17           1  0.000000000000000E+000 -1.028571428571113E-015
          17           2  0.000000000000000E+000 -5.714285714283259E-016
          18           1  0.000000000000000E+000 -1.028571428571273E-015
          18           2  0.000000000000000E+000 -5.714285714285144E-016
          19           1  0.000000000000000E+000 -1.028571428571281E-015
          19           2  0.000000000000000E+000 -5.714285714285292E-016
          20           1  0.000000000000000E+000 -1.028571428571307E-015
          20           2  0.000000000000000E+000 -5.714285714285202E-016
          21           1  0.000000000000000E+000 -1.028571428571284E-015
          21           2  0.000000000000000E+000 -5.714285714285237E-016
          22           1  0.000000000000000E+000 -1.028571428571275E-015
          22           2  0.000000000000000E+000 -5.714285714285362E-016
          23           1  0.000000000000000E+000 -1.028571428571265E-015
          23           2  0.000000000000000E+000 -5.714285714286201E-016
          24           1  0.000000000000000E+000 -1.028571428571231E-015
          24           2  0.000000000000000E+000 -5.714285714284998E-016
          25           1  0.000000000000000E+000 -1.028571428571160E-015
          25           2  0.000000000000000E+000 -5.714285714285890E-016
          26           1  0.000000000000000E+000 -1.028571428571043E-015
          26           2  0.000000000000000E+000 -5.714285714283070E-016
          27           1  0.000000000000000E+000 -1.028571428571053E-015
          27           2  0.000000000000000E+000 -5.714285714282033E-016
          28           1  0.000000000000000E+000 -1.028571428571287E-015
          28           2  0.000000000000000E+000 -5.714285714286527E-016
          29           1  0.000000000000000E+000 -1.028571428571088E-015
          29           2  0.000000000000000E+000 -5.714285714281630E-016
          30           1  0.000000000000000E+000 -1.028571428571292E-015
          30           2  0.000000000000000E+000 -5.714285714284947E-016
          31           1  0.000000000000000E+000 -1.028571428571225E-015
          31           2  0.000000000000000E+000 -5.714285714284179E-016
          32           1  0.000000000000000E+000 -1.028571428571233E-015
          32           2  0.000000000000000E+000 -5.714285714283741E-016
          33           1  0.000000000000000E+000 -1.028571428571232E-015
          33           2  0.000000000000000E+000 -5.714285714285246E-016
          34           1  0.000000000000000E+000 -1.028571428571190E-015
          34           2  0.000000000000000E+000 -5.714285714285197E-016
          35           1  0.000000000000000E+000 -1.028571428571103E-015
          35           2  0.000000000000000E+000 -5.714285714284102E-016
          36           1  0.000000000000000E+000 -1.028571428571076E-015
          36           2  0.000000000000000E+000 -5.714285714283759E-016
          37           1  0.000000000000000E+000 -1.028571428571181E-015
          37           2  0.000000000000000E+000 -5.714285714284440E-016
          38           1  0.000000000000000E+000 -1.028571428571229E-015
          38           2  0.000000000000000E+000 -5.714285714284572E-016
          39           1  0.000000000000000E+000 -1.028571428571225E-015
          39           2  0.000000000000000E+000 -5.714285714284649E-016
          40           1  0.000000000000000E+000 -1.028571428571298E-015
          40           2  0.000000000000000E+000 -5.714285714286065E-016
          41           1  0.000000000000000E+000 -1.028571428571216E-015
          41           2  0.000000000000000E+000 -5.714285714284430E-016
          42           1  0.000000000000000E+000 -1.028571428571218E-015
          42           2  0.000000000000000E+000 -5.714285714285399E-016
          43           1  0.000000000000000E+000 -1.028571428571193E-015
          43           2  0.000000000000000E+000 -5.714285714284908E-016
          44           1  0.000000000000000E+000 -1.028571428571073E-015
          44           2  0.000000000000000E+000 -5.714285714283918E-016
          45           1  0.000000000000000E+000 -1.028571428570927E-015
          45           2  0.000000000000000E+000 -5.714285714283217E-016
          46           1  0.000000000000000E+000 -1.028571428571039E-015
          46           2  0.000000000000000E+000 -5.714285714284709E-016
          47           1  0.000000000000000E+000 -1.028571428571107E-015
          47           2  0.000000000000000E+000 -5.714285714284457E-016
          48           1  0.000000000000000E+000 -1.028571428571159E-015
          48           2  0.000000000000000E+000 -5.714285714284411E-016
          49           1  0.000000000000000E+000 -1.028571428571180E-015
          49           2  0.000000000000000E+000 -5.714285714284963E-016
          50           1  0.000000000000000E+000 -1.028571428571182E-015
          50           2  0.000000000000000E+000 -5.714285714284543E-016
          51           1  0.000000000000000E+000 -1.028571428571199E-015
          51           2  0.000000000000000E+000 -5.714285714285243E-016
          52           1  0.000000000000000E+000 -1.028571428571157E-015
          52           2  0.000000000000000E+000 -5.714285714284824E-016
          53           1  0.000000000000000E+000 -1.028571428571157E-015
          53           2  0.000000000000000E+000 -5.714285714284326E-016
          54           1  0.000000000000000E+000 -1.028571428571138E-015
          54           2  0.000000000000000E+000 -5.714285714284402E-016
          55           1  0.000000000000000E+000 -1.028571428571041E-015
          55           2  0.000000000000000E+000 -5.714285714285247E-016
          56           1  0.000000000000000E+000 -1.028571428571060E-015
          56           2  0.000000000000000E+000 -5.714285714284861E-016
          57           1  0.000000000000000E+000 -1.028571428571128E-015
          57           2  0.000000000000000E+000 -5.714285714284655E-016
          58           1  0.000000000000000E+000 -1.028571428571156E-015
          58           2  0.000000000000000E+000 -5.714285714285907E-016
          59           1  0.000000000000000E+000 -1.028571428571181E-015
          59           2  0.000000000000000E+000 -5.714285714285403E-016
          60           1  0.000000000000000E+000 -1.028571428571229E-015
          60           2  0.000000000000000E+000 -5.714285714285423E-016
          61           1  0.000000000000000E+000 -1.028571428571272E-015
          61           2  0.000000000000000E+000 -5.714285714284876E-016
          62           1  0.000000000000000E+000 -1.028571428571241E-015
          62           2  0.000000000000000E+000 -5.714285714284998E-016
          63           1  0.000000000000000E+000 -1.028571428571202E-015
          63           2  0.000000000000000E+000 -5.714285714284448E-016
          64           1  0.000000000000000E+000 -1.028571428571171E-015
          64           2  0.000000000000000E+000 -5.714285714284623E-016
          65           1  0.000000000000000E+000 -1.028571428571033E-015
          65           2  0.000000000000000E+000 -5.714285714283109E-016
          66           1  0.000000000000000E+000 -1.028571428571149E-015
          66           2  0.000000000000000E+000 -5.714285714285817E-016
          67           1  0.000000000000000E+000 -1.028571428571182E-015
          67           2  0.000000000000000E+000 -5.714285714284285E-016
          68           1  0.000000000000000E+000 -1.028571428571210E-015
          68           2  0.000000000000000E+000 -5.714285714284493E-016
          69           1  0.000000000000000E+000 -1.028571428571243E-015
          69           2  0.000000000000000E+000 -5.714285714285274E-016
          70           1  0.000000000000000E+000 -1.028571428571306E-015
          70           2  0.000000000000000E+000 -5.714285714285355E-016
          71           1  0.000000000000000E+000 -1.028571428571279E-015
          71           2  0.000000000000000E+000 -5.714285714285103E-016
          72           1  0.000000000000000E+000 -1.028571428571251E-015
          72           2  0.000000000000000E+000 -5.714285714284790E-016
          73           1  0.000000000000000E+000 -1.028571428571265E-015
          73           2  0.000000000000000E+000 -5.714285714285230E-016
          74           1  0.000000000000000E+000 -1.028571428571070E-015
          74           2  0.000000000000000E+000 -5.714285714281759E-016
          75           1  0.000000000000000E+000 -1.028571428571177E-015
          75           2  0.000000000000000E+000 -5.714285714284529E-016
          76           1  0.000000000000000E+000 -1.028571428571168E-015
          76           2  0.000000000000000E+000 -5.714285714285241E-016
          77           1  0.000000000000000E+000 -1.028571428571267E-015
          77           2  0.000000000000000E+000 -5.714285714286082E-016
          78           1  0.000000000000000E+000 -1.028571428571241E-015
          78           2  0.000000000000000E+000 -5.714285714284143E-016
          79           1  0.000000000000000E+000 -1.028571428571287E-015
          79           2  0.000000000000000E+000 -5.714285714284679E-016
          80           1  0.000000000000000E+000 -1.028571428571166E-015
          80           2  0.000000000000000E+000 -5.714285714281674E-016
          81           1  0.000000000000000E+000 -1.028571428571378E-015
          81           2  0.000000000000000E+000 -5.714285714287360E-016
          82           1  0.000000000000000E+000 -1.028571428571306E-015
          82           2  0.000000000000000E+000 -5.714285714285011E-016
          83           1  0.000000000000000E+000 -1.028571428571285E-015
          83           2  0.000000000000000E+000 -5.714285714284533E-016
          84           1  0.000000000000000E+000 -1.028571428571228E-015
          84           2  0.000000000000000E+000 -5.714285714284615E-016
          85           1  0.000000000000000E+000 -1.028571428571177E-015
          85           2  0.000000000000000E+000 -5.714285714284836E-016
          86           1  0.000000000000000E+000 -1.028571428571222E-015
          86           2  0.000000000000000E+000 -5.714285714285945E-016
          87           1  0.000000000000000E+000 -1.028571428571244E-015
          87           2  0.000000000000000E+000 -5.714285714284915E-016
          88           1  0.000000000000000E+000 -1.028571428571262E-015
          88           2  0.000000000000000E+000 -5.714285714285080E-016
          89           1  0.000000000000000E+000 -1.028571428571309E-015
          89           2  0.000000000000000E+000 -5.714285714285060E-016
          90           1  0.000000000000000E+000 -1.028571428571300E-015
          90           2  0.000000000000000E+000 -5.714285714284909E-016
          91           1  0.000000000000000E+000 -1.028571428571315E-015
          91           2  0.000000000000000E+000 -5.714285714285298E-016
          92           1  0.000000000000000E+000 -1.028571428571309E-015
          92           2  0.000000000000000E+000 -5.714285714284567E-016
          93           1  0.000000000000000E+000 -1.028571428571274E-015
          93           2  0.000000000000000E+000 -5.714285714284956E-016
          94           1  0.000000000000000E+000 -1.028571428571262E-015
          94           2  0.000000000000000E+000 -5.714285714285775E-016
          95           1  0.000000000000000E+000 -1.028571428571212E-015
          95           2  0.000000000000000E+000 -5.714285714284786E-016
          96           1  0.000000000000000E+000 -1.028571428571236E-015
          96           2  0.000000000000000E+000 -5.714285714285719E-016
          97           1  0.000000000000000E+000 -1.028571428571262E-015
          97           2  0.000000000000000E+000 -5.714285714284916E-016
          98           1  0.000000000000000E+000 -1.028571428571269E-015
          98           2  0.000000000000000E+000 -5.714285714284770E-016
          99           1  0.000000000000000E+000 -1.028571428571303E-015
          99           2  0.000000000000000E+000 -5.714285714285085E-016
         100           1  0.000000000000000E+000 -1.028571428571275E-015
         100           2  0.000000000000000E+000 -5.714285714284527E-016
