           1           1  0.000000000000000E+000 -4.114285714285808E-015
           1           2  0.000000000000000E+000 -2.285714285715166E-015
           2           1  0.000000000000000E+000 -4.114285714285706E-015
           2           2  0.000000000000000E+000 -2.285714285715024E-015
           3           1  0.000000000000000E+000 -4.114285714285519E-015
           3           2  0.000000000000000E+000 -2.285714285714495E-015
           4           1  0.000000000000000E+000 -4.114285714285089E-015
           4           2  0.000000000000000E+000 -2.285714285713507E-015
           5           1  0.000000000000000E+000 -4.114285714285334E-015
           5           2  0.000000000000000E+000 -2.285714285714291E-015
           6           1  0.000000000000000E+000 -4.114285714285044E-015
           6           2  0.000000000000000E+000 -2.285714285713563E-015
           7           1  0.000000000000000E+000 -4.114285714285163E-015
           7           2  0.000000000000000E+000 -2.285714285713632E-015
           8           1  0.000000000000000E+000 -4.114285714285235E-015
           8           2  0.000000000000000E+000 -2.285714285713843E-015
           9           1  0.000000000000000E+000 -4.114285714285168E-015
           9           2  0.000000000000000E+000 -2.285714285713238E-015
          10           1  0.000000000000000E+000 -4.114285714285358E-015
          10           2  0.000000000000000E+000 -2.285714285713736E-015
          11           1  0.000000000000000E+000 -4.114285714285231E-015
          11           2  0.000000000000000E+000 -2.285714285713515E-015
          12           1  0.000000000000000E+000 -4.114285714285146E-015
          12           2  0.000000000000000E+000 -2.285714285713464E-015
          13           1  0.000000000000000E+000 -4.114285714284993E-015
          13           2  0.000000000000000E+000 -2.285714285713833E-015
          14           1  0.000000000000000E+000 -4.114285714284842E-015
          14           2  0.000000000000000E+000 -2.285714285713211E-015
          15           1  0.000000000000000E+000 -4.114285714285201E-015
          15           2  0.000000000000000E+000 -2.285714285714065E-015
          16           1  0.000000000000000E+000 -4.114285714285137E-015
          16           2  0.000000000000000E+000 -2.285714285713951E-015
          17           1  0.000000000000000E+000 -4.114285714284839E-015
          17           2  0.000000000000000E+000 -2.285714285713209E-015
          18           1  0.000000000000000E+000 -4.114285714284866E-015
          18           2  0.000000000000000E+000 -2.285714285713414E-015
          19           1  0.000000000000000E+000 -4.114285714285049E-015
          19           2  0.000000000000000E+000 -2.285714285713236E-015
          20           1  0.000000000000000E+000 -4.114285714285387E-015
          20           2  0.000000000000000E+000 -2.285714285713936E-015
          21           1  0.000000000000000E+000 -4.114285714285157E-015
          21           2  0.000000000000000E+000 -2.285714285713555E-015
          22           1  0.000000000000000E+000 -4.114285714285296E-015
          22           2  0.000000000000000E+000 -2.285714285714405E-015
          23           1  0.000000000000000E+000 -4.114285714285059E-015
          23           2  0.000000000000000E+000 -2.285714285714303E-015
          24           1  0.000000000000000E+000 -4.114285714285169E-015
          24           2  0.000000000000000E+000 -2.285714285714384E-015
          25           1  0.000000000000000E+000 -4.114285714284950E-015
          25           2  0.000000000000000E+000 -2.285714285713949E-015
          26           1  0.000000000000000E+000 -4.114285714284805E-015
          26           2  0.000000000000000E+000 -2.285714285713573E-015
          27           1  0.000000000000000E+000 -4.114285714284988E-015
          27           2  0.000000000000000E+000 -2.285714285713907E-015
          28           1  0.000000000000000E+000 -4.114285714284802E-015
          28           2  0.000000000000000E+000 -2.285714285713642E-015
          29           1  0.000000000000000E+000 -4.114285714284839E-015
          29           2  0.000000000000000E+000 -2.285714285713197E-015
          30           1  0.000000000000000E+000 -4.114285714284999E-015
          30           2  0.000000000000000E+000 -2.285714285713498E-015
          31           1  0.000000000000000E+000 -4.114285714285199E-015
          31           2  0.000000000000000E+000 -2.285714285713846E-015
          32           1  0.000000000000000E+000 -4.114285714284975E-015
          32           2  0.000000000000000E+000 -2.285714285713646E-015
          33           1  0.000000000000000E+000 -4.114285714284532E-015
          33           2  0.000000000000000E+000 -2.285714285712994E-015
          34           1  0.000000000000000E+000 -4.114285714284920E-015
          34           2  0.000000000000000E+000 -2.285714285713766E-015
          35           1  0.000000000000000E+000 -4.114285714284993E-015
          35           2  0.000000000000000E+000 -2.285714285713667E-015
          36           1  0.000000000000000E+000 -4.114285714284786E-015
          36           2  0.000000000000000E+000 -2.285714285713629E-015
          37           1  0.000000000000000E+000 -4.114285714284891E-015
          37           2  0.000000000000000E+000 -2.285714285713775E-015
          38           1  0.000000000000000E+000 -4.114285714284483E-015
          38           2  0.000000000000000E+000 -2.285714285713323E-015
          39           1  0.000000000000000E+000 -4.114285714285141E-015
          39           2  0.000000000000000E+000 -2.285714285713485E-015
          40           1  0.000000000000000E+000 -4.114285714285232E-015
          40           2  0.000000000000000E+000 -2.285714285713540E-015
          41           1  0.000000000000000E+000 -4.114285714285085E-015
          41           2  0.000000000000000E+000 -2.285714285713765E-015
          42           1  0.000000000000000E+000 -4.114285714285024E-015
          42           2  0.000000000000000E+000 -2.285714285713586E-015
          43           1  0.000000000000000E+000 -4.114285714284988E-015
          43           2  0.000000000000000E+000 -2.285714285713747E-015
          44           1  0.000000000000000E+000 -4.114285714285019E-015
          44           2  0.000000000000000E+000 -2.285714285714000E-015
          45           1  0.000000000000000E+000 -4.114285714285028E-015
          45           2  0.000000000000000E+000 -2.285714285713921E-015
          46           1  0.000000000000000E+000 -4.114285714284612E-015
          46           2  0.000000000000000E+000 -2.285714285712860E-015
          47           1  0.000000000000000E+000 -4.114285714284869E-015
          47           2  0.000000000000000E+000 -2.285714285713778E-015
          48           1  0.000000000000000E+000 -4.114285714285039E-015
          48           2  0.000000000000000E+000 -2.285714285714403E-015
          49           1  0.000000000000000E+000 -4.114285714285285E-015
          49           2  0.000000000000000E+000 -2.285714285714152E-015
          50           1  0.000000000000000E+000 -4.114285714285164E-015
          50           2  0.000000000000000E+000 -2.285714285713736E-015
          51           1  0.000000000000000E+000 -4.114285714285139E-015
          51           2  0.000000000000000E+000 -2.285714285713636E-015
          52           1  0.000000000000000E+000 -4.114285714284876E-015
          52           2  0.000000000000000E+000 -2.285714285713292E-015
          53           1  0.000000000000000E+000 -4.114285714284836E-015
          53           2  0.000000000000000E+000 -2.285714285714079E-015
          54           1  0.000000000000000E+000 -4.114285714285118E-015
          54           2  0.000000000000000E+000 -2.285714285714191E-015
          55           1  0.000000000000000E+000 -4.114285714284648E-015
          55           2  0.000000000000000E+000 -2.285714285713258E-015
          56           1  0.000000000000000E+000 -4.114285714284909E-015
          56           2  0.000000000000000E+000 -2.285714285713807E-015
          57           1  0.000000000000000E+000 -4.114285714284663E-015
          57           2  0.000000000000000E+000 -2.285714285712919E-015
          58           1  0.000000000000000E+000 -4.114285714284993E-015
          58           2  0.000000000000000E+000 -2.285714285714488E-015
          59           1  0.000000000000000E+000 -4.114285714285059E-015
          59           2  0.000000000000000E+000 -2.285714285713509E-015
          60           1  0.000000000000000E+000 -4.114285714285274E-015
          60           2  0.000000000000000E+000 -2.285714285713964E-015
          61           1  0.000000000000000E+000 -4.114285714285253E-015
          61           2  0.000000000000000E+000 -2.285714285714156E-015
          62           1  0.000000000000000E+000 -4.114285714285272E-015
          62           2  0.000000000000000E+000 -2.285714285714491E-015
          63           1  0.000000000000000E+000 -4.114285714285001E-015
          63           2  0.000000000000000E+000 -2.285714285714058E-015
          64           1  0.000000000000000E+000 -4.114285714284872E-015
          64           2  0.000000000000000E+000 -2.285714285713969E-015
          65           1  0.000000000000000E+000 -4.114285714284771E-015
          65           2  0.000000000000000E+000 -2.285714285713385E-015
          66           1  0.000000000000000E+000 -4.114285714285084E-015
          66           2  0.000000000000000E+000 -2.285714285714082E-015
          67           1  0.000000000000000E+000 -4.114285714284999E-015
          67           2  0.000000000000000E+000 -2.285714285714016E-015
          68           1  0.000000000000000E+000 -4.114285714284920E-015
          68           2  0.000000000000000E+000 -2.285714285713821E-015
          69           1  0.000000000000000E+000 -4.114285714285213E-015
          69           2  0.000000000000000E+000 -2.285714285713995E-015
          70           1  0.000000000000000E+000 -4.114285714285363E-015
          70           2  0.000000000000000E+000 -2.285714285714216E-015
          71           1  0.000000000000000E+000 -4.114285714285307E-015
          71           2  0.000000000000000E+000 -2.285714285714245E-015
          72           1  0.000000000000000E+000 -4.114285714285003E-015
          72           2  0.000000000000000E+000 -2.285714285713708E-015
          73           1  0.000000000000000E+000 -4.114285714284785E-015
          73           2  0.000000000000000E+000 -2.285714285713577E-015
          74           1  0.000000000000000E+000 -4.114285714285081E-015
          74           2  0.000000000000000E+000 -2.285714285714146E-015
          75           1  0.000000000000000E+000 -4.114285714284859E-015
          75           2  0.000000000000000E+000 -2.285714285713768E-015
          76           1  0.000000000000000E+000 -4.114285714284900E-015
          76           2  0.000000000000000E+000 -2.285714285713502E-015
          77           1  0.000000000000000E+000 -4.114285714284929E-015
          77           2  0.000000000000000E+000 -2.285714285713956E-015
          78           1  0.000000000000000E+000 -4.114285714284833E-015
          78           2  0.000000000000000E+000 -2.285714285713203E-015
          79           1  0.000000000000000E+000 -4.114285714285054E-015
          79           2  0.000000000000000E+000 -2.285714285713476E-015
          80           1  0.000000000000000E+000 -4.114285714285297E-015
          80           2  0.000000000000000E+000 -2.285714285714108E-015
          81           1  0.000000000000000E+000 -4.114285714285209E-015
          81           2  0.000000000000000E+000 -2.285714285713588E-015
          82           1  0.000000000000000E+000 -4.114285714285716E-015
          82           2  0.000000000000000E+000 -2.285714285715113E-015
          83           1  0.000000000000000E+000 -4.114285714285279E-015
          83           2  0.000000000000000E+000 -2.285714285714232E-015
          84           1  0.000000000000000E+000 -4.114285714285063E-015
          84           2  0.000000000000000E+000 -2.285714285713751E-015
          85           1  0.000000000000000E+000 -4.114285714285306E-015
          85           2  0.000000000000000E+000 -2.285714285714192E-015
          86           1  0.000000000000000E+000 -4.114285714285042E-015
          86           2  0.000000000000000E+000 -2.285714285713688E-015
          87           1  0.000000000000000E+000 -4.114285714285386E-015
          87           2  0.000000000000000E+000 -2.285714285714619E-015
          88           1  0.000000000000000E+000 -4.114285714284870E-015
          88           2  0.000000000000000E+000 -2.285714285713270E-015
          89           1  0.000000000000000E+000 -4.114285714285195E-015
          89           2  0.000000000000000E+000 -2.285714285713544E-015
          90           1  0.000000000000000E+000 -4.114285714285243E-015
          90           2  0.000000000000000E+000 -2.285714285713617E-015
          91           1  0.000000000000000E+000 -4.114285714285346E-015
          91           2  0.000000000000000E+000 -2.285714285713827E-015
          92           1  0.000000000000000E+000 -4.114285714285504E-015
          92           2  0.000000000000000E+000 -2.285714285714481E-015
          93           1  0.000000000000000E+000 -4.114285714285356E-015
          93           2  0.000000000000000E+000 -2.285714285714438E-015
          94           1  0.000000000000000E+000 -4.114285714285133E-015
          94           2  0.000000000000000E+000 -2.285714285713646E-015
          95           1  0.000000000000000E+000 -4.114285714285414E-015
          95           2  0.000000000000000E+000 -2.285714285714352E-015
          96           1  0.000000000000000E+000 -4.114285714285171E-015
          96           2  0.000000000000000E+000 -2.285714285713654E-015
          97           1  0.000000000000000E+000 -4.114285714285325E-015
          97           2  0.000000000000000E+000 -2.285714285714074E-015
          98           1  0.000000000000000E+000 -4.114285714285219E-015
          98           2  0.000000000000000E+000 -2.285714285713807E-015
          99           1  0.000000000000000E+000 -4.114285714285453E-015
          99           2  0.000000000000000E+000 -2.285714285714142E-015
         100           1  0.000000000000000E+000 -4.114285714285050E-015
         100           2  0.000000000000000E+000 -2.285714285713304E-015
