           1           1  0.000000000000000E+000 -1.751497005987766E-017
           1           2  0.000000000000000E+000 -7.485029940119005E-018
           2           1  0.000000000000000E+000 -1.751497005987842E-017
           2           2  0.000000000000000E+000 -7.485029940118893E-018
           3           1  0.000000000000000E+000 -1.751497005987773E-017
           3           2  0.000000000000000E+000 -7.485029940118657E-018
           4           1  0.000000000000000E+000 -1.751497005987794E-017
           4           2  0.000000000000000E+000 -7.485029940118760E-018
           5           1  0.000000000000000E+000 -1.751497005987879E-017
           5           2  0.000000000000000E+000 -7.485029940119076E-018
           6           1  0.000000000000000E+000 -1.751497005987839E-017
           6           2  0.000000000000000E+000 -7.485029940119378E-018
           7           1  0.000000000000000E+000 -1.751497005987955E-017
           7           2  0.000000000000000E+000 -7.485029940119692E-018
           8           1  0.000000000000000E+000 -1.751497005987846E-017
           8           2  0.000000000000000E+000 -7.485029940119327E-018
           9           1  0.000000000000000E+000 -1.751497005987931E-017
           9           2  0.000000000000000E+000 -7.485029940119315E-018
          10           1  0.000000000000000E+000 -1.751497005987892E-017
          10           2  0.000000000000000E+000 -7.485029940119444E-018
          11           1  0.000000000000000E+000 -1.751497005987923E-017
          11           2  0.000000000000000E+000 -7.485029940119132E-018
          12           1  0.000000000000000E+000 -1.751497005987772E-017
          12           2  0.000000000000000E+000 -7.485029940118914E-018
          13           1  0.000000000000000E+000 -1.751497005987824E-017
          13           2  0.000000000000000E+000 -7.485029940119169E-018
          14           1  0.000000000000000E+000 -1.751497005987929E-017
          14           2  0.000000000000000E+000 -7.485029940119112E-018
          15           1  0.000000000000000E+000 -1.751497005987979E-017
          15           2  0.000000000000000E+000 -7.485029940119463E-018
          16           1  0.000000000000000E+000 -1.751497005987950E-017
          16           2  0.000000000000000E+000 -7.485029940119729E-018
          17           1  0.000000000000000E+000 -1.751497005987878E-017
          17           2  0.000000000000000E+000 -7.485029940119628E-018
          18           1  0.000000000000000E+000 -1.751497005987829E-017
          18           2  0.000000000000000E+000 -7.485029940119395E-018
          19           1  0.000000000000000E+000 -1.751497005987899E-017
          19           2  0.000000000000000E+000 -7.485029940119452E-018
          20           1  0.000000000000000E+000 -1.751497005988020E-017
          20           2  0.000000000000000E+000 -7.485029940119851E-018
          21           1  0.000000000000000E+000 -1.751497005987842E-017
          21           2  0.000000000000000E+000 -7.485029940118887E-018
          22           1  0.000000000000000E+000 -1.751497005987793E-017
          22           2  0.000000000000000E+000 -7.485029940118843E-018
          23           1  0.000000000000000E+000 -1.751497005987798E-017
          23           2  0.000000000000000E+000 -7.485029940118793E-018
          24           1  0.000000000000000E+000 -1.751497005987828E-017
          24           2  0.000000000000000E+000 -7.485029940118822E-018
          25           1  0.000000000000000E+000 -1.751497005987911E-017
          25           2  0.000000000000000E+000 -7.485029940119337E-018
          26           1  0.000000000000000E+000 -1.751497005987993E-017
          26           2  0.000000000000000E+000 -7.485029940119902E-018
          27           1  0.000000000000000E+000 -1.751497005988014E-017
          27           2  0.000000000000000E+000 -7.485029940119504E-018
          28           1  0.000000000000000E+000 -1.751497005987914E-017
          28           2  0.000000000000000E+000 -7.485029940119463E-018
          29           1  0.000000000000000E+000 -1.751497005987886E-017
          29           2  0.000000000000000E+000 -7.485029940119420E-018
          30           1  0.000000000000000E+000 -1.751497005987831E-017
          30           2  0.000000000000000E+000 -7.485029940119296E-018
          31           1  0.000000000000000E+000 -1.751497005987825E-017
          31           2  0.000000000000000E+000 -7.485029940119267E-018
          32           1  0.000000000000000E+000 -1.751497005987822E-017
          32           2  0.000000000000000E+000 -7.485029940119210E-018
          33           1  0.000000000000000E+000 -1.751497005987871E-017
          33           2  0.000000000000000E+000 -7.485029940119189E-018
          34           1  0.000000000000000E+000 -1.751497005987803E-017
          34           2  0.000000000000000E+000 -7.485029940119115E-018
          35           1  0.000000000000000E+000 -1.751497005988023E-017
          35           2  0.000000000000000E+000 -7.485029940119489E-018
          36           1  0.000000000000000E+000 -1.751497005987932E-017
          36           2  0.000000000000000E+000 -7.485029940119548E-018
          37           1  0.000000000000000E+000 -1.751497005988004E-017
          37           2  0.000000000000000E+000 -7.485029940119312E-018
          38           1  0.000000000000000E+000 -1.751497005987824E-017
          38           2  0.000000000000000E+000 -7.485029940118600E-018
          39           1  0.000000000000000E+000 -1.751497005987787E-017
          39           2  0.000000000000000E+000 -7.485029940118600E-018
          40           1  0.000000000000000E+000 -1.751497005987604E-017
          40           2  0.000000000000000E+000 -7.485029940118334E-018
          41           1  0.000000000000000E+000 -1.751497005987878E-017
          41           2  0.000000000000000E+000 -7.485029940119315E-018
          42           1  0.000000000000000E+000 -1.751497005987872E-017
          42           2  0.000000000000000E+000 -7.485029940118948E-018
          43           1  0.000000000000000E+000 -1.751497005987851E-017
          43           2  0.000000000000000E+000 -7.485029940118979E-018
          44           1  0.000000000000000E+000 -1.751497005987752E-017
          44           2  0.000000000000000E+000 -7.485029940119150E-018
          45           1  0.000000000000000E+000 -1.751497005987839E-017
          45           2  0.000000000000000E+000 -7.485029940119344E-018
          46           1  0.000000000000000E+000 -1.751497005987924E-017
          46           2  0.000000000000000E+000 -7.485029940119826E-018
          47           1  0.000000000000000E+000 -1.751497005987960E-017
          47           2  0.000000000000000E+000 -7.485029940119480E-018
          48           1  0.000000000000000E+000 -1.751497005987847E-017
          48           2  0.000000000000000E+000 -7.485029940119270E-018
          49           1  0.000000000000000E+000 -1.751497005987770E-017
          49           2  0.000000000000000E+000 -7.485029940119252E-018
          50           1  0.000000000000000E+000 -1.751497005987793E-017
          50           2  0.000000000000000E+000 -7.485029940119025E-018
          51           1  0.000000000000000E+000 -1.751497005987830E-017
          51           2  0.000000000000000E+000 -7.485029940119113E-018
          52           1  0.000000000000000E+000 -1.751497005987864E-017
          52           2  0.000000000000000E+000 -7.485029940119347E-018
          53           1  0.000000000000000E+000 -1.751497005987864E-017
          53           2  0.000000000000000E+000 -7.485029940119238E-018
          54           1  0.000000000000000E+000 -1.751497005987979E-017
          54           2  0.000000000000000E+000 -7.485029940119272E-018
          55           1  0.000000000000000E+000 -1.751497005987904E-017
          55           2  0.000000000000000E+000 -7.485029940119286E-018
          56           1  0.000000000000000E+000 -1.751497005987868E-017
          56           2  0.000000000000000E+000 -7.485029940119475E-018
          57           1  0.000000000000000E+000 -1.751497005987939E-017
          57           2  0.000000000000000E+000 -7.485029940119506E-018
          58           1  0.000000000000000E+000 -1.751497005988176E-017
          58           2  0.000000000000000E+000 -7.485029940119683E-018
          59           1  0.000000000000000E+000 -1.751497005987687E-017
          59           2  0.000000000000000E+000 -7.485029940118441E-018
          60           1  0.000000000000000E+000 -1.751497005987716E-017
          60           2  0.000000000000000E+000 -7.485029940118386E-018
          61           1  0.000000000000000E+000 -1.751497005987825E-017
          61           2  0.000000000000000E+000 -7.485029940118714E-018
          62           1  0.000000000000000E+000 -1.751497005987764E-017
          62           2  0.000000000000000E+000 -7.485029940119118E-018
          63           1  0.000000000000000E+000 -1.751497005987854E-017
          63           2  0.000000000000000E+000 -7.485029940119099E-018
          64           1  0.000000000000000E+000 -1.751497005987879E-017
          64           2  0.000000000000000E+000 -7.485029940119293E-018
          65           1  0.000000000000000E+000 -1.751497005987957E-017
          65           2  0.000000000000000E+000 -7.485029940119908E-018
          66           1  0.000000000000000E+000 -1.751497005987959E-017
          66           2  0.000000000000000E+000 -7.485029940119423E-018
          67           1  0.000000000000000E+000 -1.751497005987992E-017
          67           2  0.000000000000000E+000 -7.485029940119808E-018
          68           1  0.000000000000000E+000 -1.751497005987934E-017
          68           2  0.000000000000000E+000 -7.485029940119606E-018
          69           1  0.000000000000000E+000 -1.751497005987941E-017
          69           2  0.000000000000000E+000 -7.485029940119210E-018
          70           1  0.000000000000000E+000 -1.751497005987837E-017
          70           2  0.000000000000000E+000 -7.485029940119152E-018
          71           1  0.000000000000000E+000 -1.751497005987762E-017
          71           2  0.000000000000000E+000 -7.485029940118984E-018
          72           1  0.000000000000000E+000 -1.751497005987873E-017
          72           2  0.000000000000000E+000 -7.485029940119204E-018
          73           1  0.000000000000000E+000 -1.751497005987815E-017
          73           2  0.000000000000000E+000 -7.485029940119275E-018
          74           1  0.000000000000000E+000 -1.751497005987841E-017
          74           2  0.000000000000000E+000 -7.485029940119360E-018
          75           1  0.000000000000000E+000 -1.751497005987970E-017
          75           2  0.000000000000000E+000 -7.485029940119383E-018
          76           1  0.000000000000000E+000 -1.751497005988001E-017
          76           2  0.000000000000000E+000 -7.485029940119375E-018
          77           1  0.000000000000000E+000 -1.751497005987867E-017
          77           2  0.000000000000000E+000 -7.485029940119394E-018
          78           1  0.000000000000000E+000 -1.751497005987968E-017
          78           2  0.000000000000000E+000 -7.485029940119400E-018
          79           1  0.000000000000000E+000 -1.751497005987846E-017
          79           2  0.000000000000000E+000 -7.485029940118563E-018
          80           1  0.000000000000000E+000 -1.751497005987898E-017
          80           2  0.000000000000000E+000 -7.485029940119193E-018
          81           1  0.000000000000000E+000 -1.751497005987854E-017
          81           2  0.000000000000000E+000 -7.485029940118840E-018
          82           1  0.000000000000000E+000 -1.751497005987856E-017
          82           2  0.000000000000000E+000 -7.485029940118953E-018
          83           1  0.000000000000000E+000 -1.751497005987838E-017
          83           2  0.000000000000000E+000 -7.485029940119125E-018
          84           1  0.000000000000000E+000 -1.751497005987752E-017
          84           2  0.000000000000000E+000 -7.485029940119261E-018
          85           1  0.000000000000000E+000 -1.751497005987797E-017
          85           2  0.000000000000000E+000 -7.485029940119107E-018
          86           1  0.000000000000000E+000 -1.751497005987924E-017
          86           2  0.000000000000000E+000 -7.485029940119378E-018
          87           1  0.000000000000000E+000 -1.751497005988031E-017
          87           2  0.000000000000000E+000 -7.485029940119702E-018
          88           1  0.000000000000000E+000 -1.751497005987878E-017
          88           2  0.000000000000000E+000 -7.485029940119508E-018
          89           1  0.000000000000000E+000 -1.751497005987763E-017
          89           2  0.000000000000000E+000 -7.485029940118996E-018
          90           1  0.000000000000000E+000 -1.751497005987920E-017
          90           2  0.000000000000000E+000 -7.485029940119150E-018
          91           1  0.000000000000000E+000 -1.751497005988029E-017
          91           2  0.000000000000000E+000 -7.485029940119834E-018
          92           1  0.000000000000000E+000 -1.751497005987936E-017
          92           2  0.000000000000000E+000 -7.485029940119068E-018
          93           1  0.000000000000000E+000 -1.751497005987919E-017
          93           2  0.000000000000000E+000 -7.485029940119423E-018
          94           1  0.000000000000000E+000 -1.751497005987897E-017
          94           2  0.000000000000000E+000 -7.485029940119397E-018
          95           1  0.000000000000000E+000 -1.751497005987959E-017
          95           2  0.000000000000000E+000 -7.485029940119497E-018
          96           1  0.000000000000000E+000 -1.751497005987996E-017
          96           2  0.000000000000000E+000 -7.485029940119589E-018
          97           1  0.000000000000000E+000 -1.751497005987999E-017
          97           2  0.000000000000000E+000 -7.485029940119642E-018
          98           1  0.000000000000000E+000 -1.751497005987796E-017
          98           2  0.000000000000000E+000 -7.485029940119110E-018
          99           1  0.000000000000000E+000 -1.751497005987837E-017
          99           2  0.000000000000000E+000 -7.485029940118973E-018
         100           1  0.000000000000000E+000 -1.751497005987862E-017
         100           2  0.000000000000000E+000 -7.485029940118954E-018
         101           1  0.000000000000000E+000 -1.751497005987767E-017
         101           2  0.000000000000000E+000 -7.485029940119053E-018
         102           1  0.000000000000000E+000 -1.751497005987758E-017
         102           2  0.000000000000000E+000 -7.485029940119007E-018
         103           1  0.000000000000000E+000 -1.751497005987931E-017
         103           2  0.000000000000000E+000 -7.485029940119241E-018
         104           1  0.000000000000000E+000 -1.751497005987837E-017
         104           2  0.000000000000000E+000 -7.485029940119090E-018
         105           1  0.000000000000000E+000 -1.751497005987768E-017
         105           2  0.000000000000000E+000 -7.485029940118950E-018
         106           1  0.000000000000000E+000 -1.751497005987914E-017
         106           2  0.000000000000000E+000 -7.485029940119457E-018
         107           1  0.000000000000000E+000 -1.751497005988075E-017
         107           2  0.000000000000000E+000 -7.485029940119740E-018
         108           1  0.000000000000000E+000 -1.751497005988147E-017
         108           2  0.000000000000000E+000 -7.485029940119970E-018
         109           1  0.000000000000000E+000 -1.751497005987902E-017
         109           2  0.000000000000000E+000 -7.485029940119198E-018
         110           1  0.000000000000000E+000 -1.751497005987814E-017
         110           2  0.000000000000000E+000 -7.485029940119209E-018
         111           1  0.000000000000000E+000 -1.751497005987896E-017
         111           2  0.000000000000000E+000 -7.485029940119244E-018
         112           1  0.000000000000000E+000 -1.751497005987893E-017
         112           2  0.000000000000000E+000 -7.485029940119144E-018
         113           1  0.000000000000000E+000 -1.751497005987852E-017
         113           2  0.000000000000000E+000 -7.485029940119280E-018
         114           1  0.000000000000000E+000 -1.751497005987905E-017
         114           2  0.000000000000000E+000 -7.485029940119227E-018
         115           1  0.000000000000000E+000 -1.751497005987964E-017
         115           2  0.000000000000000E+000 -7.485029940119414E-018
         116           1  0.000000000000000E+000 -1.751497005987998E-017
         116           2  0.000000000000000E+000 -7.485029940119606E-018
         117           1  0.000000000000000E+000 -1.751497005987963E-017
         117           2  0.000000000000000E+000 -7.485029940119431E-018
         118           1  0.000000000000000E+000 -1.751497005988000E-017
         118           2  0.000000000000000E+000 -7.485029940119226E-018
         119           1  0.000000000000000E+000 -1.751497005987892E-017
         119           2  0.000000000000000E+000 -7.485029940119392E-018
         120           1  0.000000000000000E+000 -1.751497005988024E-017
         120           2  0.000000000000000E+000 -7.485029940119161E-018
         121           1  0.000000000000000E+000 -1.751497005987594E-017
         121           2  0.000000000000000E+000 -7.485029940118455E-018
         122           1  0.000000000000000E+000 -1.751497005987729E-017
         122           2  0.000000000000000E+000 -7.485029940118956E-018
         123           1  0.000000000000000E+000 -1.751497005988008E-017
         123           2  0.000000000000000E+000 -7.485029940119783E-018
         124           1  0.000000000000000E+000 -1.751497005987837E-017
         124           2  0.000000000000000E+000 -7.485029940118916E-018
         125           1  0.000000000000000E+000 -1.751497005987734E-017
         125           2  0.000000000000000E+000 -7.485029940119068E-018
         126           1  0.000000000000000E+000 -1.751497005987879E-017
         126           2  0.000000000000000E+000 -7.485029940119303E-018
         127           1  0.000000000000000E+000 -1.751497005987998E-017
         127           2  0.000000000000000E+000 -7.485029940119689E-018
         128           1  0.000000000000000E+000 -1.751497005987992E-017
         128           2  0.000000000000000E+000 -7.485029940119563E-018
         129           1  0.000000000000000E+000 -1.751497005987993E-017
         129           2  0.000000000000000E+000 -7.485029940119361E-018
         130           1  0.000000000000000E+000 -1.751497005987802E-017
         130           2  0.000000000000000E+000 -7.485029940118991E-018
         131           1  0.000000000000000E+000 -1.751497005987940E-017
         131           2  0.000000000000000E+000 -7.485029940119586E-018
         132           1  0.000000000000000E+000 -1.751497005987800E-017
         132           2  0.000000000000000E+000 -7.485029940119035E-018
         133           1  0.000000000000000E+000 -1.751497005987825E-017
         133           2  0.000000000000000E+000 -7.485029940119255E-018
         134           1  0.000000000000000E+000 -1.751497005987992E-017
         134           2  0.000000000000000E+000 -7.485029940119372E-018
         135           1  0.000000000000000E+000 -1.751497005987928E-017
         135           2  0.000000000000000E+000 -7.485029940119390E-018
         136           1  0.000000000000000E+000 -1.751497005987930E-017
         136           2  0.000000000000000E+000 -7.485029940119347E-018
         137           1  0.000000000000000E+000 -1.751497005987910E-017
         137           2  0.000000000000000E+000 -7.485029940119415E-018
         138           1  0.000000000000000E+000 -1.751497005987952E-017
         138           2  0.000000000000000E+000 -7.485029940119343E-018
         139           1  0.000000000000000E+000 -1.751497005987989E-017
         139           2  0.000000000000000E+000 -7.485029940119504E-018
         140           1  0.000000000000000E+000 -1.751497005987958E-017
         140           2  0.000000000000000E+000 -7.485029940119275E-018
         141           1  0.000000000000000E+000 -1.751497005987662E-017
         141           2  0.000000000000000E+000 -7.485029940118697E-018
         142           1  0.000000000000000E+000 -1.751497005987765E-017
         142           2  0.000000000000000E+000 -7.485029940118740E-018
         143           1  0.000000000000000E+000 -1.751497005987767E-017
         143           2  0.000000000000000E+000 -7.485029940118814E-018
         144           1  0.000000000000000E+000 -1.751497005987805E-017
         144           2  0.000000000000000E+000 -7.485029940118870E-018
         145           1  0.000000000000000E+000 -1.751497005987760E-017
         145           2  0.000000000000000E+000 -7.485029940119056E-018
         146           1  0.000000000000000E+000 -1.751497005987930E-017
         146           2  0.000000000000000E+000 -7.485029940119401E-018
         147           1  0.000000000000000E+000 -1.751497005987957E-017
         147           2  0.000000000000000E+000 -7.485029940119374E-018
         148           1  0.000000000000000E+000 -1.751497005988024E-017
         148           2  0.000000000000000E+000 -7.485029940119649E-018
         149           1  0.000000000000000E+000 -1.751497005987894E-017
         149           2  0.000000000000000E+000 -7.485029940119002E-018
         150           1  0.000000000000000E+000 -1.751497005987893E-017
         150           2  0.000000000000000E+000 -7.485029940119013E-018
         151           1  0.000000000000000E+000 -1.751497005987862E-017
         151           2  0.000000000000000E+000 -7.485029940118805E-018
         152           1  0.000000000000000E+000 -1.751497005987914E-017
         152           2  0.000000000000000E+000 -7.485029940119155E-018
         153           1  0.000000000000000E+000 -1.751497005987865E-017
         153           2  0.000000000000000E+000 -7.485029940119150E-018
         154           1  0.000000000000000E+000 -1.751497005987948E-017
         154           2  0.000000000000000E+000 -7.485029940119660E-018
         155           1  0.000000000000000E+000 -1.751497005987916E-017
         155           2  0.000000000000000E+000 -7.485029940119463E-018
         156           1  0.000000000000000E+000 -1.751497005988009E-017
         156           2  0.000000000000000E+000 -7.485029940119543E-018
         157           1  0.000000000000000E+000 -1.751497005987978E-017
         157           2  0.000000000000000E+000 -7.485029940119663E-018
         158           1  0.000000000000000E+000 -1.751497005987892E-017
         158           2  0.000000000000000E+000 -7.485029940119357E-018
         159           1  0.000000000000000E+000 -1.751497005987916E-017
         159           2  0.000000000000000E+000 -7.485029940119349E-018
         160           1  0.000000000000000E+000 -1.751497005988009E-017
         160           2  0.000000000000000E+000 -7.485029940119215E-018
         161           1  0.000000000000000E+000 -1.751497005987706E-017
         161           2  0.000000000000000E+000 -7.485029940118819E-018
         162           1  0.000000000000000E+000 -1.751497005987829E-017
         162           2  0.000000000000000E+000 -7.485029940118958E-018
         163           1  0.000000000000000E+000 -1.751497005987777E-017
         163           2  0.000000000000000E+000 -7.485029940119065E-018
         164           1  0.000000000000000E+000 -1.751497005987845E-017
         164           2  0.000000000000000E+000 -7.485029940119199E-018
         165           1  0.000000000000000E+000 -1.751497005987784E-017
         165           2  0.000000000000000E+000 -7.485029940119353E-018
         166           1  0.000000000000000E+000 -1.751497005987906E-017
         166           2  0.000000000000000E+000 -7.485029940119521E-018
         167           1  0.000000000000000E+000 -1.751497005987997E-017
         167           2  0.000000000000000E+000 -7.485029940119504E-018
         168           1  0.000000000000000E+000 -1.751497005987932E-017
         168           2  0.000000000000000E+000 -7.485029940119474E-018
         169           1  0.000000000000000E+000 -1.751497005987811E-017
         169           2  0.000000000000000E+000 -7.485029940118867E-018
         170           1  0.000000000000000E+000 -1.751497005987818E-017
         170           2  0.000000000000000E+000 -7.485029940118991E-018
         171           1  0.000000000000000E+000 -1.751497005987816E-017
         171           2  0.000000000000000E+000 -7.485029940119179E-018
         172           1  0.000000000000000E+000 -1.751497005987815E-017
         172           2  0.000000000000000E+000 -7.485029940119142E-018
         173           1  0.000000000000000E+000 -1.751497005988023E-017
         173           2  0.000000000000000E+000 -7.485029940119273E-018
         174           1  0.000000000000000E+000 -1.751497005987919E-017
         174           2  0.000000000000000E+000 -7.485029940119557E-018
         175           1  0.000000000000000E+000 -1.751497005987927E-017
         175           2  0.000000000000000E+000 -7.485029940119467E-018
         176           1  0.000000000000000E+000 -1.751497005987955E-017
         176           2  0.000000000000000E+000 -7.485029940119497E-018
         177           1  0.000000000000000E+000 -1.751497005987980E-017
         177           2  0.000000000000000E+000 -7.485029940119424E-018
         178           1  0.000000000000000E+000 -1.751497005987922E-017
         178           2  0.000000000000000E+000 -7.485029940119293E-018
         179           1  0.000000000000000E+000 -1.751497005987943E-017
         179           2  0.000000000000000E+000 -7.485029940119139E-018
         180           1  0.000000000000000E+000 -1.751497005987881E-017
         180           2  0.000000000000000E+000 -7.485029940118793E-018
         181           1  0.000000000000000E+000 -1.751497005987854E-017
         181           2  0.000000000000000E+000 -7.485029940119019E-018
         182           1  0.000000000000000E+000 -1.751497005987894E-017
         182           2  0.000000000000000E+000 -7.485029940119300E-018
         183           1  0.000000000000000E+000 -1.751497005987923E-017
         183           2  0.000000000000000E+000 -7.485029940119443E-018
         184           1  0.000000000000000E+000 -1.751497005987887E-017
         184           2  0.000000000000000E+000 -7.485029940119401E-018
         185           1  0.000000000000000E+000 -1.751497005988003E-017
         185           2  0.000000000000000E+000 -7.485029940119634E-018
         186           1  0.000000000000000E+000 -1.751497005988050E-017
         186           2  0.000000000000000E+000 -7.485029940119765E-018
         187           1  0.000000000000000E+000 -1.751497005988029E-017
         187           2  0.000000000000000E+000 -7.485029940119554E-018
         188           1  0.000000000000000E+000 -1.751497005987965E-017
         188           2  0.000000000000000E+000 -7.485029940119429E-018
         189           1  0.000000000000000E+000 -1.751497005987862E-017
         189           2  0.000000000000000E+000 -7.485029940119099E-018
         190           1  0.000000000000000E+000 -1.751497005987913E-017
         190           2  0.000000000000000E+000 -7.485029940119289E-018
         191           1  0.000000000000000E+000 -1.751497005987905E-017
         191           2  0.000000000000000E+000 -7.485029940119204E-018
         192           1  0.000000000000000E+000 -1.751497005987884E-017
         192           2  0.000000000000000E+000 -7.485029940119255E-018
         193           1  0.000000000000000E+000 -1.751497005987866E-017
         193           2  0.000000000000000E+000 -7.485029940119434E-018
         194           1  0.000000000000000E+000 -1.751497005987878E-017
         194           2  0.000000000000000E+000 -7.485029940119412E-018
         195           1  0.000000000000000E+000 -1.751497005987857E-017
         195           2  0.000000000000000E+000 -7.485029940119480E-018
         196           1  0.000000000000000E+000 -1.751497005987949E-017
         196           2  0.000000000000000E+000 -7.485029940119303E-018
         197           1  0.000000000000000E+000 -1.751497005988014E-017
         197           2  0.000000000000000E+000 -7.485029940119521E-018
         198           1  0.000000000000000E+000 -1.751497005987934E-017
         198           2  0.000000000000000E+000 -7.485029940119440E-018
         199           1  0.000000000000000E+000 -1.751497005987914E-017
         199           2  0.000000000000000E+000 -7.485029940119201E-018
         200           1  0.000000000000000E+000 -1.751497005987950E-017
         200           2  0.000000000000000E+000 -7.485029940119155E-018
         201           1  0.000000000000000E+000 -1.751497005987899E-017
         201           2  0.000000000000000E+000 -7.485029940119135E-018
         202           1  0.000000000000000E+000 -1.751497005987872E-017
         202           2  0.000000000000000E+000 -7.485029940119512E-018
         203           1  0.000000000000000E+000 -1.751497005987968E-017
         203           2  0.000000000000000E+000 -7.485029940119594E-018
         204           1  0.000000000000000E+000 -1.751497005988034E-017
         204           2  0.000000000000000E+000 -7.485029940119722E-018
         205           1  0.000000000000000E+000 -1.751497005988063E-017
         205           2  0.000000000000000E+000 -7.485029940119753E-018
         206           1  0.000000000000000E+000 -1.751497005988072E-017
         206           2  0.000000000000000E+000 -7.485029940119897E-018
         207           1  0.000000000000000E+000 -1.751497005988181E-017
         207           2  0.000000000000000E+000 -7.485029940120045E-018
         208           1  0.000000000000000E+000 -1.751497005988081E-017
         208           2  0.000000000000000E+000 -7.485029940120275E-018
         209           1  0.000000000000000E+000 -1.751497005987945E-017
         209           2  0.000000000000000E+000 -7.485029940119605E-018
         210           1  0.000000000000000E+000 -1.751497005987934E-017
         210           2  0.000000000000000E+000 -7.485029940119401E-018
         211           1  0.000000000000000E+000 -1.751497005987929E-017
         211           2  0.000000000000000E+000 -7.485029940119517E-018
         212           1  0.000000000000000E+000 -1.751497005988119E-017
         212           2  0.000000000000000E+000 -7.485029940119540E-018
         213           1  0.000000000000000E+000 -1.751497005987964E-017
         213           2  0.000000000000000E+000 -7.485029940119561E-018
         214           1  0.000000000000000E+000 -1.751497005987944E-017
         214           2  0.000000000000000E+000 -7.485029940119575E-018
         215           1  0.000000000000000E+000 -1.751497005987986E-017
         215           2  0.000000000000000E+000 -7.485029940119594E-018
         216           1  0.000000000000000E+000 -1.751497005987993E-017
         216           2  0.000000000000000E+000 -7.485029940119572E-018
         217           1  0.000000000000000E+000 -1.751497005988013E-017
         217           2  0.000000000000000E+000 -7.485029940119486E-018
         218           1  0.000000000000000E+000 -1.751497005987918E-017
         218           2  0.000000000000000E+000 -7.485029940119221E-018
         219           1  0.000000000000000E+000 -1.751497005987882E-017
         219           2  0.000000000000000E+000 -7.485029940119001E-018
         220           1  0.000000000000000E+000 -1.751497005987895E-017
         220           2  0.000000000000000E+000 -7.485029940118962E-018
         221           1  0.000000000000000E+000 -1.751497005987960E-017
         221           2  0.000000000000000E+000 -7.485029940119452E-018
         222           1  0.000000000000000E+000 -1.751497005988004E-017
         222           2  0.000000000000000E+000 -7.485029940119776E-018
         223           1  0.000000000000000E+000 -1.751497005988106E-017
         223           2  0.000000000000000E+000 -7.485029940119857E-018
         224           1  0.000000000000000E+000 -1.751497005988090E-017
         224           2  0.000000000000000E+000 -7.485029940120059E-018
         225           1  0.000000000000000E+000 -1.751497005987996E-017
         225           2  0.000000000000000E+000 -7.485029940119709E-018
         226           1  0.000000000000000E+000 -1.751497005987975E-017
         226           2  0.000000000000000E+000 -7.485029940119765E-018
         227           1  0.000000000000000E+000 -1.751497005988149E-017
         227           2  0.000000000000000E+000 -7.485029940119728E-018
         228           1  0.000000000000000E+000 -1.751497005988076E-017
         228           2  0.000000000000000E+000 -7.485029940120004E-018
         229           1  0.000000000000000E+000 -1.751497005988209E-017
         229           2  0.000000000000000E+000 -7.485029940120101E-018
         230           1  0.000000000000000E+000 -1.751497005988061E-017
         230           2  0.000000000000000E+000 -7.485029940119691E-018
         231           1  0.000000000000000E+000 -1.751497005987991E-017
         231           2  0.000000000000000E+000 -7.485029940119639E-018
         232           1  0.000000000000000E+000 -1.751497005987940E-017
         232           2  0.000000000000000E+000 -7.485029940119622E-018
         233           1  0.000000000000000E+000 -1.751497005988070E-017
         233           2  0.000000000000000E+000 -7.485029940119945E-018
         234           1  0.000000000000000E+000 -1.751497005987910E-017
         234           2  0.000000000000000E+000 -7.485029940119668E-018
         235           1  0.000000000000000E+000 -1.751497005987967E-017
         235           2  0.000000000000000E+000 -7.485029940119634E-018
         236           1  0.000000000000000E+000 -1.751497005988071E-017
         236           2  0.000000000000000E+000 -7.485029940119640E-018
         237           1  0.000000000000000E+000 -1.751497005987968E-017
         237           2  0.000000000000000E+000 -7.485029940119717E-018
         238           1  0.000000000000000E+000 -1.751497005987899E-017
         238           2  0.000000000000000E+000 -7.485029940118948E-018
         239           1  0.000000000000000E+000 -1.751497005987880E-017
         239           2  0.000000000000000E+000 -7.485029940118874E-018
         240           1  0.000000000000000E+000 -1.751497005988059E-017
         240           2  0.000000000000000E+000 -7.485029940119480E-018
         241           1  0.000000000000000E+000 -1.751497005987985E-017
         241           2  0.000000000000000E+000 -7.485029940119756E-018
         242           1  0.000000000000000E+000 -1.751497005987968E-017
         242           2  0.000000000000000E+000 -7.485029940119743E-018
         243           1  0.000000000000000E+000 -1.751497005988084E-017
         243           2  0.000000000000000E+000 -7.485029940120016E-018
         244           1  0.000000000000000E+000 -1.751497005988126E-017
         244           2  0.000000000000000E+000 -7.485029940119836E-018
         245           1  0.000000000000000E+000 -1.751497005988045E-017
         245           2  0.000000000000000E+000 -7.485029940119762E-018
         246           1  0.000000000000000E+000 -1.751497005988097E-017
         246           2  0.000000000000000E+000 -7.485029940119726E-018
         247           1  0.000000000000000E+000 -1.751497005988153E-017
         247           2  0.000000000000000E+000 -7.485029940119968E-018
         248           1  0.000000000000000E+000 -1.751497005988182E-017
         248           2  0.000000000000000E+000 -7.485029940120091E-018
         249           1  0.000000000000000E+000 -1.751497005988100E-017
         249           2  0.000000000000000E+000 -7.485029940120016E-018
         250           1  0.000000000000000E+000 -1.751497005988059E-017
         250           2  0.000000000000000E+000 -7.485029940119879E-018
         251           1  0.000000000000000E+000 -1.751497005987935E-017
         251           2  0.000000000000000E+000 -7.485029940119748E-018
         252           1  0.000000000000000E+000 -1.751497005988048E-017
         252           2  0.000000000000000E+000 -7.485029940119702E-018
         253           1  0.000000000000000E+000 -1.751497005987937E-017
         253           2  0.000000000000000E+000 -7.485029940119595E-018
         254           1  0.000000000000000E+000 -1.751497005987961E-017
         254           2  0.000000000000000E+000 -7.485029940119606E-018
         255           1  0.000000000000000E+000 -1.751497005987980E-017
         255           2  0.000000000000000E+000 -7.485029940119672E-018
         256           1  0.000000000000000E+000 -1.751497005988127E-017
         256           2  0.000000000000000E+000 -7.485029940120367E-018
         257           1  0.000000000000000E+000 -1.751497005988121E-017
         257           2  0.000000000000000E+000 -7.485029940120406E-018
         258           1  0.000000000000000E+000 -1.751497005987938E-017
         258           2  0.000000000000000E+000 -7.485029940119221E-018
         259           1  0.000000000000000E+000 -1.751497005987869E-017
         259           2  0.000000000000000E+000 -7.485029940119244E-018
         260           1  0.000000000000000E+000 -1.751497005987987E-017
         260           2  0.000000000000000E+000 -7.485029940119551E-018
         261           1  0.000000000000000E+000 -1.751497005987872E-017
         261           2  0.000000000000000E+000 -7.485029940119737E-018
         262           1  0.000000000000000E+000 -1.751497005988021E-017
         262           2  0.000000000000000E+000 -7.485029940119694E-018
         263           1  0.000000000000000E+000 -1.751497005987990E-017
         263           2  0.000000000000000E+000 -7.485029940119867E-018
         264           1  0.000000000000000E+000 -1.751497005988183E-017
         264           2  0.000000000000000E+000 -7.485029940119694E-018
         265           1  0.000000000000000E+000 -1.751497005988105E-017
         265           2  0.000000000000000E+000 -7.485029940119987E-018
         266           1  0.000000000000000E+000 -1.751497005988159E-017
         266           2  0.000000000000000E+000 -7.485029940120321E-018
         267           1  0.000000000000000E+000 -1.751497005988125E-017
         267           2  0.000000000000000E+000 -7.485029940120161E-018
         268           1  0.000000000000000E+000 -1.751497005988093E-017
         268           2  0.000000000000000E+000 -7.485029940120132E-018
         269           1  0.000000000000000E+000 -1.751497005988079E-017
         269           2  0.000000000000000E+000 -7.485029940120045E-018
         270           1  0.000000000000000E+000 -1.751497005988134E-017
         270           2  0.000000000000000E+000 -7.485029940119967E-018
         271           1  0.000000000000000E+000 -1.751497005987937E-017
         271           2  0.000000000000000E+000 -7.485029940119703E-018
         272           1  0.000000000000000E+000 -1.751497005987904E-017
         272           2  0.000000000000000E+000 -7.485029940119731E-018
         273           1  0.000000000000000E+000 -1.751497005987949E-017
         273           2  0.000000000000000E+000 -7.485029940119717E-018
         274           1  0.000000000000000E+000 -1.751497005987896E-017
         274           2  0.000000000000000E+000 -7.485029940119494E-018
         275           1  0.000000000000000E+000 -1.751497005988021E-017
         275           2  0.000000000000000E+000 -7.485029940119451E-018
         276           1  0.000000000000000E+000 -1.751497005987890E-017
         276           2  0.000000000000000E+000 -7.485029940119383E-018
         277           1  0.000000000000000E+000 -1.751497005987893E-017
         277           2  0.000000000000000E+000 -7.485029940119358E-018
         278           1  0.000000000000000E+000 -1.751497005987896E-017
         278           2  0.000000000000000E+000 -7.485029940119261E-018
         279           1  0.000000000000000E+000 -1.751497005987869E-017
         279           2  0.000000000000000E+000 -7.485029940119395E-018
         280           1  0.000000000000000E+000 -1.751497005987919E-017
         280           2  0.000000000000000E+000 -7.485029940119534E-018
         281           1  0.000000000000000E+000 -1.751497005987921E-017
         281           2  0.000000000000000E+000 -7.485029940119760E-018
         282           1  0.000000000000000E+000 -1.751497005987929E-017
         282           2  0.000000000000000E+000 -7.485029940119622E-018
         283           1  0.000000000000000E+000 -1.751497005988050E-017
         283           2  0.000000000000000E+000 -7.485029940119537E-018
         284           1  0.000000000000000E+000 -1.751497005987997E-017
         284           2  0.000000000000000E+000 -7.485029940119896E-018
         285           1  0.000000000000000E+000 -1.751497005988172E-017
         285           2  0.000000000000000E+000 -7.485029940120138E-018
         286           1  0.000000000000000E+000 -1.751497005988177E-017
         286           2  0.000000000000000E+000 -7.485029940120360E-018
         287           1  0.000000000000000E+000 -1.751497005988235E-017
         287           2  0.000000000000000E+000 -7.485029940120259E-018
         288           1  0.000000000000000E+000 -1.751497005988252E-017
         288           2  0.000000000000000E+000 -7.485029940120239E-018
         289           1  0.000000000000000E+000 -1.751497005988192E-017
         289           2  0.000000000000000E+000 -7.485029940120210E-018
         290           1  0.000000000000000E+000 -1.751497005988026E-017
         290           2  0.000000000000000E+000 -7.485029940120011E-018
         291           1  0.000000000000000E+000 -1.751497005988017E-017
         291           2  0.000000000000000E+000 -7.485029940119756E-018
         292           1  0.000000000000000E+000 -1.751497005987972E-017
         292           2  0.000000000000000E+000 -7.485029940119603E-018
         293           1  0.000000000000000E+000 -1.751497005987970E-017
         293           2  0.000000000000000E+000 -7.485029940119440E-018
         294           1  0.000000000000000E+000 -1.751497005987896E-017
         294           2  0.000000000000000E+000 -7.485029940119424E-018
         295           1  0.000000000000000E+000 -1.751497005987890E-017
         295           2  0.000000000000000E+000 -7.485029940119646E-018
         296           1  0.000000000000000E+000 -1.751497005987903E-017
         296           2  0.000000000000000E+000 -7.485029940119380E-018
         297           1  0.000000000000000E+000 -1.751497005987865E-017
         297           2  0.000000000000000E+000 -7.485029940119276E-018
         298           1  0.000000000000000E+000 -1.751497005987934E-017
         298           2  0.000000000000000E+000 -7.485029940119321E-018
         299           1  0.000000000000000E+000 -1.751497005987828E-017
         299           2  0.000000000000000E+000 -7.485029940119467E-018
         300           1  0.000000000000000E+000 -1.751497005987796E-017
         300           2  0.000000000000000E+000 -7.485029940119463E-018
         301           1  0.000000000000000E+000 -1.751497005987909E-017
         301           2  0.000000000000000E+000 -7.485029940119398E-018
         302           1  0.000000000000000E+000 -1.751497005987948E-017
         302           2  0.000000000000000E+000 -7.485029940119478E-018
         303           1  0.000000000000000E+000 -1.751497005988071E-017
         303           2  0.000000000000000E+000 -7.485029940119569E-018
         304           1  0.000000000000000E+000 -1.751497005988062E-017
         304           2  0.000000000000000E+000 -7.485029940120095E-018
         305           1  0.000000000000000E+000 -1.751497005988235E-017
         305           2  0.000000000000000E+000 -7.485029940120290E-018
         306           1  0.000000000000000E+000 -1.751497005988280E-017
         306           2  0.000000000000000E+000 -7.485029940120646E-018
         307           1  0.000000000000000E+000 -1.751497005988184E-017
         307           2  0.000000000000000E+000 -7.485029940120634E-018
         308           1  0.000000000000000E+000 -1.751497005988262E-017
         308           2  0.000000000000000E+000 -7.485029940120301E-018
         309           1  0.000000000000000E+000 -1.751497005988150E-017
         309           2  0.000000000000000E+000 -7.485029940120088E-018
         310           1  0.000000000000000E+000 -1.751497005988078E-017
         310           2  0.000000000000000E+000 -7.485029940119919E-018
         311           1  0.000000000000000E+000 -1.751497005987918E-017
         311           2  0.000000000000000E+000 -7.485029940119760E-018
         312           1  0.000000000000000E+000 -1.751497005987968E-017
         312           2  0.000000000000000E+000 -7.485029940119517E-018
         313           1  0.000000000000000E+000 -1.751497005987882E-017
         313           2  0.000000000000000E+000 -7.485029940119554E-018
         314           1  0.000000000000000E+000 -1.751497005987860E-017
         314           2  0.000000000000000E+000 -7.485029940119189E-018
         315           1  0.000000000000000E+000 -1.751497005987860E-017
         315           2  0.000000000000000E+000 -7.485029940119306E-018
         316           1  0.000000000000000E+000 -1.751497005987836E-017
         316           2  0.000000000000000E+000 -7.485029940119164E-018
         317           1  0.000000000000000E+000 -1.751497005987735E-017
         317           2  0.000000000000000E+000 -7.485029940119064E-018
         318           1  0.000000000000000E+000 -1.751497005987885E-017
         318           2  0.000000000000000E+000 -7.485029940119207E-018
         319           1  0.000000000000000E+000 -1.751497005987975E-017
         319           2  0.000000000000000E+000 -7.485029940119229E-018
         320           1  0.000000000000000E+000 -1.751497005988178E-017
         320           2  0.000000000000000E+000 -7.485029940120409E-018
         321           1  0.000000000000000E+000 -1.751497005987755E-017
         321           2  0.000000000000000E+000 -7.485029940118703E-018
         322           1  0.000000000000000E+000 -1.751497005987830E-017
         322           2  0.000000000000000E+000 -7.485029940119173E-018
         323           1  0.000000000000000E+000 -1.751497005987945E-017
         323           2  0.000000000000000E+000 -7.485029940119152E-018
         324           1  0.000000000000000E+000 -1.751497005987916E-017
         324           2  0.000000000000000E+000 -7.485029940119615E-018
         325           1  0.000000000000000E+000 -1.751497005988068E-017
         325           2  0.000000000000000E+000 -7.485029940120353E-018
         326           1  0.000000000000000E+000 -1.751497005988166E-017
         326           2  0.000000000000000E+000 -7.485029940120608E-018
         327           1  0.000000000000000E+000 -1.751497005988229E-017
         327           2  0.000000000000000E+000 -7.485029940120625E-018
         328           1  0.000000000000000E+000 -1.751497005988136E-017
         328           2  0.000000000000000E+000 -7.485029940120283E-018
         329           1  0.000000000000000E+000 -1.751497005988052E-017
         329           2  0.000000000000000E+000 -7.485029940119908E-018
         330           1  0.000000000000000E+000 -1.751497005988118E-017
         330           2  0.000000000000000E+000 -7.485029940119745E-018
         331           1  0.000000000000000E+000 -1.751497005987926E-017
         331           2  0.000000000000000E+000 -7.485029940119575E-018
         332           1  0.000000000000000E+000 -1.751497005987946E-017
         332           2  0.000000000000000E+000 -7.485029940119350E-018
         333           1  0.000000000000000E+000 -1.751497005987840E-017
         333           2  0.000000000000000E+000 -7.485029940119340E-018
         334           1  0.000000000000000E+000 -1.751497005988002E-017
         334           2  0.000000000000000E+000 -7.485029940119438E-018
         335           1  0.000000000000000E+000 -1.751497005987812E-017
         335           2  0.000000000000000E+000 -7.485029940119286E-018
         336           1  0.000000000000000E+000 -1.751497005987781E-017
         336           2  0.000000000000000E+000 -7.485029940119233E-018
         337           1  0.000000000000000E+000 -1.751497005987852E-017
         337           2  0.000000000000000E+000 -7.485029940119133E-018
         338           1  0.000000000000000E+000 -1.751497005987913E-017
         338           2  0.000000000000000E+000 -7.485029940119176E-018
         339           1  0.000000000000000E+000 -1.751497005987866E-017
         339           2  0.000000000000000E+000 -7.485029940118916E-018
         340           1  0.000000000000000E+000 -1.751497005987929E-017
         340           2  0.000000000000000E+000 -7.485029940119466E-018
         341           1  0.000000000000000E+000 -1.751497005987626E-017
         341           2  0.000000000000000E+000 -7.485029940118494E-018
         342           1  0.000000000000000E+000 -1.751497005987820E-017
         342           2  0.000000000000000E+000 -7.485029940118589E-018
         343           1  0.000000000000000E+000 -1.751497005987779E-017
         343           2  0.000000000000000E+000 -7.485029940119018E-018
         344           1  0.000000000000000E+000 -1.751497005987808E-017
         344           2  0.000000000000000E+000 -7.485029940119340E-018
         345           1  0.000000000000000E+000 -1.751497005987953E-017
         345           2  0.000000000000000E+000 -7.485029940119876E-018
         346           1  0.000000000000000E+000 -1.751497005988199E-017
         346           2  0.000000000000000E+000 -7.485029940120181E-018
         347           1  0.000000000000000E+000 -1.751497005988037E-017
         347           2  0.000000000000000E+000 -7.485029940120128E-018
         348           1  0.000000000000000E+000 -1.751497005988099E-017
         348           2  0.000000000000000E+000 -7.485029940120021E-018
         349           1  0.000000000000000E+000 -1.751497005987957E-017
         349           2  0.000000000000000E+000 -7.485029940119737E-018
         350           1  0.000000000000000E+000 -1.751497005987970E-017
         350           2  0.000000000000000E+000 -7.485029940119714E-018
         351           1  0.000000000000000E+000 -1.751497005987918E-017
         351           2  0.000000000000000E+000 -7.485029940119315E-018
         352           1  0.000000000000000E+000 -1.751497005987995E-017
         352           2  0.000000000000000E+000 -7.485029940119261E-018
         353           1  0.000000000000000E+000 -1.751497005987772E-017
         353           2  0.000000000000000E+000 -7.485029940119303E-018
         354           1  0.000000000000000E+000 -1.751497005987896E-017
         354           2  0.000000000000000E+000 -7.485029940119329E-018
         355           1  0.000000000000000E+000 -1.751497005987870E-017
         355           2  0.000000000000000E+000 -7.485029940119110E-018
         356           1  0.000000000000000E+000 -1.751497005987771E-017
         356           2  0.000000000000000E+000 -7.485029940119176E-018
         357           1  0.000000000000000E+000 -1.751497005987762E-017
         357           2  0.000000000000000E+000 -7.485029940118945E-018
         358           1  0.000000000000000E+000 -1.751497005987740E-017
         358           2  0.000000000000000E+000 -7.485029940118968E-018
         359           1  0.000000000000000E+000 -1.751497005987815E-017
         359           2  0.000000000000000E+000 -7.485029940119042E-018
         360           1  0.000000000000000E+000 -1.751497005987926E-017
         360           2  0.000000000000000E+000 -7.485029940119312E-018
         361           1  0.000000000000000E+000 -1.751497005987609E-017
         361           2  0.000000000000000E+000 -7.485029940118702E-018
         362           1  0.000000000000000E+000 -1.751497005987580E-017
         362           2  0.000000000000000E+000 -7.485029940118626E-018
         363           1  0.000000000000000E+000 -1.751497005987719E-017
         363           2  0.000000000000000E+000 -7.485029940118654E-018
         364           1  0.000000000000000E+000 -1.751497005987776E-017
         364           2  0.000000000000000E+000 -7.485029940118819E-018
         365           1  0.000000000000000E+000 -1.751497005987733E-017
         365           2  0.000000000000000E+000 -7.485029940119307E-018
         366           1  0.000000000000000E+000 -1.751497005988027E-017
         366           2  0.000000000000000E+000 -7.485029940119877E-018
         367           1  0.000000000000000E+000 -1.751497005987955E-017
         367           2  0.000000000000000E+000 -7.485029940119660E-018
         368           1  0.000000000000000E+000 -1.751497005987854E-017
         368           2  0.000000000000000E+000 -7.485029940119434E-018
         369           1  0.000000000000000E+000 -1.751497005987912E-017
         369           2  0.000000000000000E+000 -7.485029940119786E-018
         370           1  0.000000000000000E+000 -1.751497005988011E-017
         370           2  0.000000000000000E+000 -7.485029940119404E-018
         371           1  0.000000000000000E+000 -1.751497005987854E-017
         371           2  0.000000000000000E+000 -7.485029940119175E-018
         372           1  0.000000000000000E+000 -1.751497005987835E-017
         372           2  0.000000000000000E+000 -7.485029940119112E-018
         373           1  0.000000000000000E+000 -1.751497005987857E-017
         373           2  0.000000000000000E+000 -7.485029940119019E-018
         374           1  0.000000000000000E+000 -1.751497005987859E-017
         374           2  0.000000000000000E+000 -7.485029940119207E-018
         375           1  0.000000000000000E+000 -1.751497005987821E-017
         375           2  0.000000000000000E+000 -7.485029940119182E-018
         376           1  0.000000000000000E+000 -1.751497005987873E-017
         376           2  0.000000000000000E+000 -7.485029940119024E-018
         377           1  0.000000000000000E+000 -1.751497005987758E-017
         377           2  0.000000000000000E+000 -7.485029940118733E-018
         378           1  0.000000000000000E+000 -1.751497005987750E-017
         378           2  0.000000000000000E+000 -7.485029940118814E-018
         379           1  0.000000000000000E+000 -1.751497005987768E-017
         379           2  0.000000000000000E+000 -7.485029940118839E-018
         380           1  0.000000000000000E+000 -1.751497005988234E-017
         380           2  0.000000000000000E+000 -7.485029940120759E-018
         381           1  0.000000000000000E+000 -1.751497005988284E-017
         381           2  0.000000000000000E+000 -7.485029940120638E-018
         382           1  0.000000000000000E+000 -1.751497005987716E-017
         382           2  0.000000000000000E+000 -7.485029940118879E-018
         383           1  0.000000000000000E+000 -1.751497005987605E-017
         383           2  0.000000000000000E+000 -7.485029940118122E-018
         384           1  0.000000000000000E+000 -1.751497005987702E-017
         384           2  0.000000000000000E+000 -7.485029940118615E-018
         385           1  0.000000000000000E+000 -1.751497005987776E-017
         385           2  0.000000000000000E+000 -7.485029940119135E-018
         386           1  0.000000000000000E+000 -1.751497005988245E-017
         386           2  0.000000000000000E+000 -7.485029940120450E-018
         387           1  0.000000000000000E+000 -1.751497005988097E-017
         387           2  0.000000000000000E+000 -7.485029940120520E-018
         388           1  0.000000000000000E+000 -1.751497005987798E-017
         388           2  0.000000000000000E+000 -7.485029940119546E-018
         389           1  0.000000000000000E+000 -1.751497005987971E-017
         389           2  0.000000000000000E+000 -7.485029940119760E-018
         390           1  0.000000000000000E+000 -1.751497005987903E-017
         390           2  0.000000000000000E+000 -7.485029940119595E-018
         391           1  0.000000000000000E+000 -1.751497005988027E-017
         391           2  0.000000000000000E+000 -7.485029940119810E-018
         392           1  0.000000000000000E+000 -1.751497005987947E-017
         392           2  0.000000000000000E+000 -7.485029940119511E-018
         393           1  0.000000000000000E+000 -1.751497005987935E-017
         393           2  0.000000000000000E+000 -7.485029940119098E-018
         394           1  0.000000000000000E+000 -1.751497005987716E-017
         394           2  0.000000000000000E+000 -7.485029940119192E-018
         395           1  0.000000000000000E+000 -1.751497005987749E-017
         395           2  0.000000000000000E+000 -7.485029940119035E-018
         396           1  0.000000000000000E+000 -1.751497005987784E-017
         396           2  0.000000000000000E+000 -7.485029940119169E-018
         397           1  0.000000000000000E+000 -1.751497005987809E-017
         397           2  0.000000000000000E+000 -7.485029940118921E-018
         398           1  0.000000000000000E+000 -1.751497005987807E-017
         398           2  0.000000000000000E+000 -7.485029940118904E-018
         399           1  0.000000000000000E+000 -1.751497005987778E-017
         399           2  0.000000000000000E+000 -7.485029940118622E-018
         400           1  0.000000000000000E+000 -1.751497005988317E-017
         400           2  0.000000000000000E+000 -7.485029940120825E-018
