           1           1  0.000000000000000E+000 -4.499999999995790E-017
           1           2  0.000000000000000E+000  4.500000000001926E-017
           2           1  0.000000000000000E+000 -4.499999999993421E-017
           2           2  0.000000000000000E+000  4.500000000005427E-017
           3           1  0.000000000000000E+000 -4.499999999999355E-017
           3           2  0.000000000000000E+000  4.499999999998959E-017
           4           1  0.000000000000000E+000 -4.499999999993582E-017
           4           2  0.000000000000000E+000  4.500000000006738E-017
           5           1  0.000000000000000E+000 -4.499999999992380E-017
           5           2  0.000000000000000E+000  4.500000000009424E-017
           6           1  0.000000000000000E+000 -4.499999999991255E-017
           6           2  0.000000000000000E+000  4.500000000009431E-017
           7           1  0.000000000000000E+000 -4.499999999992286E-017
           7           2  0.000000000000000E+000  4.500000000007977E-017
           8           1  0.000000000000000E+000 -4.499999999994389E-017
           8           2  0.000000000000000E+000  4.500000000005425E-017
           9           1  0.000000000000000E+000 -4.499999999995741E-017
           9           2  0.000000000000000E+000  4.500000000003556E-017
          10           1  0.000000000000000E+000 -4.499999999997249E-017
          10           2  0.000000000000000E+000  4.500000000000103E-017
          11           1  0.000000000000000E+000 -4.500000000006845E-017
          11           2  0.000000000000000E+000  4.499999999986247E-017
          12           1  0.000000000000000E+000 -4.499999999999017E-017
          12           2  0.000000000000000E+000  4.499999999998350E-017
          13           1  0.000000000000000E+000 -4.500000000006987E-017
          13           2  0.000000000000000E+000  4.499999999987809E-017
          14           1  0.000000000000000E+000 -4.500000000000970E-017
          14           2  0.000000000000000E+000  4.499999999997336E-017
          15           1  0.000000000000000E+000 -4.499999999995098E-017
          15           2  0.000000000000000E+000  4.500000000003476E-017
          16           1  0.000000000000000E+000 -4.500000000003489E-017
          16           2  0.000000000000000E+000  4.499999999990121E-017
          17           1  0.000000000000000E+000 -4.500000000006715E-017
          17           2  0.000000000000000E+000  4.499999999986879E-017
          18           1  0.000000000000000E+000 -4.499999999996064E-017
          18           2  0.000000000000000E+000  4.500000000001843E-017
          19           1  0.000000000000000E+000 -4.499999999996341E-017
          19           2  0.000000000000000E+000  4.500000000002077E-017
          20           1  0.000000000000000E+000 -4.500000000000639E-017
          20           2  0.000000000000000E+000  4.499999999996484E-017
          21           1  0.000000000000000E+000 -4.500000000005081E-017
          21           2  0.000000000000000E+000  4.499999999993023E-017
          22           1  0.000000000000000E+000 -4.499999999996416E-017
          22           2  0.000000000000000E+000  4.500000000000764E-017
          23           1  0.000000000000000E+000 -4.499999999992748E-017
          23           2  0.000000000000000E+000  4.500000000004729E-017
          24           1  0.000000000000000E+000 -4.499999999990640E-017
          24           2  0.000000000000000E+000  4.500000000007975E-017
          25           1  0.000000000000000E+000 -4.499999999990826E-017
          25           2  0.000000000000000E+000  4.500000000008547E-017
          26           1  0.000000000000000E+000 -4.499999999990644E-017
          26           2  0.000000000000000E+000  4.500000000008963E-017
          27           1  0.000000000000000E+000 -4.499999999991099E-017
          27           2  0.000000000000000E+000  4.500000000007898E-017
          28           1  0.000000000000000E+000 -4.499999999993926E-017
          28           2  0.000000000000000E+000  4.500000000004613E-017
          29           1  0.000000000000000E+000 -4.499999999995289E-017
          29           2  0.000000000000000E+000  4.500000000002350E-017
          30           1  0.000000000000000E+000 -4.499999999996492E-017
          30           2  0.000000000000000E+000  4.499999999999956E-017
          31           1  0.000000000000000E+000 -4.499999999997720E-017
          31           2  0.000000000000000E+000  4.499999999999472E-017
          32           1  0.000000000000000E+000 -4.500000000004189E-017
          32           2  0.000000000000000E+000  4.499999999988459E-017
          33           1  0.000000000000000E+000 -4.500000000002679E-017
          33           2  0.000000000000000E+000  4.499999999994693E-017
          34           1  0.000000000000000E+000 -4.499999999999910E-017
          34           2  0.000000000000000E+000  4.499999999995007E-017
          35           1  0.000000000000000E+000 -4.499999999994377E-017
          35           2  0.000000000000000E+000  4.500000000000919E-017
          36           1  0.000000000000000E+000 -4.499999999998046E-017
          36           2  0.000000000000000E+000  4.499999999993730E-017
          37           1  0.000000000000000E+000 -4.500000000001224E-017
          37           2  0.000000000000000E+000  4.499999999990254E-017
          38           1  0.000000000000000E+000 -4.500000000000724E-017
          38           2  0.000000000000000E+000  4.499999999990901E-017
          39           1  0.000000000000000E+000 -4.499999999989870E-017
          39           2  0.000000000000000E+000  4.500000000009450E-017
          40           1  0.000000000000000E+000 -4.499999999997305E-017
          40           2  0.000000000000000E+000  4.500000000001832E-017
          41           1  0.000000000000000E+000 -4.499999999996462E-017
          41           2  0.000000000000000E+000  4.500000000000591E-017
          42           1  0.000000000000000E+000 -4.500000000002709E-017
          42           2  0.000000000000000E+000  4.499999999994742E-017
          43           1  0.000000000000000E+000 -4.499999999989423E-017
          43           2  0.000000000000000E+000  4.500000000008820E-017
          44           1  0.000000000000000E+000 -4.499999999989327E-017
          44           2  0.000000000000000E+000  4.500000000009496E-017
          45           1  0.000000000000000E+000 -4.499999999991199E-017
          45           2  0.000000000000000E+000  4.500000000007829E-017
          46           1  0.000000000000000E+000 -4.499999999985779E-017
          46           2  0.000000000000000E+000  4.500000000013939E-017
          47           1  0.000000000000000E+000 -4.499999999991463E-017
          47           2  0.000000000000000E+000  4.500000000008185E-017
          48           1  0.000000000000000E+000 -4.499999999994376E-017
          48           2  0.000000000000000E+000  4.500000000003102E-017
          49           1  0.000000000000000E+000 -4.499999999999642E-017
          49           2  0.000000000000000E+000  4.499999999993781E-017
          50           1  0.000000000000000E+000 -4.500000000003513E-017
          50           2  0.000000000000000E+000  4.499999999989618E-017
          51           1  0.000000000000000E+000 -4.500000000005938E-017
          51           2  0.000000000000000E+000  4.499999999987489E-017
          52           1  0.000000000000000E+000 -4.500000000006552E-017
          52           2  0.000000000000000E+000  4.499999999988215E-017
          53           1  0.000000000000000E+000 -4.500000000009910E-017
          53           2  0.000000000000000E+000  4.499999999987328E-017
          54           1  0.000000000000000E+000 -4.500000000003767E-017
          54           2  0.000000000000000E+000  4.499999999990906E-017
          55           1  0.000000000000000E+000 -4.499999999998572E-017
          55           2  0.000000000000000E+000  4.499999999996234E-017
          56           1  0.000000000000000E+000 -4.499999999997529E-017
          56           2  0.000000000000000E+000  4.499999999995205E-017
          57           1  0.000000000000000E+000 -4.499999999998740E-017
          57           2  0.000000000000000E+000  4.499999999994673E-017
          58           1  0.000000000000000E+000 -4.499999999998600E-017
          58           2  0.000000000000000E+000  4.499999999994842E-017
          59           1  0.000000000000000E+000 -4.499999999997188E-017
          59           2  0.000000000000000E+000  4.499999999995066E-017
          60           1  0.000000000000000E+000 -4.500000000001420E-017
          60           2  0.000000000000000E+000  4.499999999994258E-017
          61           1  0.000000000000000E+000 -4.500000000003543E-017
          61           2  0.000000000000000E+000  4.499999999996259E-017
          62           1  0.000000000000000E+000 -4.499999999996774E-017
          62           2  0.000000000000000E+000  4.500000000001788E-017
          63           1  0.000000000000000E+000 -4.500000000002755E-017
          63           2  0.000000000000000E+000  4.499999999999230E-017
          64           1  0.000000000000000E+000 -4.499999999996023E-017
          64           2  0.000000000000000E+000  4.500000000004373E-017
          65           1  0.000000000000000E+000 -4.499999999990247E-017
          65           2  0.000000000000000E+000  4.500000000008348E-017
          66           1  0.000000000000000E+000 -4.499999999992019E-017
          66           2  0.000000000000000E+000  4.500000000005802E-017
          67           1  0.000000000000000E+000 -4.499999999994184E-017
          67           2  0.000000000000000E+000  4.500000000003568E-017
          68           1  0.000000000000000E+000 -4.500000000003645E-017
          68           2  0.000000000000000E+000  4.499999999994812E-017
          69           1  0.000000000000000E+000 -4.500000000000773E-017
          69           2  0.000000000000000E+000  4.499999999997413E-017
          70           1  0.000000000000000E+000 -4.500000000008230E-017
          70           2  0.000000000000000E+000  4.499999999985212E-017
          71           1  0.000000000000000E+000 -4.499999999998782E-017
          71           2  0.000000000000000E+000  4.499999999997961E-017
          72           1  0.000000000000000E+000 -4.500000000002458E-017
          72           2  0.000000000000000E+000  4.499999999991966E-017
          73           1  0.000000000000000E+000 -4.500000000004081E-017
          73           2  0.000000000000000E+000  4.499999999990882E-017
          74           1  0.000000000000000E+000 -4.500000000005695E-017
          74           2  0.000000000000000E+000  4.499999999989415E-017
          75           1  0.000000000000000E+000 -4.500000000002185E-017
          75           2  0.000000000000000E+000  4.499999999994381E-017
          76           1  0.000000000000000E+000 -4.500000000006217E-017
          76           2  0.000000000000000E+000  4.499999999991963E-017
          77           1  0.000000000000000E+000 -4.499999999996149E-017
          77           2  0.000000000000000E+000  4.500000000001659E-017
          78           1  0.000000000000000E+000 -4.499999999993794E-017
          78           2  0.000000000000000E+000  4.500000000002059E-017
          79           1  0.000000000000000E+000 -4.499999999995314E-017
          79           2  0.000000000000000E+000  4.499999999998007E-017
          80           1  0.000000000000000E+000 -4.500000000000782E-017
          80           2  0.000000000000000E+000  4.499999999994226E-017
          81           1  0.000000000000000E+000 -4.500000000004190E-017
          81           2  0.000000000000000E+000  4.499999999997609E-017
          82           1  0.000000000000000E+000 -4.499999999996337E-017
          82           2  0.000000000000000E+000  4.500000000003364E-017
          83           1  0.000000000000000E+000 -4.499999999993437E-017
          83           2  0.000000000000000E+000  4.500000000006419E-017
          84           1  0.000000000000000E+000 -4.499999999991849E-017
          84           2  0.000000000000000E+000  4.500000000007247E-017
          85           1  0.000000000000000E+000 -4.499999999992107E-017
          85           2  0.000000000000000E+000  4.500000000006360E-017
          86           1  0.000000000000000E+000 -4.499999999992332E-017
          86           2  0.000000000000000E+000  4.500000000006381E-017
          87           1  0.000000000000000E+000 -4.499999999993670E-017
          87           2  0.000000000000000E+000  4.500000000004177E-017
          88           1  0.000000000000000E+000 -4.499999999995633E-017
          88           2  0.000000000000000E+000  4.500000000002432E-017
          89           1  0.000000000000000E+000 -4.499999999997246E-017
          89           2  0.000000000000000E+000  4.500000000000607E-017
          90           1  0.000000000000000E+000 -4.499999999997890E-017
          90           2  0.000000000000000E+000  4.499999999999812E-017
          91           1  0.000000000000000E+000 -4.500000000010134E-017
          91           2  0.000000000000000E+000  4.499999999986855E-017
          92           1  0.000000000000000E+000 -4.499999999999246E-017
          92           2  0.000000000000000E+000  4.499999999995595E-017
          93           1  0.000000000000000E+000 -4.499999999997741E-017
          93           2  0.000000000000000E+000  4.499999999995219E-017
          94           1  0.000000000000000E+000 -4.499999999995325E-017
          94           2  0.000000000000000E+000  4.500000000000461E-017
          95           1  0.000000000000000E+000 -4.499999999992933E-017
          95           2  0.000000000000000E+000  4.500000000004461E-017
          96           1  0.000000000000000E+000 -4.499999999993155E-017
          96           2  0.000000000000000E+000  4.500000000004343E-017
          97           1  0.000000000000000E+000 -4.499999999992308E-017
          97           2  0.000000000000000E+000  4.500000000004353E-017
          98           1  0.000000000000000E+000 -4.499999999993671E-017
          98           2  0.000000000000000E+000  4.500000000003244E-017
          99           1  0.000000000000000E+000 -4.499999999993862E-017
          99           2  0.000000000000000E+000  4.500000000002784E-017
         100           1  0.000000000000000E+000 -4.499999999995833E-017
         100           2  0.000000000000000E+000  4.500000000001609E-017
         101           1  0.000000000000000E+000 -4.500000000004286E-017
         101           2  0.000000000000000E+000  4.499999999997786E-017
         102           1  0.000000000000000E+000 -4.500000000002837E-017
         102           2  0.000000000000000E+000  4.499999999998323E-017
         103           1  0.000000000000000E+000 -4.500000000002514E-017
         103           2  0.000000000000000E+000  4.500000000002446E-017
         104           1  0.000000000000000E+000 -4.499999999997732E-017
         104           2  0.000000000000000E+000  4.500000000002170E-017
         105           1  0.000000000000000E+000 -4.499999999997164E-017
         105           2  0.000000000000000E+000  4.500000000001950E-017
         106           1  0.000000000000000E+000 -4.500000000004972E-017
         106           2  0.000000000000000E+000  4.499999999996434E-017
         107           1  0.000000000000000E+000 -4.500000000009704E-017
         107           2  0.000000000000000E+000  4.499999999994804E-017
         108           1  0.000000000000000E+000 -4.500000000005201E-017
         108           2  0.000000000000000E+000  4.499999999993378E-017
         109           1  0.000000000000000E+000 -4.500000000008680E-017
         109           2  0.000000000000000E+000  4.499999999987599E-017
         110           1  0.000000000000000E+000 -4.500000000011586E-017
         110           2  0.000000000000000E+000  4.499999999986298E-017
         111           1  0.000000000000000E+000 -4.500000000008817E-017
         111           2  0.000000000000000E+000  4.499999999989826E-017
         112           1  0.000000000000000E+000 -4.500000000008187E-017
         112           2  0.000000000000000E+000  4.499999999989279E-017
         113           1  0.000000000000000E+000 -4.500000000007562E-017
         113           2  0.000000000000000E+000  4.499999999988534E-017
         114           1  0.000000000000000E+000 -4.500000000007071E-017
         114           2  0.000000000000000E+000  4.499999999992516E-017
         115           1  0.000000000000000E+000 -4.499999999996508E-017
         115           2  0.000000000000000E+000  4.500000000000127E-017
         116           1  0.000000000000000E+000 -4.500000000007609E-017
         116           2  0.000000000000000E+000  4.499999999992544E-017
         117           1  0.000000000000000E+000 -4.500000000001799E-017
         117           2  0.000000000000000E+000  4.499999999995790E-017
         118           1  0.000000000000000E+000 -4.499999999995472E-017
         118           2  0.000000000000000E+000  4.500000000001189E-017
         119           1  0.000000000000000E+000 -4.499999999996372E-017
         119           2  0.000000000000000E+000  4.500000000001833E-017
         120           1  0.000000000000000E+000 -4.499999999997795E-017
         120           2  0.000000000000000E+000  4.500000000000843E-017
         121           1  0.000000000000000E+000 -4.500000000000265E-017
         121           2  0.000000000000000E+000  4.500000000001061E-017
         122           1  0.000000000000000E+000 -4.499999999993482E-017
         122           2  0.000000000000000E+000  4.500000000005429E-017
         123           1  0.000000000000000E+000 -4.499999999996148E-017
         123           2  0.000000000000000E+000  4.500000000003581E-017
         124           1  0.000000000000000E+000 -4.500000000004032E-017
         124           2  0.000000000000000E+000  4.499999999999684E-017
         125           1  0.000000000000000E+000 -4.499999999996011E-017
         125           2  0.000000000000000E+000  4.500000000004404E-017
         126           1  0.000000000000000E+000 -4.500000000006827E-017
         126           2  0.000000000000000E+000  4.499999999999076E-017
         127           1  0.000000000000000E+000 -4.500000000001962E-017
         127           2  0.000000000000000E+000  4.499999999998265E-017
         128           1  0.000000000000000E+000 -4.499999999996691E-017
         128           2  0.000000000000000E+000  4.500000000001158E-017
         129           1  0.000000000000000E+000 -4.500000000003993E-017
         129           2  0.000000000000000E+000  4.499999999990064E-017
         130           1  0.000000000000000E+000 -4.500000000008735E-017
         130           2  0.000000000000000E+000  4.499999999983822E-017
         131           1  0.000000000000000E+000 -4.500000000005914E-017
         131           2  0.000000000000000E+000  4.499999999989751E-017
         132           1  0.000000000000000E+000 -4.500000000011758E-017
         132           2  0.000000000000000E+000  4.499999999984801E-017
         133           1  0.000000000000000E+000 -4.500000000010062E-017
         133           2  0.000000000000000E+000  4.499999999986462E-017
         134           1  0.000000000000000E+000 -4.500000000001863E-017
         134           2  0.000000000000000E+000  4.499999999996117E-017
         135           1  0.000000000000000E+000 -4.499999999999282E-017
         135           2  0.000000000000000E+000  4.499999999994085E-017
         136           1  0.000000000000000E+000 -4.500000000001506E-017
         136           2  0.000000000000000E+000  4.499999999992864E-017
         137           1  0.000000000000000E+000 -4.500000000001102E-017
         137           2  0.000000000000000E+000  4.499999999991854E-017
         138           1  0.000000000000000E+000 -4.499999999998188E-017
         138           2  0.000000000000000E+000  4.499999999996703E-017
         139           1  0.000000000000000E+000 -4.499999999996196E-017
         139           2  0.000000000000000E+000  4.499999999999301E-017
         140           1  0.000000000000000E+000 -4.500000000003475E-017
         140           2  0.000000000000000E+000  4.499999999993964E-017
         141           1  0.000000000000000E+000 -4.499999999999432E-017
         141           2  0.000000000000000E+000  4.499999999999920E-017
         142           1  0.000000000000000E+000 -4.499999999998820E-017
         142           2  0.000000000000000E+000  4.499999999999823E-017
         143           1  0.000000000000000E+000 -4.499999999996647E-017
         143           2  0.000000000000000E+000  4.500000000001268E-017
         144           1  0.000000000000000E+000 -4.500000000008855E-017
         144           2  0.000000000000000E+000  4.499999999988693E-017
         145           1  0.000000000000000E+000 -4.500000000000463E-017
         145           2  0.000000000000000E+000  4.499999999998383E-017
         146           1  0.000000000000000E+000 -4.500000000002742E-017
         146           2  0.000000000000000E+000  4.499999999995144E-017
         147           1  0.000000000000000E+000 -4.500000000001143E-017
         147           2  0.000000000000000E+000  4.499999999997011E-017
         148           1  0.000000000000000E+000 -4.499999999998604E-017
         148           2  0.000000000000000E+000  4.499999999997953E-017
         149           1  0.000000000000000E+000 -4.500000000010687E-017
         149           2  0.000000000000000E+000  4.499999999981795E-017
         150           1  0.000000000000000E+000 -4.500000000016766E-017
         150           2  0.000000000000000E+000  4.499999999971722E-017
         151           1  0.000000000000000E+000 -4.500000000016211E-017
         151           2  0.000000000000000E+000  4.499999999972552E-017
         152           1  0.000000000000000E+000 -4.500000000011774E-017
         152           2  0.000000000000000E+000  4.499999999977935E-017
         153           1  0.000000000000000E+000 -4.500000000012181E-017
         153           2  0.000000000000000E+000  4.499999999978411E-017
         154           1  0.000000000000000E+000 -4.500000000014284E-017
         154           2  0.000000000000000E+000  4.499999999980040E-017
         155           1  0.000000000000000E+000 -4.500000000010071E-017
         155           2  0.000000000000000E+000  4.499999999977091E-017
         156           1  0.000000000000000E+000 -4.500000000005040E-017
         156           2  0.000000000000000E+000  4.499999999984636E-017
         157           1  0.000000000000000E+000 -4.500000000009766E-017
         157           2  0.000000000000000E+000  4.499999999986332E-017
         158           1  0.000000000000000E+000 -4.500000000007347E-017
         158           2  0.000000000000000E+000  4.499999999987416E-017
         159           1  0.000000000000000E+000 -4.500000000008058E-017
         159           2  0.000000000000000E+000  4.499999999984724E-017
         160           1  0.000000000000000E+000 -4.499999999998860E-017
         160           2  0.000000000000000E+000  4.499999999998486E-017
         161           1  0.000000000000000E+000 -4.500000000001340E-017
         161           2  0.000000000000000E+000  4.499999999998423E-017
         162           1  0.000000000000000E+000 -4.500000000006110E-017
         162           2  0.000000000000000E+000  4.499999999992480E-017
         163           1  0.000000000000000E+000 -4.499999999996989E-017
         163           2  0.000000000000000E+000  4.500000000000247E-017
         164           1  0.000000000000000E+000 -4.499999999998536E-017
         164           2  0.000000000000000E+000  4.499999999998963E-017
         165           1  0.000000000000000E+000 -4.499999999997580E-017
         165           2  0.000000000000000E+000  4.500000000000083E-017
         166           1  0.000000000000000E+000 -4.500000000008763E-017
         166           2  0.000000000000000E+000  4.499999999989519E-017
         167           1  0.000000000000000E+000 -4.500000000009456E-017
         167           2  0.000000000000000E+000  4.499999999986471E-017
         168           1  0.000000000000000E+000 -4.500000000003529E-017
         168           2  0.000000000000000E+000  4.499999999994268E-017
         169           1  0.000000000000000E+000 -4.500000000005267E-017
         169           2  0.000000000000000E+000  4.499999999992261E-017
         170           1  0.000000000000000E+000 -4.500000000019814E-017
         170           2  0.000000000000000E+000  4.499999999968027E-017
         171           1  0.000000000000000E+000 -4.500000000020761E-017
         171           2  0.000000000000000E+000  4.499999999969491E-017
         172           1  0.000000000000000E+000 -4.500000000015948E-017
         172           2  0.000000000000000E+000  4.499999999970835E-017
         173           1  0.000000000000000E+000 -4.500000000016539E-017
         173           2  0.000000000000000E+000  4.499999999971660E-017
         174           1  0.000000000000000E+000 -4.500000000011192E-017
         174           2  0.000000000000000E+000  4.499999999977590E-017
         175           1  0.000000000000000E+000 -4.500000000008666E-017
         175           2  0.000000000000000E+000  4.499999999978644E-017
         176           1  0.000000000000000E+000 -4.500000000017435E-017
         176           2  0.000000000000000E+000  4.499999999974107E-017
         177           1  0.000000000000000E+000 -4.500000000009800E-017
         177           2  0.000000000000000E+000  4.499999999985485E-017
         178           1  0.000000000000000E+000 -4.500000000019833E-017
         178           2  0.000000000000000E+000  4.499999999972685E-017
         179           1  0.000000000000000E+000 -4.500000000011472E-017
         179           2  0.000000000000000E+000  4.499999999977537E-017
         180           1  0.000000000000000E+000 -4.500000000009028E-017
         180           2  0.000000000000000E+000  4.499999999982908E-017
         181           1  0.000000000000000E+000 -4.499999999997699E-017
         181           2  0.000000000000000E+000  4.499999999999382E-017
         182           1  0.000000000000000E+000 -4.500000000001984E-017
         182           2  0.000000000000000E+000  4.499999999995621E-017
         183           1  0.000000000000000E+000 -4.499999999997178E-017
         183           2  0.000000000000000E+000  4.499999999999343E-017
         184           1  0.000000000000000E+000 -4.500000000002943E-017
         184           2  0.000000000000000E+000  4.499999999989809E-017
         185           1  0.000000000000000E+000 -4.499999999996571E-017
         185           2  0.000000000000000E+000  4.500000000001353E-017
         186           1  0.000000000000000E+000 -4.500000000003283E-017
         186           2  0.000000000000000E+000  4.499999999995853E-017
         187           1  0.000000000000000E+000 -4.500000000001144E-017
         187           2  0.000000000000000E+000  4.499999999997223E-017
         188           1  0.000000000000000E+000 -4.500000000004521E-017
         188           2  0.000000000000000E+000  4.499999999991813E-017
         189           1  0.000000000000000E+000 -4.500000000020445E-017
         189           2  0.000000000000000E+000  4.499999999966706E-017
         190           1  0.000000000000000E+000 -4.500000000020656E-017
         190           2  0.000000000000000E+000  4.499999999966764E-017
         191           1  0.000000000000000E+000 -4.500000000006252E-017
         191           2  0.000000000000000E+000  4.499999999988088E-017
         192           1  0.000000000000000E+000 -4.500000000019690E-017
         192           2  0.000000000000000E+000  4.499999999967316E-017
         193           1  0.000000000000000E+000 -4.500000000016102E-017
         193           2  0.000000000000000E+000  4.499999999967771E-017
         194           1  0.000000000000000E+000 -4.500000000012498E-017
         194           2  0.000000000000000E+000  4.499999999974929E-017
         195           1  0.000000000000000E+000 -4.500000000009867E-017
         195           2  0.000000000000000E+000  4.499999999974907E-017
         196           1  0.000000000000000E+000 -4.500000000002318E-017
         196           2  0.000000000000000E+000  4.499999999993437E-017
         197           1  0.000000000000000E+000 -4.500000000009584E-017
         197           2  0.000000000000000E+000  4.499999999982952E-017
         198           1  0.000000000000000E+000 -4.500000000002619E-017
         198           2  0.000000000000000E+000  4.499999999992184E-017
         199           1  0.000000000000000E+000 -4.500000000006637E-017
         199           2  0.000000000000000E+000  4.499999999979374E-017
         200           1  0.000000000000000E+000 -4.500000000009354E-017
         200           2  0.000000000000000E+000  4.499999999981017E-017
         201           1  0.000000000000000E+000 -4.500000000000114E-017
         201           2  0.000000000000000E+000  4.499999999997344E-017
         202           1  0.000000000000000E+000 -4.500000000003365E-017
         202           2  0.000000000000000E+000  4.499999999994741E-017
         203           1  0.000000000000000E+000 -4.499999999997801E-017
         203           2  0.000000000000000E+000  4.499999999999141E-017
         204           1  0.000000000000000E+000 -4.499999999997882E-017
         204           2  0.000000000000000E+000  4.499999999999682E-017
         205           1  0.000000000000000E+000 -4.499999999996351E-017
         205           2  0.000000000000000E+000  4.500000000001759E-017
         206           1  0.000000000000000E+000 -4.500000000004841E-017
         206           2  0.000000000000000E+000  4.499999999995294E-017
         207           1  0.000000000000000E+000 -4.499999999996304E-017
         207           2  0.000000000000000E+000  4.500000000001000E-017
         208           1  0.000000000000000E+000 -4.500000000000167E-017
         208           2  0.000000000000000E+000  4.499999999997834E-017
         209           1  0.000000000000000E+000 -4.500000000016830E-017
         209           2  0.000000000000000E+000  4.499999999970093E-017
         210           1  0.000000000000000E+000 -4.500000000019650E-017
         210           2  0.000000000000000E+000  4.499999999967624E-017
         211           1  0.000000000000000E+000 -4.500000000021086E-017
         211           2  0.000000000000000E+000  4.499999999965356E-017
         212           1  0.000000000000000E+000 -4.500000000019660E-017
         212           2  0.000000000000000E+000  4.499999999964163E-017
         213           1  0.000000000000000E+000 -4.500000000018617E-017
         213           2  0.000000000000000E+000  4.499999999966690E-017
         214           1  0.000000000000000E+000 -4.500000000012004E-017
         214           2  0.000000000000000E+000  4.499999999972820E-017
         215           1  0.000000000000000E+000 -4.500000000011266E-017
         215           2  0.000000000000000E+000  4.499999999974979E-017
         216           1  0.000000000000000E+000 -4.500000000008346E-017
         216           2  0.000000000000000E+000  4.499999999988141E-017
         217           1  0.000000000000000E+000 -4.500000000010130E-017
         217           2  0.000000000000000E+000  4.499999999979848E-017
         218           1  0.000000000000000E+000 -4.500000000010085E-017
         218           2  0.000000000000000E+000  4.499999999981189E-017
         219           1  0.000000000000000E+000 -4.500000000013413E-017
         219           2  0.000000000000000E+000  4.499999999977628E-017
         220           1  0.000000000000000E+000 -4.500000000006696E-017
         220           2  0.000000000000000E+000  4.499999999983778E-017
         221           1  0.000000000000000E+000 -4.500000000002177E-017
         221           2  0.000000000000000E+000  4.499999999997173E-017
         222           1  0.000000000000000E+000 -4.499999999995233E-017
         222           2  0.000000000000000E+000  4.500000000002078E-017
         223           1  0.000000000000000E+000 -4.500000000003414E-017
         223           2  0.000000000000000E+000  4.499999999991350E-017
         224           1  0.000000000000000E+000 -4.499999999997003E-017
         224           2  0.000000000000000E+000  4.499999999999726E-017
         225           1  0.000000000000000E+000 -4.499999999995278E-017
         225           2  0.000000000000000E+000  4.500000000002366E-017
         226           1  0.000000000000000E+000 -4.500000000005403E-017
         226           2  0.000000000000000E+000  4.499999999994557E-017
         227           1  0.000000000000000E+000 -4.499999999999284E-017
         227           2  0.000000000000000E+000  4.499999999996484E-017
         228           1  0.000000000000000E+000 -4.500000000001730E-017
         228           2  0.000000000000000E+000  4.499999999997017E-017
         229           1  0.000000000000000E+000 -4.500000000015504E-017
         229           2  0.000000000000000E+000  4.499999999970856E-017
         230           1  0.000000000000000E+000 -4.500000000018271E-017
         230           2  0.000000000000000E+000  4.499999999968275E-017
         231           1  0.000000000000000E+000 -4.500000000019398E-017
         231           2  0.000000000000000E+000  4.499999999964351E-017
         232           1  0.000000000000000E+000 -4.500000000005463E-017
         232           2  0.000000000000000E+000  4.499999999989578E-017
         233           1  0.000000000000000E+000 -4.500000000017802E-017
         233           2  0.000000000000000E+000  4.499999999967824E-017
         234           1  0.000000000000000E+000 -4.500000000016342E-017
         234           2  0.000000000000000E+000  4.499999999971395E-017
         235           1  0.000000000000000E+000 -4.500000000013918E-017
         235           2  0.000000000000000E+000  4.499999999972284E-017
         236           1  0.000000000000000E+000 -4.500000000012957E-017
         236           2  0.000000000000000E+000  4.499999999976071E-017
         237           1  0.000000000000000E+000 -4.500000000007458E-017
         237           2  0.000000000000000E+000  4.499999999984590E-017
         238           1  0.000000000000000E+000 -4.500000000002896E-017
         238           2  0.000000000000000E+000  4.499999999989154E-017
         239           1  0.000000000000000E+000 -4.499999999999772E-017
         239           2  0.000000000000000E+000  4.499999999992519E-017
         240           1  0.000000000000000E+000 -4.499999999996608E-017
         240           2  0.000000000000000E+000  4.500000000000845E-017
         241           1  0.000000000000000E+000 -4.499999999995248E-017
         241           2  0.000000000000000E+000  4.500000000002288E-017
         242           1  0.000000000000000E+000 -4.500000000005548E-017
         242           2  0.000000000000000E+000  4.499999999993787E-017
         243           1  0.000000000000000E+000 -4.500000000004094E-017
         243           2  0.000000000000000E+000  4.499999999994812E-017
         244           1  0.000000000000000E+000 -4.499999999995434E-017
         244           2  0.000000000000000E+000  4.500000000002429E-017
         245           1  0.000000000000000E+000 -4.499999999994401E-017
         245           2  0.000000000000000E+000  4.500000000004881E-017
         246           1  0.000000000000000E+000 -4.500000000003284E-017
         246           2  0.000000000000000E+000  4.499999999997769E-017
         247           1  0.000000000000000E+000 -4.499999999999780E-017
         247           2  0.000000000000000E+000  4.499999999999665E-017
         248           1  0.000000000000000E+000 -4.500000000007687E-017
         248           2  0.000000000000000E+000  4.499999999986803E-017
         249           1  0.000000000000000E+000 -4.500000000013104E-017
         249           2  0.000000000000000E+000  4.499999999975604E-017
         250           1  0.000000000000000E+000 -4.500000000003728E-017
         250           2  0.000000000000000E+000  4.499999999991580E-017
         251           1  0.000000000000000E+000 -4.500000000020657E-017
         251           2  0.000000000000000E+000  4.499999999966386E-017
         252           1  0.000000000000000E+000 -4.500000000016085E-017
         252           2  0.000000000000000E+000  4.499999999969496E-017
         253           1  0.000000000000000E+000 -4.500000000002421E-017
         253           2  0.000000000000000E+000  4.499999999994139E-017
         254           1  0.000000000000000E+000 -4.500000000000124E-017
         254           2  0.000000000000000E+000  4.499999999995374E-017
         255           1  0.000000000000000E+000 -4.499999999998123E-017
         255           2  0.000000000000000E+000  4.499999999998209E-017
         256           1  0.000000000000000E+000 -4.499999999996068E-017
         256           2  0.000000000000000E+000  4.500000000000523E-017
         257           1  0.000000000000000E+000 -4.499999999999361E-017
         257           2  0.000000000000000E+000  4.499999999996298E-017
         258           1  0.000000000000000E+000 -4.500000000002467E-017
         258           2  0.000000000000000E+000  4.499999999997251E-017
         259           1  0.000000000000000E+000 -4.500000000004093E-017
         259           2  0.000000000000000E+000  4.499999999995524E-017
         260           1  0.000000000000000E+000 -4.499999999995003E-017
         260           2  0.000000000000000E+000  4.500000000003994E-017
         261           1  0.000000000000000E+000 -4.500000000005560E-017
         261           2  0.000000000000000E+000  4.499999999995174E-017
         262           1  0.000000000000000E+000 -4.499999999997663E-017
         262           2  0.000000000000000E+000  4.500000000000487E-017
         263           1  0.000000000000000E+000 -4.500000000003955E-017
         263           2  0.000000000000000E+000  4.499999999994595E-017
         264           1  0.000000000000000E+000 -4.499999999998263E-017
         264           2  0.000000000000000E+000  4.500000000002426E-017
         265           1  0.000000000000000E+000 -4.499999999992763E-017
         265           2  0.000000000000000E+000  4.500000000009931E-017
         266           1  0.000000000000000E+000 -4.500000000004339E-017
         266           2  0.000000000000000E+000  4.499999999997302E-017
         267           1  0.000000000000000E+000 -4.499999999997450E-017
         267           2  0.000000000000000E+000  4.500000000001451E-017
         268           1  0.000000000000000E+000 -4.499999999995356E-017
         268           2  0.000000000000000E+000  4.500000000001453E-017
         269           1  0.000000000000000E+000 -4.500000000007162E-017
         269           2  0.000000000000000E+000  4.499999999985175E-017
         270           1  0.000000000000000E+000 -4.500000000000620E-017
         270           2  0.000000000000000E+000  4.499999999994282E-017
         271           1  0.000000000000000E+000 -4.500000000012209E-017
         271           2  0.000000000000000E+000  4.499999999976098E-017
         272           1  0.000000000000000E+000 -4.500000000012749E-017
         272           2  0.000000000000000E+000  4.499999999976510E-017
         273           1  0.000000000000000E+000 -4.500000000010970E-017
         273           2  0.000000000000000E+000  4.499999999977164E-017
         274           1  0.000000000000000E+000 -4.499999999995831E-017
         274           2  0.000000000000000E+000  4.499999999999311E-017
         275           1  0.000000000000000E+000 -4.499999999997792E-017
         275           2  0.000000000000000E+000  4.499999999999539E-017
         276           1  0.000000000000000E+000 -4.500000000000475E-017
         276           2  0.000000000000000E+000  4.499999999998426E-017
         277           1  0.000000000000000E+000 -4.499999999994971E-017
         277           2  0.000000000000000E+000  4.500000000003903E-017
         278           1  0.000000000000000E+000 -4.499999999993726E-017
         278           2  0.000000000000000E+000  4.500000000005057E-017
         279           1  0.000000000000000E+000 -4.499999999993151E-017
         279           2  0.000000000000000E+000  4.500000000005880E-017
         280           1  0.000000000000000E+000 -4.499999999993595E-017
         280           2  0.000000000000000E+000  4.500000000005830E-017
         281           1  0.000000000000000E+000 -4.500000000001102E-017
         281           2  0.000000000000000E+000  4.499999999997578E-017
         282           1  0.000000000000000E+000 -4.500000000004305E-017
         282           2  0.000000000000000E+000  4.499999999994992E-017
         283           1  0.000000000000000E+000 -4.500000000010466E-017
         283           2  0.000000000000000E+000  4.499999999987795E-017
         284           1  0.000000000000000E+000 -4.499999999998905E-017
         284           2  0.000000000000000E+000  4.500000000000951E-017
         285           1  0.000000000000000E+000 -4.499999999992218E-017
         285           2  0.000000000000000E+000  4.500000000009197E-017
         286           1  0.000000000000000E+000 -4.499999999998574E-017
         286           2  0.000000000000000E+000  4.500000000005264E-017
         287           1  0.000000000000000E+000 -4.499999999994217E-017
         287           2  0.000000000000000E+000  4.500000000003813E-017
         288           1  0.000000000000000E+000 -4.499999999997047E-017
         288           2  0.000000000000000E+000  4.500000000000500E-017
         289           1  0.000000000000000E+000 -4.500000000004998E-017
         289           2  0.000000000000000E+000  4.499999999987419E-017
         290           1  0.000000000000000E+000 -4.499999999999467E-017
         290           2  0.000000000000000E+000  4.499999999997035E-017
         291           1  0.000000000000000E+000 -4.500000000011086E-017
         291           2  0.000000000000000E+000  4.499999999980395E-017
         292           1  0.000000000000000E+000 -4.500000000009979E-017
         292           2  0.000000000000000E+000  4.499999999979800E-017
         293           1  0.000000000000000E+000 -4.500000000005582E-017
         293           2  0.000000000000000E+000  4.499999999984023E-017
         294           1  0.000000000000000E+000 -4.500000000001012E-017
         294           2  0.000000000000000E+000  4.499999999991108E-017
         295           1  0.000000000000000E+000 -4.499999999996852E-017
         295           2  0.000000000000000E+000  4.500000000001813E-017
         296           1  0.000000000000000E+000 -4.499999999992684E-017
         296           2  0.000000000000000E+000  4.500000000006388E-017
         297           1  0.000000000000000E+000 -4.499999999995136E-017
         297           2  0.000000000000000E+000  4.500000000004134E-017
         298           1  0.000000000000000E+000 -4.499999999991188E-017
         298           2  0.000000000000000E+000  4.500000000006557E-017
         299           1  0.000000000000000E+000 -4.499999999992225E-017
         299           2  0.000000000000000E+000  4.500000000006913E-017
         300           1  0.000000000000000E+000 -4.499999999995496E-017
         300           2  0.000000000000000E+000  4.500000000003856E-017
         301           1  0.000000000000000E+000 -4.500000000002503E-017
         301           2  0.000000000000000E+000  4.499999999996859E-017
         302           1  0.000000000000000E+000 -4.499999999995890E-017
         302           2  0.000000000000000E+000  4.500000000001315E-017
         303           1  0.000000000000000E+000 -4.500000000000066E-017
         303           2  0.000000000000000E+000  4.499999999995258E-017
         304           1  0.000000000000000E+000 -4.499999999993636E-017
         304           2  0.000000000000000E+000  4.500000000004340E-017
         305           1  0.000000000000000E+000 -4.499999999991526E-017
         305           2  0.000000000000000E+000  4.500000000006791E-017
         306           1  0.000000000000000E+000 -4.499999999993731E-017
         306           2  0.000000000000000E+000  4.500000000004866E-017
         307           1  0.000000000000000E+000 -4.499999999997809E-017
         307           2  0.000000000000000E+000  4.500000000000406E-017
         308           1  0.000000000000000E+000 -4.499999999996141E-017
         308           2  0.000000000000000E+000  4.500000000000372E-017
         309           1  0.000000000000000E+000 -4.499999999997663E-017
         309           2  0.000000000000000E+000  4.499999999998842E-017
         310           1  0.000000000000000E+000 -4.500000000004891E-017
         310           2  0.000000000000000E+000  4.499999999987687E-017
         311           1  0.000000000000000E+000 -4.500000000004146E-017
         311           2  0.000000000000000E+000  4.499999999987902E-017
         312           1  0.000000000000000E+000 -4.500000000004200E-017
         312           2  0.000000000000000E+000  4.499999999985601E-017
         313           1  0.000000000000000E+000 -4.500000000003706E-017
         313           2  0.000000000000000E+000  4.499999999989551E-017
         314           1  0.000000000000000E+000 -4.499999999993830E-017
         314           2  0.000000000000000E+000  4.500000000003291E-017
         315           1  0.000000000000000E+000 -4.500000000000543E-017
         315           2  0.000000000000000E+000  4.499999999999631E-017
         316           1  0.000000000000000E+000 -4.499999999991584E-017
         316           2  0.000000000000000E+000  4.500000000007178E-017
         317           1  0.000000000000000E+000 -4.499999999987568E-017
         317           2  0.000000000000000E+000  4.500000000010307E-017
         318           1  0.000000000000000E+000 -4.499999999991984E-017
         318           2  0.000000000000000E+000  4.500000000006609E-017
         319           1  0.000000000000000E+000 -4.499999999984987E-017
         319           2  0.000000000000000E+000  4.500000000014926E-017
         320           1  0.000000000000000E+000 -4.499999999993730E-017
         320           2  0.000000000000000E+000  4.500000000005482E-017
         321           1  0.000000000000000E+000 -4.499999999997008E-017
         321           2  0.000000000000000E+000  4.500000000001487E-017
         322           1  0.000000000000000E+000 -4.500000000005648E-017
         322           2  0.000000000000000E+000  4.499999999995710E-017
         323           1  0.000000000000000E+000 -4.499999999995251E-017
         323           2  0.000000000000000E+000  4.500000000001751E-017
         324           1  0.000000000000000E+000 -4.499999999996590E-017
         324           2  0.000000000000000E+000  4.499999999999221E-017
         325           1  0.000000000000000E+000 -4.499999999999159E-017
         325           2  0.000000000000000E+000  4.499999999999782E-017
         326           1  0.000000000000000E+000 -4.499999999999255E-017
         326           2  0.000000000000000E+000  4.499999999999279E-017
         327           1  0.000000000000000E+000 -4.499999999995739E-017
         327           2  0.000000000000000E+000  4.500000000001539E-017
         328           1  0.000000000000000E+000 -4.499999999997580E-017
         328           2  0.000000000000000E+000  4.499999999999490E-017
         329           1  0.000000000000000E+000 -4.499999999997974E-017
         329           2  0.000000000000000E+000  4.499999999998736E-017
         330           1  0.000000000000000E+000 -4.500000000007725E-017
         330           2  0.000000000000000E+000  4.499999999983884E-017
         331           1  0.000000000000000E+000 -4.500000000009774E-017
         331           2  0.000000000000000E+000  4.499999999982833E-017
         332           1  0.000000000000000E+000 -4.500000000005406E-017
         332           2  0.000000000000000E+000  4.499999999986113E-017
         333           1  0.000000000000000E+000 -4.499999999997133E-017
         333           2  0.000000000000000E+000  4.499999999999714E-017
         334           1  0.000000000000000E+000 -4.500000000000442E-017
         334           2  0.000000000000000E+000  4.499999999998998E-017
         335           1  0.000000000000000E+000 -4.499999999992445E-017
         335           2  0.000000000000000E+000  4.500000000006033E-017
         336           1  0.000000000000000E+000 -4.499999999987987E-017
         336           2  0.000000000000000E+000  4.500000000009988E-017
         337           1  0.000000000000000E+000 -4.499999999987046E-017
         337           2  0.000000000000000E+000  4.500000000012164E-017
         338           1  0.000000000000000E+000 -4.499999999991115E-017
         338           2  0.000000000000000E+000  4.500000000006850E-017
         339           1  0.000000000000000E+000 -4.499999999991185E-017
         339           2  0.000000000000000E+000  4.500000000008168E-017
         340           1  0.000000000000000E+000 -4.499999999999242E-017
         340           2  0.000000000000000E+000  4.499999999999815E-017
         341           1  0.000000000000000E+000 -4.500000000003510E-017
         341           2  0.000000000000000E+000  4.499999999995930E-017
         342           1  0.000000000000000E+000 -4.500000000009451E-017
         342           2  0.000000000000000E+000  4.499999999988863E-017
         343           1  0.000000000000000E+000 -4.499999999998683E-017
         343           2  0.000000000000000E+000  4.499999999998060E-017
         344           1  0.000000000000000E+000 -4.499999999999620E-017
         344           2  0.000000000000000E+000  4.499999999997850E-017
         345           1  0.000000000000000E+000 -4.499999999998452E-017
         345           2  0.000000000000000E+000  4.500000000000007E-017
         346           1  0.000000000000000E+000 -4.500000000000766E-017
         346           2  0.000000000000000E+000  4.499999999997377E-017
         347           1  0.000000000000000E+000 -4.499999999995480E-017
         347           2  0.000000000000000E+000  4.500000000001634E-017
         348           1  0.000000000000000E+000 -4.499999999996944E-017
         348           2  0.000000000000000E+000  4.499999999999511E-017
         349           1  0.000000000000000E+000 -4.499999999998122E-017
         349           2  0.000000000000000E+000  4.499999999998693E-017
         350           1  0.000000000000000E+000 -4.500000000009146E-017
         350           2  0.000000000000000E+000  4.499999999980249E-017
         351           1  0.000000000000000E+000 -4.499999999998852E-017
         351           2  0.000000000000000E+000  4.499999999997229E-017
         352           1  0.000000000000000E+000 -4.500000000007621E-017
         352           2  0.000000000000000E+000  4.499999999981666E-017
         353           1  0.000000000000000E+000 -4.499999999996593E-017
         353           2  0.000000000000000E+000  4.499999999999935E-017
         354           1  0.000000000000000E+000 -4.499999999994542E-017
         354           2  0.000000000000000E+000  4.500000000002656E-017
         355           1  0.000000000000000E+000 -4.499999999992224E-017
         355           2  0.000000000000000E+000  4.500000000005029E-017
         356           1  0.000000000000000E+000 -4.499999999989555E-017
         356           2  0.000000000000000E+000  4.500000000008988E-017
         357           1  0.000000000000000E+000 -4.499999999996908E-017
         357           2  0.000000000000000E+000  4.500000000001570E-017
         358           1  0.000000000000000E+000 -4.499999999998555E-017
         358           2  0.000000000000000E+000  4.499999999996338E-017
         359           1  0.000000000000000E+000 -4.499999999991312E-017
         359           2  0.000000000000000E+000  4.500000000006216E-017
         360           1  0.000000000000000E+000 -4.499999999994079E-017
         360           2  0.000000000000000E+000  4.500000000003874E-017
         361           1  0.000000000000000E+000 -4.500000000006305E-017
         361           2  0.000000000000000E+000  4.499999999990327E-017
         362           1  0.000000000000000E+000 -4.499999999999844E-017
         362           2  0.000000000000000E+000  4.499999999998228E-017
         363           1  0.000000000000000E+000 -4.499999999996411E-017
         363           2  0.000000000000000E+000  4.499999999999356E-017
         364           1  0.000000000000000E+000 -4.500000000000962E-017
         364           2  0.000000000000000E+000  4.499999999997419E-017
         365           1  0.000000000000000E+000 -4.499999999998979E-017
         365           2  0.000000000000000E+000  4.499999999999081E-017
         366           1  0.000000000000000E+000 -4.499999999998786E-017
         366           2  0.000000000000000E+000  4.499999999998826E-017
         367           1  0.000000000000000E+000 -4.499999999996457E-017
         367           2  0.000000000000000E+000  4.499999999999456E-017
         368           1  0.000000000000000E+000 -4.499999999995192E-017
         368           2  0.000000000000000E+000  4.500000000002164E-017
         369           1  0.000000000000000E+000 -4.499999999996640E-017
         369           2  0.000000000000000E+000  4.500000000000861E-017
         370           1  0.000000000000000E+000 -4.499999999996985E-017
         370           2  0.000000000000000E+000  4.500000000000648E-017
         371           1  0.000000000000000E+000 -4.500000000009823E-017
         371           2  0.000000000000000E+000  4.499999999981141E-017
         372           1  0.000000000000000E+000 -4.499999999998621E-017
         372           2  0.000000000000000E+000  4.499999999996335E-017
         373           1  0.000000000000000E+000 -4.499999999996773E-017
         373           2  0.000000000000000E+000  4.499999999999924E-017
         374           1  0.000000000000000E+000 -4.499999999994342E-017
         374           2  0.000000000000000E+000  4.500000000003233E-017
         375           1  0.000000000000000E+000 -4.499999999992808E-017
         375           2  0.000000000000000E+000  4.500000000004666E-017
         376           1  0.000000000000000E+000 -4.499999999992173E-017
         376           2  0.000000000000000E+000  4.500000000005834E-017
         377           1  0.000000000000000E+000 -4.499999999989061E-017
         377           2  0.000000000000000E+000  4.500000000006119E-017
         378           1  0.000000000000000E+000 -4.499999999993303E-017
         378           2  0.000000000000000E+000  4.500000000004792E-017
         379           1  0.000000000000000E+000 -4.499999999991207E-017
         379           2  0.000000000000000E+000  4.500000000008810E-017
         380           1  0.000000000000000E+000 -4.499999999995233E-017
         380           2  0.000000000000000E+000  4.500000000003049E-017
         381           1  0.000000000000000E+000 -4.500000000003218E-017
         381           2  0.000000000000000E+000  4.499999999995945E-017
         382           1  0.000000000000000E+000 -4.499999999997293E-017
         382           2  0.000000000000000E+000  4.500000000000581E-017
         383           1  0.000000000000000E+000 -4.499999999997829E-017
         383           2  0.000000000000000E+000  4.499999999999279E-017
         384           1  0.000000000000000E+000 -4.500000000002887E-017
         384           2  0.000000000000000E+000  4.499999999995851E-017
         385           1  0.000000000000000E+000 -4.499999999995735E-017
         385           2  0.000000000000000E+000  4.500000000001793E-017
         386           1  0.000000000000000E+000 -4.499999999997828E-017
         386           2  0.000000000000000E+000  4.499999999999746E-017
         387           1  0.000000000000000E+000 -4.499999999999095E-017
         387           2  0.000000000000000E+000  4.499999999998090E-017
         388           1  0.000000000000000E+000 -4.499999999998179E-017
         388           2  0.000000000000000E+000  4.499999999999777E-017
         389           1  0.000000000000000E+000 -4.499999999999324E-017
         389           2  0.000000000000000E+000  4.499999999997866E-017
         390           1  0.000000000000000E+000 -4.500000000000469E-017
         390           2  0.000000000000000E+000  4.499999999996713E-017
         391           1  0.000000000000000E+000 -4.500000000000185E-017
         391           2  0.000000000000000E+000  4.499999999996145E-017
         392           1  0.000000000000000E+000 -4.499999999999664E-017
         392           2  0.000000000000000E+000  4.499999999997151E-017
         393           1  0.000000000000000E+000 -4.499999999998373E-017
         393           2  0.000000000000000E+000  4.499999999998235E-017
         394           1  0.000000000000000E+000 -4.499999999994870E-017
         394           2  0.000000000000000E+000  4.500000000002373E-017
         395           1  0.000000000000000E+000 -4.499999999997501E-017
         395           2  0.000000000000000E+000  4.500000000001616E-017
         396           1  0.000000000000000E+000 -4.499999999994292E-017
         396           2  0.000000000000000E+000  4.500000000003902E-017
         397           1  0.000000000000000E+000 -4.499999999994220E-017
         397           2  0.000000000000000E+000  4.500000000004106E-017
         398           1  0.000000000000000E+000 -4.499999999995988E-017
         398           2  0.000000000000000E+000  4.500000000001541E-017
         399           1  0.000000000000000E+000 -4.499999999996597E-017
         399           2  0.000000000000000E+000  4.500000000000918E-017
         400           1  0.000000000000000E+000 -4.500000000004286E-017
         400           2  0.000000000000000E+000  4.499999999993473E-017
