           1           1  0.000000000000000E+000 -2.319999999999787E-017
           1           2  0.000000000000000E+000 -1.799999999999190E-018
           2           1  0.000000000000000E+000 -2.319999999999684E-017
           2           2  0.000000000000000E+000 -1.799999999998987E-018
           3           1  0.000000000000000E+000 -2.319999999999674E-017
           3           2  0.000000000000000E+000 -1.799999999999832E-018
           4           1  0.000000000000000E+000 -2.319999999999973E-017
           4           2  0.000000000000000E+000 -1.800000000000693E-018
           5           1  0.000000000000000E+000 -2.319999999999597E-017
           5           2  0.000000000000000E+000 -1.799999999999259E-018
           6           1  0.000000000000000E+000 -2.319999999999853E-017
           6           2  0.000000000000000E+000 -1.800000000000525E-018
           7           1  0.000000000000000E+000 -2.319999999999846E-017
           7           2  0.000000000000000E+000 -1.799999999999039E-018
           8           1  0.000000000000000E+000 -2.320000000000051E-017
           8           2  0.000000000000000E+000 -1.800000000000404E-018
           9           1  0.000000000000000E+000 -2.320000000000102E-017
           9           2  0.000000000000000E+000 -1.800000000000965E-018
          10           1  0.000000000000000E+000 -2.319999999999755E-017
          10           2  0.000000000000000E+000 -1.799999999999032E-018
          11           1  0.000000000000000E+000 -2.319999999999826E-017
          11           2  0.000000000000000E+000 -1.799999999999333E-018
          12           1  0.000000000000000E+000 -2.319999999999574E-017
          12           2  0.000000000000000E+000 -1.799999999999536E-018
          13           1  0.000000000000000E+000 -2.319999999999243E-017
          13           2  0.000000000000000E+000 -1.799999999995326E-018
          14           1  0.000000000000000E+000 -2.319999999999599E-017
          14           2  0.000000000000000E+000 -1.799999999998385E-018
          15           1  0.000000000000000E+000 -2.319999999999827E-017
          15           2  0.000000000000000E+000 -1.799999999999451E-018
          16           1  0.000000000000000E+000 -2.319999999999364E-017
          16           2  0.000000000000000E+000 -1.799999999998474E-018
          17           1  0.000000000000000E+000 -2.319999999999905E-017
          17           2  0.000000000000000E+000 -1.800000000002361E-018
          18           1  0.000000000000000E+000 -2.319999999999814E-017
          18           2  0.000000000000000E+000 -1.800000000002978E-018
          19           1  0.000000000000000E+000 -2.319999999999693E-017
          19           2  0.000000000000000E+000 -1.800000000001971E-018
          20           1  0.000000000000000E+000 -2.320000000000120E-017
          20           2  0.000000000000000E+000 -1.800000000000672E-018
          21           1  0.000000000000000E+000 -2.319999999999584E-017
          21           2  0.000000000000000E+000 -1.799999999998924E-018
          22           1  0.000000000000000E+000 -2.319999999999535E-017
          22           2  0.000000000000000E+000 -1.799999999998820E-018
          23           1  0.000000000000000E+000 -2.319999999999698E-017
          23           2  0.000000000000000E+000 -1.799999999999416E-018
          24           1  0.000000000000000E+000 -2.319999999999702E-017
          24           2  0.000000000000000E+000 -1.799999999999438E-018
          25           1  0.000000000000000E+000 -2.319999999999568E-017
          25           2  0.000000000000000E+000 -1.799999999999644E-018
          26           1  0.000000000000000E+000 -2.320000000000019E-017
          26           2  0.000000000000000E+000 -1.800000000001619E-018
          27           1  0.000000000000000E+000 -2.320000000000009E-017
          27           2  0.000000000000000E+000 -1.800000000001282E-018
          28           1  0.000000000000000E+000 -2.320000000000109E-017
          28           2  0.000000000000000E+000 -1.800000000001115E-018
          29           1  0.000000000000000E+000 -2.320000000000065E-017
          29           2  0.000000000000000E+000 -1.800000000000953E-018
          30           1  0.000000000000000E+000 -2.319999999999832E-017
          30           2  0.000000000000000E+000 -1.799999999999695E-018
          31           1  0.000000000000000E+000 -2.319999999999080E-017
          31           2  0.000000000000000E+000 -1.799999999994651E-018
          32           1  0.000000000000000E+000 -2.319999999998936E-017
          32           2  0.000000000000000E+000 -1.799999999995975E-018
          33           1  0.000000000000000E+000 -2.319999999998983E-017
          33           2  0.000000000000000E+000 -1.799999999997261E-018
          34           1  0.000000000000000E+000 -2.319999999999488E-017
          34           2  0.000000000000000E+000 -1.799999999996567E-018
          35           1  0.000000000000000E+000 -2.319999999999832E-017
          35           2  0.000000000000000E+000 -1.799999999999307E-018
          36           1  0.000000000000000E+000 -2.319999999999231E-017
          36           2  0.000000000000000E+000 -1.799999999997872E-018
          37           1  0.000000000000000E+000 -2.320000000000013E-017
          37           2  0.000000000000000E+000 -1.800000000002085E-018
          38           1  0.000000000000000E+000 -2.319999999999596E-017
          38           2  0.000000000000000E+000 -1.799999999999940E-018
          39           1  0.000000000000000E+000 -2.319999999999370E-017
          39           2  0.000000000000000E+000 -1.799999999998148E-018
          40           1  0.000000000000000E+000 -2.319999999999138E-017
          40           2  0.000000000000000E+000 -1.799999999998151E-018
          41           1  0.000000000000000E+000 -2.320000000000310E-017
          41           2  0.000000000000000E+000 -1.800000000000527E-018
          42           1  0.000000000000000E+000 -2.319999999999846E-017
          42           2  0.000000000000000E+000 -1.799999999999142E-018
          43           1  0.000000000000000E+000 -2.319999999999701E-017
          43           2  0.000000000000000E+000 -1.799999999999385E-018
          44           1  0.000000000000000E+000 -2.319999999999699E-017
          44           2  0.000000000000000E+000 -1.799999999999587E-018
          45           1  0.000000000000000E+000 -2.319999999999776E-017
          45           2  0.000000000000000E+000 -1.800000000000061E-018
          46           1  0.000000000000000E+000 -2.319999999999760E-017
          46           2  0.000000000000000E+000 -1.799999999999461E-018
          47           1  0.000000000000000E+000 -2.319999999999736E-017
          47           2  0.000000000000000E+000 -1.799999999998648E-018
          48           1  0.000000000000000E+000 -2.319999999999978E-017
          48           2  0.000000000000000E+000 -1.800000000000551E-018
          49           1  0.000000000000000E+000 -2.319999999999915E-017
          49           2  0.000000000000000E+000 -1.799999999999825E-018
          50           1  0.000000000000000E+000 -2.319999999999890E-017
          50           2  0.000000000000000E+000 -1.800000000000016E-018
          51           1  0.000000000000000E+000 -2.319999999998893E-017
          51           2  0.000000000000000E+000 -1.799999999995986E-018
          52           1  0.000000000000000E+000 -2.319999999998900E-017
          52           2  0.000000000000000E+000 -1.799999999998617E-018
          53           1  0.000000000000000E+000 -2.319999999999051E-017
          53           2  0.000000000000000E+000 -1.799999999999715E-018
          54           1  0.000000000000000E+000 -2.319999999999281E-017
          54           2  0.000000000000000E+000 -1.800000000000217E-018
          55           1  0.000000000000000E+000 -2.319999999999141E-017
          55           2  0.000000000000000E+000 -1.800000000000898E-018
          56           1  0.000000000000000E+000 -2.319999999999458E-017
          56           2  0.000000000000000E+000 -1.799999999999606E-018
          57           1  0.000000000000000E+000 -2.320000000000252E-017
          57           2  0.000000000000000E+000 -1.800000000001762E-018
          58           1  0.000000000000000E+000 -2.319999999999541E-017
          58           2  0.000000000000000E+000 -1.800000000000407E-018
          59           1  0.000000000000000E+000 -2.319999999999348E-017
          59           2  0.000000000000000E+000 -1.799999999998799E-018
          60           1  0.000000000000000E+000 -2.319999999999163E-017
          60           2  0.000000000000000E+000 -1.799999999998142E-018
          61           1  0.000000000000000E+000 -2.320000000000332E-017
          61           2  0.000000000000000E+000 -1.800000000000357E-018
          62           1  0.000000000000000E+000 -2.320000000000357E-017
          62           2  0.000000000000000E+000 -1.800000000000654E-018
          63           1  0.000000000000000E+000 -2.319999999999788E-017
          63           2  0.000000000000000E+000 -1.799999999999557E-018
          64           1  0.000000000000000E+000 -2.319999999999772E-017
          64           2  0.000000000000000E+000 -1.799999999999472E-018
          65           1  0.000000000000000E+000 -2.319999999999918E-017
          65           2  0.000000000000000E+000 -1.799999999999972E-018
          66           1  0.000000000000000E+000 -2.319999999999862E-017
          66           2  0.000000000000000E+000 -1.799999999999914E-018
          67           1  0.000000000000000E+000 -2.319999999999745E-017
          67           2  0.000000000000000E+000 -1.799999999999316E-018
          68           1  0.000000000000000E+000 -2.319999999998691E-017
          68           2  0.000000000000000E+000 -1.799999999993069E-018
          69           1  0.000000000000000E+000 -2.319999999998652E-017
          69           2  0.000000000000000E+000 -1.799999999993327E-018
          70           1  0.000000000000000E+000 -2.319999999999290E-017
          70           2  0.000000000000000E+000 -1.799999999998628E-018
          71           1  0.000000000000000E+000 -2.319999999999825E-017
          71           2  0.000000000000000E+000 -1.799999999999646E-018
          72           1  0.000000000000000E+000 -2.319999999999224E-017
          72           2  0.000000000000000E+000 -1.799999999999434E-018
          73           1  0.000000000000000E+000 -2.319999999999261E-017
          73           2  0.000000000000000E+000 -1.800000000000529E-018
          74           1  0.000000000000000E+000 -2.319999999999851E-017
          74           2  0.000000000000000E+000 -1.799999999999988E-018
          75           1  0.000000000000000E+000 -2.319999999999092E-017
          75           2  0.000000000000000E+000 -1.799999999997858E-018
          76           1  0.000000000000000E+000 -2.319999999999255E-017
          76           2  0.000000000000000E+000 -1.799999999998471E-018
          77           1  0.000000000000000E+000 -2.319999999999588E-017
          77           2  0.000000000000000E+000 -1.799999999997747E-018
          78           1  0.000000000000000E+000 -2.319999999999009E-017
          78           2  0.000000000000000E+000 -1.799999999995070E-018
          79           1  0.000000000000000E+000 -2.319999999999246E-017
          79           2  0.000000000000000E+000 -1.799999999997410E-018
          80           1  0.000000000000000E+000 -2.319999999999076E-017
          80           2  0.000000000000000E+000 -1.799999999996531E-018
          81           1  0.000000000000000E+000 -2.319999999999905E-017
          81           2  0.000000000000000E+000 -1.799999999999961E-018
          82           1  0.000000000000000E+000 -2.319999999999939E-017
          82           2  0.000000000000000E+000 -1.800000000000149E-018
          83           1  0.000000000000000E+000 -2.319999999999943E-017
          83           2  0.000000000000000E+000 -1.800000000000066E-018
          84           1  0.000000000000000E+000 -2.319999999999711E-017
          84           2  0.000000000000000E+000 -1.799999999999821E-018
          85           1  0.000000000000000E+000 -2.319999999999822E-017
          85           2  0.000000000000000E+000 -1.800000000000030E-018
          86           1  0.000000000000000E+000 -2.319999999999842E-017
          86           2  0.000000000000000E+000 -1.800000000000083E-018
          87           1  0.000000000000000E+000 -2.319999999999809E-017
          87           2  0.000000000000000E+000 -1.799999999999596E-018
          88           1  0.000000000000000E+000 -2.319999999998604E-017
          88           2  0.000000000000000E+000 -1.799999999994138E-018
          89           1  0.000000000000000E+000 -2.319999999998848E-017
          89           2  0.000000000000000E+000 -1.799999999997041E-018
          90           1  0.000000000000000E+000 -2.319999999999184E-017
          90           2  0.000000000000000E+000 -1.799999999998502E-018
          91           1  0.000000000000000E+000 -2.319999999999715E-017
          91           2  0.000000000000000E+000 -1.799999999999333E-018
          92           1  0.000000000000000E+000 -2.319999999999308E-017
          92           2  0.000000000000000E+000 -1.799999999999340E-018
          93           1  0.000000000000000E+000 -2.319999999999407E-017
          93           2  0.000000000000000E+000 -1.799999999999945E-018
          94           1  0.000000000000000E+000 -2.319999999999423E-017
          94           2  0.000000000000000E+000 -1.799999999998384E-018
          95           1  0.000000000000000E+000 -2.319999999999343E-017
          95           2  0.000000000000000E+000 -1.799999999996703E-018
          96           1  0.000000000000000E+000 -2.319999999999638E-017
          96           2  0.000000000000000E+000 -1.799999999997014E-018
          97           1  0.000000000000000E+000 -2.319999999999405E-017
          97           2  0.000000000000000E+000 -1.799999999997925E-018
          98           1  0.000000000000000E+000 -2.319999999999068E-017
          98           2  0.000000000000000E+000 -1.799999999996749E-018
          99           1  0.000000000000000E+000 -2.319999999999023E-017
          99           2  0.000000000000000E+000 -1.799999999995659E-018
         100           1  0.000000000000000E+000 -2.319999999999079E-017
         100           2  0.000000000000000E+000 -1.799999999995728E-018
         101           1  0.000000000000000E+000 -2.320000000000110E-017
         101           2  0.000000000000000E+000 -1.800000000000489E-018
         102           1  0.000000000000000E+000 -2.319999999999763E-017
         102           2  0.000000000000000E+000 -1.799999999999687E-018
         103           1  0.000000000000000E+000 -2.319999999999844E-017
         103           2  0.000000000000000E+000 -1.799999999999969E-018
         104           1  0.000000000000000E+000 -2.319999999999737E-017
         104           2  0.000000000000000E+000 -1.799999999999917E-018
         105           1  0.000000000000000E+000 -2.319999999999823E-017
         105           2  0.000000000000000E+000 -1.799999999999950E-018
         106           1  0.000000000000000E+000 -2.319999999999794E-017
         106           2  0.000000000000000E+000 -1.799999999999687E-018
         107           1  0.000000000000000E+000 -2.319999999999685E-017
         107           2  0.000000000000000E+000 -1.799999999999371E-018
         108           1  0.000000000000000E+000 -2.319999999998728E-017
         108           2  0.000000000000000E+000 -1.799999999995200E-018
         109           1  0.000000000000000E+000 -2.319999999999062E-017
         109           2  0.000000000000000E+000 -1.799999999996665E-018
         110           1  0.000000000000000E+000 -2.319999999999216E-017
         110           2  0.000000000000000E+000 -1.799999999998209E-018
         111           1  0.000000000000000E+000 -2.319999999999870E-017
         111           2  0.000000000000000E+000 -1.800000000001114E-018
         112           1  0.000000000000000E+000 -2.319999999999719E-017
         112           2  0.000000000000000E+000 -1.800000000002090E-018
         113           1  0.000000000000000E+000 -2.319999999999880E-017
         113           2  0.000000000000000E+000 -1.800000000000809E-018
         114           1  0.000000000000000E+000 -2.319999999999712E-017
         114           2  0.000000000000000E+000 -1.799999999998118E-018
         115           1  0.000000000000000E+000 -2.319999999999584E-017
         115           2  0.000000000000000E+000 -1.799999999997722E-018
         116           1  0.000000000000000E+000 -2.319999999999671E-017
         116           2  0.000000000000000E+000 -1.799999999997438E-018
         117           1  0.000000000000000E+000 -2.319999999999296E-017
         117           2  0.000000000000000E+000 -1.799999999996488E-018
         118           1  0.000000000000000E+000 -2.319999999999252E-017
         118           2  0.000000000000000E+000 -1.799999999996516E-018
         119           1  0.000000000000000E+000 -2.319999999999055E-017
         119           2  0.000000000000000E+000 -1.799999999996464E-018
         120           1  0.000000000000000E+000 -2.319999999999045E-017
         120           2  0.000000000000000E+000 -1.799999999995723E-018
         121           1  0.000000000000000E+000 -2.319999999999740E-017
         121           2  0.000000000000000E+000 -1.799999999999353E-018
         122           1  0.000000000000000E+000 -2.319999999999898E-017
         122           2  0.000000000000000E+000 -1.800000000000155E-018
         123           1  0.000000000000000E+000 -2.320000000000128E-017
         123           2  0.000000000000000E+000 -1.800000000003521E-018
         124           1  0.000000000000000E+000 -2.319999999999965E-017
         124           2  0.000000000000000E+000 -1.800000000000588E-018
         125           1  0.000000000000000E+000 -2.319999999999849E-017
         125           2  0.000000000000000E+000 -1.799999999999965E-018
         126           1  0.000000000000000E+000 -2.319999999999790E-017
         126           2  0.000000000000000E+000 -1.799999999999703E-018
         127           1  0.000000000000000E+000 -2.319999999999732E-017
         127           2  0.000000000000000E+000 -1.799999999999367E-018
         128           1  0.000000000000000E+000 -2.319999999999028E-017
         128           2  0.000000000000000E+000 -1.799999999995940E-018
         129           1  0.000000000000000E+000 -2.319999999999235E-017
         129           2  0.000000000000000E+000 -1.799999999996057E-018
         130           1  0.000000000000000E+000 -2.319999999999748E-017
         130           2  0.000000000000000E+000 -1.799999999998886E-018
         131           1  0.000000000000000E+000 -2.319999999999911E-017
         131           2  0.000000000000000E+000 -1.799999999999396E-018
         132           1  0.000000000000000E+000 -2.320000000000120E-017
         132           2  0.000000000000000E+000 -1.799999999999408E-018
         133           1  0.000000000000000E+000 -2.320000000000416E-017
         133           2  0.000000000000000E+000 -1.800000000001371E-018
         134           1  0.000000000000000E+000 -2.320000000000205E-017
         134           2  0.000000000000000E+000 -1.799999999999336E-018
         135           1  0.000000000000000E+000 -2.319999999999806E-017
         135           2  0.000000000000000E+000 -1.799999999997756E-018
         136           1  0.000000000000000E+000 -2.319999999999460E-017
         136           2  0.000000000000000E+000 -1.799999999997352E-018
         137           1  0.000000000000000E+000 -2.319999999999295E-017
         137           2  0.000000000000000E+000 -1.799999999996573E-018
         138           1  0.000000000000000E+000 -2.319999999999005E-017
         138           2  0.000000000000000E+000 -1.799999999996726E-018
         139           1  0.000000000000000E+000 -2.319999999999187E-017
         139           2  0.000000000000000E+000 -1.799999999997675E-018
         140           1  0.000000000000000E+000 -2.319999999999038E-017
         140           2  0.000000000000000E+000 -1.799999999996562E-018
         141           1  0.000000000000000E+000 -2.319999999999771E-017
         141           2  0.000000000000000E+000 -1.799999999999609E-018
         142           1  0.000000000000000E+000 -2.319999999999899E-017
         142           2  0.000000000000000E+000 -1.799999999999718E-018
         143           1  0.000000000000000E+000 -2.319999999999956E-017
         143           2  0.000000000000000E+000 -1.800000000000486E-018
         144           1  0.000000000000000E+000 -2.320000000000161E-017
         144           2  0.000000000000000E+000 -1.800000000002406E-018
         145           1  0.000000000000000E+000 -2.320000000000022E-017
         145           2  0.000000000000000E+000 -1.800000000000439E-018
         146           1  0.000000000000000E+000 -2.319999999999418E-017
         146           2  0.000000000000000E+000 -1.799999999996901E-018
         147           1  0.000000000000000E+000 -2.319999999999781E-017
         147           2  0.000000000000000E+000 -1.799999999999390E-018
         148           1  0.000000000000000E+000 -2.319999999999741E-017
         148           2  0.000000000000000E+000 -1.799999999999160E-018
         149           1  0.000000000000000E+000 -2.319999999999783E-017
         149           2  0.000000000000000E+000 -1.799999999999136E-018
         150           1  0.000000000000000E+000 -2.319999999999766E-017
         150           2  0.000000000000000E+000 -1.799999999999026E-018
         151           1  0.000000000000000E+000 -2.319999999999920E-017
         151           2  0.000000000000000E+000 -1.799999999999049E-018
         152           1  0.000000000000000E+000 -2.320000000000182E-017
         152           2  0.000000000000000E+000 -1.800000000001053E-018
         153           1  0.000000000000000E+000 -2.320000000000600E-017
         153           2  0.000000000000000E+000 -1.800000000002997E-018
         154           1  0.000000000000000E+000 -2.320000000000017E-017
         154           2  0.000000000000000E+000 -1.799999999999178E-018
         155           1  0.000000000000000E+000 -2.319999999999598E-017
         155           2  0.000000000000000E+000 -1.799999999997616E-018
         156           1  0.000000000000000E+000 -2.319999999999422E-017
         156           2  0.000000000000000E+000 -1.799999999996900E-018
         157           1  0.000000000000000E+000 -2.319999999999337E-017
         157           2  0.000000000000000E+000 -1.799999999996380E-018
         158           1  0.000000000000000E+000 -2.319999999999125E-017
         158           2  0.000000000000000E+000 -1.799999999996190E-018
         159           1  0.000000000000000E+000 -2.319999999999045E-017
         159           2  0.000000000000000E+000 -1.799999999996593E-018
         160           1  0.000000000000000E+000 -2.319999999999278E-017
         160           2  0.000000000000000E+000 -1.799999999997929E-018
         161           1  0.000000000000000E+000 -2.319999999999887E-017
         161           2  0.000000000000000E+000 -1.799999999999371E-018
         162           1  0.000000000000000E+000 -2.319999999999937E-017
         162           2  0.000000000000000E+000 -1.799999999999817E-018
         163           1  0.000000000000000E+000 -2.319999999999921E-017
         163           2  0.000000000000000E+000 -1.800000000000289E-018
         164           1  0.000000000000000E+000 -2.320000000000109E-017
         164           2  0.000000000000000E+000 -1.800000000004346E-018
         165           1  0.000000000000000E+000 -2.320000000000037E-017
         165           2  0.000000000000000E+000 -1.800000000000437E-018
         166           1  0.000000000000000E+000 -2.319999999999896E-017
         166           2  0.000000000000000E+000 -1.799999999997610E-018
         167           1  0.000000000000000E+000 -2.319999999999527E-017
         167           2  0.000000000000000E+000 -1.799999999996746E-018
         168           1  0.000000000000000E+000 -2.319999999999579E-017
         168           2  0.000000000000000E+000 -1.799999999998081E-018
         169           1  0.000000000000000E+000 -2.319999999999909E-017
         169           2  0.000000000000000E+000 -1.800000000001965E-018
         170           1  0.000000000000000E+000 -2.320000000000005E-017
         170           2  0.000000000000000E+000 -1.800000000002100E-018
         171           1  0.000000000000000E+000 -2.320000000000593E-017
         171           2  0.000000000000000E+000 -1.800000000003547E-018
         172           1  0.000000000000000E+000 -2.320000000000202E-017
         172           2  0.000000000000000E+000 -1.800000000001380E-018
         173           1  0.000000000000000E+000 -2.320000000000433E-017
         173           2  0.000000000000000E+000 -1.800000000003175E-018
         174           1  0.000000000000000E+000 -2.319999999999947E-017
         174           2  0.000000000000000E+000 -1.799999999999100E-018
         175           1  0.000000000000000E+000 -2.319999999999616E-017
         175           2  0.000000000000000E+000 -1.799999999997522E-018
         176           1  0.000000000000000E+000 -2.319999999999410E-017
         176           2  0.000000000000000E+000 -1.799999999997207E-018
         177           1  0.000000000000000E+000 -2.319999999999194E-017
         177           2  0.000000000000000E+000 -1.799999999995060E-018
         178           1  0.000000000000000E+000 -2.319999999999478E-017
         178           2  0.000000000000000E+000 -1.799999999996825E-018
         179           1  0.000000000000000E+000 -2.319999999999238E-017
         179           2  0.000000000000000E+000 -1.799999999997278E-018
         180           1  0.000000000000000E+000 -2.319999999998898E-017
         180           2  0.000000000000000E+000 -1.799999999996903E-018
         181           1  0.000000000000000E+000 -2.319999999999877E-017
         181           2  0.000000000000000E+000 -1.799999999999592E-018
         182           1  0.000000000000000E+000 -2.319999999999940E-017
         182           2  0.000000000000000E+000 -1.800000000000135E-018
         183           1  0.000000000000000E+000 -2.319999999999922E-017
         183           2  0.000000000000000E+000 -1.800000000000477E-018
         184           1  0.000000000000000E+000 -2.319999999999994E-017
         184           2  0.000000000000000E+000 -1.800000000003943E-018
         185           1  0.000000000000000E+000 -2.319999999999809E-017
         185           2  0.000000000000000E+000 -1.800000000002460E-018
         186           1  0.000000000000000E+000 -2.319999999999543E-017
         186           2  0.000000000000000E+000 -1.799999999998939E-018
         187           1  0.000000000000000E+000 -2.319999999999936E-017
         187           2  0.000000000000000E+000 -1.800000000000045E-018
         188           1  0.000000000000000E+000 -2.319999999999693E-017
         188           2  0.000000000000000E+000 -1.799999999999387E-018
         189           1  0.000000000000000E+000 -2.320000000000577E-017
         189           2  0.000000000000000E+000 -1.800000000002017E-018
         190           1  0.000000000000000E+000 -2.320000000000575E-017
         190           2  0.000000000000000E+000 -1.800000000003356E-018
         191           1  0.000000000000000E+000 -2.320000000000057E-017
         191           2  0.000000000000000E+000 -1.800000000001658E-018
         192           1  0.000000000000000E+000 -2.320000000000037E-017
         192           2  0.000000000000000E+000 -1.800000000003454E-018
         193           1  0.000000000000000E+000 -2.320000000000147E-017
         193           2  0.000000000000000E+000 -1.800000000002433E-018
         194           1  0.000000000000000E+000 -2.319999999999684E-017
         194           2  0.000000000000000E+000 -1.799999999998635E-018
         195           1  0.000000000000000E+000 -2.319999999999350E-017
         195           2  0.000000000000000E+000 -1.799999999997459E-018
         196           1  0.000000000000000E+000 -2.319999999999251E-017
         196           2  0.000000000000000E+000 -1.799999999996100E-018
         197           1  0.000000000000000E+000 -2.319999999999316E-017
         197           2  0.000000000000000E+000 -1.799999999996637E-018
         198           1  0.000000000000000E+000 -2.319999999999694E-017
         198           2  0.000000000000000E+000 -1.799999999998083E-018
         199           1  0.000000000000000E+000 -2.319999999999744E-017
         199           2  0.000000000000000E+000 -1.800000000000169E-018
         200           1  0.000000000000000E+000 -2.319999999999376E-017
         200           2  0.000000000000000E+000 -1.800000000000876E-018
         201           1  0.000000000000000E+000 -2.319999999999932E-017
         201           2  0.000000000000000E+000 -1.799999999999754E-018
         202           1  0.000000000000000E+000 -2.319999999999961E-017
         202           2  0.000000000000000E+000 -1.799999999999775E-018
         203           1  0.000000000000000E+000 -2.319999999999990E-017
         203           2  0.000000000000000E+000 -1.800000000000111E-018
         204           1  0.000000000000000E+000 -2.319999999999993E-017
         204           2  0.000000000000000E+000 -1.800000000000551E-018
         205           1  0.000000000000000E+000 -2.319999999999407E-017
         205           2  0.000000000000000E+000 -1.800000000001475E-018
         206           1  0.000000000000000E+000 -2.319999999999570E-017
         206           2  0.000000000000000E+000 -1.799999999999987E-018
         207           1  0.000000000000000E+000 -2.319999999999414E-017
         207           2  0.000000000000000E+000 -1.799999999999665E-018
         208           1  0.000000000000000E+000 -2.319999999999450E-017
         208           2  0.000000000000000E+000 -1.799999999999807E-018
         209           1  0.000000000000000E+000 -2.319999999999999E-017
         209           2  0.000000000000000E+000 -1.800000000001009E-018
         210           1  0.000000000000000E+000 -2.319999999999802E-017
         210           2  0.000000000000000E+000 -1.800000000001401E-018
         211           1  0.000000000000000E+000 -2.319999999999328E-017
         211           2  0.000000000000000E+000 -1.799999999999725E-018
         212           1  0.000000000000000E+000 -2.319999999999412E-017
         212           2  0.000000000000000E+000 -1.800000000000210E-018
         213           1  0.000000000000000E+000 -2.319999999999406E-017
         213           2  0.000000000000000E+000 -1.800000000000089E-018
         214           1  0.000000000000000E+000 -2.319999999999465E-017
         214           2  0.000000000000000E+000 -1.799999999997921E-018
         215           1  0.000000000000000E+000 -2.319999999999187E-017
         215           2  0.000000000000000E+000 -1.799999999997391E-018
         216           1  0.000000000000000E+000 -2.319999999999089E-017
         216           2  0.000000000000000E+000 -1.799999999996041E-018
         217           1  0.000000000000000E+000 -2.319999999999233E-017
         217           2  0.000000000000000E+000 -1.799999999996835E-018
         218           1  0.000000000000000E+000 -2.319999999999760E-017
         218           2  0.000000000000000E+000 -1.799999999997959E-018
         219           1  0.000000000000000E+000 -2.319999999999831E-017
         219           2  0.000000000000000E+000 -1.800000000000072E-018
         220           1  0.000000000000000E+000 -2.319999999999826E-017
         220           2  0.000000000000000E+000 -1.800000000001377E-018
         221           1  0.000000000000000E+000 -2.319999999999937E-017
         221           2  0.000000000000000E+000 -1.799999999999898E-018
         222           1  0.000000000000000E+000 -2.319999999999921E-017
         222           2  0.000000000000000E+000 -1.799999999999971E-018
         223           1  0.000000000000000E+000 -2.320000000000061E-017
         223           2  0.000000000000000E+000 -1.799999999999808E-018
         224           1  0.000000000000000E+000 -2.319999999999462E-017
         224           2  0.000000000000000E+000 -1.799999999999503E-018
         225           1  0.000000000000000E+000 -2.319999999999564E-017
         225           2  0.000000000000000E+000 -1.800000000000087E-018
         226           1  0.000000000000000E+000 -2.319999999999518E-017
         226           2  0.000000000000000E+000 -1.800000000000338E-018
         227           1  0.000000000000000E+000 -2.319999999999410E-017
         227           2  0.000000000000000E+000 -1.800000000000071E-018
         228           1  0.000000000000000E+000 -2.319999999999397E-017
         228           2  0.000000000000000E+000 -1.799999999999775E-018
         229           1  0.000000000000000E+000 -2.319999999999629E-017
         229           2  0.000000000000000E+000 -1.800000000000410E-018
         230           1  0.000000000000000E+000 -2.319999999999329E-017
         230           2  0.000000000000000E+000 -1.799999999999729E-018
         231           1  0.000000000000000E+000 -2.319999999999304E-017
         231           2  0.000000000000000E+000 -1.799999999999597E-018
         232           1  0.000000000000000E+000 -2.319999999999112E-017
         232           2  0.000000000000000E+000 -1.799999999998064E-018
         233           1  0.000000000000000E+000 -2.319999999999341E-017
         233           2  0.000000000000000E+000 -1.799999999999017E-018
         234           1  0.000000000000000E+000 -2.319999999999326E-017
         234           2  0.000000000000000E+000 -1.799999999999440E-018
         235           1  0.000000000000000E+000 -2.319999999999663E-017
         235           2  0.000000000000000E+000 -1.799999999999044E-018
         236           1  0.000000000000000E+000 -2.319999999999458E-017
         236           2  0.000000000000000E+000 -1.799999999997314E-018
         237           1  0.000000000000000E+000 -2.319999999999272E-017
         237           2  0.000000000000000E+000 -1.799999999997130E-018
         238           1  0.000000000000000E+000 -2.319999999999729E-017
         238           2  0.000000000000000E+000 -1.799999999999479E-018
         239           1  0.000000000000000E+000 -2.319999999999756E-017
         239           2  0.000000000000000E+000 -1.799999999997926E-018
         240           1  0.000000000000000E+000 -2.319999999999922E-017
         240           2  0.000000000000000E+000 -1.800000000000329E-018
         241           1  0.000000000000000E+000 -2.319999999999890E-017
         241           2  0.000000000000000E+000 -1.799999999999280E-018
         242           1  0.000000000000000E+000 -2.319999999999917E-017
         242           2  0.000000000000000E+000 -1.799999999999290E-018
         243           1  0.000000000000000E+000 -2.320000000000052E-017
         243           2  0.000000000000000E+000 -1.799999999999426E-018
         244           1  0.000000000000000E+000 -2.320000000000025E-017
         244           2  0.000000000000000E+000 -1.799999999999808E-018
         245           1  0.000000000000000E+000 -2.319999999999390E-017
         245           2  0.000000000000000E+000 -1.799999999999190E-018
         246           1  0.000000000000000E+000 -2.319999999999939E-017
         246           2  0.000000000000000E+000 -1.800000000000351E-018
         247           1  0.000000000000000E+000 -2.319999999999098E-017
         247           2  0.000000000000000E+000 -1.799999999999007E-018
         248           1  0.000000000000000E+000 -2.319999999999113E-017
         248           2  0.000000000000000E+000 -1.799999999999768E-018
         249           1  0.000000000000000E+000 -2.319999999999057E-017
         249           2  0.000000000000000E+000 -1.799999999999636E-018
         250           1  0.000000000000000E+000 -2.319999999999088E-017
         250           2  0.000000000000000E+000 -1.799999999999266E-018
         251           1  0.000000000000000E+000 -2.319999999999316E-017
         251           2  0.000000000000000E+000 -1.800000000000529E-018
         252           1  0.000000000000000E+000 -2.319999999999167E-017
         252           2  0.000000000000000E+000 -1.799999999998369E-018
         253           1  0.000000000000000E+000 -2.319999999999447E-017
         253           2  0.000000000000000E+000 -1.799999999999479E-018
         254           1  0.000000000000000E+000 -2.319999999999178E-017
         254           2  0.000000000000000E+000 -1.799999999999923E-018
         255           1  0.000000000000000E+000 -2.319999999999132E-017
         255           2  0.000000000000000E+000 -1.799999999996642E-018
         256           1  0.000000000000000E+000 -2.319999999999631E-017
         256           2  0.000000000000000E+000 -1.799999999998262E-018
         257           1  0.000000000000000E+000 -2.319999999999551E-017
         257           2  0.000000000000000E+000 -1.799999999997973E-018
         258           1  0.000000000000000E+000 -2.319999999999323E-017
         258           2  0.000000000000000E+000 -1.799999999998205E-018
         259           1  0.000000000000000E+000 -2.320000000000071E-017
         259           2  0.000000000000000E+000 -1.800000000001176E-018
         260           1  0.000000000000000E+000 -2.320000000000215E-017
         260           2  0.000000000000000E+000 -1.800000000001699E-018
         261           1  0.000000000000000E+000 -2.319999999999796E-017
         261           2  0.000000000000000E+000 -1.799999999998864E-018
         262           1  0.000000000000000E+000 -2.319999999999789E-017
         262           2  0.000000000000000E+000 -1.799999999998997E-018
         263           1  0.000000000000000E+000 -2.319999999999917E-017
         263           2  0.000000000000000E+000 -1.799999999999417E-018
         264           1  0.000000000000000E+000 -2.319999999998965E-017
         264           2  0.000000000000000E+000 -1.799999999996956E-018
         265           1  0.000000000000000E+000 -2.319999999999067E-017
         265           2  0.000000000000000E+000 -1.799999999999076E-018
         266           1  0.000000000000000E+000 -2.319999999999058E-017
         266           2  0.000000000000000E+000 -1.799999999998368E-018
         267           1  0.000000000000000E+000 -2.319999999998925E-017
         267           2  0.000000000000000E+000 -1.799999999998447E-018
         268           1  0.000000000000000E+000 -2.319999999998900E-017
         268           2  0.000000000000000E+000 -1.799999999997291E-018
         269           1  0.000000000000000E+000 -2.319999999998991E-017
         269           2  0.000000000000000E+000 -1.799999999997589E-018
         270           1  0.000000000000000E+000 -2.319999999999027E-017
         270           2  0.000000000000000E+000 -1.799999999999292E-018
         271           1  0.000000000000000E+000 -2.319999999999647E-017
         271           2  0.000000000000000E+000 -1.800000000000292E-018
         272           1  0.000000000000000E+000 -2.319999999999021E-017
         272           2  0.000000000000000E+000 -1.799999999997469E-018
         273           1  0.000000000000000E+000 -2.319999999999165E-017
         273           2  0.000000000000000E+000 -1.799999999999202E-018
         274           1  0.000000000000000E+000 -2.319999999999269E-017
         274           2  0.000000000000000E+000 -1.800000000000879E-018
         275           1  0.000000000000000E+000 -2.319999999999579E-017
         275           2  0.000000000000000E+000 -1.800000000002070E-018
         276           1  0.000000000000000E+000 -2.319999999999643E-017
         276           2  0.000000000000000E+000 -1.799999999999626E-018
         277           1  0.000000000000000E+000 -2.319999999999605E-017
         277           2  0.000000000000000E+000 -1.799999999997673E-018
         278           1  0.000000000000000E+000 -2.319999999999371E-017
         278           2  0.000000000000000E+000 -1.799999999997368E-018
         279           1  0.000000000000000E+000 -2.319999999999370E-017
         279           2  0.000000000000000E+000 -1.799999999997852E-018
         280           1  0.000000000000000E+000 -2.319999999999589E-017
         280           2  0.000000000000000E+000 -1.799999999999589E-018
         281           1  0.000000000000000E+000 -2.319999999999827E-017
         281           2  0.000000000000000E+000 -1.799999999999077E-018
         282           1  0.000000000000000E+000 -2.319999999999824E-017
         282           2  0.000000000000000E+000 -1.799999999999295E-018
         283           1  0.000000000000000E+000 -2.319999999999288E-017
         283           2  0.000000000000000E+000 -1.799999999998834E-018
         284           1  0.000000000000000E+000 -2.319999999999033E-017
         284           2  0.000000000000000E+000 -1.799999999998058E-018
         285           1  0.000000000000000E+000 -2.319999999999848E-017
         285           2  0.000000000000000E+000 -1.800000000000216E-018
         286           1  0.000000000000000E+000 -2.319999999999841E-017
         286           2  0.000000000000000E+000 -1.800000000000205E-018
         287           1  0.000000000000000E+000 -2.319999999998963E-017
         287           2  0.000000000000000E+000 -1.799999999998306E-018
         288           1  0.000000000000000E+000 -2.319999999998783E-017
         288           2  0.000000000000000E+000 -1.799999999997499E-018
         289           1  0.000000000000000E+000 -2.319999999998652E-017
         289           2  0.000000000000000E+000 -1.799999999995790E-018
         290           1  0.000000000000000E+000 -2.319999999998863E-017
         290           2  0.000000000000000E+000 -1.799999999997218E-018
         291           1  0.000000000000000E+000 -2.319999999999006E-017
         291           2  0.000000000000000E+000 -1.799999999996425E-018
         292           1  0.000000000000000E+000 -2.319999999998988E-017
         292           2  0.000000000000000E+000 -1.799999999996997E-018
         293           1  0.000000000000000E+000 -2.319999999998868E-017
         293           2  0.000000000000000E+000 -1.799999999997544E-018
         294           1  0.000000000000000E+000 -2.319999999999978E-017
         294           2  0.000000000000000E+000 -1.800000000002919E-018
         295           1  0.000000000000000E+000 -2.319999999999142E-017
         295           2  0.000000000000000E+000 -1.799999999998844E-018
         296           1  0.000000000000000E+000 -2.319999999998933E-017
         296           2  0.000000000000000E+000 -1.799999999997912E-018
         297           1  0.000000000000000E+000 -2.319999999999045E-017
         297           2  0.000000000000000E+000 -1.799999999997408E-018
         298           1  0.000000000000000E+000 -2.319999999999407E-017
         298           2  0.000000000000000E+000 -1.799999999997610E-018
         299           1  0.000000000000000E+000 -2.319999999999261E-017
         299           2  0.000000000000000E+000 -1.799999999997288E-018
         300           1  0.000000000000000E+000 -2.319999999999142E-017
         300           2  0.000000000000000E+000 -1.799999999997705E-018
         301           1  0.000000000000000E+000 -2.319999999999724E-017
         301           2  0.000000000000000E+000 -1.799999999999320E-018
         302           1  0.000000000000000E+000 -2.319999999999860E-017
         302           2  0.000000000000000E+000 -1.799999999999545E-018
         303           1  0.000000000000000E+000 -2.319999999999964E-017
         303           2  0.000000000000000E+000 -1.799999999999864E-018
         304           1  0.000000000000000E+000 -2.319999999999920E-017
         304           2  0.000000000000000E+000 -1.799999999999818E-018
         305           1  0.000000000000000E+000 -2.319999999999854E-017
         305           2  0.000000000000000E+000 -1.800000000000247E-018
         306           1  0.000000000000000E+000 -2.319999999999904E-017
         306           2  0.000000000000000E+000 -1.800000000000245E-018
         307           1  0.000000000000000E+000 -2.319999999999176E-017
         307           2  0.000000000000000E+000 -1.799999999998918E-018
         308           1  0.000000000000000E+000 -2.319999999998917E-017
         308           2  0.000000000000000E+000 -1.799999999998444E-018
         309           1  0.000000000000000E+000 -2.319999999999678E-017
         309           2  0.000000000000000E+000 -1.799999999998992E-018
         310           1  0.000000000000000E+000 -2.319999999999708E-017
         310           2  0.000000000000000E+000 -1.799999999999012E-018
         311           1  0.000000000000000E+000 -2.319999999998829E-017
         311           2  0.000000000000000E+000 -1.799999999996007E-018
         312           1  0.000000000000000E+000 -2.319999999999279E-017
         312           2  0.000000000000000E+000 -1.799999999995235E-018
         313           1  0.000000000000000E+000 -2.319999999999123E-017
         313           2  0.000000000000000E+000 -1.799999999996246E-018
         314           1  0.000000000000000E+000 -2.319999999999344E-017
         314           2  0.000000000000000E+000 -1.799999999997154E-018
         315           1  0.000000000000000E+000 -2.319999999999068E-017
         315           2  0.000000000000000E+000 -1.799999999997971E-018
         316           1  0.000000000000000E+000 -2.319999999998978E-017
         316           2  0.000000000000000E+000 -1.799999999997949E-018
         317           1  0.000000000000000E+000 -2.319999999998969E-017
         317           2  0.000000000000000E+000 -1.799999999997902E-018
         318           1  0.000000000000000E+000 -2.319999999999162E-017
         318           2  0.000000000000000E+000 -1.799999999997483E-018
         319           1  0.000000000000000E+000 -2.319999999999155E-017
         319           2  0.000000000000000E+000 -1.799999999996888E-018
         320           1  0.000000000000000E+000 -2.319999999999456E-017
         320           2  0.000000000000000E+000 -1.799999999997525E-018
         321           1  0.000000000000000E+000 -2.319999999999557E-017
         321           2  0.000000000000000E+000 -1.799999999998806E-018
         322           1  0.000000000000000E+000 -2.319999999999619E-017
         322           2  0.000000000000000E+000 -1.799999999999061E-018
         323           1  0.000000000000000E+000 -2.319999999999946E-017
         323           2  0.000000000000000E+000 -1.799999999999722E-018
         324           1  0.000000000000000E+000 -2.319999999999974E-017
         324           2  0.000000000000000E+000 -1.799999999999990E-018
         325           1  0.000000000000000E+000 -2.319999999999371E-017
         325           2  0.000000000000000E+000 -1.799999999999846E-018
         326           1  0.000000000000000E+000 -2.319999999999959E-017
         326           2  0.000000000000000E+000 -1.800000000000440E-018
         327           1  0.000000000000000E+000 -2.319999999999912E-017
         327           2  0.000000000000000E+000 -1.800000000000209E-018
         328           1  0.000000000000000E+000 -2.319999999999103E-017
         328           2  0.000000000000000E+000 -1.799999999999542E-018
         329           1  0.000000000000000E+000 -2.319999999999737E-017
         329           2  0.000000000000000E+000 -1.799999999999054E-018
         330           1  0.000000000000000E+000 -2.319999999999791E-017
         330           2  0.000000000000000E+000 -1.799999999998513E-018
         331           1  0.000000000000000E+000 -2.319999999999780E-017
         331           2  0.000000000000000E+000 -1.799999999998592E-018
         332           1  0.000000000000000E+000 -2.319999999999021E-017
         332           2  0.000000000000000E+000 -1.799999999995354E-018
         333           1  0.000000000000000E+000 -2.319999999999258E-017
         333           2  0.000000000000000E+000 -1.799999999999756E-018
         334           1  0.000000000000000E+000 -2.319999999999552E-017
         334           2  0.000000000000000E+000 -1.800000000001423E-018
         335           1  0.000000000000000E+000 -2.319999999999130E-017
         335           2  0.000000000000000E+000 -1.799999999997961E-018
         336           1  0.000000000000000E+000 -2.319999999999201E-017
         336           2  0.000000000000000E+000 -1.799999999998179E-018
         337           1  0.000000000000000E+000 -2.319999999999169E-017
         337           2  0.000000000000000E+000 -1.799999999999228E-018
         338           1  0.000000000000000E+000 -2.319999999999146E-017
         338           2  0.000000000000000E+000 -1.799999999998384E-018
         339           1  0.000000000000000E+000 -2.319999999999337E-017
         339           2  0.000000000000000E+000 -1.799999999998852E-018
         340           1  0.000000000000000E+000 -2.319999999999484E-017
         340           2  0.000000000000000E+000 -1.799999999999598E-018
         341           1  0.000000000000000E+000 -2.319999999999801E-017
         341           2  0.000000000000000E+000 -1.799999999999850E-018
         342           1  0.000000000000000E+000 -2.319999999999538E-017
         342           2  0.000000000000000E+000 -1.799999999997899E-018
         343           1  0.000000000000000E+000 -2.320000000000116E-017
         343           2  0.000000000000000E+000 -1.800000000000010E-018
         344           1  0.000000000000000E+000 -2.320000000000052E-017
         344           2  0.000000000000000E+000 -1.799999999999965E-018
         345           1  0.000000000000000E+000 -2.319999999999979E-017
         345           2  0.000000000000000E+000 -1.800000000000015E-018
         346           1  0.000000000000000E+000 -2.319999999999982E-017
         346           2  0.000000000000000E+000 -1.800000000000627E-018
         347           1  0.000000000000000E+000 -2.319999999999935E-017
         347           2  0.000000000000000E+000 -1.800000000000575E-018
         348           1  0.000000000000000E+000 -2.319999999999277E-017
         348           2  0.000000000000000E+000 -1.799999999999781E-018
         349           1  0.000000000000000E+000 -2.319999999999782E-017
         349           2  0.000000000000000E+000 -1.799999999999268E-018
         350           1  0.000000000000000E+000 -2.319999999999855E-017
         350           2  0.000000000000000E+000 -1.799999999999106E-018
         351           1  0.000000000000000E+000 -2.319999999999885E-017
         351           2  0.000000000000000E+000 -1.799999999999336E-018
         352           1  0.000000000000000E+000 -2.319999999999027E-017
         352           2  0.000000000000000E+000 -1.799999999994996E-018
         353           1  0.000000000000000E+000 -2.319999999999036E-017
         353           2  0.000000000000000E+000 -1.799999999996728E-018
         354           1  0.000000000000000E+000 -2.319999999999389E-017
         354           2  0.000000000000000E+000 -1.799999999999639E-018
         355           1  0.000000000000000E+000 -2.319999999999070E-017
         355           2  0.000000000000000E+000 -1.799999999998038E-018
         356           1  0.000000000000000E+000 -2.319999999999304E-017
         356           2  0.000000000000000E+000 -1.799999999999289E-018
         357           1  0.000000000000000E+000 -2.319999999999313E-017
         357           2  0.000000000000000E+000 -1.799999999999455E-018
         358           1  0.000000000000000E+000 -2.319999999999698E-017
         358           2  0.000000000000000E+000 -1.799999999999536E-018
         359           1  0.000000000000000E+000 -2.320000000000512E-017
         359           2  0.000000000000000E+000 -1.800000000002030E-018
         360           1  0.000000000000000E+000 -2.319999999999311E-017
         360           2  0.000000000000000E+000 -1.799999999999785E-018
         361           1  0.000000000000000E+000 -2.319999999999165E-017
         361           2  0.000000000000000E+000 -1.799999999997247E-018
         362           1  0.000000000000000E+000 -2.319999999999478E-017
         362           2  0.000000000000000E+000 -1.799999999997687E-018
         363           1  0.000000000000000E+000 -2.320000000000140E-017
         363           2  0.000000000000000E+000 -1.799999999999933E-018
         364           1  0.000000000000000E+000 -2.320000000000087E-017
         364           2  0.000000000000000E+000 -1.800000000000074E-018
         365           1  0.000000000000000E+000 -2.320000000000061E-017
         365           2  0.000000000000000E+000 -1.799999999999954E-018
         366           1  0.000000000000000E+000 -2.320000000000083E-017
         366           2  0.000000000000000E+000 -1.800000000000467E-018
         367           1  0.000000000000000E+000 -2.320000000000084E-017
         367           2  0.000000000000000E+000 -1.800000000000628E-018
         368           1  0.000000000000000E+000 -2.319999999999850E-017
         368           2  0.000000000000000E+000 -1.799999999999656E-018
         369           1  0.000000000000000E+000 -2.319999999999973E-017
         369           2  0.000000000000000E+000 -1.799999999999522E-018
         370           1  0.000000000000000E+000 -2.320000000000102E-017
         370           2  0.000000000000000E+000 -1.800000000000482E-018
         371           1  0.000000000000000E+000 -2.319999999999172E-017
         371           2  0.000000000000000E+000 -1.799999999996762E-018
         372           1  0.000000000000000E+000 -2.319999999999806E-017
         372           2  0.000000000000000E+000 -1.799999999999286E-018
         373           1  0.000000000000000E+000 -2.319999999999837E-017
         373           2  0.000000000000000E+000 -1.799999999999173E-018
         374           1  0.000000000000000E+000 -2.319999999999202E-017
         374           2  0.000000000000000E+000 -1.799999999996887E-018
         375           1  0.000000000000000E+000 -2.319999999999158E-017
         375           2  0.000000000000000E+000 -1.799999999999091E-018
         376           1  0.000000000000000E+000 -2.319999999999516E-017
         376           2  0.000000000000000E+000 -1.799999999998954E-018
         377           1  0.000000000000000E+000 -2.319999999999731E-017
         377           2  0.000000000000000E+000 -1.800000000000205E-018
         378           1  0.000000000000000E+000 -2.320000000000105E-017
         378           2  0.000000000000000E+000 -1.799999999999484E-018
         379           1  0.000000000000000E+000 -2.319999999999342E-017
         379           2  0.000000000000000E+000 -1.799999999999243E-018
         380           1  0.000000000000000E+000 -2.319999999999345E-017
         380           2  0.000000000000000E+000 -1.799999999998605E-018
         381           1  0.000000000000000E+000 -2.319999999999989E-017
         381           2  0.000000000000000E+000 -1.800000000000167E-018
         382           1  0.000000000000000E+000 -2.319999999999408E-017
         382           2  0.000000000000000E+000 -1.799999999997877E-018
         383           1  0.000000000000000E+000 -2.319999999999635E-017
         383           2  0.000000000000000E+000 -1.799999999999055E-018
         384           1  0.000000000000000E+000 -2.320000000000091E-017
         384           2  0.000000000000000E+000 -1.799999999999897E-018
         385           1  0.000000000000000E+000 -2.320000000000113E-017
         385           2  0.000000000000000E+000 -1.800000000000062E-018
         386           1  0.000000000000000E+000 -2.320000000000100E-017
         386           2  0.000000000000000E+000 -1.800000000000470E-018
         387           1  0.000000000000000E+000 -2.320000000000215E-017
         387           2  0.000000000000000E+000 -1.800000000000575E-018
         388           1  0.000000000000000E+000 -2.319999999999727E-017
         388           2  0.000000000000000E+000 -1.799999999999373E-018
         389           1  0.000000000000000E+000 -2.319999999999544E-017
         389           2  0.000000000000000E+000 -1.799999999998940E-018
         390           1  0.000000000000000E+000 -2.320000000000167E-017
         390           2  0.000000000000000E+000 -1.800000000000821E-018
         391           1  0.000000000000000E+000 -2.319999999999997E-017
         391           2  0.000000000000000E+000 -1.800000000000357E-018
         392           1  0.000000000000000E+000 -2.319999999999725E-017
         392           2  0.000000000000000E+000 -1.799999999998598E-018
         393           1  0.000000000000000E+000 -2.319999999999582E-017
         393           2  0.000000000000000E+000 -1.799999999997901E-018
         394           1  0.000000000000000E+000 -2.319999999999209E-017
         394           2  0.000000000000000E+000 -1.799999999996593E-018
         395           1  0.000000000000000E+000 -2.319999999999406E-017
         395           2  0.000000000000000E+000 -1.799999999998897E-018
         396           1  0.000000000000000E+000 -2.319999999999777E-017
         396           2  0.000000000000000E+000 -1.799999999998249E-018
         397           1  0.000000000000000E+000 -2.319999999999908E-017
         397           2  0.000000000000000E+000 -1.799999999999401E-018
         398           1  0.000000000000000E+000 -2.320000000000218E-017
         398           2  0.000000000000000E+000 -1.800000000000054E-018
         399           1  0.000000000000000E+000 -2.319999999999859E-017
         399           2  0.000000000000000E+000 -1.799999999999888E-018
         400           1  0.000000000000000E+000 -2.320000000000051E-017
         400           2  0.000000000000000E+000 -1.800000000000176E-018
