           1           1  0.000000000000000E+000 -1.470067589313915E-017
           1           2  0.000000000000000E+000 -1.029932410685044E-017
           2           1  0.000000000000000E+000 -1.470067589313833E-017
           2           2  0.000000000000000E+000 -1.029932410685004E-017
           3           1  0.000000000000000E+000 -1.470067589313971E-017
           3           2  0.000000000000000E+000 -1.029932410685053E-017
           4           1  0.000000000000000E+000 -1.470067589314047E-017
           4           2  0.000000000000000E+000 -1.029932410685045E-017
           5           1  0.000000000000000E+000 -1.470067589314059E-017
           5           2  0.000000000000000E+000 -1.029932410685205E-017
           6           1  0.000000000000000E+000 -1.470067589314144E-017
           6           2  0.000000000000000E+000 -1.029932410685260E-017
           7           1  0.000000000000000E+000 -1.470067589314066E-017
           7           2  0.000000000000000E+000 -1.029932410685271E-017
           8           1  0.000000000000000E+000 -1.470067589314242E-017
           8           2  0.000000000000000E+000 -1.029932410685340E-017
           9           1  0.000000000000000E+000 -1.470067589314356E-017
           9           2  0.000000000000000E+000 -1.029932410685456E-017
          10           1  0.000000000000000E+000 -1.470067589314435E-017
          10           2  0.000000000000000E+000 -1.029932410685674E-017
          11           1  0.000000000000000E+000 -1.470067589314727E-017
          11           2  0.000000000000000E+000 -1.029932410685822E-017
          12           1  0.000000000000000E+000 -1.470067589314786E-017
          12           2  0.000000000000000E+000 -1.029932410685758E-017
          13           1  0.000000000000000E+000 -1.470067589314801E-017
          13           2  0.000000000000000E+000 -1.029932410685796E-017
          14           1  0.000000000000000E+000 -1.470067589314708E-017
          14           2  0.000000000000000E+000 -1.029932410685862E-017
          15           1  0.000000000000000E+000 -1.470067589314574E-017
          15           2  0.000000000000000E+000 -1.029932410685722E-017
          16           1  0.000000000000000E+000 -1.470067589314500E-017
          16           2  0.000000000000000E+000 -1.029932410685497E-017
          17           1  0.000000000000000E+000 -1.470067589314408E-017
          17           2  0.000000000000000E+000 -1.029932410685435E-017
          18           1  0.000000000000000E+000 -1.470067589314084E-017
          18           2  0.000000000000000E+000 -1.029932410685107E-017
          19           1  0.000000000000000E+000 -1.470067589313886E-017
          19           2  0.000000000000000E+000 -1.029932410685030E-017
          20           1  0.000000000000000E+000 -1.470067589313871E-017
          20           2  0.000000000000000E+000 -1.029932410684974E-017
          21           1  0.000000000000000E+000 -1.470067589313899E-017
          21           2  0.000000000000000E+000 -1.029932410685002E-017
          22           1  0.000000000000000E+000 -1.470067589311766E-017
          22           2  0.000000000000000E+000 -1.029932410683054E-017
          23           1  0.000000000000000E+000 -1.470067589311913E-017
          23           2  0.000000000000000E+000 -1.029932410683129E-017
          24           1  0.000000000000000E+000 -1.470067589314111E-017
          24           2  0.000000000000000E+000 -1.029932410685163E-017
          25           1  0.000000000000000E+000 -1.470067589314044E-017
          25           2  0.000000000000000E+000 -1.029932410685202E-017
          26           1  0.000000000000000E+000 -1.470067589314164E-017
          26           2  0.000000000000000E+000 -1.029932410685225E-017
          27           1  0.000000000000000E+000 -1.470067589314167E-017
          27           2  0.000000000000000E+000 -1.029932410685277E-017
          28           1  0.000000000000000E+000 -1.470067589314239E-017
          28           2  0.000000000000000E+000 -1.029932410685340E-017
          29           1  0.000000000000000E+000 -1.470067589314353E-017
          29           2  0.000000000000000E+000 -1.029932410685425E-017
          30           1  0.000000000000000E+000 -1.470067589314541E-017
          30           2  0.000000000000000E+000 -1.029932410685622E-017
          31           1  0.000000000000000E+000 -1.470067589314610E-017
          31           2  0.000000000000000E+000 -1.029932410685741E-017
          32           1  0.000000000000000E+000 -1.470067589314696E-017
          32           2  0.000000000000000E+000 -1.029932410685751E-017
          33           1  0.000000000000000E+000 -1.470067589314716E-017
          33           2  0.000000000000000E+000 -1.029932410685811E-017
          34           1  0.000000000000000E+000 -1.470067589314699E-017
          34           2  0.000000000000000E+000 -1.029932410685860E-017
          35           1  0.000000000000000E+000 -1.470067589314560E-017
          35           2  0.000000000000000E+000 -1.029932410685683E-017
          36           1  0.000000000000000E+000 -1.470067589314441E-017
          36           2  0.000000000000000E+000 -1.029932410685540E-017
          37           1  0.000000000000000E+000 -1.470067589314316E-017
          37           2  0.000000000000000E+000 -1.029932410685415E-017
          38           1  0.000000000000000E+000 -1.470067589314057E-017
          38           2  0.000000000000000E+000 -1.029932410685228E-017
          39           1  0.000000000000000E+000 -1.470067589313922E-017
          39           2  0.000000000000000E+000 -1.029932410685127E-017
          40           1  0.000000000000000E+000 -1.470067589313833E-017
          40           2  0.000000000000000E+000 -1.029932410685011E-017
          41           1  0.000000000000000E+000 -1.470067589313895E-017
          41           2  0.000000000000000E+000 -1.029932410685029E-017
          42           1  0.000000000000000E+000 -1.470067589313943E-017
          42           2  0.000000000000000E+000 -1.029932410685047E-017
          43           1  0.000000000000000E+000 -1.470067589312244E-017
          43           2  0.000000000000000E+000 -1.029932410683382E-017
          44           1  0.000000000000000E+000 -1.470067589313923E-017
          44           2  0.000000000000000E+000 -1.029932410685044E-017
          45           1  0.000000000000000E+000 -1.470067589314078E-017
          45           2  0.000000000000000E+000 -1.029932410685144E-017
          46           1  0.000000000000000E+000 -1.470067589314156E-017
          46           2  0.000000000000000E+000 -1.029932410685287E-017
          47           1  0.000000000000000E+000 -1.470067589314162E-017
          47           2  0.000000000000000E+000 -1.029932410685257E-017
          48           1  0.000000000000000E+000 -1.470067589314341E-017
          48           2  0.000000000000000E+000 -1.029932410685300E-017
          49           1  0.000000000000000E+000 -1.470067589314357E-017
          49           2  0.000000000000000E+000 -1.029932410685424E-017
          50           1  0.000000000000000E+000 -1.470067589314503E-017
          50           2  0.000000000000000E+000 -1.029932410685597E-017
          51           1  0.000000000000000E+000 -1.470067589314681E-017
          51           2  0.000000000000000E+000 -1.029932410685686E-017
          52           1  0.000000000000000E+000 -1.470067589314691E-017
          52           2  0.000000000000000E+000 -1.029932410685674E-017
          53           1  0.000000000000000E+000 -1.470067589314744E-017
          53           2  0.000000000000000E+000 -1.029932410685809E-017
          54           1  0.000000000000000E+000 -1.470067589314785E-017
          54           2  0.000000000000000E+000 -1.029932410685813E-017
          55           1  0.000000000000000E+000 -1.470067589314606E-017
          55           2  0.000000000000000E+000 -1.029932410685722E-017
          56           1  0.000000000000000E+000 -1.470067589314422E-017
          56           2  0.000000000000000E+000 -1.029932410685581E-017
          57           1  0.000000000000000E+000 -1.470067589314575E-017
          57           2  0.000000000000000E+000 -1.029932410685571E-017
          58           1  0.000000000000000E+000 -1.470067589314018E-017
          58           2  0.000000000000000E+000 -1.029932410685125E-017
          59           1  0.000000000000000E+000 -1.470067589313906E-017
          59           2  0.000000000000000E+000 -1.029932410685149E-017
          60           1  0.000000000000000E+000 -1.470067589313921E-017
          60           2  0.000000000000000E+000 -1.029932410685050E-017
          61           1  0.000000000000000E+000 -1.470067589313979E-017
          61           2  0.000000000000000E+000 -1.029932410685079E-017
          62           1  0.000000000000000E+000 -1.470067589311818E-017
          62           2  0.000000000000000E+000 -1.029932410683088E-017
          63           1  0.000000000000000E+000 -1.470067589311683E-017
          63           2  0.000000000000000E+000 -1.029932410682881E-017
          64           1  0.000000000000000E+000 -1.470067589311456E-017
          64           2  0.000000000000000E+000 -1.029932410682809E-017
          65           1  0.000000000000000E+000 -1.470067589313993E-017
          65           2  0.000000000000000E+000 -1.029932410685139E-017
          66           1  0.000000000000000E+000 -1.470067589314171E-017
          66           2  0.000000000000000E+000 -1.029932410685314E-017
          67           1  0.000000000000000E+000 -1.470067589314249E-017
          67           2  0.000000000000000E+000 -1.029932410685385E-017
          68           1  0.000000000000000E+000 -1.470067589314268E-017
          68           2  0.000000000000000E+000 -1.029932410685418E-017
          69           1  0.000000000000000E+000 -1.470067589314496E-017
          69           2  0.000000000000000E+000 -1.029932410685503E-017
          70           1  0.000000000000000E+000 -1.470067589314572E-017
          70           2  0.000000000000000E+000 -1.029932410685670E-017
          71           1  0.000000000000000E+000 -1.470067589314650E-017
          71           2  0.000000000000000E+000 -1.029932410685678E-017
          72           1  0.000000000000000E+000 -1.470067589314689E-017
          72           2  0.000000000000000E+000 -1.029932410685789E-017
          73           1  0.000000000000000E+000 -1.470067589314677E-017
          73           2  0.000000000000000E+000 -1.029932410685715E-017
          74           1  0.000000000000000E+000 -1.470067589314804E-017
          74           2  0.000000000000000E+000 -1.029932410685717E-017
          75           1  0.000000000000000E+000 -1.470067589314627E-017
          75           2  0.000000000000000E+000 -1.029932410685701E-017
          76           1  0.000000000000000E+000 -1.470067589314689E-017
          76           2  0.000000000000000E+000 -1.029932410685773E-017
          77           1  0.000000000000000E+000 -1.470067589314508E-017
          77           2  0.000000000000000E+000 -1.029932410685562E-017
          78           1  0.000000000000000E+000 -1.470067589313964E-017
          78           2  0.000000000000000E+000 -1.029932410685056E-017
          79           1  0.000000000000000E+000 -1.470067589313971E-017
          79           2  0.000000000000000E+000 -1.029932410685057E-017
          80           1  0.000000000000000E+000 -1.470067589313984E-017
          80           2  0.000000000000000E+000 -1.029932410685138E-017
          81           1  0.000000000000000E+000 -1.470067589313509E-017
          81           2  0.000000000000000E+000 -1.029932410684339E-017
          82           1  0.000000000000000E+000 -1.470067589312531E-017
          82           2  0.000000000000000E+000 -1.029932410684048E-017
          83           1  0.000000000000000E+000 -1.470067589312783E-017
          83           2  0.000000000000000E+000 -1.029932410684110E-017
          84           1  0.000000000000000E+000 -1.470067589314124E-017
          84           2  0.000000000000000E+000 -1.029932410685186E-017
          85           1  0.000000000000000E+000 -1.470067589314019E-017
          85           2  0.000000000000000E+000 -1.029932410685154E-017
          86           1  0.000000000000000E+000 -1.470067589314113E-017
          86           2  0.000000000000000E+000 -1.029932410685222E-017
          87           1  0.000000000000000E+000 -1.470067589314255E-017
          87           2  0.000000000000000E+000 -1.029932410685363E-017
          88           1  0.000000000000000E+000 -1.470067589314365E-017
          88           2  0.000000000000000E+000 -1.029932410685459E-017
          89           1  0.000000000000000E+000 -1.470067589314504E-017
          89           2  0.000000000000000E+000 -1.029932410685548E-017
          90           1  0.000000000000000E+000 -1.470067589314605E-017
          90           2  0.000000000000000E+000 -1.029932410685631E-017
          91           1  0.000000000000000E+000 -1.470067589314719E-017
          91           2  0.000000000000000E+000 -1.029932410685722E-017
          92           1  0.000000000000000E+000 -1.470067589314787E-017
          92           2  0.000000000000000E+000 -1.029932410685797E-017
          93           1  0.000000000000000E+000 -1.470067589314725E-017
          93           2  0.000000000000000E+000 -1.029932410685843E-017
          94           1  0.000000000000000E+000 -1.470067589314792E-017
          94           2  0.000000000000000E+000 -1.029932410685782E-017
          95           1  0.000000000000000E+000 -1.470067589314775E-017
          95           2  0.000000000000000E+000 -1.029932410685772E-017
          96           1  0.000000000000000E+000 -1.470067589314659E-017
          96           2  0.000000000000000E+000 -1.029932410685729E-017
          97           1  0.000000000000000E+000 -1.470067589314628E-017
          97           2  0.000000000000000E+000 -1.029932410685664E-017
          98           1  0.000000000000000E+000 -1.470067589314668E-017
          98           2  0.000000000000000E+000 -1.029932410685671E-017
          99           1  0.000000000000000E+000 -1.470067589313992E-017
          99           2  0.000000000000000E+000 -1.029932410685147E-017
         100           1  0.000000000000000E+000 -1.470067589313927E-017
         100           2  0.000000000000000E+000 -1.029932410685107E-017
         101           1  0.000000000000000E+000 -1.470067589312797E-017
         101           2  0.000000000000000E+000 -1.029932410684092E-017
         102           1  0.000000000000000E+000 -1.470067589312737E-017
         102           2  0.000000000000000E+000 -1.029932410684297E-017
         103           1  0.000000000000000E+000 -1.470067589313304E-017
         103           2  0.000000000000000E+000 -1.029932410684472E-017
         104           1  0.000000000000000E+000 -1.470067589314141E-017
         104           2  0.000000000000000E+000 -1.029932410685226E-017
         105           1  0.000000000000000E+000 -1.470067589312986E-017
         105           2  0.000000000000000E+000 -1.029932410684130E-017
         106           1  0.000000000000000E+000 -1.470067589314140E-017
         106           2  0.000000000000000E+000 -1.029932410685223E-017
         107           1  0.000000000000000E+000 -1.470067589314271E-017
         107           2  0.000000000000000E+000 -1.029932410685329E-017
         108           1  0.000000000000000E+000 -1.470067589314416E-017
         108           2  0.000000000000000E+000 -1.029932410685449E-017
         109           1  0.000000000000000E+000 -1.470067589314460E-017
         109           2  0.000000000000000E+000 -1.029932410685567E-017
         110           1  0.000000000000000E+000 -1.470067589314660E-017
         110           2  0.000000000000000E+000 -1.029932410685676E-017
         111           1  0.000000000000000E+000 -1.470067589314643E-017
         111           2  0.000000000000000E+000 -1.029932410685744E-017
         112           1  0.000000000000000E+000 -1.470067589314687E-017
         112           2  0.000000000000000E+000 -1.029932410685729E-017
         113           1  0.000000000000000E+000 -1.470067589314692E-017
         113           2  0.000000000000000E+000 -1.029932410685825E-017
         114           1  0.000000000000000E+000 -1.470067589314687E-017
         114           2  0.000000000000000E+000 -1.029932410685810E-017
         115           1  0.000000000000000E+000 -1.470067589314867E-017
         115           2  0.000000000000000E+000 -1.029932410685923E-017
         116           1  0.000000000000000E+000 -1.470067589314816E-017
         116           2  0.000000000000000E+000 -1.029932410685857E-017
         117           1  0.000000000000000E+000 -1.470067589314585E-017
         117           2  0.000000000000000E+000 -1.029932410685631E-017
         118           1  0.000000000000000E+000 -1.470067589314215E-017
         118           2  0.000000000000000E+000 -1.029932410685302E-017
         119           1  0.000000000000000E+000 -1.470067589314531E-017
         119           2  0.000000000000000E+000 -1.029932410685660E-017
         120           1  0.000000000000000E+000 -1.470067589313910E-017
         120           2  0.000000000000000E+000 -1.029932410685016E-017
         121           1  0.000000000000000E+000 -1.470067589313282E-017
         121           2  0.000000000000000E+000 -1.029932410684469E-017
         122           1  0.000000000000000E+000 -1.470067589314153E-017
         122           2  0.000000000000000E+000 -1.029932410685296E-017
         123           1  0.000000000000000E+000 -1.470067589314147E-017
         123           2  0.000000000000000E+000 -1.029932410685306E-017
         124           1  0.000000000000000E+000 -1.470067589314113E-017
         124           2  0.000000000000000E+000 -1.029932410685270E-017
         125           1  0.000000000000000E+000 -1.470067589314115E-017
         125           2  0.000000000000000E+000 -1.029932410685215E-017
         126           1  0.000000000000000E+000 -1.470067589314163E-017
         126           2  0.000000000000000E+000 -1.029932410685265E-017
         127           1  0.000000000000000E+000 -1.470067589314371E-017
         127           2  0.000000000000000E+000 -1.029932410685393E-017
         128           1  0.000000000000000E+000 -1.470067589314389E-017
         128           2  0.000000000000000E+000 -1.029932410685477E-017
         129           1  0.000000000000000E+000 -1.470067589314527E-017
         129           2  0.000000000000000E+000 -1.029932410685630E-017
         130           1  0.000000000000000E+000 -1.470067589314624E-017
         130           2  0.000000000000000E+000 -1.029932410685758E-017
         131           1  0.000000000000000E+000 -1.470067589314657E-017
         131           2  0.000000000000000E+000 -1.029932410685802E-017
         132           1  0.000000000000000E+000 -1.470067589314701E-017
         132           2  0.000000000000000E+000 -1.029932410685823E-017
         133           1  0.000000000000000E+000 -1.470067589314796E-017
         133           2  0.000000000000000E+000 -1.029932410685872E-017
         134           1  0.000000000000000E+000 -1.470067589314839E-017
         134           2  0.000000000000000E+000 -1.029932410685901E-017
         135           1  0.000000000000000E+000 -1.470067589314866E-017
         135           2  0.000000000000000E+000 -1.029932410685966E-017
         136           1  0.000000000000000E+000 -1.470067589314851E-017
         136           2  0.000000000000000E+000 -1.029932410685977E-017
         137           1  0.000000000000000E+000 -1.470067589314718E-017
         137           2  0.000000000000000E+000 -1.029932410685823E-017
         138           1  0.000000000000000E+000 -1.470067589314806E-017
         138           2  0.000000000000000E+000 -1.029932410685769E-017
         139           1  0.000000000000000E+000 -1.470067589314084E-017
         139           2  0.000000000000000E+000 -1.029932410685222E-017
         140           1  0.000000000000000E+000 -1.470067589313917E-017
         140           2  0.000000000000000E+000 -1.029932410685155E-017
         141           1  0.000000000000000E+000 -1.470067589314168E-017
         141           2  0.000000000000000E+000 -1.029932410685297E-017
         142           1  0.000000000000000E+000 -1.470067589314244E-017
         142           2  0.000000000000000E+000 -1.029932410685317E-017
         143           1  0.000000000000000E+000 -1.470067589314277E-017
         143           2  0.000000000000000E+000 -1.029932410685336E-017
         144           1  0.000000000000000E+000 -1.470067589314175E-017
         144           2  0.000000000000000E+000 -1.029932410685286E-017
         145           1  0.000000000000000E+000 -1.470067589314106E-017
         145           2  0.000000000000000E+000 -1.029932410685278E-017
         146           1  0.000000000000000E+000 -1.470067589314216E-017
         146           2  0.000000000000000E+000 -1.029932410685314E-017
         147           1  0.000000000000000E+000 -1.470067589314324E-017
         147           2  0.000000000000000E+000 -1.029932410685357E-017
         148           1  0.000000000000000E+000 -1.470067589314418E-017
         148           2  0.000000000000000E+000 -1.029932410685576E-017
         149           1  0.000000000000000E+000 -1.470067589314526E-017
         149           2  0.000000000000000E+000 -1.029932410685673E-017
         150           1  0.000000000000000E+000 -1.470067589314573E-017
         150           2  0.000000000000000E+000 -1.029932410685711E-017
         151           1  0.000000000000000E+000 -1.470067589314653E-017
         151           2  0.000000000000000E+000 -1.029932410685771E-017
         152           1  0.000000000000000E+000 -1.470067589314740E-017
         152           2  0.000000000000000E+000 -1.029932410685844E-017
         153           1  0.000000000000000E+000 -1.470067589314826E-017
         153           2  0.000000000000000E+000 -1.029932410685844E-017
         154           1  0.000000000000000E+000 -1.470067589314899E-017
         154           2  0.000000000000000E+000 -1.029932410685979E-017
         155           1  0.000000000000000E+000 -1.470067589314870E-017
         155           2  0.000000000000000E+000 -1.029932410686068E-017
         156           1  0.000000000000000E+000 -1.470067589314883E-017
         156           2  0.000000000000000E+000 -1.029932410686009E-017
         157           1  0.000000000000000E+000 -1.470067589314883E-017
         157           2  0.000000000000000E+000 -1.029932410685991E-017
         158           1  0.000000000000000E+000 -1.470067589314745E-017
         158           2  0.000000000000000E+000 -1.029932410685807E-017
         159           1  0.000000000000000E+000 -1.470067589314561E-017
         159           2  0.000000000000000E+000 -1.029932410685602E-017
         160           1  0.000000000000000E+000 -1.470067589314438E-017
         160           2  0.000000000000000E+000 -1.029932410685470E-017
         161           1  0.000000000000000E+000 -1.470067589313740E-017
         161           2  0.000000000000000E+000 -1.029932410684723E-017
         162           1  0.000000000000000E+000 -1.470067589314237E-017
         162           2  0.000000000000000E+000 -1.029932410685350E-017
         163           1  0.000000000000000E+000 -1.470067589314227E-017
         163           2  0.000000000000000E+000 -1.029932410685311E-017
         164           1  0.000000000000000E+000 -1.470067589314212E-017
         164           2  0.000000000000000E+000 -1.029932410685274E-017
         165           1  0.000000000000000E+000 -1.470067589314175E-017
         165           2  0.000000000000000E+000 -1.029932410685243E-017
         166           1  0.000000000000000E+000 -1.470067589314217E-017
         166           2  0.000000000000000E+000 -1.029932410685257E-017
         167           1  0.000000000000000E+000 -1.470067589314308E-017
         167           2  0.000000000000000E+000 -1.029932410685364E-017
         168           1  0.000000000000000E+000 -1.470067589314457E-017
         168           2  0.000000000000000E+000 -1.029932410685526E-017
         169           1  0.000000000000000E+000 -1.470067589314570E-017
         169           2  0.000000000000000E+000 -1.029932410685646E-017
         170           1  0.000000000000000E+000 -1.470067589314597E-017
         170           2  0.000000000000000E+000 -1.029932410685737E-017
         171           1  0.000000000000000E+000 -1.470067589314771E-017
         171           2  0.000000000000000E+000 -1.029932410685764E-017
         172           1  0.000000000000000E+000 -1.470067589314754E-017
         172           2  0.000000000000000E+000 -1.029932410685852E-017
         173           1  0.000000000000000E+000 -1.470067589314839E-017
         173           2  0.000000000000000E+000 -1.029932410685836E-017
         174           1  0.000000000000000E+000 -1.470067589314901E-017
         174           2  0.000000000000000E+000 -1.029932410685987E-017
         175           1  0.000000000000000E+000 -1.470067589314969E-017
         175           2  0.000000000000000E+000 -1.029932410686027E-017
         176           1  0.000000000000000E+000 -1.470067589314961E-017
         176           2  0.000000000000000E+000 -1.029932410686011E-017
         177           1  0.000000000000000E+000 -1.470067589314910E-017
         177           2  0.000000000000000E+000 -1.029932410685992E-017
         178           1  0.000000000000000E+000 -1.470067589314854E-017
         178           2  0.000000000000000E+000 -1.029932410685895E-017
         179           1  0.000000000000000E+000 -1.470067589314713E-017
         179           2  0.000000000000000E+000 -1.029932410685698E-017
         180           1  0.000000000000000E+000 -1.470067589314996E-017
         180           2  0.000000000000000E+000 -1.029932410685956E-017
         181           1  0.000000000000000E+000 -1.470067589314312E-017
         181           2  0.000000000000000E+000 -1.029932410685429E-017
         182           1  0.000000000000000E+000 -1.470067589313792E-017
         182           2  0.000000000000000E+000 -1.029932410684929E-017
         183           1  0.000000000000000E+000 -1.470067589314241E-017
         183           2  0.000000000000000E+000 -1.029932410685332E-017
         184           1  0.000000000000000E+000 -1.470067589314183E-017
         184           2  0.000000000000000E+000 -1.029932410685309E-017
         185           1  0.000000000000000E+000 -1.470067589314145E-017
         185           2  0.000000000000000E+000 -1.029932410685229E-017
         186           1  0.000000000000000E+000 -1.470067589313074E-017
         186           2  0.000000000000000E+000 -1.029932410684302E-017
         187           1  0.000000000000000E+000 -1.470067589314366E-017
         187           2  0.000000000000000E+000 -1.029932410685386E-017
         188           1  0.000000000000000E+000 -1.470067589314446E-017
         188           2  0.000000000000000E+000 -1.029932410685474E-017
         189           1  0.000000000000000E+000 -1.470067589314582E-017
         189           2  0.000000000000000E+000 -1.029932410685626E-017
         190           1  0.000000000000000E+000 -1.470067589314603E-017
         190           2  0.000000000000000E+000 -1.029932410685690E-017
         191           1  0.000000000000000E+000 -1.470067589314668E-017
         191           2  0.000000000000000E+000 -1.029932410685720E-017
         192           1  0.000000000000000E+000 -1.470067589314644E-017
         192           2  0.000000000000000E+000 -1.029932410685758E-017
         193           1  0.000000000000000E+000 -1.470067589314765E-017
         193           2  0.000000000000000E+000 -1.029932410685787E-017
         194           1  0.000000000000000E+000 -1.470067589314784E-017
         194           2  0.000000000000000E+000 -1.029932410685862E-017
         195           1  0.000000000000000E+000 -1.470067589314814E-017
         195           2  0.000000000000000E+000 -1.029932410685865E-017
         196           1  0.000000000000000E+000 -1.470067589314871E-017
         196           2  0.000000000000000E+000 -1.029932410685923E-017
         197           1  0.000000000000000E+000 -1.470067589314890E-017
         197           2  0.000000000000000E+000 -1.029932410685985E-017
         198           1  0.000000000000000E+000 -1.470067589314904E-017
         198           2  0.000000000000000E+000 -1.029932410685938E-017
         199           1  0.000000000000000E+000 -1.470067589314890E-017
         199           2  0.000000000000000E+000 -1.029932410685900E-017
         200           1  0.000000000000000E+000 -1.470067589314944E-017
         200           2  0.000000000000000E+000 -1.029932410686067E-017
         201           1  0.000000000000000E+000 -1.470067589314341E-017
         201           2  0.000000000000000E+000 -1.029932410685444E-017
         202           1  0.000000000000000E+000 -1.470067589314366E-017
         202           2  0.000000000000000E+000 -1.029932410685406E-017
         203           1  0.000000000000000E+000 -1.470067589313788E-017
         203           2  0.000000000000000E+000 -1.029932410685036E-017
         204           1  0.000000000000000E+000 -1.470067589314188E-017
         204           2  0.000000000000000E+000 -1.029932410685315E-017
         205           1  0.000000000000000E+000 -1.470067589314140E-017
         205           2  0.000000000000000E+000 -1.029932410685246E-017
         206           1  0.000000000000000E+000 -1.470067589314172E-017
         206           2  0.000000000000000E+000 -1.029932410685268E-017
         207           1  0.000000000000000E+000 -1.470067589314270E-017
         207           2  0.000000000000000E+000 -1.029932410685333E-017
         208           1  0.000000000000000E+000 -1.470067589314298E-017
         208           2  0.000000000000000E+000 -1.029932410685464E-017
         209           1  0.000000000000000E+000 -1.470067589314492E-017
         209           2  0.000000000000000E+000 -1.029932410685571E-017
         210           1  0.000000000000000E+000 -1.470067589314709E-017
         210           2  0.000000000000000E+000 -1.029932410685602E-017
         211           1  0.000000000000000E+000 -1.470067589314623E-017
         211           2  0.000000000000000E+000 -1.029932410685637E-017
         212           1  0.000000000000000E+000 -1.470067589314572E-017
         212           2  0.000000000000000E+000 -1.029932410685708E-017
         213           1  0.000000000000000E+000 -1.470067589314598E-017
         213           2  0.000000000000000E+000 -1.029932410685673E-017
         214           1  0.000000000000000E+000 -1.470067589314664E-017
         214           2  0.000000000000000E+000 -1.029932410685693E-017
         215           1  0.000000000000000E+000 -1.470067589314742E-017
         215           2  0.000000000000000E+000 -1.029932410685719E-017
         216           1  0.000000000000000E+000 -1.470067589314797E-017
         216           2  0.000000000000000E+000 -1.029932410685746E-017
         217           1  0.000000000000000E+000 -1.470067589314802E-017
         217           2  0.000000000000000E+000 -1.029932410685832E-017
         218           1  0.000000000000000E+000 -1.470067589314670E-017
         218           2  0.000000000000000E+000 -1.029932410685811E-017
         219           1  0.000000000000000E+000 -1.470067589314776E-017
         219           2  0.000000000000000E+000 -1.029932410685865E-017
         220           1  0.000000000000000E+000 -1.470067589314759E-017
         220           2  0.000000000000000E+000 -1.029932410685997E-017
         221           1  0.000000000000000E+000 -1.470067589314290E-017
         221           2  0.000000000000000E+000 -1.029932410685404E-017
         222           1  0.000000000000000E+000 -1.470067589314245E-017
         222           2  0.000000000000000E+000 -1.029932410685403E-017
         223           1  0.000000000000000E+000 -1.470067589314214E-017
         223           2  0.000000000000000E+000 -1.029932410685378E-017
         224           1  0.000000000000000E+000 -1.470067589314188E-017
         224           2  0.000000000000000E+000 -1.029932410685317E-017
         225           1  0.000000000000000E+000 -1.470067589314206E-017
         225           2  0.000000000000000E+000 -1.029932410685273E-017
         226           1  0.000000000000000E+000 -1.470067589314258E-017
         226           2  0.000000000000000E+000 -1.029932410685243E-017
         227           1  0.000000000000000E+000 -1.470067589314221E-017
         227           2  0.000000000000000E+000 -1.029932410685282E-017
         228           1  0.000000000000000E+000 -1.470067589314281E-017
         228           2  0.000000000000000E+000 -1.029932410685383E-017
         229           1  0.000000000000000E+000 -1.470067589314359E-017
         229           2  0.000000000000000E+000 -1.029932410685500E-017
         230           1  0.000000000000000E+000 -1.470067589314570E-017
         230           2  0.000000000000000E+000 -1.029932410685573E-017
         231           1  0.000000000000000E+000 -1.470067589314549E-017
         231           2  0.000000000000000E+000 -1.029932410685591E-017
         232           1  0.000000000000000E+000 -1.470067589314525E-017
         232           2  0.000000000000000E+000 -1.029932410685600E-017
         233           1  0.000000000000000E+000 -1.470067589314481E-017
         233           2  0.000000000000000E+000 -1.029932410685537E-017
         234           1  0.000000000000000E+000 -1.470067589314559E-017
         234           2  0.000000000000000E+000 -1.029932410685591E-017
         235           1  0.000000000000000E+000 -1.470067589314658E-017
         235           2  0.000000000000000E+000 -1.029932410685635E-017
         236           1  0.000000000000000E+000 -1.470067589314567E-017
         236           2  0.000000000000000E+000 -1.029932410685612E-017
         237           1  0.000000000000000E+000 -1.470067589314588E-017
         237           2  0.000000000000000E+000 -1.029932410685678E-017
         238           1  0.000000000000000E+000 -1.470067589314664E-017
         238           2  0.000000000000000E+000 -1.029932410685693E-017
         239           1  0.000000000000000E+000 -1.470067589314620E-017
         239           2  0.000000000000000E+000 -1.029932410685748E-017
         240           1  0.000000000000000E+000 -1.470067589314611E-017
         240           2  0.000000000000000E+000 -1.029932410685725E-017
         241           1  0.000000000000000E+000 -1.470067589314262E-017
         241           2  0.000000000000000E+000 -1.029932410685371E-017
         242           1  0.000000000000000E+000 -1.470067589314233E-017
         242           2  0.000000000000000E+000 -1.029932410685380E-017
         243           1  0.000000000000000E+000 -1.470067589314205E-017
         243           2  0.000000000000000E+000 -1.029932410685290E-017
         244           1  0.000000000000000E+000 -1.470067589314207E-017
         244           2  0.000000000000000E+000 -1.029932410685325E-017
         245           1  0.000000000000000E+000 -1.470067589314162E-017
         245           2  0.000000000000000E+000 -1.029932410685263E-017
         246           1  0.000000000000000E+000 -1.470067589314123E-017
         246           2  0.000000000000000E+000 -1.029932410685259E-017
         247           1  0.000000000000000E+000 -1.470067589314192E-017
         247           2  0.000000000000000E+000 -1.029932410685257E-017
         248           1  0.000000000000000E+000 -1.470067589314289E-017
         248           2  0.000000000000000E+000 -1.029932410685376E-017
         249           1  0.000000000000000E+000 -1.470067589314314E-017
         249           2  0.000000000000000E+000 -1.029932410685448E-017
         250           1  0.000000000000000E+000 -1.470067589314424E-017
         250           2  0.000000000000000E+000 -1.029932410685494E-017
         251           1  0.000000000000000E+000 -1.470067589314444E-017
         251           2  0.000000000000000E+000 -1.029932410685539E-017
         252           1  0.000000000000000E+000 -1.470067589314374E-017
         252           2  0.000000000000000E+000 -1.029932410685513E-017
         253           1  0.000000000000000E+000 -1.470067589314423E-017
         253           2  0.000000000000000E+000 -1.029932410685410E-017
         254           1  0.000000000000000E+000 -1.470067589314379E-017
         254           2  0.000000000000000E+000 -1.029932410685419E-017
         255           1  0.000000000000000E+000 -1.470067589314397E-017
         255           2  0.000000000000000E+000 -1.029932410685441E-017
         256           1  0.000000000000000E+000 -1.470067589314334E-017
         256           2  0.000000000000000E+000 -1.029932410685441E-017
         257           1  0.000000000000000E+000 -1.470067589314386E-017
         257           2  0.000000000000000E+000 -1.029932410685465E-017
         258           1  0.000000000000000E+000 -1.470067589314306E-017
         258           2  0.000000000000000E+000 -1.029932410685452E-017
         259           1  0.000000000000000E+000 -1.470067589314424E-017
         259           2  0.000000000000000E+000 -1.029932410685468E-017
         260           1  0.000000000000000E+000 -1.470067589314408E-017
         260           2  0.000000000000000E+000 -1.029932410685465E-017
         261           1  0.000000000000000E+000 -1.470067589314193E-017
         261           2  0.000000000000000E+000 -1.029932410685311E-017
         262           1  0.000000000000000E+000 -1.470067589314165E-017
         262           2  0.000000000000000E+000 -1.029932410685300E-017
         263           1  0.000000000000000E+000 -1.470067589314111E-017
         263           2  0.000000000000000E+000 -1.029932410685258E-017
         264           1  0.000000000000000E+000 -1.470067589314226E-017
         264           2  0.000000000000000E+000 -1.029932410685224E-017
         265           1  0.000000000000000E+000 -1.470067589314163E-017
         265           2  0.000000000000000E+000 -1.029932410685231E-017
         266           1  0.000000000000000E+000 -1.470067589314161E-017
         266           2  0.000000000000000E+000 -1.029932410685298E-017
         267           1  0.000000000000000E+000 -1.470067589314125E-017
         267           2  0.000000000000000E+000 -1.029932410685239E-017
         268           1  0.000000000000000E+000 -1.470067589314275E-017
         268           2  0.000000000000000E+000 -1.029932410685350E-017
         269           1  0.000000000000000E+000 -1.470067589314369E-017
         269           2  0.000000000000000E+000 -1.029932410685473E-017
         270           1  0.000000000000000E+000 -1.470067589314376E-017
         270           2  0.000000000000000E+000 -1.029932410685488E-017
         271           1  0.000000000000000E+000 -1.470067589314353E-017
         271           2  0.000000000000000E+000 -1.029932410685517E-017
         272           1  0.000000000000000E+000 -1.470067589314289E-017
         272           2  0.000000000000000E+000 -1.029932410685488E-017
         273           1  0.000000000000000E+000 -1.470067589314330E-017
         273           2  0.000000000000000E+000 -1.029932410685428E-017
         274           1  0.000000000000000E+000 -1.470067589314252E-017
         274           2  0.000000000000000E+000 -1.029932410685373E-017
         275           1  0.000000000000000E+000 -1.470067589314197E-017
         275           2  0.000000000000000E+000 -1.029932410685360E-017
         276           1  0.000000000000000E+000 -1.470067589314138E-017
         276           2  0.000000000000000E+000 -1.029932410685330E-017
         277           1  0.000000000000000E+000 -1.470067589314178E-017
         277           2  0.000000000000000E+000 -1.029932410685202E-017
         278           1  0.000000000000000E+000 -1.470067589314186E-017
         278           2  0.000000000000000E+000 -1.029932410685130E-017
         279           1  0.000000000000000E+000 -1.470067589314118E-017
         279           2  0.000000000000000E+000 -1.029932410685175E-017
         280           1  0.000000000000000E+000 -1.470067589314061E-017
         280           2  0.000000000000000E+000 -1.029932410685195E-017
         281           1  0.000000000000000E+000 -1.470067589314266E-017
         281           2  0.000000000000000E+000 -1.029932410685243E-017
         282           1  0.000000000000000E+000 -1.470067589314096E-017
         282           2  0.000000000000000E+000 -1.029932410685281E-017
         283           1  0.000000000000000E+000 -1.470067589314063E-017
         283           2  0.000000000000000E+000 -1.029932410685212E-017
         284           1  0.000000000000000E+000 -1.470067589314172E-017
         284           2  0.000000000000000E+000 -1.029932410685196E-017
         285           1  0.000000000000000E+000 -1.470067589314122E-017
         285           2  0.000000000000000E+000 -1.029932410685210E-017
         286           1  0.000000000000000E+000 -1.470067589314175E-017
         286           2  0.000000000000000E+000 -1.029932410685287E-017
         287           1  0.000000000000000E+000 -1.470067589314217E-017
         287           2  0.000000000000000E+000 -1.029932410685311E-017
         288           1  0.000000000000000E+000 -1.470067589314296E-017
         288           2  0.000000000000000E+000 -1.029932410685351E-017
         289           1  0.000000000000000E+000 -1.470067589314287E-017
         289           2  0.000000000000000E+000 -1.029932410685481E-017
         290           1  0.000000000000000E+000 -1.470067589314342E-017
         290           2  0.000000000000000E+000 -1.029932410685475E-017
         291           1  0.000000000000000E+000 -1.470067589314291E-017
         291           2  0.000000000000000E+000 -1.029932410685419E-017
         292           1  0.000000000000000E+000 -1.470067589314245E-017
         292           2  0.000000000000000E+000 -1.029932410685431E-017
         293           1  0.000000000000000E+000 -1.470067589314255E-017
         293           2  0.000000000000000E+000 -1.029932410685347E-017
         294           1  0.000000000000000E+000 -1.470067589314084E-017
         294           2  0.000000000000000E+000 -1.029932410685283E-017
         295           1  0.000000000000000E+000 -1.470067589314052E-017
         295           2  0.000000000000000E+000 -1.029932410685276E-017
         296           1  0.000000000000000E+000 -1.470067589314030E-017
         296           2  0.000000000000000E+000 -1.029932410685214E-017
         297           1  0.000000000000000E+000 -1.470067589313978E-017
         297           2  0.000000000000000E+000 -1.029932410685067E-017
         298           1  0.000000000000000E+000 -1.470067589313910E-017
         298           2  0.000000000000000E+000 -1.029932410684979E-017
         299           1  0.000000000000000E+000 -1.470067589313872E-017
         299           2  0.000000000000000E+000 -1.029932410684984E-017
         300           1  0.000000000000000E+000 -1.470067589313941E-017
         300           2  0.000000000000000E+000 -1.029932410685070E-017
         301           1  0.000000000000000E+000 -1.470067589314089E-017
         301           2  0.000000000000000E+000 -1.029932410685126E-017
         302           1  0.000000000000000E+000 -1.470067589314121E-017
         302           2  0.000000000000000E+000 -1.029932410685177E-017
         303           1  0.000000000000000E+000 -1.470067589314106E-017
         303           2  0.000000000000000E+000 -1.029932410685207E-017
         304           1  0.000000000000000E+000 -1.470067589314108E-017
         304           2  0.000000000000000E+000 -1.029932410685156E-017
         305           1  0.000000000000000E+000 -1.470067589314072E-017
         305           2  0.000000000000000E+000 -1.029932410685154E-017
         306           1  0.000000000000000E+000 -1.470067589314220E-017
         306           2  0.000000000000000E+000 -1.029932410685322E-017
         307           1  0.000000000000000E+000 -1.470067589314275E-017
         307           2  0.000000000000000E+000 -1.029932410685363E-017
         308           1  0.000000000000000E+000 -1.470067589314367E-017
         308           2  0.000000000000000E+000 -1.029932410685389E-017
         309           1  0.000000000000000E+000 -1.470067589314317E-017
         309           2  0.000000000000000E+000 -1.029932410685512E-017
         310           1  0.000000000000000E+000 -1.470067589314325E-017
         310           2  0.000000000000000E+000 -1.029932410685485E-017
         311           1  0.000000000000000E+000 -1.470067589314282E-017
         311           2  0.000000000000000E+000 -1.029932410685417E-017
         312           1  0.000000000000000E+000 -1.470067589314227E-017
         312           2  0.000000000000000E+000 -1.029932410685295E-017
         313           1  0.000000000000000E+000 -1.470067589314217E-017
         313           2  0.000000000000000E+000 -1.029932410685298E-017
         314           1  0.000000000000000E+000 -1.470067589314223E-017
         314           2  0.000000000000000E+000 -1.029932410685356E-017
         315           1  0.000000000000000E+000 -1.470067589314139E-017
         315           2  0.000000000000000E+000 -1.029932410685312E-017
         316           1  0.000000000000000E+000 -1.470067589313901E-017
         316           2  0.000000000000000E+000 -1.029932410685119E-017
         317           1  0.000000000000000E+000 -1.470067589313969E-017
         317           2  0.000000000000000E+000 -1.029932410685120E-017
         318           1  0.000000000000000E+000 -1.470067589313789E-017
         318           2  0.000000000000000E+000 -1.029932410684976E-017
         319           1  0.000000000000000E+000 -1.470067589313893E-017
         319           2  0.000000000000000E+000 -1.029932410685109E-017
         320           1  0.000000000000000E+000 -1.470067589313801E-017
         320           2  0.000000000000000E+000 -1.029932410685063E-017
         321           1  0.000000000000000E+000 -1.470067589314182E-017
         321           2  0.000000000000000E+000 -1.029932410685285E-017
         322           1  0.000000000000000E+000 -1.470067589314209E-017
         322           2  0.000000000000000E+000 -1.029932410685377E-017
         323           1  0.000000000000000E+000 -1.470067589314204E-017
         323           2  0.000000000000000E+000 -1.029932410685375E-017
         324           1  0.000000000000000E+000 -1.470067589314067E-017
         324           2  0.000000000000000E+000 -1.029932410685213E-017
         325           1  0.000000000000000E+000 -1.470067589314039E-017
         325           2  0.000000000000000E+000 -1.029932410685154E-017
         326           1  0.000000000000000E+000 -1.470067589314134E-017
         326           2  0.000000000000000E+000 -1.029932410685369E-017
         327           1  0.000000000000000E+000 -1.470067589314362E-017
         327           2  0.000000000000000E+000 -1.029932410685377E-017
         328           1  0.000000000000000E+000 -1.470067589314359E-017
         328           2  0.000000000000000E+000 -1.029932410685445E-017
         329           1  0.000000000000000E+000 -1.470067589314350E-017
         329           2  0.000000000000000E+000 -1.029932410685577E-017
         330           1  0.000000000000000E+000 -1.470067589314474E-017
         330           2  0.000000000000000E+000 -1.029932410685466E-017
         331           1  0.000000000000000E+000 -1.470067589314315E-017
         331           2  0.000000000000000E+000 -1.029932410685399E-017
         332           1  0.000000000000000E+000 -1.470067589314291E-017
         332           2  0.000000000000000E+000 -1.029932410685378E-017
         333           1  0.000000000000000E+000 -1.470067589314214E-017
         333           2  0.000000000000000E+000 -1.029932410685310E-017
         334           1  0.000000000000000E+000 -1.470067589314225E-017
         334           2  0.000000000000000E+000 -1.029932410685309E-017
         335           1  0.000000000000000E+000 -1.470067589314147E-017
         335           2  0.000000000000000E+000 -1.029932410685293E-017
         336           1  0.000000000000000E+000 -1.470067589314260E-017
         336           2  0.000000000000000E+000 -1.029932410685259E-017
         337           1  0.000000000000000E+000 -1.470067589313891E-017
         337           2  0.000000000000000E+000 -1.029932410684991E-017
         338           1  0.000000000000000E+000 -1.470067589313802E-017
         338           2  0.000000000000000E+000 -1.029932410684913E-017
         339           1  0.000000000000000E+000 -1.470067589313865E-017
         339           2  0.000000000000000E+000 -1.029932410685002E-017
         340           1  0.000000000000000E+000 -1.470067589313727E-017
         340           2  0.000000000000000E+000 -1.029932410684979E-017
         341           1  0.000000000000000E+000 -1.470067589314086E-017
         341           2  0.000000000000000E+000 -1.029932410685226E-017
         342           1  0.000000000000000E+000 -1.470067589314216E-017
         342           2  0.000000000000000E+000 -1.029932410685287E-017
         343           1  0.000000000000000E+000 -1.470067589314245E-017
         343           2  0.000000000000000E+000 -1.029932410685332E-017
         344           1  0.000000000000000E+000 -1.470067589314191E-017
         344           2  0.000000000000000E+000 -1.029932410685362E-017
         345           1  0.000000000000000E+000 -1.470067589314243E-017
         345           2  0.000000000000000E+000 -1.029932410685346E-017
         346           1  0.000000000000000E+000 -1.470067589314199E-017
         346           2  0.000000000000000E+000 -1.029932410685363E-017
         347           1  0.000000000000000E+000 -1.470067589314293E-017
         347           2  0.000000000000000E+000 -1.029932410685385E-017
         348           1  0.000000000000000E+000 -1.470067589314402E-017
         348           2  0.000000000000000E+000 -1.029932410685494E-017
         349           1  0.000000000000000E+000 -1.470067589314426E-017
         349           2  0.000000000000000E+000 -1.029932410685536E-017
         350           1  0.000000000000000E+000 -1.470067589314411E-017
         350           2  0.000000000000000E+000 -1.029932410685494E-017
         351           1  0.000000000000000E+000 -1.470067589314285E-017
         351           2  0.000000000000000E+000 -1.029932410685391E-017
         352           1  0.000000000000000E+000 -1.470067589314104E-017
         352           2  0.000000000000000E+000 -1.029932410685303E-017
         353           1  0.000000000000000E+000 -1.470067589314123E-017
         353           2  0.000000000000000E+000 -1.029932410685249E-017
         354           1  0.000000000000000E+000 -1.470067589314168E-017
         354           2  0.000000000000000E+000 -1.029932410685262E-017
         355           1  0.000000000000000E+000 -1.470067589314094E-017
         355           2  0.000000000000000E+000 -1.029932410685151E-017
         356           1  0.000000000000000E+000 -1.470067589314196E-017
         356           2  0.000000000000000E+000 -1.029932410685207E-017
         357           1  0.000000000000000E+000 -1.470067589313936E-017
         357           2  0.000000000000000E+000 -1.029932410685046E-017
         358           1  0.000000000000000E+000 -1.470067589313964E-017
         358           2  0.000000000000000E+000 -1.029932410685059E-017
         359           1  0.000000000000000E+000 -1.470067589313795E-017
         359           2  0.000000000000000E+000 -1.029932410684889E-017
         360           1  0.000000000000000E+000 -1.470067589313894E-017
         360           2  0.000000000000000E+000 -1.029932410685106E-017
         361           1  0.000000000000000E+000 -1.470067589314030E-017
         361           2  0.000000000000000E+000 -1.029932410685106E-017
         362           1  0.000000000000000E+000 -1.470067589314142E-017
         362           2  0.000000000000000E+000 -1.029932410685236E-017
         363           1  0.000000000000000E+000 -1.470067589314132E-017
         363           2  0.000000000000000E+000 -1.029932410685244E-017
         364           1  0.000000000000000E+000 -1.470067589314243E-017
         364           2  0.000000000000000E+000 -1.029932410685322E-017
         365           1  0.000000000000000E+000 -1.470067589314170E-017
         365           2  0.000000000000000E+000 -1.029932410685358E-017
         366           1  0.000000000000000E+000 -1.470067589314160E-017
         366           2  0.000000000000000E+000 -1.029932410685306E-017
         367           1  0.000000000000000E+000 -1.470067589314250E-017
         367           2  0.000000000000000E+000 -1.029932410685389E-017
         368           1  0.000000000000000E+000 -1.470067589314394E-017
         368           2  0.000000000000000E+000 -1.029932410685411E-017
         369           1  0.000000000000000E+000 -1.470067589314424E-017
         369           2  0.000000000000000E+000 -1.029932410685428E-017
         370           1  0.000000000000000E+000 -1.470067589314374E-017
         370           2  0.000000000000000E+000 -1.029932410685433E-017
         371           1  0.000000000000000E+000 -1.470067589314249E-017
         371           2  0.000000000000000E+000 -1.029932410685413E-017
         372           1  0.000000000000000E+000 -1.470067589314142E-017
         372           2  0.000000000000000E+000 -1.029932410685343E-017
         373           1  0.000000000000000E+000 -1.470067589314038E-017
         373           2  0.000000000000000E+000 -1.029932410685204E-017
         374           1  0.000000000000000E+000 -1.470067589314098E-017
         374           2  0.000000000000000E+000 -1.029932410685149E-017
         375           1  0.000000000000000E+000 -1.470067589314233E-017
         375           2  0.000000000000000E+000 -1.029932410685235E-017
         376           1  0.000000000000000E+000 -1.470067589314188E-017
         376           2  0.000000000000000E+000 -1.029932410685229E-017
         377           1  0.000000000000000E+000 -1.470067589314270E-017
         377           2  0.000000000000000E+000 -1.029932410685343E-017
         378           1  0.000000000000000E+000 -1.470067589313773E-017
         378           2  0.000000000000000E+000 -1.029932410684897E-017
         379           1  0.000000000000000E+000 -1.470067589313965E-017
         379           2  0.000000000000000E+000 -1.029932410685022E-017
         380           1  0.000000000000000E+000 -1.470067589313871E-017
         380           2  0.000000000000000E+000 -1.029932410685029E-017
         381           1  0.000000000000000E+000 -1.470067589314129E-017
         381           2  0.000000000000000E+000 -1.029932410685286E-017
         382           1  0.000000000000000E+000 -1.470067589314098E-017
         382           2  0.000000000000000E+000 -1.029932410685205E-017
         383           1  0.000000000000000E+000 -1.470067589314146E-017
         383           2  0.000000000000000E+000 -1.029932410685171E-017
         384           1  0.000000000000000E+000 -1.470067589314226E-017
         384           2  0.000000000000000E+000 -1.029932410685357E-017
         385           1  0.000000000000000E+000 -1.470067589314133E-017
         385           2  0.000000000000000E+000 -1.029932410685351E-017
         386           1  0.000000000000000E+000 -1.470067589314110E-017
         386           2  0.000000000000000E+000 -1.029932410685243E-017
         387           1  0.000000000000000E+000 -1.470067589314162E-017
         387           2  0.000000000000000E+000 -1.029932410685350E-017
         388           1  0.000000000000000E+000 -1.470067589314315E-017
         388           2  0.000000000000000E+000 -1.029932410685424E-017
         389           1  0.000000000000000E+000 -1.470067589314349E-017
         389           2  0.000000000000000E+000 -1.029932410685408E-017
         390           1  0.000000000000000E+000 -1.470067589314390E-017
         390           2  0.000000000000000E+000 -1.029932410685455E-017
         391           1  0.000000000000000E+000 -1.470067589314244E-017
         391           2  0.000000000000000E+000 -1.029932410685336E-017
         392           1  0.000000000000000E+000 -1.470067589314081E-017
         392           2  0.000000000000000E+000 -1.029932410685148E-017
         393           1  0.000000000000000E+000 -1.470067589313964E-017
         393           2  0.000000000000000E+000 -1.029932410685070E-017
         394           1  0.000000000000000E+000 -1.470067589313862E-017
         394           2  0.000000000000000E+000 -1.029932410685006E-017
         395           1  0.000000000000000E+000 -1.470067589313890E-017
         395           2  0.000000000000000E+000 -1.029932410685019E-017
         396           1  0.000000000000000E+000 -1.470067589314220E-017
         396           2  0.000000000000000E+000 -1.029932410685327E-017
         397           1  0.000000000000000E+000 -1.470067589314161E-017
         397           2  0.000000000000000E+000 -1.029932410685258E-017
         398           1  0.000000000000000E+000 -1.470067589313758E-017
         398           2  0.000000000000000E+000 -1.029932410684973E-017
         399           1  0.000000000000000E+000 -1.470067589313949E-017
         399           2  0.000000000000000E+000 -1.029932410685053E-017
         400           1  0.000000000000000E+000 -1.470067589313949E-017
         400           2  0.000000000000000E+000 -1.029932410685103E-017
