           1           1  0.000000000000000E+000 -6.796642995484071E-016
           1           2  0.000000000000000E+000 -9.203357004523864E-016
           2           1  0.000000000000000E+000 -6.796642995480182E-016
           2           2  0.000000000000000E+000 -9.203357004517981E-016
           3           1  0.000000000000000E+000 -6.796642995480329E-016
           3           2  0.000000000000000E+000 -9.203357004518292E-016
           4           1  0.000000000000000E+000 -6.796642995480716E-016
           4           2  0.000000000000000E+000 -9.203357004518543E-016
           5           1  0.000000000000000E+000 -6.796642995480921E-016
           5           2  0.000000000000000E+000 -9.203357004519168E-016
           6           1  0.000000000000000E+000 -6.796642995482030E-016
           6           2  0.000000000000000E+000 -9.203357004520801E-016
           7           1  0.000000000000000E+000 -6.796642995479486E-016
           7           2  0.000000000000000E+000 -9.203357004517367E-016
           8           1  0.000000000000000E+000 -6.796642995480536E-016
           8           2  0.000000000000000E+000 -9.203357004518793E-016
           9           1  0.000000000000000E+000 -6.796642995479221E-016
           9           2  0.000000000000000E+000 -9.203357004517286E-016
          10           1  0.000000000000000E+000 -6.796642995478136E-016
          10           2  0.000000000000000E+000 -9.203357004516099E-016
          11           1  0.000000000000000E+000 -6.796642995480338E-016
          11           2  0.000000000000000E+000 -9.203357004518099E-016
          12           1  0.000000000000000E+000 -6.796642995480532E-016
          12           2  0.000000000000000E+000 -9.203357004518758E-016
          13           1  0.000000000000000E+000 -6.796642995481143E-016
          13           2  0.000000000000000E+000 -9.203357004519343E-016
          14           1  0.000000000000000E+000 -6.796642995480316E-016
          14           2  0.000000000000000E+000 -9.203357004518438E-016
          15           1  0.000000000000000E+000 -6.796642995480799E-016
          15           2  0.000000000000000E+000 -9.203357004518775E-016
          16           1  0.000000000000000E+000 -6.796642995480462E-016
          16           2  0.000000000000000E+000 -9.203357004517705E-016
          17           1  0.000000000000000E+000 -6.796642995479783E-016
          17           2  0.000000000000000E+000 -9.203357004516707E-016
          18           1  0.000000000000000E+000 -6.796642995481360E-016
          18           2  0.000000000000000E+000 -9.203357004519353E-016
          19           1  0.000000000000000E+000 -6.796642995480855E-016
          19           2  0.000000000000000E+000 -9.203357004518773E-016
          20           1  0.000000000000000E+000 -6.796642995479256E-016
          20           2  0.000000000000000E+000 -9.203357004516714E-016
          21           1  0.000000000000000E+000 -6.796642995479485E-016
          21           2  0.000000000000000E+000 -9.203357004517121E-016
          22           1  0.000000000000000E+000 -6.796642995480255E-016
          22           2  0.000000000000000E+000 -9.203357004518551E-016
          23           1  0.000000000000000E+000 -6.796642995481607E-016
          23           2  0.000000000000000E+000 -9.203357004519481E-016
          24           1  0.000000000000000E+000 -6.796642995478878E-016
          24           2  0.000000000000000E+000 -9.203357004516486E-016
          25           1  0.000000000000000E+000 -6.796642995479537E-016
          25           2  0.000000000000000E+000 -9.203357004517302E-016
          26           1  0.000000000000000E+000 -6.796642995480175E-016
          26           2  0.000000000000000E+000 -9.203357004517854E-016
          27           1  0.000000000000000E+000 -6.796642995481084E-016
          27           2  0.000000000000000E+000 -9.203357004519180E-016
          28           1  0.000000000000000E+000 -6.796642995481070E-016
          28           2  0.000000000000000E+000 -9.203357004519330E-016
          29           1  0.000000000000000E+000 -6.796642995480742E-016
          29           2  0.000000000000000E+000 -9.203357004518933E-016
          30           1  0.000000000000000E+000 -6.796642995480060E-016
          30           2  0.000000000000000E+000 -9.203357004518123E-016
          31           1  0.000000000000000E+000 -6.796642995480706E-016
          31           2  0.000000000000000E+000 -9.203357004518545E-016
          32           1  0.000000000000000E+000 -6.796642995480866E-016
          32           2  0.000000000000000E+000 -9.203357004519115E-016
          33           1  0.000000000000000E+000 -6.796642995482338E-016
          33           2  0.000000000000000E+000 -9.203357004521653E-016
          34           1  0.000000000000000E+000 -6.796642995479195E-016
          34           2  0.000000000000000E+000 -9.203357004515916E-016
          35           1  0.000000000000000E+000 -6.796642995481401E-016
          35           2  0.000000000000000E+000 -9.203357004519777E-016
          36           1  0.000000000000000E+000 -6.796642995480434E-016
          36           2  0.000000000000000E+000 -9.203357004518440E-016
          37           1  0.000000000000000E+000 -6.796642995480636E-016
          37           2  0.000000000000000E+000 -9.203357004518318E-016
          38           1  0.000000000000000E+000 -6.796642995480258E-016
          38           2  0.000000000000000E+000 -9.203357004517726E-016
          39           1  0.000000000000000E+000 -6.796642995480636E-016
          39           2  0.000000000000000E+000 -9.203357004518448E-016
          40           1  0.000000000000000E+000 -6.796642995481736E-016
          40           2  0.000000000000000E+000 -9.203357004519533E-016
          41           1  0.000000000000000E+000 -6.796642995481187E-016
          41           2  0.000000000000000E+000 -9.203357004519507E-016
          42           1  0.000000000000000E+000 -6.796642995481207E-016
          42           2  0.000000000000000E+000 -9.203357004518990E-016
          43           1  0.000000000000000E+000 -6.796642995481465E-016
          43           2  0.000000000000000E+000 -9.203357004519998E-016
          44           1  0.000000000000000E+000 -6.796642995481517E-016
          44           2  0.000000000000000E+000 -9.203357004519811E-016
          45           1  0.000000000000000E+000 -6.796642995480169E-016
          45           2  0.000000000000000E+000 -9.203357004517760E-016
          46           1  0.000000000000000E+000 -6.796642995480763E-016
          46           2  0.000000000000000E+000 -9.203357004518722E-016
          47           1  0.000000000000000E+000 -6.796642995480987E-016
          47           2  0.000000000000000E+000 -9.203357004519535E-016
          48           1  0.000000000000000E+000 -6.796642995477977E-016
          48           2  0.000000000000000E+000 -9.203357004516168E-016
          49           1  0.000000000000000E+000 -6.796642995478907E-016
          49           2  0.000000000000000E+000 -9.203357004516553E-016
          50           1  0.000000000000000E+000 -6.796642995479175E-016
          50           2  0.000000000000000E+000 -9.203357004517529E-016
          51           1  0.000000000000000E+000 -6.796642995481114E-016
          51           2  0.000000000000000E+000 -9.203357004519708E-016
          52           1  0.000000000000000E+000 -6.796642995482416E-016
          52           2  0.000000000000000E+000 -9.203357004521282E-016
          53           1  0.000000000000000E+000 -6.796642995481042E-016
          53           2  0.000000000000000E+000 -9.203357004519685E-016
          54           1  0.000000000000000E+000 -6.796642995480928E-016
          54           2  0.000000000000000E+000 -9.203357004518677E-016
          55           1  0.000000000000000E+000 -6.796642995481138E-016
          55           2  0.000000000000000E+000 -9.203357004519560E-016
          56           1  0.000000000000000E+000 -6.796642995481158E-016
          56           2  0.000000000000000E+000 -9.203357004519732E-016
          57           1  0.000000000000000E+000 -6.796642995480505E-016
          57           2  0.000000000000000E+000 -9.203357004518687E-016
          58           1  0.000000000000000E+000 -6.796642995479586E-016
          58           2  0.000000000000000E+000 -9.203357004518142E-016
          59           1  0.000000000000000E+000 -6.796642995481457E-016
          59           2  0.000000000000000E+000 -9.203357004519495E-016
          60           1  0.000000000000000E+000 -6.796642995480891E-016
          60           2  0.000000000000000E+000 -9.203357004519004E-016
          61           1  0.000000000000000E+000 -6.796642995479989E-016
          61           2  0.000000000000000E+000 -9.203357004517845E-016
          62           1  0.000000000000000E+000 -6.796642995480585E-016
          62           2  0.000000000000000E+000 -9.203357004518661E-016
          63           1  0.000000000000000E+000 -6.796642995478950E-016
          63           2  0.000000000000000E+000 -9.203357004516131E-016
          64           1  0.000000000000000E+000 -6.796642995479940E-016
          64           2  0.000000000000000E+000 -9.203357004517722E-016
          65           1  0.000000000000000E+000 -6.796642995479836E-016
          65           2  0.000000000000000E+000 -9.203357004517497E-016
          66           1  0.000000000000000E+000 -6.796642995482031E-016
          66           2  0.000000000000000E+000 -9.203357004520584E-016
          67           1  0.000000000000000E+000 -6.796642995480268E-016
          67           2  0.000000000000000E+000 -9.203357004518606E-016
          68           1  0.000000000000000E+000 -6.796642995480462E-016
          68           2  0.000000000000000E+000 -9.203357004518744E-016
          69           1  0.000000000000000E+000 -6.796642995480848E-016
          69           2  0.000000000000000E+000 -9.203357004519044E-016
          70           1  0.000000000000000E+000 -6.796642995480493E-016
          70           2  0.000000000000000E+000 -9.203357004518312E-016
          71           1  0.000000000000000E+000 -6.796642995481438E-016
          71           2  0.000000000000000E+000 -9.203357004519533E-016
          72           1  0.000000000000000E+000 -6.796642995480519E-016
          72           2  0.000000000000000E+000 -9.203357004518470E-016
          73           1  0.000000000000000E+000 -6.796642995480544E-016
          73           2  0.000000000000000E+000 -9.203357004519197E-016
          74           1  0.000000000000000E+000 -6.796642995481657E-016
          74           2  0.000000000000000E+000 -9.203357004519874E-016
          75           1  0.000000000000000E+000 -6.796642995479712E-016
          75           2  0.000000000000000E+000 -9.203357004517588E-016
          76           1  0.000000000000000E+000 -6.796642995482114E-016
          76           2  0.000000000000000E+000 -9.203357004521387E-016
          77           1  0.000000000000000E+000 -6.796642995481347E-016
          77           2  0.000000000000000E+000 -9.203357004519712E-016
          78           1  0.000000000000000E+000 -6.796642995481252E-016
          78           2  0.000000000000000E+000 -9.203357004519330E-016
          79           1  0.000000000000000E+000 -6.796642995480415E-016
          79           2  0.000000000000000E+000 -9.203357004518132E-016
          80           1  0.000000000000000E+000 -6.796642995482382E-016
          80           2  0.000000000000000E+000 -9.203357004520629E-016
          81           1  0.000000000000000E+000 -6.796642995480326E-016
          81           2  0.000000000000000E+000 -9.203357004518194E-016
          82           1  0.000000000000000E+000 -6.796642995482823E-016
          82           2  0.000000000000000E+000 -9.203357004521359E-016
          83           1  0.000000000000000E+000 -6.796642995478992E-016
          83           2  0.000000000000000E+000 -9.203357004516760E-016
          84           1  0.000000000000000E+000 -6.796642995479828E-016
          84           2  0.000000000000000E+000 -9.203357004517750E-016
          85           1  0.000000000000000E+000 -6.796642995479603E-016
          85           2  0.000000000000000E+000 -9.203357004517196E-016
          86           1  0.000000000000000E+000 -6.796642995479561E-016
          86           2  0.000000000000000E+000 -9.203357004517253E-016
          87           1  0.000000000000000E+000 -6.796642995480622E-016
          87           2  0.000000000000000E+000 -9.203357004518732E-016
          88           1  0.000000000000000E+000 -6.796642995480349E-016
          88           2  0.000000000000000E+000 -9.203357004518669E-016
          89           1  0.000000000000000E+000 -6.796642995480146E-016
          89           2  0.000000000000000E+000 -9.203357004517882E-016
          90           1  0.000000000000000E+000 -6.796642995478556E-016
          90           2  0.000000000000000E+000 -9.203357004515717E-016
          91           1  0.000000000000000E+000 -6.796642995480019E-016
          91           2  0.000000000000000E+000 -9.203357004518071E-016
          92           1  0.000000000000000E+000 -6.796642995479508E-016
          92           2  0.000000000000000E+000 -9.203357004517286E-016
          93           1  0.000000000000000E+000 -6.796642995480010E-016
          93           2  0.000000000000000E+000 -9.203357004518324E-016
          94           1  0.000000000000000E+000 -6.796642995477793E-016
          94           2  0.000000000000000E+000 -9.203357004514865E-016
          95           1  0.000000000000000E+000 -6.796642995483211E-016
          95           2  0.000000000000000E+000 -9.203357004522069E-016
          96           1  0.000000000000000E+000 -6.796642995481030E-016
          96           2  0.000000000000000E+000 -9.203357004519138E-016
          97           1  0.000000000000000E+000 -6.796642995481769E-016
          97           2  0.000000000000000E+000 -9.203357004519882E-016
          98           1  0.000000000000000E+000 -6.796642995476293E-016
          98           2  0.000000000000000E+000 -9.203357004512823E-016
          99           1  0.000000000000000E+000 -6.796642995481355E-016
          99           2  0.000000000000000E+000 -9.203357004519458E-016
         100           1  0.000000000000000E+000 -6.796642995480977E-016
         100           2  0.000000000000000E+000 -9.203357004518748E-016
         101           1  0.000000000000000E+000 -6.796642995481053E-016
         101           2  0.000000000000000E+000 -9.203357004519107E-016
         102           1  0.000000000000000E+000 -6.796642995480655E-016
         102           2  0.000000000000000E+000 -9.203357004518614E-016
         103           1  0.000000000000000E+000 -6.796642995479889E-016
         103           2  0.000000000000000E+000 -9.203357004517716E-016
         104           1  0.000000000000000E+000 -6.796642995479682E-016
         104           2  0.000000000000000E+000 -9.203357004517243E-016
         105           1  0.000000000000000E+000 -6.796642995479018E-016
         105           2  0.000000000000000E+000 -9.203357004516490E-016
         106           1  0.000000000000000E+000 -6.796642995480408E-016
         106           2  0.000000000000000E+000 -9.203357004518499E-016
         107           1  0.000000000000000E+000 -6.796642995480319E-016
         107           2  0.000000000000000E+000 -9.203357004518547E-016
         108           1  0.000000000000000E+000 -6.796642995480088E-016
         108           2  0.000000000000000E+000 -9.203357004517728E-016
         109           1  0.000000000000000E+000 -6.796642995479706E-016
         109           2  0.000000000000000E+000 -9.203357004518138E-016
         110           1  0.000000000000000E+000 -6.796642995480114E-016
         110           2  0.000000000000000E+000 -9.203357004517227E-016
         111           1  0.000000000000000E+000 -6.796642995478673E-016
         111           2  0.000000000000000E+000 -9.203357004515967E-016
         112           1  0.000000000000000E+000 -6.796642995480298E-016
         112           2  0.000000000000000E+000 -9.203357004518263E-016
         113           1  0.000000000000000E+000 -6.796642995479151E-016
         113           2  0.000000000000000E+000 -9.203357004516762E-016
         114           1  0.000000000000000E+000 -6.796642995479598E-016
         114           2  0.000000000000000E+000 -9.203357004517109E-016
         115           1  0.000000000000000E+000 -6.796642995480083E-016
         115           2  0.000000000000000E+000 -9.203357004517706E-016
         116           1  0.000000000000000E+000 -6.796642995479804E-016
         116           2  0.000000000000000E+000 -9.203357004517689E-016
         117           1  0.000000000000000E+000 -6.796642995478444E-016
         117           2  0.000000000000000E+000 -9.203357004515790E-016
         118           1  0.000000000000000E+000 -6.796642995481137E-016
         118           2  0.000000000000000E+000 -9.203357004518272E-016
         119           1  0.000000000000000E+000 -6.796642995480389E-016
         119           2  0.000000000000000E+000 -9.203357004518817E-016
         120           1  0.000000000000000E+000 -6.796642995481986E-016
         120           2  0.000000000000000E+000 -9.203357004520272E-016
         121           1  0.000000000000000E+000 -6.796642995480308E-016
         121           2  0.000000000000000E+000 -9.203357004518338E-016
         122           1  0.000000000000000E+000 -6.796642995477402E-016
         122           2  0.000000000000000E+000 -9.203357004515009E-016
         123           1  0.000000000000000E+000 -6.796642995479802E-016
         123           2  0.000000000000000E+000 -9.203357004517206E-016
         124           1  0.000000000000000E+000 -6.796642995480686E-016
         124           2  0.000000000000000E+000 -9.203357004519369E-016
         125           1  0.000000000000000E+000 -6.796642995479614E-016
         125           2  0.000000000000000E+000 -9.203357004517839E-016
         126           1  0.000000000000000E+000 -6.796642995480325E-016
         126           2  0.000000000000000E+000 -9.203357004518365E-016
         127           1  0.000000000000000E+000 -6.796642995479500E-016
         127           2  0.000000000000000E+000 -9.203357004517336E-016
         128           1  0.000000000000000E+000 -6.796642995480477E-016
         128           2  0.000000000000000E+000 -9.203357004518807E-016
         129           1  0.000000000000000E+000 -6.796642995481518E-016
         129           2  0.000000000000000E+000 -9.203357004519986E-016
         130           1  0.000000000000000E+000 -6.796642995479348E-016
         130           2  0.000000000000000E+000 -9.203357004516529E-016
         131           1  0.000000000000000E+000 -6.796642995478090E-016
         131           2  0.000000000000000E+000 -9.203357004515135E-016
         132           1  0.000000000000000E+000 -6.796642995480196E-016
         132           2  0.000000000000000E+000 -9.203357004517910E-016
         133           1  0.000000000000000E+000 -6.796642995479085E-016
         133           2  0.000000000000000E+000 -9.203357004516385E-016
         134           1  0.000000000000000E+000 -6.796642995478750E-016
         134           2  0.000000000000000E+000 -9.203357004516133E-016
         135           1  0.000000000000000E+000 -6.796642995480148E-016
         135           2  0.000000000000000E+000 -9.203357004518170E-016
         136           1  0.000000000000000E+000 -6.796642995480950E-016
         136           2  0.000000000000000E+000 -9.203357004519105E-016
         137           1  0.000000000000000E+000 -6.796642995478833E-016
         137           2  0.000000000000000E+000 -9.203357004516436E-016
         138           1  0.000000000000000E+000 -6.796642995481902E-016
         138           2  0.000000000000000E+000 -9.203357004520225E-016
         139           1  0.000000000000000E+000 -6.796642995481378E-016
         139           2  0.000000000000000E+000 -9.203357004519838E-016
         140           1  0.000000000000000E+000 -6.796642995481884E-016
         140           2  0.000000000000000E+000 -9.203357004520253E-016
         141           1  0.000000000000000E+000 -6.796642995480823E-016
         141           2  0.000000000000000E+000 -9.203357004518929E-016
         142           1  0.000000000000000E+000 -6.796642995478625E-016
         142           2  0.000000000000000E+000 -9.203357004516243E-016
         143           1  0.000000000000000E+000 -6.796642995480654E-016
         143           2  0.000000000000000E+000 -9.203357004519073E-016
         144           1  0.000000000000000E+000 -6.796642995479701E-016
         144           2  0.000000000000000E+000 -9.203357004517555E-016
         145           1  0.000000000000000E+000 -6.796642995478531E-016
         145           2  0.000000000000000E+000 -9.203357004515961E-016
         146           1  0.000000000000000E+000 -6.796642995478261E-016
         146           2  0.000000000000000E+000 -9.203357004516612E-016
         147           1  0.000000000000000E+000 -6.796642995479032E-016
         147           2  0.000000000000000E+000 -9.203357004517334E-016
         148           1  0.000000000000000E+000 -6.796642995477533E-016
         148           2  0.000000000000000E+000 -9.203357004514650E-016
         149           1  0.000000000000000E+000 -6.796642995478595E-016
         149           2  0.000000000000000E+000 -9.203357004515584E-016
         150           1  0.000000000000000E+000 -6.796642995479941E-016
         150           2  0.000000000000000E+000 -9.203357004517943E-016
         151           1  0.000000000000000E+000 -6.796642995479471E-016
         151           2  0.000000000000000E+000 -9.203357004516734E-016
         152           1  0.000000000000000E+000 -6.796642995479541E-016
         152           2  0.000000000000000E+000 -9.203357004517586E-016
         153           1  0.000000000000000E+000 -6.796642995479240E-016
         153           2  0.000000000000000E+000 -9.203357004516882E-016
         154           1  0.000000000000000E+000 -6.796642995480082E-016
         154           2  0.000000000000000E+000 -9.203357004518164E-016
         155           1  0.000000000000000E+000 -6.796642995480140E-016
         155           2  0.000000000000000E+000 -9.203357004518572E-016
         156           1  0.000000000000000E+000 -6.796642995479579E-016
         156           2  0.000000000000000E+000 -9.203357004517344E-016
         157           1  0.000000000000000E+000 -6.796642995479945E-016
         157           2  0.000000000000000E+000 -9.203357004517736E-016
         158           1  0.000000000000000E+000 -6.796642995480917E-016
         158           2  0.000000000000000E+000 -9.203357004518998E-016
         159           1  0.000000000000000E+000 -6.796642995481341E-016
         159           2  0.000000000000000E+000 -9.203357004519667E-016
         160           1  0.000000000000000E+000 -6.796642995480319E-016
         160           2  0.000000000000000E+000 -9.203357004518578E-016
         161           1  0.000000000000000E+000 -6.796642995480225E-016
         161           2  0.000000000000000E+000 -9.203357004518355E-016
         162           1  0.000000000000000E+000 -6.796642995480535E-016
         162           2  0.000000000000000E+000 -9.203357004518894E-016
         163           1  0.000000000000000E+000 -6.796642995477340E-016
         163           2  0.000000000000000E+000 -9.203357004513691E-016
         164           1  0.000000000000000E+000 -6.796642995480225E-016
         164           2  0.000000000000000E+000 -9.203357004518180E-016
         165           1  0.000000000000000E+000 -6.796642995478923E-016
         165           2  0.000000000000000E+000 -9.203357004516738E-016
         166           1  0.000000000000000E+000 -6.796642995480307E-016
         166           2  0.000000000000000E+000 -9.203357004518584E-016
         167           1  0.000000000000000E+000 -6.796642995478625E-016
         167           2  0.000000000000000E+000 -9.203357004516714E-016
         168           1  0.000000000000000E+000 -6.796642995478819E-016
         168           2  0.000000000000000E+000 -9.203357004516405E-016
         169           1  0.000000000000000E+000 -6.796642995478719E-016
         169           2  0.000000000000000E+000 -9.203357004516093E-016
         170           1  0.000000000000000E+000 -6.796642995479478E-016
         170           2  0.000000000000000E+000 -9.203357004516537E-016
         171           1  0.000000000000000E+000 -6.796642995480330E-016
         171           2  0.000000000000000E+000 -9.203357004517490E-016
         172           1  0.000000000000000E+000 -6.796642995478898E-016
         172           2  0.000000000000000E+000 -9.203357004516515E-016
         173           1  0.000000000000000E+000 -6.796642995480825E-016
         173           2  0.000000000000000E+000 -9.203357004519418E-016
         174           1  0.000000000000000E+000 -6.796642995480134E-016
         174           2  0.000000000000000E+000 -9.203357004518063E-016
         175           1  0.000000000000000E+000 -6.796642995479849E-016
         175           2  0.000000000000000E+000 -9.203357004518058E-016
         176           1  0.000000000000000E+000 -6.796642995480234E-016
         176           2  0.000000000000000E+000 -9.203357004518631E-016
         177           1  0.000000000000000E+000 -6.796642995480659E-016
         177           2  0.000000000000000E+000 -9.203357004518925E-016
         178           1  0.000000000000000E+000 -6.796642995481410E-016
         178           2  0.000000000000000E+000 -9.203357004520000E-016
         179           1  0.000000000000000E+000 -6.796642995480701E-016
         179           2  0.000000000000000E+000 -9.203357004518482E-016
         180           1  0.000000000000000E+000 -6.796642995480105E-016
         180           2  0.000000000000000E+000 -9.203357004518499E-016
         181           1  0.000000000000000E+000 -6.796642995481602E-016
         181           2  0.000000000000000E+000 -9.203357004519921E-016
         182           1  0.000000000000000E+000 -6.796642995480631E-016
         182           2  0.000000000000000E+000 -9.203357004518627E-016
         183           1  0.000000000000000E+000 -6.796642995477318E-016
         183           2  0.000000000000000E+000 -9.203357004514305E-016
         184           1  0.000000000000000E+000 -6.796642995480557E-016
         184           2  0.000000000000000E+000 -9.203357004519424E-016
         185           1  0.000000000000000E+000 -6.796642995480036E-016
         185           2  0.000000000000000E+000 -9.203357004517708E-016
         186           1  0.000000000000000E+000 -6.796642995479714E-016
         186           2  0.000000000000000E+000 -9.203357004517783E-016
         187           1  0.000000000000000E+000 -6.796642995479201E-016
         187           2  0.000000000000000E+000 -9.203357004517020E-016
         188           1  0.000000000000000E+000 -6.796642995479888E-016
         188           2  0.000000000000000E+000 -9.203357004517391E-016
         189           1  0.000000000000000E+000 -6.796642995479530E-016
         189           2  0.000000000000000E+000 -9.203357004516642E-016
         190           1  0.000000000000000E+000 -6.796642995480113E-016
         190           2  0.000000000000000E+000 -9.203357004518200E-016
         191           1  0.000000000000000E+000 -6.796642995479213E-016
         191           2  0.000000000000000E+000 -9.203357004516521E-016
         192           1  0.000000000000000E+000 -6.796642995479997E-016
         192           2  0.000000000000000E+000 -9.203357004517892E-016
         193           1  0.000000000000000E+000 -6.796642995480854E-016
         193           2  0.000000000000000E+000 -9.203357004519205E-016
         194           1  0.000000000000000E+000 -6.796642995478769E-016
         194           2  0.000000000000000E+000 -9.203357004516056E-016
         195           1  0.000000000000000E+000 -6.796642995480424E-016
         195           2  0.000000000000000E+000 -9.203357004518115E-016
         196           1  0.000000000000000E+000 -6.796642995480264E-016
         196           2  0.000000000000000E+000 -9.203357004518060E-016
         197           1  0.000000000000000E+000 -6.796642995479085E-016
         197           2  0.000000000000000E+000 -9.203357004516758E-016
         198           1  0.000000000000000E+000 -6.796642995480220E-016
         198           2  0.000000000000000E+000 -9.203357004518566E-016
         199           1  0.000000000000000E+000 -6.796642995478432E-016
         199           2  0.000000000000000E+000 -9.203357004516281E-016
         200           1  0.000000000000000E+000 -6.796642995480217E-016
         200           2  0.000000000000000E+000 -9.203357004518215E-016
         201           1  0.000000000000000E+000 -6.796642995480404E-016
         201           2  0.000000000000000E+000 -9.203357004518373E-016
         202           1  0.000000000000000E+000 -6.796642995480207E-016
         202           2  0.000000000000000E+000 -9.203357004518422E-016
         203           1  0.000000000000000E+000 -6.796642995479650E-016
         203           2  0.000000000000000E+000 -9.203357004517937E-016
         204           1  0.000000000000000E+000 -6.796642995480241E-016
         204           2  0.000000000000000E+000 -9.203357004518180E-016
         205           1  0.000000000000000E+000 -6.796642995480339E-016
         205           2  0.000000000000000E+000 -9.203357004517744E-016
         206           1  0.000000000000000E+000 -6.796642995480093E-016
         206           2  0.000000000000000E+000 -9.203357004518353E-016
         207           1  0.000000000000000E+000 -6.796642995477986E-016
         207           2  0.000000000000000E+000 -9.203357004515539E-016
         208           1  0.000000000000000E+000 -6.796642995478504E-016
         208           2  0.000000000000000E+000 -9.203357004516494E-016
         209           1  0.000000000000000E+000 -6.796642995478471E-016
         209           2  0.000000000000000E+000 -9.203357004515261E-016
         210           1  0.000000000000000E+000 -6.796642995480742E-016
         210           2  0.000000000000000E+000 -9.203357004518840E-016
         211           1  0.000000000000000E+000 -6.796642995479758E-016
         211           2  0.000000000000000E+000 -9.203357004517535E-016
         212           1  0.000000000000000E+000 -6.796642995479127E-016
         212           2  0.000000000000000E+000 -9.203357004517016E-016
         213           1  0.000000000000000E+000 -6.796642995480059E-016
         213           2  0.000000000000000E+000 -9.203357004518781E-016
         214           1  0.000000000000000E+000 -6.796642995479966E-016
         214           2  0.000000000000000E+000 -9.203357004517874E-016
         215           1  0.000000000000000E+000 -6.796642995478297E-016
         215           2  0.000000000000000E+000 -9.203357004515245E-016
         216           1  0.000000000000000E+000 -6.796642995481171E-016
         216           2  0.000000000000000E+000 -9.203357004519517E-016
         217           1  0.000000000000000E+000 -6.796642995477200E-016
         217           2  0.000000000000000E+000 -9.203357004513204E-016
         218           1  0.000000000000000E+000 -6.796642995477784E-016
         218           2  0.000000000000000E+000 -9.203357004514604E-016
         219           1  0.000000000000000E+000 -6.796642995481693E-016
         219           2  0.000000000000000E+000 -9.203357004520584E-016
         220           1  0.000000000000000E+000 -6.796642995481585E-016
         220           2  0.000000000000000E+000 -9.203357004520716E-016
         221           1  0.000000000000000E+000 -6.796642995480042E-016
         221           2  0.000000000000000E+000 -9.203357004518353E-016
         222           1  0.000000000000000E+000 -6.796642995482234E-016
         222           2  0.000000000000000E+000 -9.203357004520655E-016
         223           1  0.000000000000000E+000 -6.796642995481811E-016
         223           2  0.000000000000000E+000 -9.203357004519724E-016
         224           1  0.000000000000000E+000 -6.796642995478963E-016
         224           2  0.000000000000000E+000 -9.203357004517322E-016
         225           1  0.000000000000000E+000 -6.796642995479858E-016
         225           2  0.000000000000000E+000 -9.203357004518247E-016
         226           1  0.000000000000000E+000 -6.796642995479995E-016
         226           2  0.000000000000000E+000 -9.203357004518543E-016
         227           1  0.000000000000000E+000 -6.796642995479961E-016
         227           2  0.000000000000000E+000 -9.203357004518868E-016
         228           1  0.000000000000000E+000 -6.796642995478206E-016
         228           2  0.000000000000000E+000 -9.203357004515918E-016
         229           1  0.000000000000000E+000 -6.796642995477191E-016
         229           2  0.000000000000000E+000 -9.203357004514823E-016
         230           1  0.000000000000000E+000 -6.796642995477604E-016
         230           2  0.000000000000000E+000 -9.203357004514947E-016
         231           1  0.000000000000000E+000 -6.796642995480266E-016
         231           2  0.000000000000000E+000 -9.203357004518194E-016
         232           1  0.000000000000000E+000 -6.796642995480429E-016
         232           2  0.000000000000000E+000 -9.203357004519233E-016
         233           1  0.000000000000000E+000 -6.796642995479156E-016
         233           2  0.000000000000000E+000 -9.203357004516736E-016
         234           1  0.000000000000000E+000 -6.796642995479275E-016
         234           2  0.000000000000000E+000 -9.203357004517119E-016
         235           1  0.000000000000000E+000 -6.796642995480230E-016
         235           2  0.000000000000000E+000 -9.203357004518308E-016
         236           1  0.000000000000000E+000 -6.796642995480647E-016
         236           2  0.000000000000000E+000 -9.203357004518973E-016
         237           1  0.000000000000000E+000 -6.796642995481282E-016
         237           2  0.000000000000000E+000 -9.203357004519162E-016
         238           1  0.000000000000000E+000 -6.796642995480623E-016
         238           2  0.000000000000000E+000 -9.203357004518777E-016
         239           1  0.000000000000000E+000 -6.796642995479373E-016
         239           2  0.000000000000000E+000 -9.203357004515131E-016
         240           1  0.000000000000000E+000 -6.796642995480565E-016
         240           2  0.000000000000000E+000 -9.203357004518768E-016
         241           1  0.000000000000000E+000 -6.796642995480012E-016
         241           2  0.000000000000000E+000 -9.203357004518225E-016
         242           1  0.000000000000000E+000 -6.796642995483962E-016
         242           2  0.000000000000000E+000 -9.203357004524455E-016
         243           1  0.000000000000000E+000 -6.796642995480939E-016
         243           2  0.000000000000000E+000 -9.203357004519122E-016
         244           1  0.000000000000000E+000 -6.796642995481341E-016
         244           2  0.000000000000000E+000 -9.203357004520947E-016
         245           1  0.000000000000000E+000 -6.796642995480241E-016
         245           2  0.000000000000000E+000 -9.203357004518643E-016
         246           1  0.000000000000000E+000 -6.796642995479907E-016
         246           2  0.000000000000000E+000 -9.203357004518574E-016
         247           1  0.000000000000000E+000 -6.796642995480073E-016
         247           2  0.000000000000000E+000 -9.203357004518771E-016
         248           1  0.000000000000000E+000 -6.796642995480520E-016
         248           2  0.000000000000000E+000 -9.203357004519203E-016
         249           1  0.000000000000000E+000 -6.796642995478852E-016
         249           2  0.000000000000000E+000 -9.203357004516716E-016
         250           1  0.000000000000000E+000 -6.796642995478939E-016
         250           2  0.000000000000000E+000 -9.203357004516519E-016
         251           1  0.000000000000000E+000 -6.796642995480104E-016
         251           2  0.000000000000000E+000 -9.203357004517874E-016
         252           1  0.000000000000000E+000 -6.796642995479992E-016
         252           2  0.000000000000000E+000 -9.203357004517904E-016
         253           1  0.000000000000000E+000 -6.796642995481087E-016
         253           2  0.000000000000000E+000 -9.203357004519462E-016
         254           1  0.000000000000000E+000 -6.796642995479629E-016
         254           2  0.000000000000000E+000 -9.203357004517442E-016
         255           1  0.000000000000000E+000 -6.796642995479823E-016
         255           2  0.000000000000000E+000 -9.203357004517979E-016
         256           1  0.000000000000000E+000 -6.796642995479744E-016
         256           2  0.000000000000000E+000 -9.203357004517754E-016
         257           1  0.000000000000000E+000 -6.796642995480586E-016
         257           2  0.000000000000000E+000 -9.203357004518338E-016
         258           1  0.000000000000000E+000 -6.796642995476941E-016
         258           2  0.000000000000000E+000 -9.203357004512618E-016
         259           1  0.000000000000000E+000 -6.796642995481042E-016
         259           2  0.000000000000000E+000 -9.203357004519472E-016
         260           1  0.000000000000000E+000 -6.796642995481203E-016
         260           2  0.000000000000000E+000 -9.203357004518975E-016
         261           1  0.000000000000000E+000 -6.796642995481222E-016
         261           2  0.000000000000000E+000 -9.203357004520440E-016
         262           1  0.000000000000000E+000 -6.796642995477086E-016
         262           2  0.000000000000000E+000 -9.203357004514768E-016
         263           1  0.000000000000000E+000 -6.796642995479853E-016
         263           2  0.000000000000000E+000 -9.203357004518627E-016
         264           1  0.000000000000000E+000 -6.796642995480712E-016
         264           2  0.000000000000000E+000 -9.203357004519552E-016
         265           1  0.000000000000000E+000 -6.796642995480436E-016
         265           2  0.000000000000000E+000 -9.203357004518669E-016
         266           1  0.000000000000000E+000 -6.796642995479817E-016
         266           2  0.000000000000000E+000 -9.203357004517736E-016
         267           1  0.000000000000000E+000 -6.796642995480344E-016
         267           2  0.000000000000000E+000 -9.203357004518442E-016
         268           1  0.000000000000000E+000 -6.796642995477263E-016
         268           2  0.000000000000000E+000 -9.203357004515123E-016
         269           1  0.000000000000000E+000 -6.796642995479857E-016
         269           2  0.000000000000000E+000 -9.203357004518002E-016
         270           1  0.000000000000000E+000 -6.796642995478954E-016
         270           2  0.000000000000000E+000 -9.203357004516150E-016
         271           1  0.000000000000000E+000 -6.796642995479335E-016
         271           2  0.000000000000000E+000 -9.203357004517040E-016
         272           1  0.000000000000000E+000 -6.796642995480861E-016
         272           2  0.000000000000000E+000 -9.203357004518641E-016
         273           1  0.000000000000000E+000 -6.796642995479933E-016
         273           2  0.000000000000000E+000 -9.203357004518225E-016
         274           1  0.000000000000000E+000 -6.796642995480266E-016
         274           2  0.000000000000000E+000 -9.203357004518411E-016
         275           1  0.000000000000000E+000 -6.796642995479509E-016
         275           2  0.000000000000000E+000 -9.203357004517304E-016
         276           1  0.000000000000000E+000 -6.796642995480476E-016
         276           2  0.000000000000000E+000 -9.203357004518014E-016
         277           1  0.000000000000000E+000 -6.796642995478659E-016
         277           2  0.000000000000000E+000 -9.203357004515959E-016
         278           1  0.000000000000000E+000 -6.796642995480358E-016
         278           2  0.000000000000000E+000 -9.203357004518604E-016
         279           1  0.000000000000000E+000 -6.796642995480629E-016
         279           2  0.000000000000000E+000 -9.203357004518854E-016
         280           1  0.000000000000000E+000 -6.796642995478730E-016
         280           2  0.000000000000000E+000 -9.203357004516636E-016
         281           1  0.000000000000000E+000 -6.796642995475162E-016
         281           2  0.000000000000000E+000 -9.203357004513058E-016
         282           1  0.000000000000000E+000 -6.796642995477328E-016
         282           2  0.000000000000000E+000 -9.203357004515172E-016
         283           1  0.000000000000000E+000 -6.796642995479479E-016
         283           2  0.000000000000000E+000 -9.203357004518239E-016
         284           1  0.000000000000000E+000 -6.796642995479262E-016
         284           2  0.000000000000000E+000 -9.203357004517417E-016
         285           1  0.000000000000000E+000 -6.796642995480153E-016
         285           2  0.000000000000000E+000 -9.203357004519274E-016
         286           1  0.000000000000000E+000 -6.796642995480590E-016
         286           2  0.000000000000000E+000 -9.203357004518943E-016
         287           1  0.000000000000000E+000 -6.796642995480133E-016
         287           2  0.000000000000000E+000 -9.203357004518553E-016
         288           1  0.000000000000000E+000 -6.796642995480246E-016
         288           2  0.000000000000000E+000 -9.203357004518931E-016
         289           1  0.000000000000000E+000 -6.796642995478764E-016
         289           2  0.000000000000000E+000 -9.203357004515918E-016
         290           1  0.000000000000000E+000 -6.796642995481525E-016
         290           2  0.000000000000000E+000 -9.203357004519740E-016
         291           1  0.000000000000000E+000 -6.796642995481228E-016
         291           2  0.000000000000000E+000 -9.203357004519515E-016
         292           1  0.000000000000000E+000 -6.796642995479483E-016
         292           2  0.000000000000000E+000 -9.203357004517160E-016
         293           1  0.000000000000000E+000 -6.796642995480395E-016
         293           2  0.000000000000000E+000 -9.203357004518695E-016
         294           1  0.000000000000000E+000 -6.796642995480387E-016
         294           2  0.000000000000000E+000 -9.203357004518032E-016
         295           1  0.000000000000000E+000 -6.796642995479171E-016
         295           2  0.000000000000000E+000 -9.203357004516853E-016
         296           1  0.000000000000000E+000 -6.796642995479019E-016
         296           2  0.000000000000000E+000 -9.203357004516438E-016
         297           1  0.000000000000000E+000 -6.796642995479961E-016
         297           2  0.000000000000000E+000 -9.203357004518040E-016
         298           1  0.000000000000000E+000 -6.796642995481451E-016
         298           2  0.000000000000000E+000 -9.203357004519535E-016
         299           1  0.000000000000000E+000 -6.796642995480137E-016
         299           2  0.000000000000000E+000 -9.203357004517848E-016
         300           1  0.000000000000000E+000 -6.796642995480129E-016
         300           2  0.000000000000000E+000 -9.203357004518241E-016
         301           1  0.000000000000000E+000 -6.796642995480556E-016
         301           2  0.000000000000000E+000 -9.203357004518525E-016
         302           1  0.000000000000000E+000 -6.796642995480840E-016
         302           2  0.000000000000000E+000 -9.203357004519124E-016
         303           1  0.000000000000000E+000 -6.796642995480284E-016
         303           2  0.000000000000000E+000 -9.203357004518089E-016
         304           1  0.000000000000000E+000 -6.796642995479578E-016
         304           2  0.000000000000000E+000 -9.203357004517896E-016
         305           1  0.000000000000000E+000 -6.796642995482070E-016
         305           2  0.000000000000000E+000 -9.203357004520138E-016
         306           1  0.000000000000000E+000 -6.796642995475639E-016
         306           2  0.000000000000000E+000 -9.203357004512713E-016
         307           1  0.000000000000000E+000 -6.796642995477383E-016
         307           2  0.000000000000000E+000 -9.203357004515644E-016
         308           1  0.000000000000000E+000 -6.796642995478844E-016
         308           2  0.000000000000000E+000 -9.203357004516298E-016
         309           1  0.000000000000000E+000 -6.796642995478538E-016
         309           2  0.000000000000000E+000 -9.203357004515685E-016
         310           1  0.000000000000000E+000 -6.796642995478817E-016
         310           2  0.000000000000000E+000 -9.203357004515930E-016
         311           1  0.000000000000000E+000 -6.796642995479862E-016
         311           2  0.000000000000000E+000 -9.203357004518046E-016
         312           1  0.000000000000000E+000 -6.796642995478722E-016
         312           2  0.000000000000000E+000 -9.203357004515977E-016
         313           1  0.000000000000000E+000 -6.796642995480593E-016
         313           2  0.000000000000000E+000 -9.203357004518535E-016
         314           1  0.000000000000000E+000 -6.796642995479595E-016
         314           2  0.000000000000000E+000 -9.203357004517006E-016
         315           1  0.000000000000000E+000 -6.796642995480074E-016
         315           2  0.000000000000000E+000 -9.203357004517663E-016
         316           1  0.000000000000000E+000 -6.796642995479938E-016
         316           2  0.000000000000000E+000 -9.203357004517979E-016
         317           1  0.000000000000000E+000 -6.796642995482423E-016
         317           2  0.000000000000000E+000 -9.203357004521308E-016
         318           1  0.000000000000000E+000 -6.796642995480971E-016
         318           2  0.000000000000000E+000 -9.203357004519742E-016
         319           1  0.000000000000000E+000 -6.796642995478300E-016
         319           2  0.000000000000000E+000 -9.203357004514748E-016
         320           1  0.000000000000000E+000 -6.796642995480074E-016
         320           2  0.000000000000000E+000 -9.203357004518178E-016
         321           1  0.000000000000000E+000 -6.796642995480564E-016
         321           2  0.000000000000000E+000 -9.203357004519909E-016
         322           1  0.000000000000000E+000 -6.796642995481296E-016
         322           2  0.000000000000000E+000 -9.203357004521101E-016
         323           1  0.000000000000000E+000 -6.796642995480471E-016
         323           2  0.000000000000000E+000 -9.203357004518917E-016
         324           1  0.000000000000000E+000 -6.796642995478855E-016
         324           2  0.000000000000000E+000 -9.203357004516874E-016
         325           1  0.000000000000000E+000 -6.796642995480984E-016
         325           2  0.000000000000000E+000 -9.203357004519148E-016
         326           1  0.000000000000000E+000 -6.796642995480766E-016
         326           2  0.000000000000000E+000 -9.203357004518627E-016
         327           1  0.000000000000000E+000 -6.796642995480768E-016
         327           2  0.000000000000000E+000 -9.203357004518821E-016
         328           1  0.000000000000000E+000 -6.796642995478299E-016
         328           2  0.000000000000000E+000 -9.203357004514971E-016
         329           1  0.000000000000000E+000 -6.796642995479985E-016
         329           2  0.000000000000000E+000 -9.203357004517799E-016
         330           1  0.000000000000000E+000 -6.796642995478497E-016
         330           2  0.000000000000000E+000 -9.203357004515892E-016
         331           1  0.000000000000000E+000 -6.796642995480598E-016
         331           2  0.000000000000000E+000 -9.203357004518590E-016
         332           1  0.000000000000000E+000 -6.796642995478958E-016
         332           2  0.000000000000000E+000 -9.203357004516401E-016
         333           1  0.000000000000000E+000 -6.796642995480376E-016
         333           2  0.000000000000000E+000 -9.203357004518872E-016
         334           1  0.000000000000000E+000 -6.796642995478902E-016
         334           2  0.000000000000000E+000 -9.203357004516352E-016
         335           1  0.000000000000000E+000 -6.796642995480501E-016
         335           2  0.000000000000000E+000 -9.203357004517874E-016
         336           1  0.000000000000000E+000 -6.796642995478913E-016
         336           2  0.000000000000000E+000 -9.203357004515939E-016
         337           1  0.000000000000000E+000 -6.796642995479781E-016
         337           2  0.000000000000000E+000 -9.203357004517645E-016
         338           1  0.000000000000000E+000 -6.796642995480555E-016
         338           2  0.000000000000000E+000 -9.203357004518886E-016
         339           1  0.000000000000000E+000 -6.796642995480952E-016
         339           2  0.000000000000000E+000 -9.203357004519255E-016
         340           1  0.000000000000000E+000 -6.796642995480556E-016
         340           2  0.000000000000000E+000 -9.203357004518880E-016
         341           1  0.000000000000000E+000 -6.796642995477273E-016
         341           2  0.000000000000000E+000 -9.203357004514328E-016
         342           1  0.000000000000000E+000 -6.796642995479559E-016
         342           2  0.000000000000000E+000 -9.203357004517490E-016
         343           1  0.000000000000000E+000 -6.796642995479920E-016
         343           2  0.000000000000000E+000 -9.203357004517282E-016
         344           1  0.000000000000000E+000 -6.796642995477718E-016
         344           2  0.000000000000000E+000 -9.203357004515616E-016
         345           1  0.000000000000000E+000 -6.796642995480600E-016
         345           2  0.000000000000000E+000 -9.203357004518476E-016
         346           1  0.000000000000000E+000 -6.796642995481205E-016
         346           2  0.000000000000000E+000 -9.203357004519625E-016
         347           1  0.000000000000000E+000 -6.796642995477011E-016
         347           2  0.000000000000000E+000 -9.203357004514372E-016
         348           1  0.000000000000000E+000 -6.796642995481425E-016
         348           2  0.000000000000000E+000 -9.203357004519334E-016
         349           1  0.000000000000000E+000 -6.796642995480832E-016
         349           2  0.000000000000000E+000 -9.203357004518931E-016
         350           1  0.000000000000000E+000 -6.796642995480661E-016
         350           2  0.000000000000000E+000 -9.203357004518945E-016
         351           1  0.000000000000000E+000 -6.796642995481848E-016
         351           2  0.000000000000000E+000 -9.203357004520874E-016
         352           1  0.000000000000000E+000 -6.796642995479589E-016
         352           2  0.000000000000000E+000 -9.203357004517377E-016
         353           1  0.000000000000000E+000 -6.796642995480918E-016
         353           2  0.000000000000000E+000 -9.203357004519069E-016
         354           1  0.000000000000000E+000 -6.796642995481089E-016
         354           2  0.000000000000000E+000 -9.203357004519519E-016
         355           1  0.000000000000000E+000 -6.796642995480797E-016
         355           2  0.000000000000000E+000 -9.203357004518223E-016
         356           1  0.000000000000000E+000 -6.796642995480324E-016
         356           2  0.000000000000000E+000 -9.203357004517679E-016
         357           1  0.000000000000000E+000 -6.796642995480803E-016
         357           2  0.000000000000000E+000 -9.203357004518789E-016
         358           1  0.000000000000000E+000 -6.796642995481845E-016
         358           2  0.000000000000000E+000 -9.203357004520136E-016
         359           1  0.000000000000000E+000 -6.796642995478040E-016
         359           2  0.000000000000000E+000 -9.203357004515326E-016
         360           1  0.000000000000000E+000 -6.796642995481181E-016
         360           2  0.000000000000000E+000 -9.203357004519355E-016
         361           1  0.000000000000000E+000 -6.796642995480972E-016
         361           2  0.000000000000000E+000 -9.203357004519326E-016
         362           1  0.000000000000000E+000 -6.796642995480868E-016
         362           2  0.000000000000000E+000 -9.203357004519900E-016
         363           1  0.000000000000000E+000 -6.796642995481309E-016
         363           2  0.000000000000000E+000 -9.203357004519493E-016
         364           1  0.000000000000000E+000 -6.796642995481020E-016
         364           2  0.000000000000000E+000 -9.203357004519261E-016
         365           1  0.000000000000000E+000 -6.796642995480931E-016
         365           2  0.000000000000000E+000 -9.203357004519162E-016
         366           1  0.000000000000000E+000 -6.796642995479422E-016
         366           2  0.000000000000000E+000 -9.203357004517608E-016
         367           1  0.000000000000000E+000 -6.796642995479249E-016
         367           2  0.000000000000000E+000 -9.203357004516967E-016
         368           1  0.000000000000000E+000 -6.796642995478740E-016
         368           2  0.000000000000000E+000 -9.203357004515105E-016
         369           1  0.000000000000000E+000 -6.796642995476615E-016
         369           2  0.000000000000000E+000 -9.203357004512764E-016
         370           1  0.000000000000000E+000 -6.796642995476919E-016
         370           2  0.000000000000000E+000 -9.203357004513701E-016
         371           1  0.000000000000000E+000 -6.796642995480605E-016
         371           2  0.000000000000000E+000 -9.203357004518868E-016
         372           1  0.000000000000000E+000 -6.796642995480388E-016
         372           2  0.000000000000000E+000 -9.203357004518101E-016
         373           1  0.000000000000000E+000 -6.796642995479972E-016
         373           2  0.000000000000000E+000 -9.203357004517184E-016
         374           1  0.000000000000000E+000 -6.796642995479549E-016
         374           2  0.000000000000000E+000 -9.203357004517036E-016
         375           1  0.000000000000000E+000 -6.796642995480862E-016
         375           2  0.000000000000000E+000 -9.203357004519004E-016
         376           1  0.000000000000000E+000 -6.796642995481488E-016
         376           2  0.000000000000000E+000 -9.203357004518724E-016
         377           1  0.000000000000000E+000 -6.796642995481193E-016
         377           2  0.000000000000000E+000 -9.203357004518846E-016
         378           1  0.000000000000000E+000 -6.796642995478208E-016
         378           2  0.000000000000000E+000 -9.203357004515517E-016
         379           1  0.000000000000000E+000 -6.796642995479818E-016
         379           2  0.000000000000000E+000 -9.203357004517503E-016
         380           1  0.000000000000000E+000 -6.796642995481843E-016
         380           2  0.000000000000000E+000 -9.203357004519477E-016
         381           1  0.000000000000000E+000 -6.796642995480386E-016
         381           2  0.000000000000000E+000 -9.203357004518089E-016
         382           1  0.000000000000000E+000 -6.796642995481021E-016
         382           2  0.000000000000000E+000 -9.203357004519095E-016
         383           1  0.000000000000000E+000 -6.796642995480958E-016
         383           2  0.000000000000000E+000 -9.203357004518941E-016
         384           1  0.000000000000000E+000 -6.796642995480851E-016
         384           2  0.000000000000000E+000 -9.203357004518959E-016
         385           1  0.000000000000000E+000 -6.796642995480690E-016
         385           2  0.000000000000000E+000 -9.203357004518651E-016
         386           1  0.000000000000000E+000 -6.796642995480546E-016
         386           2  0.000000000000000E+000 -9.203357004518521E-016
         387           1  0.000000000000000E+000 -6.796642995480930E-016
         387           2  0.000000000000000E+000 -9.203357004519079E-016
         388           1  0.000000000000000E+000 -6.796642995480972E-016
         388           2  0.000000000000000E+000 -9.203357004519087E-016
         389           1  0.000000000000000E+000 -6.796642995480601E-016
         389           2  0.000000000000000E+000 -9.203357004518627E-016
         390           1  0.000000000000000E+000 -6.796642995480275E-016
         390           2  0.000000000000000E+000 -9.203357004518168E-016
         391           1  0.000000000000000E+000 -6.796642995481355E-016
         391           2  0.000000000000000E+000 -9.203357004519586E-016
         392           1  0.000000000000000E+000 -6.796642995480708E-016
         392           2  0.000000000000000E+000 -9.203357004518910E-016
         393           1  0.000000000000000E+000 -6.796642995480343E-016
         393           2  0.000000000000000E+000 -9.203357004518182E-016
         394           1  0.000000000000000E+000 -6.796642995480995E-016
         394           2  0.000000000000000E+000 -9.203357004519020E-016
         395           1  0.000000000000000E+000 -6.796642995480919E-016
         395           2  0.000000000000000E+000 -9.203357004518957E-016
         396           1  0.000000000000000E+000 -6.796642995481814E-016
         396           2  0.000000000000000E+000 -9.203357004520087E-016
         397           1  0.000000000000000E+000 -6.796642995480533E-016
         397           2  0.000000000000000E+000 -9.203357004518501E-016
         398           1  0.000000000000000E+000 -6.796642995481414E-016
         398           2  0.000000000000000E+000 -9.203357004519564E-016
         399           1  0.000000000000000E+000 -6.796642995480895E-016
         399           2  0.000000000000000E+000 -9.203357004518945E-016
         400           1  0.000000000000000E+000 -6.796642995479596E-016
         400           2  0.000000000000000E+000 -9.203357004517598E-016
