           1           1  0.000000000000000E+000 -1.249999999999426E-016
           1           2  0.000000000000000E+000 -9.999999999998808E-017
           2           1  0.000000000000000E+000 -1.249999999999416E-016
           2           2  0.000000000000000E+000 -9.999999999999032E-017
           3           1  0.000000000000000E+000 -1.249999999999302E-016
           3           2  0.000000000000000E+000 -9.999999999996834E-017
           4           1  0.000000000000000E+000 -1.249999999999294E-016
           4           2  0.000000000000000E+000 -9.999999999998105E-017
           5           1  0.000000000000000E+000 -1.249999999999316E-016
           5           2  0.000000000000000E+000 -9.999999999998613E-017
           6           1  0.000000000000000E+000 -1.249999999999272E-016
           6           2  0.000000000000000E+000 -9.999999999997060E-017
           7           1  0.000000000000000E+000 -1.249999999999258E-016
           7           2  0.000000000000000E+000 -9.999999999999275E-017
           8           1  0.000000000000000E+000 -1.249999999999098E-016
           8           2  0.000000000000000E+000 -9.999999999996058E-017
           9           1  0.000000000000000E+000 -1.249999999999052E-016
           9           2  0.000000000000000E+000 -9.999999999996476E-017
          10           1  0.000000000000000E+000 -1.249999999998984E-016
          10           2  0.000000000000000E+000 -9.999999999997701E-017
          11           1  0.000000000000000E+000 -1.249999999999039E-016
          11           2  0.000000000000000E+000 -9.999999999998057E-017
          12           1  0.000000000000000E+000 -1.249999999999121E-016
          12           2  0.000000000000000E+000 -9.999999999999653E-017
          13           1  0.000000000000000E+000 -1.249999999999068E-016
          13           2  0.000000000000000E+000 -9.999999999996786E-017
          14           1  0.000000000000000E+000 -1.249999999999252E-016
          14           2  0.000000000000000E+000 -9.999999999999672E-017
          15           1  0.000000000000000E+000 -1.249999999999301E-016
          15           2  0.000000000000000E+000 -9.999999999998920E-017
          16           1  0.000000000000000E+000 -1.249999999999349E-016
          16           2  0.000000000000000E+000 -9.999999999999492E-017
          17           1  0.000000000000000E+000 -1.249999999999396E-016
          17           2  0.000000000000000E+000 -9.999999999999600E-017
          18           1  0.000000000000000E+000 -1.249999999999293E-016
          18           2  0.000000000000000E+000 -9.999999999996090E-017
          19           1  0.000000000000000E+000 -1.249999999999404E-016
          19           2  0.000000000000000E+000 -9.999999999998134E-017
          20           1  0.000000000000000E+000 -1.249999999999429E-016
          20           2  0.000000000000000E+000 -9.999999999999232E-017
          21           1  0.000000000000000E+000 -1.249999999999440E-016
          21           2  0.000000000000000E+000 -1.000000000000014E-016
          22           1  0.000000000000000E+000 -1.249999999999491E-016
          22           2  0.000000000000000E+000 -1.000000000000040E-016
          23           1  0.000000000000000E+000 -1.249999999999431E-016
          23           2  0.000000000000000E+000 -9.999999999999734E-017
          24           1  0.000000000000000E+000 -1.249999999999329E-016
          24           2  0.000000000000000E+000 -9.999999999998492E-017
          25           1  0.000000000000000E+000 -1.249999999999288E-016
          25           2  0.000000000000000E+000 -9.999999999998211E-017
          26           1  0.000000000000000E+000 -1.249999999999277E-016
          26           2  0.000000000000000E+000 -9.999999999998606E-017
          27           1  0.000000000000000E+000 -1.249999999999150E-016
          27           2  0.000000000000000E+000 -9.999999999998025E-017
          28           1  0.000000000000000E+000 -1.249999999999169E-016
          28           2  0.000000000000000E+000 -9.999999999997834E-017
          29           1  0.000000000000000E+000 -1.249999999999104E-016
          29           2  0.000000000000000E+000 -9.999999999998889E-017
          30           1  0.000000000000000E+000 -1.249999999999085E-016
          30           2  0.000000000000000E+000 -1.000000000000117E-016
          31           1  0.000000000000000E+000 -1.249999999998869E-016
          31           2  0.000000000000000E+000 -9.999999999995726E-017
          32           1  0.000000000000000E+000 -1.249999999999058E-016
          32           2  0.000000000000000E+000 -9.999999999997075E-017
          33           1  0.000000000000000E+000 -1.249999999999137E-016
          33           2  0.000000000000000E+000 -9.999999999995518E-017
          34           1  0.000000000000000E+000 -1.249999999999153E-016
          34           2  0.000000000000000E+000 -9.999999999994811E-017
          35           1  0.000000000000000E+000 -1.249999999999160E-016
          35           2  0.000000000000000E+000 -9.999999999997308E-017
          36           1  0.000000000000000E+000 -1.249999999999178E-016
          36           2  0.000000000000000E+000 -9.999999999993055E-017
          37           1  0.000000000000000E+000 -1.249999999999317E-016
          37           2  0.000000000000000E+000 -9.999999999998024E-017
          38           1  0.000000000000000E+000 -1.249999999999380E-016
          38           2  0.000000000000000E+000 -9.999999999998300E-017
          39           1  0.000000000000000E+000 -1.249999999999371E-016
          39           2  0.000000000000000E+000 -9.999999999997669E-017
          40           1  0.000000000000000E+000 -1.249999999999404E-016
          40           2  0.000000000000000E+000 -9.999999999998193E-017
          41           1  0.000000000000000E+000 -1.249999999999416E-016
          41           2  0.000000000000000E+000 -9.999999999998866E-017
          42           1  0.000000000000000E+000 -1.249999999999424E-016
          42           2  0.000000000000000E+000 -1.000000000000010E-016
          43           1  0.000000000000000E+000 -1.249999999999311E-016
          43           2  0.000000000000000E+000 -9.999999999998014E-017
          44           1  0.000000000000000E+000 -1.249999999999326E-016
          44           2  0.000000000000000E+000 -9.999999999999042E-017
          45           1  0.000000000000000E+000 -1.249999999999249E-016
          45           2  0.000000000000000E+000 -9.999999999999102E-017
          46           1  0.000000000000000E+000 -1.249999999999274E-016
          46           2  0.000000000000000E+000 -1.000000000000035E-016
          47           1  0.000000000000000E+000 -1.249999999999151E-016
          47           2  0.000000000000000E+000 -9.999999999998744E-017
          48           1  0.000000000000000E+000 -1.249999999999139E-016
          48           2  0.000000000000000E+000 -9.999999999998182E-017
          49           1  0.000000000000000E+000 -1.249999999999062E-016
          49           2  0.000000000000000E+000 -9.999999999998616E-017
          50           1  0.000000000000000E+000 -1.249999999998920E-016
          50           2  0.000000000000000E+000 -9.999999999998829E-017
          51           1  0.000000000000000E+000 -1.249999999998931E-016
          51           2  0.000000000000000E+000 -9.999999999999268E-017
          52           1  0.000000000000000E+000 -1.249999999999060E-016
          52           2  0.000000000000000E+000 -9.999999999998592E-017
          53           1  0.000000000000000E+000 -1.249999999999156E-016
          53           2  0.000000000000000E+000 -9.999999999997648E-017
          54           1  0.000000000000000E+000 -1.249999999999271E-016
          54           2  0.000000000000000E+000 -9.999999999998167E-017
          55           1  0.000000000000000E+000 -1.249999999999147E-016
          55           2  0.000000000000000E+000 -9.999999999993274E-017
          56           1  0.000000000000000E+000 -1.249999999999203E-016
          56           2  0.000000000000000E+000 -9.999999999997670E-017
          57           1  0.000000000000000E+000 -1.249999999999278E-016
          57           2  0.000000000000000E+000 -9.999999999997350E-017
          58           1  0.000000000000000E+000 -1.249999999999294E-016
          58           2  0.000000000000000E+000 -9.999999999996902E-017
          59           1  0.000000000000000E+000 -1.249999999999402E-016
          59           2  0.000000000000000E+000 -9.999999999999443E-017
          60           1  0.000000000000000E+000 -1.249999999999436E-016
          60           2  0.000000000000000E+000 -1.000000000000010E-016
          61           1  0.000000000000000E+000 -1.249999999999445E-016
          61           2  0.000000000000000E+000 -1.000000000000131E-016
          62           1  0.000000000000000E+000 -1.249999999999418E-016
          62           2  0.000000000000000E+000 -1.000000000000003E-016
          63           1  0.000000000000000E+000 -1.249999999999316E-016
          63           2  0.000000000000000E+000 -9.999999999999934E-017
          64           1  0.000000000000000E+000 -1.249999999999240E-016
          64           2  0.000000000000000E+000 -9.999999999997363E-017
          65           1  0.000000000000000E+000 -1.249999999999016E-016
          65           2  0.000000000000000E+000 -9.999999999993797E-017
          66           1  0.000000000000000E+000 -1.249999999999205E-016
          66           2  0.000000000000000E+000 -9.999999999998966E-017
          67           1  0.000000000000000E+000 -1.249999999999229E-016
          67           2  0.000000000000000E+000 -9.999999999997479E-017
          68           1  0.000000000000000E+000 -1.249999999999079E-016
          68           2  0.000000000000000E+000 -9.999999999996221E-017
          69           1  0.000000000000000E+000 -1.249999999999085E-016
          69           2  0.000000000000000E+000 -9.999999999997855E-017
          70           1  0.000000000000000E+000 -1.249999999998846E-016
          70           2  0.000000000000000E+000 -9.999999999997739E-017
          71           1  0.000000000000000E+000 -1.249999999998752E-016
          71           2  0.000000000000000E+000 -9.999999999996250E-017
          72           1  0.000000000000000E+000 -1.249999999998993E-016
          72           2  0.000000000000000E+000 -9.999999999995885E-017
          73           1  0.000000000000000E+000 -1.249999999999092E-016
          73           2  0.000000000000000E+000 -9.999999999997683E-017
          74           1  0.000000000000000E+000 -1.249999999999211E-016
          74           2  0.000000000000000E+000 -9.999999999997553E-017
          75           1  0.000000000000000E+000 -1.249999999999202E-016
          75           2  0.000000000000000E+000 -9.999999999998376E-017
          76           1  0.000000000000000E+000 -1.249999999999244E-016
          76           2  0.000000000000000E+000 -9.999999999997456E-017
          77           1  0.000000000000000E+000 -1.249999999999262E-016
          77           2  0.000000000000000E+000 -9.999999999998826E-017
          78           1  0.000000000000000E+000 -1.249999999999325E-016
          78           2  0.000000000000000E+000 -9.999999999998640E-017
          79           1  0.000000000000000E+000 -1.249999999999349E-016
          79           2  0.000000000000000E+000 -9.999999999998821E-017
          80           1  0.000000000000000E+000 -1.249999999999326E-016
          80           2  0.000000000000000E+000 -9.999999999998422E-017
          81           1  0.000000000000000E+000 -1.249999999999384E-016
          81           2  0.000000000000000E+000 -1.000000000000012E-016
          82           1  0.000000000000000E+000 -1.249999999999281E-016
          82           2  0.000000000000000E+000 -9.999999999998643E-017
          83           1  0.000000000000000E+000 -1.249999999999381E-016
          83           2  0.000000000000000E+000 -1.000000000000048E-016
          84           1  0.000000000000000E+000 -1.249999999999166E-016
          84           2  0.000000000000000E+000 -9.999999999998666E-017
          85           1  0.000000000000000E+000 -1.249999999999163E-016
          85           2  0.000000000000000E+000 -9.999999999997099E-017
          86           1  0.000000000000000E+000 -1.249999999999123E-016
          86           2  0.000000000000000E+000 -9.999999999997652E-017
          87           1  0.000000000000000E+000 -1.249999999999103E-016
          87           2  0.000000000000000E+000 -9.999999999997118E-017
          88           1  0.000000000000000E+000 -1.249999999998998E-016
          88           2  0.000000000000000E+000 -9.999999999995602E-017
          89           1  0.000000000000000E+000 -1.249999999998951E-016
          89           2  0.000000000000000E+000 -9.999999999996621E-017
          90           1  0.000000000000000E+000 -1.249999999998734E-016
          90           2  0.000000000000000E+000 -9.999999999995578E-017
          91           1  0.000000000000000E+000 -1.249999999998813E-016
          91           2  0.000000000000000E+000 -9.999999999997855E-017
          92           1  0.000000000000000E+000 -1.249999999998965E-016
          92           2  0.000000000000000E+000 -9.999999999997752E-017
          93           1  0.000000000000000E+000 -1.249999999999081E-016
          93           2  0.000000000000000E+000 -9.999999999997807E-017
          94           1  0.000000000000000E+000 -1.249999999999093E-016
          94           2  0.000000000000000E+000 -9.999999999998555E-017
          95           1  0.000000000000000E+000 -1.249999999999152E-016
          95           2  0.000000000000000E+000 -9.999999999999275E-017
          96           1  0.000000000000000E+000 -1.249999999999093E-016
          96           2  0.000000000000000E+000 -9.999999999996626E-017
          97           1  0.000000000000000E+000 -1.249999999999264E-016
          97           2  0.000000000000000E+000 -9.999999999996826E-017
          98           1  0.000000000000000E+000 -1.249999999999261E-016
          98           2  0.000000000000000E+000 -9.999999999998141E-017
          99           1  0.000000000000000E+000 -1.249999999999312E-016
          99           2  0.000000000000000E+000 -9.999999999999894E-017
         100           1  0.000000000000000E+000 -1.249999999999305E-016
         100           2  0.000000000000000E+000 -9.999999999998449E-017
         101           1  0.000000000000000E+000 -1.249999999999356E-016
         101           2  0.000000000000000E+000 -1.000000000000163E-016
         102           1  0.000000000000000E+000 -1.249999999999289E-016
         102           2  0.000000000000000E+000 -9.999999999999142E-017
         103           1  0.000000000000000E+000 -1.249999999999303E-016
         103           2  0.000000000000000E+000 -1.000000000000075E-016
         104           1  0.000000000000000E+000 -1.249999999999271E-016
         104           2  0.000000000000000E+000 -9.999999999999064E-017
         105           1  0.000000000000000E+000 -1.249999999999055E-016
         105           2  0.000000000000000E+000 -9.999999999997490E-017
         106           1  0.000000000000000E+000 -1.249999999999000E-016
         106           2  0.000000000000000E+000 -9.999999999992978E-017
         107           1  0.000000000000000E+000 -1.249999999999098E-016
         107           2  0.000000000000000E+000 -9.999999999998902E-017
         108           1  0.000000000000000E+000 -1.249999999999029E-016
         108           2  0.000000000000000E+000 -9.999999999997996E-017
         109           1  0.000000000000000E+000 -1.249999999998895E-016
         109           2  0.000000000000000E+000 -9.999999999998203E-017
         110           1  0.000000000000000E+000 -1.249999999998632E-016
         110           2  0.000000000000000E+000 -9.999999999997075E-017
         111           1  0.000000000000000E+000 -1.249999999998782E-016
         111           2  0.000000000000000E+000 -9.999999999998751E-017
         112           1  0.000000000000000E+000 -1.249999999998888E-016
         112           2  0.000000000000000E+000 -9.999999999997188E-017
         113           1  0.000000000000000E+000 -1.249999999999042E-016
         113           2  0.000000000000000E+000 -9.999999999998612E-017
         114           1  0.000000000000000E+000 -1.249999999999176E-016
         114           2  0.000000000000000E+000 -1.000000000000151E-016
         115           1  0.000000000000000E+000 -1.249999999999071E-016
         115           2  0.000000000000000E+000 -9.999999999997939E-017
         116           1  0.000000000000000E+000 -1.249999999999165E-016
         116           2  0.000000000000000E+000 -9.999999999998328E-017
         117           1  0.000000000000000E+000 -1.249999999999205E-016
         117           2  0.000000000000000E+000 -9.999999999999344E-017
         118           1  0.000000000000000E+000 -1.249999999999188E-016
         118           2  0.000000000000000E+000 -9.999999999999264E-017
         119           1  0.000000000000000E+000 -1.249999999999316E-016
         119           2  0.000000000000000E+000 -9.999999999999791E-017
         120           1  0.000000000000000E+000 -1.249999999999317E-016
         120           2  0.000000000000000E+000 -9.999999999999603E-017
         121           1  0.000000000000000E+000 -1.249999999999222E-016
         121           2  0.000000000000000E+000 -9.999999999998144E-017
         122           1  0.000000000000000E+000 -1.249999999999281E-016
         122           2  0.000000000000000E+000 -9.999999999999211E-017
         123           1  0.000000000000000E+000 -1.249999999999198E-016
         123           2  0.000000000000000E+000 -9.999999999998497E-017
         124           1  0.000000000000000E+000 -1.249999999999203E-016
         124           2  0.000000000000000E+000 -9.999999999998694E-017
         125           1  0.000000000000000E+000 -1.249999999999043E-016
         125           2  0.000000000000000E+000 -9.999999999997743E-017
         126           1  0.000000000000000E+000 -1.249999999999075E-016
         126           2  0.000000000000000E+000 -9.999999999998139E-017
         127           1  0.000000000000000E+000 -1.249999999998982E-016
         127           2  0.000000000000000E+000 -9.999999999999536E-017
         128           1  0.000000000000000E+000 -1.249999999998937E-016
         128           2  0.000000000000000E+000 -9.999999999997797E-017
         129           1  0.000000000000000E+000 -1.249999999998884E-016
         129           2  0.000000000000000E+000 -9.999999999999656E-017
         130           1  0.000000000000000E+000 -1.249999999998566E-016
         130           2  0.000000000000000E+000 -9.999999999998910E-017
         131           1  0.000000000000000E+000 -1.249999999998627E-016
         131           2  0.000000000000000E+000 -9.999999999998475E-017
         132           1  0.000000000000000E+000 -1.249999999998949E-016
         132           2  0.000000000000000E+000 -1.000000000000003E-016
         133           1  0.000000000000000E+000 -1.249999999998892E-016
         133           2  0.000000000000000E+000 -9.999999999995684E-017
         134           1  0.000000000000000E+000 -1.249999999999085E-016
         134           2  0.000000000000000E+000 -1.000000000000033E-016
         135           1  0.000000000000000E+000 -1.249999999999076E-016
         135           2  0.000000000000000E+000 -1.000000000000013E-016
         136           1  0.000000000000000E+000 -1.249999999999089E-016
         136           2  0.000000000000000E+000 -9.999999999995577E-017
         137           1  0.000000000000000E+000 -1.249999999999173E-016
         137           2  0.000000000000000E+000 -9.999999999999127E-017
         138           1  0.000000000000000E+000 -1.249999999999269E-016
         138           2  0.000000000000000E+000 -9.999999999999414E-017
         139           1  0.000000000000000E+000 -1.249999999999224E-016
         139           2  0.000000000000000E+000 -9.999999999999035E-017
         140           1  0.000000000000000E+000 -1.249999999999390E-016
         140           2  0.000000000000000E+000 -1.000000000000271E-016
         141           1  0.000000000000000E+000 -1.249999999999310E-016
         141           2  0.000000000000000E+000 -1.000000000000001E-016
         142           1  0.000000000000000E+000 -1.249999999999349E-016
         142           2  0.000000000000000E+000 -1.000000000000093E-016
         143           1  0.000000000000000E+000 -1.249999999999106E-016
         143           2  0.000000000000000E+000 -9.999999999997387E-017
         144           1  0.000000000000000E+000 -1.249999999999190E-016
         144           2  0.000000000000000E+000 -9.999999999998286E-017
         145           1  0.000000000000000E+000 -1.249999999999104E-016
         145           2  0.000000000000000E+000 -9.999999999997790E-017
         146           1  0.000000000000000E+000 -1.249999999998926E-016
         146           2  0.000000000000000E+000 -9.999999999999052E-017
         147           1  0.000000000000000E+000 -1.249999999998967E-016
         147           2  0.000000000000000E+000 -9.999999999999926E-017
         148           1  0.000000000000000E+000 -1.249999999998847E-016
         148           2  0.000000000000000E+000 -9.999999999997199E-017
         149           1  0.000000000000000E+000 -1.249999999998691E-016
         149           2  0.000000000000000E+000 -9.999999999997426E-017
         150           1  0.000000000000000E+000 -1.249999999998388E-016
         150           2  0.000000000000000E+000 -9.999999999993407E-017
         151           1  0.000000000000000E+000 -1.249999999998307E-016
         151           2  0.000000000000000E+000 -9.999999999995291E-017
         152           1  0.000000000000000E+000 -1.249999999998779E-016
         152           2  0.000000000000000E+000 -9.999999999997865E-017
         153           1  0.000000000000000E+000 -1.249999999998829E-016
         153           2  0.000000000000000E+000 -9.999999999998713E-017
         154           1  0.000000000000000E+000 -1.249999999998883E-016
         154           2  0.000000000000000E+000 -9.999999999993224E-017
         155           1  0.000000000000000E+000 -1.249999999998968E-016
         155           2  0.000000000000000E+000 -9.999999999996614E-017
         156           1  0.000000000000000E+000 -1.249999999999057E-016
         156           2  0.000000000000000E+000 -9.999999999997806E-017
         157           1  0.000000000000000E+000 -1.249999999999142E-016
         157           2  0.000000000000000E+000 -1.000000000000009E-016
         158           1  0.000000000000000E+000 -1.249999999999172E-016
         158           2  0.000000000000000E+000 -9.999999999999031E-017
         159           1  0.000000000000000E+000 -1.249999999999180E-016
         159           2  0.000000000000000E+000 -9.999999999998217E-017
         160           1  0.000000000000000E+000 -1.249999999999205E-016
         160           2  0.000000000000000E+000 -9.999999999998429E-017
         161           1  0.000000000000000E+000 -1.249999999999096E-016
         161           2  0.000000000000000E+000 -9.999999999997733E-017
         162           1  0.000000000000000E+000 -1.249999999999084E-016
         162           2  0.000000000000000E+000 -9.999999999998197E-017
         163           1  0.000000000000000E+000 -1.249999999999019E-016
         163           2  0.000000000000000E+000 -9.999999999996885E-017
         164           1  0.000000000000000E+000 -1.249999999999053E-016
         164           2  0.000000000000000E+000 -9.999999999997933E-017
         165           1  0.000000000000000E+000 -1.249999999999045E-016
         165           2  0.000000000000000E+000 -9.999999999999285E-017
         166           1  0.000000000000000E+000 -1.249999999998834E-016
         166           2  0.000000000000000E+000 -9.999999999998736E-017
         167           1  0.000000000000000E+000 -1.249999999998757E-016
         167           2  0.000000000000000E+000 -9.999999999995380E-017
         168           1  0.000000000000000E+000 -1.249999999998692E-016
         168           2  0.000000000000000E+000 -9.999999999994435E-017
         169           1  0.000000000000000E+000 -1.249999999998481E-016
         169           2  0.000000000000000E+000 -9.999999999995363E-017
         170           1  0.000000000000000E+000 -1.249999999998152E-016
         170           2  0.000000000000000E+000 -9.999999999991797E-017
         171           1  0.000000000000000E+000 -1.249999999998397E-016
         171           2  0.000000000000000E+000 -9.999999999998380E-017
         172           1  0.000000000000000E+000 -1.249999999998581E-016
         172           2  0.000000000000000E+000 -9.999999999997686E-017
         173           1  0.000000000000000E+000 -1.249999999998570E-016
         173           2  0.000000000000000E+000 -9.999999999992635E-017
         174           1  0.000000000000000E+000 -1.249999999998865E-016
         174           2  0.000000000000000E+000 -9.999999999998347E-017
         175           1  0.000000000000000E+000 -1.249999999999022E-016
         175           2  0.000000000000000E+000 -9.999999999999202E-017
         176           1  0.000000000000000E+000 -1.249999999998946E-016
         176           2  0.000000000000000E+000 -9.999999999998429E-017
         177           1  0.000000000000000E+000 -1.249999999999054E-016
         177           2  0.000000000000000E+000 -9.999999999995657E-017
         178           1  0.000000000000000E+000 -1.249999999999197E-016
         178           2  0.000000000000000E+000 -1.000000000000375E-016
         179           1  0.000000000000000E+000 -1.249999999999131E-016
         179           2  0.000000000000000E+000 -9.999999999998990E-017
         180           1  0.000000000000000E+000 -1.249999999999172E-016
         180           2  0.000000000000000E+000 -9.999999999999983E-017
         181           1  0.000000000000000E+000 -1.249999999999007E-016
         181           2  0.000000000000000E+000 -9.999999999998190E-017
         182           1  0.000000000000000E+000 -1.249999999999044E-016
         182           2  0.000000000000000E+000 -9.999999999998931E-017
         183           1  0.000000000000000E+000 -1.249999999998919E-016
         183           2  0.000000000000000E+000 -9.999999999997774E-017
         184           1  0.000000000000000E+000 -1.249999999998842E-016
         184           2  0.000000000000000E+000 -9.999999999997525E-017
         185           1  0.000000000000000E+000 -1.249999999998733E-016
         185           2  0.000000000000000E+000 -9.999999999998220E-017
         186           1  0.000000000000000E+000 -1.249999999998656E-016
         186           2  0.000000000000000E+000 -9.999999999996311E-017
         187           1  0.000000000000000E+000 -1.249999999998605E-016
         187           2  0.000000000000000E+000 -9.999999999996021E-017
         188           1  0.000000000000000E+000 -1.249999999998453E-016
         188           2  0.000000000000000E+000 -9.999999999997775E-017
         189           1  0.000000000000000E+000 -1.249999999998402E-016
         189           2  0.000000000000000E+000 -9.999999999998029E-017
         190           1  0.000000000000000E+000 -1.249999999998278E-016
         190           2  0.000000000000000E+000 -9.999999999998513E-017
         191           1  0.000000000000000E+000 -1.249999999998164E-016
         191           2  0.000000000000000E+000 -9.999999999995831E-017
         192           1  0.000000000000000E+000 -1.249999999998255E-016
         192           2  0.000000000000000E+000 -9.999999999996224E-017
         193           1  0.000000000000000E+000 -1.249999999998488E-016
         193           2  0.000000000000000E+000 -9.999999999995257E-017
         194           1  0.000000000000000E+000 -1.249999999998617E-016
         194           2  0.000000000000000E+000 -9.999999999996440E-017
         195           1  0.000000000000000E+000 -1.249999999998733E-016
         195           2  0.000000000000000E+000 -9.999999999996481E-017
         196           1  0.000000000000000E+000 -1.249999999998850E-016
         196           2  0.000000000000000E+000 -1.000000000000252E-016
         197           1  0.000000000000000E+000 -1.249999999998734E-016
         197           2  0.000000000000000E+000 -9.999999999995300E-017
         198           1  0.000000000000000E+000 -1.249999999999010E-016
         198           2  0.000000000000000E+000 -1.000000000000029E-016
         199           1  0.000000000000000E+000 -1.249999999999063E-016
         199           2  0.000000000000000E+000 -9.999999999999086E-017
         200           1  0.000000000000000E+000 -1.249999999999050E-016
         200           2  0.000000000000000E+000 -9.999999999998465E-017
         201           1  0.000000000000000E+000 -1.249999999999053E-016
         201           2  0.000000000000000E+000 -9.999999999998304E-017
         202           1  0.000000000000000E+000 -1.249999999999112E-016
         202           2  0.000000000000000E+000 -1.000000000000074E-016
         203           1  0.000000000000000E+000 -1.249999999998912E-016
         203           2  0.000000000000000E+000 -9.999999999996905E-017
         204           1  0.000000000000000E+000 -1.249999999998859E-016
         204           2  0.000000000000000E+000 -9.999999999997707E-017
         205           1  0.000000000000000E+000 -1.249999999998820E-016
         205           2  0.000000000000000E+000 -9.999999999997998E-017
         206           1  0.000000000000000E+000 -1.249999999998588E-016
         206           2  0.000000000000000E+000 -9.999999999995410E-017
         207           1  0.000000000000000E+000 -1.249999999998568E-016
         207           2  0.000000000000000E+000 -9.999999999996190E-017
         208           1  0.000000000000000E+000 -1.249999999998539E-016
         208           2  0.000000000000000E+000 -9.999999999998066E-017
         209           1  0.000000000000000E+000 -1.249999999998490E-016
         209           2  0.000000000000000E+000 -9.999999999999662E-017
         210           1  0.000000000000000E+000 -1.249999999998078E-016
         210           2  0.000000000000000E+000 -9.999999999995802E-017
         211           1  0.000000000000000E+000 -1.249999999998026E-016
         211           2  0.000000000000000E+000 -9.999999999996120E-017
         212           1  0.000000000000000E+000 -1.249999999998183E-016
         212           2  0.000000000000000E+000 -9.999999999995771E-017
         213           1  0.000000000000000E+000 -1.249999999998491E-016
         213           2  0.000000000000000E+000 -9.999999999998268E-017
         214           1  0.000000000000000E+000 -1.249999999998576E-016
         214           2  0.000000000000000E+000 -9.999999999996026E-017
         215           1  0.000000000000000E+000 -1.249999999998676E-016
         215           2  0.000000000000000E+000 -9.999999999997636E-017
         216           1  0.000000000000000E+000 -1.249999999998696E-016
         216           2  0.000000000000000E+000 -9.999999999996777E-017
         217           1  0.000000000000000E+000 -1.249999999998917E-016
         217           2  0.000000000000000E+000 -9.999999999999181E-017
         218           1  0.000000000000000E+000 -1.249999999998922E-016
         218           2  0.000000000000000E+000 -9.999999999998797E-017
         219           1  0.000000000000000E+000 -1.249999999998962E-016
         219           2  0.000000000000000E+000 -9.999999999996942E-017
         220           1  0.000000000000000E+000 -1.249999999999070E-016
         220           2  0.000000000000000E+000 -9.999999999997551E-017
         221           1  0.000000000000000E+000 -1.249999999999202E-016
         221           2  0.000000000000000E+000 -9.999999999999063E-017
         222           1  0.000000000000000E+000 -1.249999999999132E-016
         222           2  0.000000000000000E+000 -9.999999999998749E-017
         223           1  0.000000000000000E+000 -1.249999999999098E-016
         223           2  0.000000000000000E+000 -9.999999999996614E-017
         224           1  0.000000000000000E+000 -1.249999999999005E-016
         224           2  0.000000000000000E+000 -9.999999999996482E-017
         225           1  0.000000000000000E+000 -1.249999999999064E-016
         225           2  0.000000000000000E+000 -9.999999999998656E-017
         226           1  0.000000000000000E+000 -1.249999999998859E-016
         226           2  0.000000000000000E+000 -9.999999999997964E-017
         227           1  0.000000000000000E+000 -1.249999999998761E-016
         227           2  0.000000000000000E+000 -9.999999999995631E-017
         228           1  0.000000000000000E+000 -1.249999999998697E-016
         228           2  0.000000000000000E+000 -9.999999999997982E-017
         229           1  0.000000000000000E+000 -1.249999999998584E-016
         229           2  0.000000000000000E+000 -9.999999999996143E-017
         230           1  0.000000000000000E+000 -1.249999999998303E-016
         230           2  0.000000000000000E+000 -9.999999999996139E-017
         231           1  0.000000000000000E+000 -1.249999999998373E-016
         231           2  0.000000000000000E+000 -9.999999999996679E-017
         232           1  0.000000000000000E+000 -1.249999999998514E-016
         232           2  0.000000000000000E+000 -9.999999999997813E-017
         233           1  0.000000000000000E+000 -1.249999999998720E-016
         233           2  0.000000000000000E+000 -9.999999999996530E-017
         234           1  0.000000000000000E+000 -1.249999999998768E-016
         234           2  0.000000000000000E+000 -9.999999999995829E-017
         235           1  0.000000000000000E+000 -1.249999999998906E-016
         235           2  0.000000000000000E+000 -9.999999999995986E-017
         236           1  0.000000000000000E+000 -1.249999999999080E-016
         236           2  0.000000000000000E+000 -9.999999999998812E-017
         237           1  0.000000000000000E+000 -1.249999999999104E-016
         237           2  0.000000000000000E+000 -9.999999999999062E-017
         238           1  0.000000000000000E+000 -1.249999999999060E-016
         238           2  0.000000000000000E+000 -9.999999999997718E-017
         239           1  0.000000000000000E+000 -1.249999999999149E-016
         239           2  0.000000000000000E+000 -9.999999999999106E-017
         240           1  0.000000000000000E+000 -1.249999999999182E-016
         240           2  0.000000000000000E+000 -9.999999999998667E-017
         241           1  0.000000000000000E+000 -1.249999999999313E-016
         241           2  0.000000000000000E+000 -9.999999999999111E-017
         242           1  0.000000000000000E+000 -1.249999999999199E-016
         242           2  0.000000000000000E+000 -9.999999999998639E-017
         243           1  0.000000000000000E+000 -1.249999999999140E-016
         243           2  0.000000000000000E+000 -9.999999999998617E-017
         244           1  0.000000000000000E+000 -1.249999999999038E-016
         244           2  0.000000000000000E+000 -9.999999999997446E-017
         245           1  0.000000000000000E+000 -1.249999999999052E-016
         245           2  0.000000000000000E+000 -9.999999999998850E-017
         246           1  0.000000000000000E+000 -1.249999999999146E-016
         246           2  0.000000000000000E+000 -9.999999999999838E-017
         247           1  0.000000000000000E+000 -1.249999999999024E-016
         247           2  0.000000000000000E+000 -1.000000000000095E-016
         248           1  0.000000000000000E+000 -1.249999999998934E-016
         248           2  0.000000000000000E+000 -9.999999999998320E-017
         249           1  0.000000000000000E+000 -1.249999999998652E-016
         249           2  0.000000000000000E+000 -9.999999999994976E-017
         250           1  0.000000000000000E+000 -1.249999999998417E-016
         250           2  0.000000000000000E+000 -9.999999999997737E-017
         251           1  0.000000000000000E+000 -1.249999999998515E-016
         251           2  0.000000000000000E+000 -9.999999999999761E-017
         252           1  0.000000000000000E+000 -1.249999999998748E-016
         252           2  0.000000000000000E+000 -9.999999999999407E-017
         253           1  0.000000000000000E+000 -1.249999999998812E-016
         253           2  0.000000000000000E+000 -9.999999999995180E-017
         254           1  0.000000000000000E+000 -1.249999999998990E-016
         254           2  0.000000000000000E+000 -9.999999999997660E-017
         255           1  0.000000000000000E+000 -1.249999999998884E-016
         255           2  0.000000000000000E+000 -9.999999999995290E-017
         256           1  0.000000000000000E+000 -1.249999999999105E-016
         256           2  0.000000000000000E+000 -9.999999999997878E-017
         257           1  0.000000000000000E+000 -1.249999999999149E-016
         257           2  0.000000000000000E+000 -9.999999999999001E-017
         258           1  0.000000000000000E+000 -1.249999999999131E-016
         258           2  0.000000000000000E+000 -9.999999999998010E-017
         259           1  0.000000000000000E+000 -1.249999999999178E-016
         259           2  0.000000000000000E+000 -9.999999999998698E-017
         260           1  0.000000000000000E+000 -1.249999999999229E-016
         260           2  0.000000000000000E+000 -9.999999999998799E-017
         261           1  0.000000000000000E+000 -1.249999999999135E-016
         261           2  0.000000000000000E+000 -9.999999999994839E-017
         262           1  0.000000000000000E+000 -1.249999999999057E-016
         262           2  0.000000000000000E+000 -9.999999999995733E-017
         263           1  0.000000000000000E+000 -1.249999999999264E-016
         263           2  0.000000000000000E+000 -9.999999999998868E-017
         264           1  0.000000000000000E+000 -1.249999999999067E-016
         264           2  0.000000000000000E+000 -9.999999999997553E-017
         265           1  0.000000000000000E+000 -1.249999999999077E-016
         265           2  0.000000000000000E+000 -9.999999999996825E-017
         266           1  0.000000000000000E+000 -1.249999999999086E-016
         266           2  0.000000000000000E+000 -9.999999999998513E-017
         267           1  0.000000000000000E+000 -1.249999999999024E-016
         267           2  0.000000000000000E+000 -9.999999999998319E-017
         268           1  0.000000000000000E+000 -1.249999999998878E-016
         268           2  0.000000000000000E+000 -9.999999999997045E-017
         269           1  0.000000000000000E+000 -1.249999999998750E-016
         269           2  0.000000000000000E+000 -9.999999999996466E-017
         270           1  0.000000000000000E+000 -1.249999999998583E-016
         270           2  0.000000000000000E+000 -9.999999999996864E-017
         271           1  0.000000000000000E+000 -1.249999999998692E-016
         271           2  0.000000000000000E+000 -1.000000000000060E-016
         272           1  0.000000000000000E+000 -1.249999999998741E-016
         272           2  0.000000000000000E+000 -9.999999999995677E-017
         273           1  0.000000000000000E+000 -1.249999999998793E-016
         273           2  0.000000000000000E+000 -9.999999999993924E-017
         274           1  0.000000000000000E+000 -1.249999999998985E-016
         274           2  0.000000000000000E+000 -9.999999999995784E-017
         275           1  0.000000000000000E+000 -1.249999999999029E-016
         275           2  0.000000000000000E+000 -9.999999999996479E-017
         276           1  0.000000000000000E+000 -1.249999999999160E-016
         276           2  0.000000000000000E+000 -9.999999999999030E-017
         277           1  0.000000000000000E+000 -1.249999999999139E-016
         277           2  0.000000000000000E+000 -9.999999999999200E-017
         278           1  0.000000000000000E+000 -1.249999999999274E-016
         278           2  0.000000000000000E+000 -9.999999999999220E-017
         279           1  0.000000000000000E+000 -1.249999999999236E-016
         279           2  0.000000000000000E+000 -9.999999999998603E-017
         280           1  0.000000000000000E+000 -1.249999999999301E-016
         280           2  0.000000000000000E+000 -9.999999999999762E-017
         281           1  0.000000000000000E+000 -1.249999999999208E-016
         281           2  0.000000000000000E+000 -9.999999999996651E-017
         282           1  0.000000000000000E+000 -1.249999999999223E-016
         282           2  0.000000000000000E+000 -9.999999999998298E-017
         283           1  0.000000000000000E+000 -1.249999999999097E-016
         283           2  0.000000000000000E+000 -9.999999999995619E-017
         284           1  0.000000000000000E+000 -1.249999999999217E-016
         284           2  0.000000000000000E+000 -9.999999999999848E-017
         285           1  0.000000000000000E+000 -1.249999999999107E-016
         285           2  0.000000000000000E+000 -9.999999999997118E-017
         286           1  0.000000000000000E+000 -1.249999999999125E-016
         286           2  0.000000000000000E+000 -9.999999999998405E-017
         287           1  0.000000000000000E+000 -1.249999999999007E-016
         287           2  0.000000000000000E+000 -9.999999999997968E-017
         288           1  0.000000000000000E+000 -1.249999999998992E-016
         288           2  0.000000000000000E+000 -9.999999999997466E-017
         289           1  0.000000000000000E+000 -1.249999999998896E-016
         289           2  0.000000000000000E+000 -9.999999999998646E-017
         290           1  0.000000000000000E+000 -1.249999999998634E-016
         290           2  0.000000000000000E+000 -9.999999999996953E-017
         291           1  0.000000000000000E+000 -1.249999999998598E-016
         291           2  0.000000000000000E+000 -9.999999999996224E-017
         292           1  0.000000000000000E+000 -1.249999999998826E-016
         292           2  0.000000000000000E+000 -9.999999999995371E-017
         293           1  0.000000000000000E+000 -1.249999999999085E-016
         293           2  0.000000000000000E+000 -9.999999999998665E-017
         294           1  0.000000000000000E+000 -1.249999999999065E-016
         294           2  0.000000000000000E+000 -9.999999999997631E-017
         295           1  0.000000000000000E+000 -1.249999999999074E-016
         295           2  0.000000000000000E+000 -9.999999999997098E-017
         296           1  0.000000000000000E+000 -1.249999999999156E-016
         296           2  0.000000000000000E+000 -9.999999999997944E-017
         297           1  0.000000000000000E+000 -1.249999999999218E-016
         297           2  0.000000000000000E+000 -9.999999999998273E-017
         298           1  0.000000000000000E+000 -1.249999999999051E-016
         298           2  0.000000000000000E+000 -9.999999999992524E-017
         299           1  0.000000000000000E+000 -1.249999999999307E-016
         299           2  0.000000000000000E+000 -9.999999999998189E-017
         300           1  0.000000000000000E+000 -1.249999999999186E-016
         300           2  0.000000000000000E+000 -9.999999999994483E-017
         301           1  0.000000000000000E+000 -1.249999999999373E-016
         301           2  0.000000000000000E+000 -9.999999999999504E-017
         302           1  0.000000000000000E+000 -1.249999999999316E-016
         302           2  0.000000000000000E+000 -1.000000000000021E-016
         303           1  0.000000000000000E+000 -1.249999999999232E-016
         303           2  0.000000000000000E+000 -9.999999999998476E-017
         304           1  0.000000000000000E+000 -1.249999999999133E-016
         304           2  0.000000000000000E+000 -9.999999999997664E-017
         305           1  0.000000000000000E+000 -1.249999999999175E-016
         305           2  0.000000000000000E+000 -9.999999999997800E-017
         306           1  0.000000000000000E+000 -1.249999999999194E-016
         306           2  0.000000000000000E+000 -9.999999999998458E-017
         307           1  0.000000000000000E+000 -1.249999999999041E-016
         307           2  0.000000000000000E+000 -9.999999999996037E-017
         308           1  0.000000000000000E+000 -1.249999999998915E-016
         308           2  0.000000000000000E+000 -9.999999999991752E-017
         309           1  0.000000000000000E+000 -1.249999999998942E-016
         309           2  0.000000000000000E+000 -9.999999999997007E-017
         310           1  0.000000000000000E+000 -1.249999999998725E-016
         310           2  0.000000000000000E+000 -9.999999999997892E-017
         311           1  0.000000000000000E+000 -1.249999999998627E-016
         311           2  0.000000000000000E+000 -9.999999999995466E-017
         312           1  0.000000000000000E+000 -1.249999999998892E-016
         312           2  0.000000000000000E+000 -9.999999999998177E-017
         313           1  0.000000000000000E+000 -1.249999999999077E-016
         313           2  0.000000000000000E+000 -9.999999999998547E-017
         314           1  0.000000000000000E+000 -1.249999999999021E-016
         314           2  0.000000000000000E+000 -9.999999999997748E-017
         315           1  0.000000000000000E+000 -1.249999999999198E-016
         315           2  0.000000000000000E+000 -9.999999999998537E-017
         316           1  0.000000000000000E+000 -1.249999999999291E-016
         316           2  0.000000000000000E+000 -9.999999999998916E-017
         317           1  0.000000000000000E+000 -1.249999999999282E-016
         317           2  0.000000000000000E+000 -1.000000000000004E-016
         318           1  0.000000000000000E+000 -1.249999999999291E-016
         318           2  0.000000000000000E+000 -9.999999999998462E-017
         319           1  0.000000000000000E+000 -1.249999999999264E-016
         319           2  0.000000000000000E+000 -9.999999999998665E-017
         320           1  0.000000000000000E+000 -1.249999999999334E-016
         320           2  0.000000000000000E+000 -9.999999999998289E-017
         321           1  0.000000000000000E+000 -1.249999999999312E-016
         321           2  0.000000000000000E+000 -9.999999999998877E-017
         322           1  0.000000000000000E+000 -1.249999999999360E-016
         322           2  0.000000000000000E+000 -9.999999999999284E-017
         323           1  0.000000000000000E+000 -1.249999999999306E-016
         323           2  0.000000000000000E+000 -9.999999999999025E-017
         324           1  0.000000000000000E+000 -1.249999999999165E-016
         324           2  0.000000000000000E+000 -9.999999999996481E-017
         325           1  0.000000000000000E+000 -1.249999999999256E-016
         325           2  0.000000000000000E+000 -9.999999999999429E-017
         326           1  0.000000000000000E+000 -1.249999999999059E-016
         326           2  0.000000000000000E+000 -9.999999999995400E-017
         327           1  0.000000000000000E+000 -1.249999999999109E-016
         327           2  0.000000000000000E+000 -9.999999999997419E-017
         328           1  0.000000000000000E+000 -1.249999999998994E-016
         328           2  0.000000000000000E+000 -9.999999999994750E-017
         329           1  0.000000000000000E+000 -1.249999999999062E-016
         329           2  0.000000000000000E+000 -9.999999999999291E-017
         330           1  0.000000000000000E+000 -1.249999999998766E-016
         330           2  0.000000000000000E+000 -9.999999999999176E-017
         331           1  0.000000000000000E+000 -1.249999999998861E-016
         331           2  0.000000000000000E+000 -9.999999999999355E-017
         332           1  0.000000000000000E+000 -1.249999999998990E-016
         332           2  0.000000000000000E+000 -9.999999999996304E-017
         333           1  0.000000000000000E+000 -1.249999999999006E-016
         333           2  0.000000000000000E+000 -9.999999999996486E-017
         334           1  0.000000000000000E+000 -1.249999999999138E-016
         334           2  0.000000000000000E+000 -9.999999999997711E-017
         335           1  0.000000000000000E+000 -1.249999999999191E-016
         335           2  0.000000000000000E+000 -9.999999999998274E-017
         336           1  0.000000000000000E+000 -1.249999999999175E-016
         336           2  0.000000000000000E+000 -9.999999999997496E-017
         337           1  0.000000000000000E+000 -1.249999999999265E-016
         337           2  0.000000000000000E+000 -9.999999999999031E-017
         338           1  0.000000000000000E+000 -1.249999999999305E-016
         338           2  0.000000000000000E+000 -9.999999999998627E-017
         339           1  0.000000000000000E+000 -1.249999999999345E-016
         339           2  0.000000000000000E+000 -9.999999999999289E-017
         340           1  0.000000000000000E+000 -1.249999999999392E-016
         340           2  0.000000000000000E+000 -1.000000000000071E-016
         341           1  0.000000000000000E+000 -1.249999999999415E-016
         341           2  0.000000000000000E+000 -9.999999999998906E-017
         342           1  0.000000000000000E+000 -1.249999999999392E-016
         342           2  0.000000000000000E+000 -9.999999999998645E-017
         343           1  0.000000000000000E+000 -1.249999999999451E-016
         343           2  0.000000000000000E+000 -1.000000000000059E-016
         344           1  0.000000000000000E+000 -1.249999999999232E-016
         344           2  0.000000000000000E+000 -9.999999999997602E-017
         345           1  0.000000000000000E+000 -1.249999999999297E-016
         345           2  0.000000000000000E+000 -9.999999999998527E-017
         346           1  0.000000000000000E+000 -1.249999999999128E-016
         346           2  0.000000000000000E+000 -9.999999999996436E-017
         347           1  0.000000000000000E+000 -1.249999999999101E-016
         347           2  0.000000000000000E+000 -9.999999999997781E-017
         348           1  0.000000000000000E+000 -1.249999999999151E-016
         348           2  0.000000000000000E+000 -9.999999999998627E-017
         349           1  0.000000000000000E+000 -1.249999999999037E-016
         349           2  0.000000000000000E+000 -9.999999999999062E-017
         350           1  0.000000000000000E+000 -1.249999999998885E-016
         350           2  0.000000000000000E+000 -9.999999999999861E-017
         351           1  0.000000000000000E+000 -1.249999999998954E-016
         351           2  0.000000000000000E+000 -9.999999999997920E-017
         352           1  0.000000000000000E+000 -1.249999999999047E-016
         352           2  0.000000000000000E+000 -9.999999999995943E-017
         353           1  0.000000000000000E+000 -1.249999999999122E-016
         353           2  0.000000000000000E+000 -9.999999999996207E-017
         354           1  0.000000000000000E+000 -1.249999999999090E-016
         354           2  0.000000000000000E+000 -9.999999999996508E-017
         355           1  0.000000000000000E+000 -1.249999999999184E-016
         355           2  0.000000000000000E+000 -9.999999999997856E-017
         356           1  0.000000000000000E+000 -1.249999999999289E-016
         356           2  0.000000000000000E+000 -9.999999999998623E-017
         357           1  0.000000000000000E+000 -1.249999999999306E-016
         357           2  0.000000000000000E+000 -9.999999999998537E-017
         358           1  0.000000000000000E+000 -1.249999999999406E-016
         358           2  0.000000000000000E+000 -9.999999999999176E-017
         359           1  0.000000000000000E+000 -1.249999999999403E-016
         359           2  0.000000000000000E+000 -9.999999999999181E-017
         360           1  0.000000000000000E+000 -1.249999999999427E-016
         360           2  0.000000000000000E+000 -9.999999999999761E-017
         361           1  0.000000000000000E+000 -1.249999999999408E-016
         361           2  0.000000000000000E+000 -9.999999999997585E-017
         362           1  0.000000000000000E+000 -1.249999999999438E-016
         362           2  0.000000000000000E+000 -9.999999999998709E-017
         363           1  0.000000000000000E+000 -1.249999999999346E-016
         363           2  0.000000000000000E+000 -9.999999999999040E-017
         364           1  0.000000000000000E+000 -1.249999999999308E-016
         364           2  0.000000000000000E+000 -9.999999999998846E-017
         365           1  0.000000000000000E+000 -1.249999999999123E-016
         365           2  0.000000000000000E+000 -9.999999999997185E-017
         366           1  0.000000000000000E+000 -1.249999999999232E-016
         366           2  0.000000000000000E+000 -9.999999999997505E-017
         367           1  0.000000000000000E+000 -1.249999999999203E-016
         367           2  0.000000000000000E+000 -9.999999999996450E-017
         368           1  0.000000000000000E+000 -1.249999999999128E-016
         368           2  0.000000000000000E+000 -9.999999999998447E-017
         369           1  0.000000000000000E+000 -1.249999999999127E-016
         369           2  0.000000000000000E+000 -9.999999999998439E-017
         370           1  0.000000000000000E+000 -1.249999999998991E-016
         370           2  0.000000000000000E+000 -9.999999999999702E-017
         371           1  0.000000000000000E+000 -1.249999999998938E-016
         371           2  0.000000000000000E+000 -9.999999999998839E-017
         372           1  0.000000000000000E+000 -1.249999999999079E-016
         372           2  0.000000000000000E+000 -9.999999999998051E-017
         373           1  0.000000000000000E+000 -1.249999999999141E-016
         373           2  0.000000000000000E+000 -9.999999999996862E-017
         374           1  0.000000000000000E+000 -1.249999999999221E-016
         374           2  0.000000000000000E+000 -9.999999999998045E-017
         375           1  0.000000000000000E+000 -1.249999999999250E-016
         375           2  0.000000000000000E+000 -9.999999999998285E-017
         376           1  0.000000000000000E+000 -1.249999999999364E-016
         376           2  0.000000000000000E+000 -1.000000000000072E-016
         377           1  0.000000000000000E+000 -1.249999999999348E-016
         377           2  0.000000000000000E+000 -9.999999999998929E-017
         378           1  0.000000000000000E+000 -1.249999999999425E-016
         378           2  0.000000000000000E+000 -1.000000000000054E-016
         379           1  0.000000000000000E+000 -1.249999999999380E-016
         379           2  0.000000000000000E+000 -9.999999999997998E-017
         380           1  0.000000000000000E+000 -1.249999999999389E-016
         380           2  0.000000000000000E+000 -9.999999999997713E-017
         381           1  0.000000000000000E+000 -1.249999999999416E-016
         381           2  0.000000000000000E+000 -9.999999999997511E-017
         382           1  0.000000000000000E+000 -1.249999999999367E-016
         382           2  0.000000000000000E+000 -9.999999999998571E-017
         383           1  0.000000000000000E+000 -1.249999999999395E-016
         383           2  0.000000000000000E+000 -9.999999999998344E-017
         384           1  0.000000000000000E+000 -1.249999999999350E-016
         384           2  0.000000000000000E+000 -9.999999999999478E-017
         385           1  0.000000000000000E+000 -1.249999999999317E-016
         385           2  0.000000000000000E+000 -9.999999999998842E-017
         386           1  0.000000000000000E+000 -1.249999999999235E-016
         386           2  0.000000000000000E+000 -9.999999999996992E-017
         387           1  0.000000000000000E+000 -1.249999999999195E-016
         387           2  0.000000000000000E+000 -9.999999999998427E-017
         388           1  0.000000000000000E+000 -1.249999999999227E-016
         388           2  0.000000000000000E+000 -9.999999999999487E-017
         389           1  0.000000000000000E+000 -1.249999999999149E-016
         389           2  0.000000000000000E+000 -9.999999999997600E-017
         390           1  0.000000000000000E+000 -1.249999999999053E-016
         390           2  0.000000000000000E+000 -9.999999999999427E-017
         391           1  0.000000000000000E+000 -1.249999999998957E-016
         391           2  0.000000000000000E+000 -9.999999999998385E-017
         392           1  0.000000000000000E+000 -1.249999999999214E-016
         392           2  0.000000000000000E+000 -1.000000000000087E-016
         393           1  0.000000000000000E+000 -1.249999999999161E-016
         393           2  0.000000000000000E+000 -9.999999999996170E-017
         394           1  0.000000000000000E+000 -1.249999999999175E-016
         394           2  0.000000000000000E+000 -9.999999999995397E-017
         395           1  0.000000000000000E+000 -1.249999999999338E-016
         395           2  0.000000000000000E+000 -9.999999999997807E-017
         396           1  0.000000000000000E+000 -1.249999999999438E-016
         396           2  0.000000000000000E+000 -9.999999999999964E-017
         397           1  0.000000000000000E+000 -1.249999999999401E-016
         397           2  0.000000000000000E+000 -9.999999999998336E-017
         398           1  0.000000000000000E+000 -1.249999999999415E-016
         398           2  0.000000000000000E+000 -9.999999999998943E-017
         399           1  0.000000000000000E+000 -1.249999999999486E-016
         399           2  0.000000000000000E+000 -1.000000000000032E-016
         400           1  0.000000000000000E+000 -1.249999999999442E-016
         400           2  0.000000000000000E+000 -9.999999999997021E-017
