           1           1  0.000000000000000E+000 -1.523437499999836E-017
           1           2  0.000000000000000E+000 -9.765625000000955E-018
           2           1  0.000000000000000E+000 -1.523437500000312E-017
           2           2  0.000000000000000E+000 -9.765625000003123E-018
           3           1  0.000000000000000E+000 -1.523437500000369E-017
           3           2  0.000000000000000E+000 -9.765625000003305E-018
           4           1  0.000000000000000E+000 -1.523437500000216E-017
           4           2  0.000000000000000E+000 -9.765625000001793E-018
           5           1  0.000000000000000E+000 -1.523437499999948E-017
           5           2  0.000000000000000E+000 -9.765624999999265E-018
           6           1  0.000000000000000E+000 -1.523437499999915E-017
           6           2  0.000000000000000E+000 -9.765624999999304E-018
           7           1  0.000000000000000E+000 -1.523437499999743E-017
           7           2  0.000000000000000E+000 -9.765624999998589E-018
           8           1  0.000000000000000E+000 -1.523437499999830E-017
           8           2  0.000000000000000E+000 -9.765624999997464E-018
           9           1  0.000000000000000E+000 -1.523437500000081E-017
           9           2  0.000000000000000E+000 -9.765624999999513E-018
          10           1  0.000000000000000E+000 -1.523437500000148E-017
          10           2  0.000000000000000E+000 -9.765625000000117E-018
          11           1  0.000000000000000E+000 -1.523437500000513E-017
          11           2  0.000000000000000E+000 -9.765625000002154E-018
          12           1  0.000000000000000E+000 -1.523437500000109E-017
          12           2  0.000000000000000E+000 -9.765625000000439E-018
          13           1  0.000000000000000E+000 -1.523437500000374E-017
          13           2  0.000000000000000E+000 -9.765625000002300E-018
          14           1  0.000000000000000E+000 -1.523437500000034E-017
          14           2  0.000000000000000E+000 -9.765624999999529E-018
          15           1  0.000000000000000E+000 -1.523437499999972E-017
          15           2  0.000000000000000E+000 -9.765624999999675E-018
          16           1  0.000000000000000E+000 -1.523437499999689E-017
          16           2  0.000000000000000E+000 -9.765624999998076E-018
          17           1  0.000000000000000E+000 -1.523437499999977E-017
          17           2  0.000000000000000E+000 -9.765624999999512E-018
          18           1  0.000000000000000E+000 -1.523437499999892E-017
          18           2  0.000000000000000E+000 -9.765624999998760E-018
          19           1  0.000000000000000E+000 -1.523437500000178E-017
          19           2  0.000000000000000E+000 -9.765625000001642E-018
          20           1  0.000000000000000E+000 -1.523437500000191E-017
          20           2  0.000000000000000E+000 -9.765625000001468E-018
          21           1  0.000000000000000E+000 -1.523437500000245E-017
          21           2  0.000000000000000E+000 -9.765625000002032E-018
          22           1  0.000000000000000E+000 -1.523437500000215E-017
          22           2  0.000000000000000E+000 -9.765625000000790E-018
          23           1  0.000000000000000E+000 -1.523437499999645E-017
          23           2  0.000000000000000E+000 -9.765624999999624E-018
          24           1  0.000000000000000E+000 -1.523437499999790E-017
          24           2  0.000000000000000E+000 -9.765624999999696E-018
          25           1  0.000000000000000E+000 -1.523437499999751E-017
          25           2  0.000000000000000E+000 -9.765625000000216E-018
          26           1  0.000000000000000E+000 -1.523437500000000E-017
          26           2  0.000000000000000E+000 -9.765624999999924E-018
          27           1  0.000000000000000E+000 -1.523437500000330E-017
          27           2  0.000000000000000E+000 -9.765625000002704E-018
          28           1  0.000000000000000E+000 -1.523437500000379E-017
          28           2  0.000000000000000E+000 -9.765625000002570E-018
          29           1  0.000000000000000E+000 -1.523437500000256E-017
          29           2  0.000000000000000E+000 -9.765625000000663E-018
          30           1  0.000000000000000E+000 -1.523437500000034E-017
          30           2  0.000000000000000E+000 -9.765624999999578E-018
          31           1  0.000000000000000E+000 -1.523437500000069E-017
          31           2  0.000000000000000E+000 -9.765625000000507E-018
          32           1  0.000000000000000E+000 -1.523437499999875E-017
          32           2  0.000000000000000E+000 -9.765624999999034E-018
          33           1  0.000000000000000E+000 -1.523437499999898E-017
          33           2  0.000000000000000E+000 -9.765624999998495E-018
          34           1  0.000000000000000E+000 -1.523437499999838E-017
          34           2  0.000000000000000E+000 -9.765624999998606E-018
          35           1  0.000000000000000E+000 -1.523437500000369E-017
          35           2  0.000000000000000E+000 -9.765625000001872E-018
          36           1  0.000000000000000E+000 -1.523437500000425E-017
          36           2  0.000000000000000E+000 -9.765625000002214E-018
          37           1  0.000000000000000E+000 -1.523437500000215E-017
          37           2  0.000000000000000E+000 -9.765625000001804E-018
          38           1  0.000000000000000E+000 -1.523437500000285E-017
          38           2  0.000000000000000E+000 -9.765625000002236E-018
          39           1  0.000000000000000E+000 -1.523437500000011E-017
          39           2  0.000000000000000E+000 -9.765624999999852E-018
          40           1  0.000000000000000E+000 -1.523437499999829E-017
          40           2  0.000000000000000E+000 -9.765624999998823E-018
          41           1  0.000000000000000E+000 -1.523437499999715E-017
          41           2  0.000000000000000E+000 -9.765624999998824E-018
          42           1  0.000000000000000E+000 -1.523437499999764E-017
          42           2  0.000000000000000E+000 -9.765624999999123E-018
          43           1  0.000000000000000E+000 -1.523437500000139E-017
          43           2  0.000000000000000E+000 -9.765625000001035E-018
          44           1  0.000000000000000E+000 -1.523437500000226E-017
          44           2  0.000000000000000E+000 -9.765625000001262E-018
          45           1  0.000000000000000E+000 -1.523437500000116E-017
          45           2  0.000000000000000E+000 -9.765625000000960E-018
          46           1  0.000000000000000E+000 -1.523437500000272E-017
          46           2  0.000000000000000E+000 -9.765625000002336E-018
          47           1  0.000000000000000E+000 -1.523437500000151E-017
          47           2  0.000000000000000E+000 -9.765625000001168E-018
          48           1  0.000000000000000E+000 -1.523437499999727E-017
          48           2  0.000000000000000E+000 -9.765624999999570E-018
          49           1  0.000000000000000E+000 -1.523437499999980E-017
          49           2  0.000000000000000E+000 -9.765625000000732E-018
          50           1  0.000000000000000E+000 -1.523437500000009E-017
          50           2  0.000000000000000E+000 -9.765625000001327E-018
          51           1  0.000000000000000E+000 -1.523437500000019E-017
          51           2  0.000000000000000E+000 -9.765624999999827E-018
          52           1  0.000000000000000E+000 -1.523437500000158E-017
          52           2  0.000000000000000E+000 -9.765625000001747E-018
          53           1  0.000000000000000E+000 -1.523437500000141E-017
          53           2  0.000000000000000E+000 -9.765625000000548E-018
          54           1  0.000000000000000E+000 -1.523437500000045E-017
          54           2  0.000000000000000E+000 -9.765624999999938E-018
          55           1  0.000000000000000E+000 -1.523437499999971E-017
          55           2  0.000000000000000E+000 -9.765625000000525E-018
          56           1  0.000000000000000E+000 -1.523437499999865E-017
          56           2  0.000000000000000E+000 -9.765624999999435E-018
          57           1  0.000000000000000E+000 -1.523437499999738E-017
          57           2  0.000000000000000E+000 -9.765624999998777E-018
          58           1  0.000000000000000E+000 -1.523437499999555E-017
          58           2  0.000000000000000E+000 -9.765624999996769E-018
          59           1  0.000000000000000E+000 -1.523437499999408E-017
          59           2  0.000000000000000E+000 -9.765624999996720E-018
          60           1  0.000000000000000E+000 -1.523437500000276E-017
          60           2  0.000000000000000E+000 -9.765625000002211E-018
          61           1  0.000000000000000E+000 -1.523437500000106E-017
          61           2  0.000000000000000E+000 -9.765625000001439E-018
          62           1  0.000000000000000E+000 -1.523437499999946E-017
          62           2  0.000000000000000E+000 -9.765624999999815E-018
          63           1  0.000000000000000E+000 -1.523437500000004E-017
          63           2  0.000000000000000E+000 -9.765625000000228E-018
          64           1  0.000000000000000E+000 -1.523437499999775E-017
          64           2  0.000000000000000E+000 -9.765624999999411E-018
          65           1  0.000000000000000E+000 -1.523437499999840E-017
          65           2  0.000000000000000E+000 -9.765624999998750E-018
          66           1  0.000000000000000E+000 -1.523437499999764E-017
          66           2  0.000000000000000E+000 -9.765624999998784E-018
          67           1  0.000000000000000E+000 -1.523437499999708E-017
          67           2  0.000000000000000E+000 -9.765624999998133E-018
          68           1  0.000000000000000E+000 -1.523437499999852E-017
          68           2  0.000000000000000E+000 -9.765624999999271E-018
          69           1  0.000000000000000E+000 -1.523437500000165E-017
          69           2  0.000000000000000E+000 -9.765625000000593E-018
          70           1  0.000000000000000E+000 -1.523437500000153E-017
          70           2  0.000000000000000E+000 -9.765625000000763E-018
          71           1  0.000000000000000E+000 -1.523437499999997E-017
          71           2  0.000000000000000E+000 -9.765624999999624E-018
          72           1  0.000000000000000E+000 -1.523437499999802E-017
          72           2  0.000000000000000E+000 -9.765624999998840E-018
          73           1  0.000000000000000E+000 -1.523437499999954E-017
          73           2  0.000000000000000E+000 -9.765625000000790E-018
          74           1  0.000000000000000E+000 -1.523437499999955E-017
          74           2  0.000000000000000E+000 -9.765625000000100E-018
          75           1  0.000000000000000E+000 -1.523437499999571E-017
          75           2  0.000000000000000E+000 -9.765624999999040E-018
          76           1  0.000000000000000E+000 -1.523437500000072E-017
          76           2  0.000000000000000E+000 -9.765624999999609E-018
          77           1  0.000000000000000E+000 -1.523437500000120E-017
          77           2  0.000000000000000E+000 -9.765624999999981E-018
          78           1  0.000000000000000E+000 -1.523437500000035E-017
          78           2  0.000000000000000E+000 -9.765624999999727E-018
          79           1  0.000000000000000E+000 -1.523437500000207E-017
          79           2  0.000000000000000E+000 -9.765625000001015E-018
          80           1  0.000000000000000E+000 -1.523437499999827E-017
          80           2  0.000000000000000E+000 -9.765624999998934E-018
          81           1  0.000000000000000E+000 -1.523437499999706E-017
          81           2  0.000000000000000E+000 -9.765624999998650E-018
          82           1  0.000000000000000E+000 -1.523437499999888E-017
          82           2  0.000000000000000E+000 -9.765624999999344E-018
          83           1  0.000000000000000E+000 -1.523437499999569E-017
          83           2  0.000000000000000E+000 -9.765624999997945E-018
          84           1  0.000000000000000E+000 -1.523437499999665E-017
          84           2  0.000000000000000E+000 -9.765624999997590E-018
          85           1  0.000000000000000E+000 -1.523437500000366E-017
          85           2  0.000000000000000E+000 -9.765625000002385E-018
          86           1  0.000000000000000E+000 -1.523437499999958E-017
          86           2  0.000000000000000E+000 -9.765625000001259E-018
          87           1  0.000000000000000E+000 -1.523437499999950E-017
          87           2  0.000000000000000E+000 -9.765625000000854E-018
          88           1  0.000000000000000E+000 -1.523437499999943E-017
          88           2  0.000000000000000E+000 -9.765625000000180E-018
          89           1  0.000000000000000E+000 -1.523437499999979E-017
          89           2  0.000000000000000E+000 -9.765624999999749E-018
          90           1  0.000000000000000E+000 -1.523437499999942E-017
          90           2  0.000000000000000E+000 -9.765625000000006E-018
          91           1  0.000000000000000E+000 -1.523437499999785E-017
          91           2  0.000000000000000E+000 -9.765624999998660E-018
          92           1  0.000000000000000E+000 -1.523437499999674E-017
          92           2  0.000000000000000E+000 -9.765624999998179E-018
          93           1  0.000000000000000E+000 -1.523437500000044E-017
          93           2  0.000000000000000E+000 -9.765624999999886E-018
          94           1  0.000000000000000E+000 -1.523437500000114E-017
          94           2  0.000000000000000E+000 -9.765625000000325E-018
          95           1  0.000000000000000E+000 -1.523437500000122E-017
          95           2  0.000000000000000E+000 -9.765625000000274E-018
          96           1  0.000000000000000E+000 -1.523437499999726E-017
          96           2  0.000000000000000E+000 -9.765624999998109E-018
          97           1  0.000000000000000E+000 -1.523437500000259E-017
          97           2  0.000000000000000E+000 -9.765625000001613E-018
          98           1  0.000000000000000E+000 -1.523437499999738E-017
          98           2  0.000000000000000E+000 -9.765624999998724E-018
          99           1  0.000000000000000E+000 -1.523437500000142E-017
          99           2  0.000000000000000E+000 -9.765625000001339E-018
         100           1  0.000000000000000E+000 -1.523437500000011E-017
         100           2  0.000000000000000E+000 -9.765625000000533E-018
         101           1  0.000000000000000E+000 -1.523437499999774E-017
         101           2  0.000000000000000E+000 -9.765624999998914E-018
         102           1  0.000000000000000E+000 -1.523437500000167E-017
         102           2  0.000000000000000E+000 -9.765625000000579E-018
         103           1  0.000000000000000E+000 -1.523437500000050E-017
         103           2  0.000000000000000E+000 -9.765624999999641E-018
         104           1  0.000000000000000E+000 -1.523437499999995E-017
         104           2  0.000000000000000E+000 -9.765625000000065E-018
         105           1  0.000000000000000E+000 -1.523437499999313E-017
         105           2  0.000000000000000E+000 -9.765624999997636E-018
         106           1  0.000000000000000E+000 -1.523437499999534E-017
         106           2  0.000000000000000E+000 -9.765624999997860E-018
         107           1  0.000000000000000E+000 -1.523437499999683E-017
         107           2  0.000000000000000E+000 -9.765624999998145E-018
         108           1  0.000000000000000E+000 -1.523437499999544E-017
         108           2  0.000000000000000E+000 -9.765624999997775E-018
         109           1  0.000000000000000E+000 -1.523437499999594E-017
         109           2  0.000000000000000E+000 -9.765624999997592E-018
         110           1  0.000000000000000E+000 -1.523437500000340E-017
         110           2  0.000000000000000E+000 -9.765625000001881E-018
         111           1  0.000000000000000E+000 -1.523437499999918E-017
         111           2  0.000000000000000E+000 -9.765625000001132E-018
         112           1  0.000000000000000E+000 -1.523437500000060E-017
         112           2  0.000000000000000E+000 -9.765625000000364E-018
         113           1  0.000000000000000E+000 -1.523437500000050E-017
         113           2  0.000000000000000E+000 -9.765625000000715E-018
         114           1  0.000000000000000E+000 -1.523437500000167E-017
         114           2  0.000000000000000E+000 -9.765625000001980E-018
         115           1  0.000000000000000E+000 -1.523437499999952E-017
         115           2  0.000000000000000E+000 -9.765624999999324E-018
         116           1  0.000000000000000E+000 -1.523437499999592E-017
         116           2  0.000000000000000E+000 -9.765624999998626E-018
         117           1  0.000000000000000E+000 -1.523437499999668E-017
         117           2  0.000000000000000E+000 -9.765624999998447E-018
         118           1  0.000000000000000E+000 -1.523437500000082E-017
         118           2  0.000000000000000E+000 -9.765624999999843E-018
         119           1  0.000000000000000E+000 -1.523437500000139E-017
         119           2  0.000000000000000E+000 -9.765625000000310E-018
         120           1  0.000000000000000E+000 -1.523437500000399E-017
         120           2  0.000000000000000E+000 -9.765625000002870E-018
         121           1  0.000000000000000E+000 -1.523437499999832E-017
         121           2  0.000000000000000E+000 -9.765624999999171E-018
         122           1  0.000000000000000E+000 -1.523437499999748E-017
         122           2  0.000000000000000E+000 -9.765624999997954E-018
         123           1  0.000000000000000E+000 -1.523437499999840E-017
         123           2  0.000000000000000E+000 -9.765624999998522E-018
         124           1  0.000000000000000E+000 -1.523437499999761E-017
         124           2  0.000000000000000E+000 -9.765624999999317E-018
         125           1  0.000000000000000E+000 -1.523437499999547E-017
         125           2  0.000000000000000E+000 -9.765624999996788E-018
         126           1  0.000000000000000E+000 -1.523437499999768E-017
         126           2  0.000000000000000E+000 -9.765624999998260E-018
         127           1  0.000000000000000E+000 -1.523437499999929E-017
         127           2  0.000000000000000E+000 -9.765624999999009E-018
         128           1  0.000000000000000E+000 -1.523437499999682E-017
         128           2  0.000000000000000E+000 -9.765624999997849E-018
         129           1  0.000000000000000E+000 -1.523437499999699E-017
         129           2  0.000000000000000E+000 -9.765624999998445E-018
         130           1  0.000000000000000E+000 -1.523437499999837E-017
         130           2  0.000000000000000E+000 -9.765624999998838E-018
         131           1  0.000000000000000E+000 -1.523437499999624E-017
         131           2  0.000000000000000E+000 -9.765624999998113E-018
         132           1  0.000000000000000E+000 -1.523437499999552E-017
         132           2  0.000000000000000E+000 -9.765624999997567E-018
         133           1  0.000000000000000E+000 -1.523437499999527E-017
         133           2  0.000000000000000E+000 -9.765624999997943E-018
         134           1  0.000000000000000E+000 -1.523437499999837E-017
         134           2  0.000000000000000E+000 -9.765624999999099E-018
         135           1  0.000000000000000E+000 -1.523437500000366E-017
         135           2  0.000000000000000E+000 -9.765625000001786E-018
         136           1  0.000000000000000E+000 -1.523437500000052E-017
         136           2  0.000000000000000E+000 -9.765625000000941E-018
         137           1  0.000000000000000E+000 -1.523437500000154E-017
         137           2  0.000000000000000E+000 -9.765625000001331E-018
         138           1  0.000000000000000E+000 -1.523437500000196E-017
         138           2  0.000000000000000E+000 -9.765625000001422E-018
         139           1  0.000000000000000E+000 -1.523437500000255E-017
         139           2  0.000000000000000E+000 -9.765625000001867E-018
         140           1  0.000000000000000E+000 -1.523437500000027E-017
         140           2  0.000000000000000E+000 -9.765625000001388E-018
         141           1  0.000000000000000E+000 -1.523437499999353E-017
         141           2  0.000000000000000E+000 -9.765624999998319E-018
         142           1  0.000000000000000E+000 -1.523437499999633E-017
         142           2  0.000000000000000E+000 -9.765624999998898E-018
         143           1  0.000000000000000E+000 -1.523437499999810E-017
         143           2  0.000000000000000E+000 -9.765624999998638E-018
         144           1  0.000000000000000E+000 -1.523437499999935E-017
         144           2  0.000000000000000E+000 -9.765624999999957E-018
         145           1  0.000000000000000E+000 -1.523437499999899E-017
         145           2  0.000000000000000E+000 -9.765624999998783E-018
         146           1  0.000000000000000E+000 -1.523437499999975E-017
         146           2  0.000000000000000E+000 -9.765624999999761E-018
         147           1  0.000000000000000E+000 -1.523437500000068E-017
         147           2  0.000000000000000E+000 -9.765625000000327E-018
         148           1  0.000000000000000E+000 -1.523437500000090E-017
         148           2  0.000000000000000E+000 -9.765625000000621E-018
         149           1  0.000000000000000E+000 -1.523437500000063E-017
         149           2  0.000000000000000E+000 -9.765625000000627E-018
         150           1  0.000000000000000E+000 -1.523437500000118E-017
         150           2  0.000000000000000E+000 -9.765625000000834E-018
         151           1  0.000000000000000E+000 -1.523437500000088E-017
         151           2  0.000000000000000E+000 -9.765625000000589E-018
         152           1  0.000000000000000E+000 -1.523437500000747E-017
         152           2  0.000000000000000E+000 -9.765625000004194E-018
         153           1  0.000000000000000E+000 -1.523437500000615E-017
         153           2  0.000000000000000E+000 -9.765625000004183E-018
         154           1  0.000000000000000E+000 -1.523437499999291E-017
         154           2  0.000000000000000E+000 -9.765624999995963E-018
         155           1  0.000000000000000E+000 -1.523437499999596E-017
         155           2  0.000000000000000E+000 -9.765624999997191E-018
         156           1  0.000000000000000E+000 -1.523437499999536E-017
         156           2  0.000000000000000E+000 -9.765624999998368E-018
         157           1  0.000000000000000E+000 -1.523437499999633E-017
         157           2  0.000000000000000E+000 -9.765624999998049E-018
         158           1  0.000000000000000E+000 -1.523437499999692E-017
         158           2  0.000000000000000E+000 -9.765624999998036E-018
         159           1  0.000000000000000E+000 -1.523437499999820E-017
         159           2  0.000000000000000E+000 -9.765624999999071E-018
         160           1  0.000000000000000E+000 -1.523437500000732E-017
         160           2  0.000000000000000E+000 -9.765625000003513E-018
         161           1  0.000000000000000E+000 -1.523437500000342E-017
         161           2  0.000000000000000E+000 -9.765625000001773E-018
         162           1  0.000000000000000E+000 -1.523437500000403E-017
         162           2  0.000000000000000E+000 -9.765625000001609E-018
         163           1  0.000000000000000E+000 -1.523437500000138E-017
         163           2  0.000000000000000E+000 -9.765625000001508E-018
         164           1  0.000000000000000E+000 -1.523437499999894E-017
         164           2  0.000000000000000E+000 -9.765625000000071E-018
         165           1  0.000000000000000E+000 -1.523437499999986E-017
         165           2  0.000000000000000E+000 -9.765625000000615E-018
         166           1  0.000000000000000E+000 -1.523437499999789E-017
         166           2  0.000000000000000E+000 -9.765624999999757E-018
         167           1  0.000000000000000E+000 -1.523437499999975E-017
         167           2  0.000000000000000E+000 -9.765625000000316E-018
         168           1  0.000000000000000E+000 -1.523437500000003E-017
         168           2  0.000000000000000E+000 -9.765625000000743E-018
         169           1  0.000000000000000E+000 -1.523437499999871E-017
         169           2  0.000000000000000E+000 -9.765624999999022E-018
         170           1  0.000000000000000E+000 -1.523437500000041E-017
         170           2  0.000000000000000E+000 -9.765625000000180E-018
         171           1  0.000000000000000E+000 -1.523437500000219E-017
         171           2  0.000000000000000E+000 -9.765625000001085E-018
         172           1  0.000000000000000E+000 -1.523437500000219E-017
         172           2  0.000000000000000E+000 -9.765625000000883E-018
         173           1  0.000000000000000E+000 -1.523437500000368E-017
         173           2  0.000000000000000E+000 -9.765625000001411E-018
         174           1  0.000000000000000E+000 -1.523437500000150E-017
         174           2  0.000000000000000E+000 -9.765625000000872E-018
         175           1  0.000000000000000E+000 -1.523437500000146E-017
         175           2  0.000000000000000E+000 -9.765625000001015E-018
         176           1  0.000000000000000E+000 -1.523437500000701E-017
         176           2  0.000000000000000E+000 -9.765625000003829E-018
         177           1  0.000000000000000E+000 -1.523437500000527E-017
         177           2  0.000000000000000E+000 -9.765625000003952E-018
         178           1  0.000000000000000E+000 -1.523437500000197E-017
         178           2  0.000000000000000E+000 -9.765625000001516E-018
         179           1  0.000000000000000E+000 -1.523437500000058E-017
         179           2  0.000000000000000E+000 -9.765625000001152E-018
         180           1  0.000000000000000E+000 -1.523437499999645E-017
         180           2  0.000000000000000E+000 -9.765624999998108E-018
         181           1  0.000000000000000E+000 -1.523437499999865E-017
         181           2  0.000000000000000E+000 -9.765624999999501E-018
         182           1  0.000000000000000E+000 -1.523437500000015E-017
         182           2  0.000000000000000E+000 -9.765624999999538E-018
         183           1  0.000000000000000E+000 -1.523437499999993E-017
         183           2  0.000000000000000E+000 -9.765625000000097E-018
         184           1  0.000000000000000E+000 -1.523437500000059E-017
         184           2  0.000000000000000E+000 -9.765624999999961E-018
         185           1  0.000000000000000E+000 -1.523437500000741E-017
         185           2  0.000000000000000E+000 -9.765625000003510E-018
         186           1  0.000000000000000E+000 -1.523437500000077E-017
         186           2  0.000000000000000E+000 -9.765625000000354E-018
         187           1  0.000000000000000E+000 -1.523437500000054E-017
         187           2  0.000000000000000E+000 -9.765625000000478E-018
         188           1  0.000000000000000E+000 -1.523437499999988E-017
         188           2  0.000000000000000E+000 -9.765624999999555E-018
         189           1  0.000000000000000E+000 -1.523437499999529E-017
         189           2  0.000000000000000E+000 -9.765624999999039E-018
         190           1  0.000000000000000E+000 -1.523437499999936E-017
         190           2  0.000000000000000E+000 -9.765624999999997E-018
         191           1  0.000000000000000E+000 -1.523437499999863E-017
         191           2  0.000000000000000E+000 -9.765625000000091E-018
         192           1  0.000000000000000E+000 -1.523437499999744E-017
         192           2  0.000000000000000E+000 -9.765624999999798E-018
         193           1  0.000000000000000E+000 -1.523437499999806E-017
         193           2  0.000000000000000E+000 -9.765624999999542E-018
         194           1  0.000000000000000E+000 -1.523437500000016E-017
         194           2  0.000000000000000E+000 -9.765624999999773E-018
         195           1  0.000000000000000E+000 -1.523437500000181E-017
         195           2  0.000000000000000E+000 -9.765625000000280E-018
         196           1  0.000000000000000E+000 -1.523437500000045E-017
         196           2  0.000000000000000E+000 -9.765625000001043E-018
         197           1  0.000000000000000E+000 -1.523437500000495E-017
         197           2  0.000000000000000E+000 -9.765625000002433E-018
         198           1  0.000000000000000E+000 -1.523437500000035E-017
         198           2  0.000000000000000E+000 -9.765625000000585E-018
         199           1  0.000000000000000E+000 -1.523437500000085E-017
         199           2  0.000000000000000E+000 -9.765625000000666E-018
         200           1  0.000000000000000E+000 -1.523437500000118E-017
         200           2  0.000000000000000E+000 -9.765625000000804E-018
         201           1  0.000000000000000E+000 -1.523437500000452E-017
         201           2  0.000000000000000E+000 -9.765625000002724E-018
         202           1  0.000000000000000E+000 -1.523437500000519E-017
         202           2  0.000000000000000E+000 -9.765625000002920E-018
         203           1  0.000000000000000E+000 -1.523437500000178E-017
         203           2  0.000000000000000E+000 -9.765625000001075E-018
         204           1  0.000000000000000E+000 -1.523437500000172E-017
         204           2  0.000000000000000E+000 -9.765625000000858E-018
         205           1  0.000000000000000E+000 -1.523437500000005E-017
         205           2  0.000000000000000E+000 -9.765625000000243E-018
         206           1  0.000000000000000E+000 -1.523437500000499E-017
         206           2  0.000000000000000E+000 -9.765625000002131E-018
         207           1  0.000000000000000E+000 -1.523437500000581E-017
         207           2  0.000000000000000E+000 -9.765625000002363E-018
         208           1  0.000000000000000E+000 -1.523437500000502E-017
         208           2  0.000000000000000E+000 -9.765625000001736E-018
         209           1  0.000000000000000E+000 -1.523437500000497E-017
         209           2  0.000000000000000E+000 -9.765625000002003E-018
         210           1  0.000000000000000E+000 -1.523437500000541E-017
         210           2  0.000000000000000E+000 -9.765625000002954E-018
         211           1  0.000000000000000E+000 -1.523437500000596E-017
         211           2  0.000000000000000E+000 -9.765625000003518E-018
         212           1  0.000000000000000E+000 -1.523437499999280E-017
         212           2  0.000000000000000E+000 -9.765624999997402E-018
         213           1  0.000000000000000E+000 -1.523437499999746E-017
         213           2  0.000000000000000E+000 -9.765624999999553E-018
         214           1  0.000000000000000E+000 -1.523437499999820E-017
         214           2  0.000000000000000E+000 -9.765624999999348E-018
         215           1  0.000000000000000E+000 -1.523437499999788E-017
         215           2  0.000000000000000E+000 -9.765624999999464E-018
         216           1  0.000000000000000E+000 -1.523437499999402E-017
         216           2  0.000000000000000E+000 -9.765624999998564E-018
         217           1  0.000000000000000E+000 -1.523437499999734E-017
         217           2  0.000000000000000E+000 -9.765624999999593E-018
         218           1  0.000000000000000E+000 -1.523437499999705E-017
         218           2  0.000000000000000E+000 -9.765624999999376E-018
         219           1  0.000000000000000E+000 -1.523437500000044E-017
         219           2  0.000000000000000E+000 -9.765625000000502E-018
         220           1  0.000000000000000E+000 -1.523437499999831E-017
         220           2  0.000000000000000E+000 -9.765624999999276E-018
         221           1  0.000000000000000E+000 -1.523437500000183E-017
         221           2  0.000000000000000E+000 -9.765625000000929E-018
         222           1  0.000000000000000E+000 -1.523437500000861E-017
         222           2  0.000000000000000E+000 -9.765625000003273E-018
         223           1  0.000000000000000E+000 -1.523437500000182E-017
         223           2  0.000000000000000E+000 -9.765625000000800E-018
         224           1  0.000000000000000E+000 -1.523437500000138E-017
         224           2  0.000000000000000E+000 -9.765625000000829E-018
         225           1  0.000000000000000E+000 -1.523437500000133E-017
         225           2  0.000000000000000E+000 -9.765625000000804E-018
         226           1  0.000000000000000E+000 -1.523437500000525E-017
         226           2  0.000000000000000E+000 -9.765625000002524E-018
         227           1  0.000000000000000E+000 -1.523437500000630E-017
         227           2  0.000000000000000E+000 -9.765625000002847E-018
         228           1  0.000000000000000E+000 -1.523437500000224E-017
         228           2  0.000000000000000E+000 -9.765625000001320E-018
         229           1  0.000000000000000E+000 -1.523437500000008E-017
         229           2  0.000000000000000E+000 -9.765625000000116E-018
         230           1  0.000000000000000E+000 -1.523437499999632E-017
         230           2  0.000000000000000E+000 -9.765624999998632E-018
         231           1  0.000000000000000E+000 -1.523437500000282E-017
         231           2  0.000000000000000E+000 -9.765625000001276E-018
         232           1  0.000000000000000E+000 -1.523437500000582E-017
         232           2  0.000000000000000E+000 -9.765625000002253E-018
         233           1  0.000000000000000E+000 -1.523437500000654E-017
         233           2  0.000000000000000E+000 -9.765625000002571E-018
         234           1  0.000000000000000E+000 -1.523437500000821E-017
         234           2  0.000000000000000E+000 -9.765625000004400E-018
         235           1  0.000000000000000E+000 -1.523437500000573E-017
         235           2  0.000000000000000E+000 -9.765625000002319E-018
         236           1  0.000000000000000E+000 -1.523437500000332E-017
         236           2  0.000000000000000E+000 -9.765625000002222E-018
         237           1  0.000000000000000E+000 -1.523437500000413E-017
         237           2  0.000000000000000E+000 -9.765625000002345E-018
         238           1  0.000000000000000E+000 -1.523437499999836E-017
         238           2  0.000000000000000E+000 -9.765624999998447E-018
         239           1  0.000000000000000E+000 -1.523437499999718E-017
         239           2  0.000000000000000E+000 -9.765624999999142E-018
         240           1  0.000000000000000E+000 -1.523437499999876E-017
         240           2  0.000000000000000E+000 -9.765625000000134E-018
         241           1  0.000000000000000E+000 -1.523437499999813E-017
         241           2  0.000000000000000E+000 -9.765624999999803E-018
         242           1  0.000000000000000E+000 -1.523437500000020E-017
         242           2  0.000000000000000E+000 -9.765624999999946E-018
         243           1  0.000000000000000E+000 -1.523437499999834E-017
         243           2  0.000000000000000E+000 -9.765625000000146E-018
         244           1  0.000000000000000E+000 -1.523437500000080E-017
         244           2  0.000000000000000E+000 -9.765625000000080E-018
         245           1  0.000000000000000E+000 -1.523437500000059E-017
         245           2  0.000000000000000E+000 -9.765625000000063E-018
         246           1  0.000000000000000E+000 -1.523437499999944E-017
         246           2  0.000000000000000E+000 -9.765624999999610E-018
         247           1  0.000000000000000E+000 -1.523437500000285E-017
         247           2  0.000000000000000E+000 -9.765625000001558E-018
         248           1  0.000000000000000E+000 -1.523437500000595E-017
         248           2  0.000000000000000E+000 -9.765625000002525E-018
         249           1  0.000000000000000E+000 -1.523437500000183E-017
         249           2  0.000000000000000E+000 -9.765625000000630E-018
         250           1  0.000000000000000E+000 -1.523437500000035E-017
         250           2  0.000000000000000E+000 -9.765625000000445E-018
         251           1  0.000000000000000E+000 -1.523437500000746E-017
         251           2  0.000000000000000E+000 -9.765625000003380E-018
         252           1  0.000000000000000E+000 -1.523437500000560E-017
         252           2  0.000000000000000E+000 -9.765625000002263E-018
         253           1  0.000000000000000E+000 -1.523437500000153E-017
         253           2  0.000000000000000E+000 -9.765625000000824E-018
         254           1  0.000000000000000E+000 -1.523437499999856E-017
         254           2  0.000000000000000E+000 -9.765624999999871E-018
         255           1  0.000000000000000E+000 -1.523437499999896E-017
         255           2  0.000000000000000E+000 -9.765624999999368E-018
         256           1  0.000000000000000E+000 -1.523437499999859E-017
         256           2  0.000000000000000E+000 -9.765624999998724E-018
         257           1  0.000000000000000E+000 -1.523437500000744E-017
         257           2  0.000000000000000E+000 -9.765625000003473E-018
         258           1  0.000000000000000E+000 -1.523437500000047E-017
         258           2  0.000000000000000E+000 -9.765625000000080E-018
         259           1  0.000000000000000E+000 -1.523437500000408E-017
         259           2  0.000000000000000E+000 -9.765625000002106E-018
         260           1  0.000000000000000E+000 -1.523437500000495E-017
         260           2  0.000000000000000E+000 -9.765625000002424E-018
         261           1  0.000000000000000E+000 -1.523437500000244E-017
         261           2  0.000000000000000E+000 -9.765625000001693E-018
         262           1  0.000000000000000E+000 -1.523437500000612E-017
         262           2  0.000000000000000E+000 -9.765625000002670E-018
         263           1  0.000000000000000E+000 -1.523437500000387E-017
         263           2  0.000000000000000E+000 -9.765625000001704E-018
         264           1  0.000000000000000E+000 -1.523437499999727E-017
         264           2  0.000000000000000E+000 -9.765624999999068E-018
         265           1  0.000000000000000E+000 -1.523437500000300E-017
         265           2  0.000000000000000E+000 -9.765625000001478E-018
         266           1  0.000000000000000E+000 -1.523437499999643E-017
         266           2  0.000000000000000E+000 -9.765624999999210E-018
         267           1  0.000000000000000E+000 -1.523437500000038E-017
         267           2  0.000000000000000E+000 -9.765624999999934E-018
         268           1  0.000000000000000E+000 -1.523437499999805E-017
         268           2  0.000000000000000E+000 -9.765624999998963E-018
         269           1  0.000000000000000E+000 -1.523437500000070E-017
         269           2  0.000000000000000E+000 -9.765625000000263E-018
         270           1  0.000000000000000E+000 -1.523437500000057E-017
         270           2  0.000000000000000E+000 -9.765625000000259E-018
         271           1  0.000000000000000E+000 -1.523437499999875E-017
         271           2  0.000000000000000E+000 -9.765624999999066E-018
         272           1  0.000000000000000E+000 -1.523437500000131E-017
         272           2  0.000000000000000E+000 -9.765625000000059E-018
         273           1  0.000000000000000E+000 -1.523437500000134E-017
         273           2  0.000000000000000E+000 -9.765624999999888E-018
         274           1  0.000000000000000E+000 -1.523437499999938E-017
         274           2  0.000000000000000E+000 -9.765624999997841E-018
         275           1  0.000000000000000E+000 -1.523437499999981E-017
         275           2  0.000000000000000E+000 -9.765625000000230E-018
         276           1  0.000000000000000E+000 -1.523437500000745E-017
         276           2  0.000000000000000E+000 -9.765625000003610E-018
         277           1  0.000000000000000E+000 -1.523437500000401E-017
         277           2  0.000000000000000E+000 -9.765625000002265E-018
         278           1  0.000000000000000E+000 -1.523437500000104E-017
         278           2  0.000000000000000E+000 -9.765625000001151E-018
         279           1  0.000000000000000E+000 -1.523437499999742E-017
         279           2  0.000000000000000E+000 -9.765624999998388E-018
         280           1  0.000000000000000E+000 -1.523437499999595E-017
         280           2  0.000000000000000E+000 -9.765624999997672E-018
         281           1  0.000000000000000E+000 -1.523437499999471E-017
         281           2  0.000000000000000E+000 -9.765624999997071E-018
         282           1  0.000000000000000E+000 -1.523437500000120E-017
         282           2  0.000000000000000E+000 -9.765625000000126E-018
         283           1  0.000000000000000E+000 -1.523437500000488E-017
         283           2  0.000000000000000E+000 -9.765625000001723E-018
         284           1  0.000000000000000E+000 -1.523437500000427E-017
         284           2  0.000000000000000E+000 -9.765625000001661E-018
         285           1  0.000000000000000E+000 -1.523437500000212E-017
         285           2  0.000000000000000E+000 -9.765625000001296E-018
         286           1  0.000000000000000E+000 -1.523437500000147E-017
         286           2  0.000000000000000E+000 -9.765625000001299E-018
         287           1  0.000000000000000E+000 -1.523437500000190E-017
         287           2  0.000000000000000E+000 -9.765625000000783E-018
         288           1  0.000000000000000E+000 -1.523437500000175E-017
         288           2  0.000000000000000E+000 -9.765625000001005E-018
         289           1  0.000000000000000E+000 -1.523437499999976E-017
         289           2  0.000000000000000E+000 -9.765624999999744E-018
         290           1  0.000000000000000E+000 -1.523437500000433E-017
         290           2  0.000000000000000E+000 -9.765625000002268E-018
         291           1  0.000000000000000E+000 -1.523437500000394E-017
         291           2  0.000000000000000E+000 -9.765625000001724E-018
         292           1  0.000000000000000E+000 -1.523437500000170E-017
         292           2  0.000000000000000E+000 -9.765625000000399E-018
         293           1  0.000000000000000E+000 -1.523437499999700E-017
         293           2  0.000000000000000E+000 -9.765624999998980E-018
         294           1  0.000000000000000E+000 -1.523437499999856E-017
         294           2  0.000000000000000E+000 -9.765625000000465E-018
         295           1  0.000000000000000E+000 -1.523437499999822E-017
         295           2  0.000000000000000E+000 -9.765624999999730E-018
         296           1  0.000000000000000E+000 -1.523437499999583E-017
         296           2  0.000000000000000E+000 -9.765624999999119E-018
         297           1  0.000000000000000E+000 -1.523437499999745E-017
         297           2  0.000000000000000E+000 -9.765624999999599E-018
         298           1  0.000000000000000E+000 -1.523437499999862E-017
         298           2  0.000000000000000E+000 -9.765624999998851E-018
         299           1  0.000000000000000E+000 -1.523437500000135E-017
         299           2  0.000000000000000E+000 -9.765625000000091E-018
         300           1  0.000000000000000E+000 -1.523437500000186E-017
         300           2  0.000000000000000E+000 -9.765625000000279E-018
         301           1  0.000000000000000E+000 -1.523437500000447E-017
         301           2  0.000000000000000E+000 -9.765625000001670E-018
         302           1  0.000000000000000E+000 -1.523437500000460E-017
         302           2  0.000000000000000E+000 -9.765625000002783E-018
         303           1  0.000000000000000E+000 -1.523437500000117E-017
         303           2  0.000000000000000E+000 -9.765625000001119E-018
         304           1  0.000000000000000E+000 -1.523437500000063E-017
         304           2  0.000000000000000E+000 -9.765625000000350E-018
         305           1  0.000000000000000E+000 -1.523437499999707E-017
         305           2  0.000000000000000E+000 -9.765624999998619E-018
         306           1  0.000000000000000E+000 -1.523437499999516E-017
         306           2  0.000000000000000E+000 -9.765624999997277E-018
         307           1  0.000000000000000E+000 -1.523437499999574E-017
         307           2  0.000000000000000E+000 -9.765624999997473E-018
         308           1  0.000000000000000E+000 -1.523437500000107E-017
         308           2  0.000000000000000E+000 -9.765625000000316E-018
         309           1  0.000000000000000E+000 -1.523437500000402E-017
         309           2  0.000000000000000E+000 -9.765625000001536E-018
         310           1  0.000000000000000E+000 -1.523437500000303E-017
         310           2  0.000000000000000E+000 -9.765625000001043E-018
         311           1  0.000000000000000E+000 -1.523437500000119E-017
         311           2  0.000000000000000E+000 -9.765625000000733E-018
         312           1  0.000000000000000E+000 -1.523437500000137E-017
         312           2  0.000000000000000E+000 -9.765625000001172E-018
         313           1  0.000000000000000E+000 -1.523437500000163E-017
         313           2  0.000000000000000E+000 -9.765625000000712E-018
         314           1  0.000000000000000E+000 -1.523437499999962E-017
         314           2  0.000000000000000E+000 -9.765624999999798E-018
         315           1  0.000000000000000E+000 -1.523437499999931E-017
         315           2  0.000000000000000E+000 -9.765624999999296E-018
         316           1  0.000000000000000E+000 -1.523437500000396E-017
         316           2  0.000000000000000E+000 -9.765625000001914E-018
         317           1  0.000000000000000E+000 -1.523437500000581E-017
         317           2  0.000000000000000E+000 -9.765625000003846E-018
         318           1  0.000000000000000E+000 -1.523437500000116E-017
         318           2  0.000000000000000E+000 -9.765625000000644E-018
         319           1  0.000000000000000E+000 -1.523437499999752E-017
         319           2  0.000000000000000E+000 -9.765624999998781E-018
         320           1  0.000000000000000E+000 -1.523437499999669E-017
         320           2  0.000000000000000E+000 -9.765624999999199E-018
         321           1  0.000000000000000E+000 -1.523437499999473E-017
         321           2  0.000000000000000E+000 -9.765624999997587E-018
         322           1  0.000000000000000E+000 -1.523437499999455E-017
         322           2  0.000000000000000E+000 -9.765624999998109E-018
         323           1  0.000000000000000E+000 -1.523437500000000E-017
         323           2  0.000000000000000E+000 -9.765624999999746E-018
         324           1  0.000000000000000E+000 -1.523437500000016E-017
         324           2  0.000000000000000E+000 -9.765624999999986E-018
         325           1  0.000000000000000E+000 -1.523437500000017E-017
         325           2  0.000000000000000E+000 -9.765625000000522E-018
         326           1  0.000000000000000E+000 -1.523437499999802E-017
         326           2  0.000000000000000E+000 -9.765624999998770E-018
         327           1  0.000000000000000E+000 -1.523437500000224E-017
         327           2  0.000000000000000E+000 -9.765625000000846E-018
         328           1  0.000000000000000E+000 -1.523437500000183E-017
         328           2  0.000000000000000E+000 -9.765625000001454E-018
         329           1  0.000000000000000E+000 -1.523437500000175E-017
         329           2  0.000000000000000E+000 -9.765625000001832E-018
         330           1  0.000000000000000E+000 -1.523437499999829E-017
         330           2  0.000000000000000E+000 -9.765624999999538E-018
         331           1  0.000000000000000E+000 -1.523437499999445E-017
         331           2  0.000000000000000E+000 -9.765624999996655E-018
         332           1  0.000000000000000E+000 -1.523437499999720E-017
         332           2  0.000000000000000E+000 -9.765624999998388E-018
         333           1  0.000000000000000E+000 -1.523437500000187E-017
         333           2  0.000000000000000E+000 -9.765625000001196E-018
         334           1  0.000000000000000E+000 -1.523437500000122E-017
         334           2  0.000000000000000E+000 -9.765625000000630E-018
         335           1  0.000000000000000E+000 -1.523437500000191E-017
         335           2  0.000000000000000E+000 -9.765625000000342E-018
         336           1  0.000000000000000E+000 -1.523437500000055E-017
         336           2  0.000000000000000E+000 -9.765625000000168E-018
         337           1  0.000000000000000E+000 -1.523437499999972E-017
         337           2  0.000000000000000E+000 -9.765625000000330E-018
         338           1  0.000000000000000E+000 -1.523437499999982E-017
         338           2  0.000000000000000E+000 -9.765625000000185E-018
         339           1  0.000000000000000E+000 -1.523437500000012E-017
         339           2  0.000000000000000E+000 -9.765625000000832E-018
         340           1  0.000000000000000E+000 -1.523437499999927E-017
         340           2  0.000000000000000E+000 -9.765624999999525E-018
         341           1  0.000000000000000E+000 -1.523437500000003E-017
         341           2  0.000000000000000E+000 -9.765625000000018E-018
         342           1  0.000000000000000E+000 -1.523437500000170E-017
         342           2  0.000000000000000E+000 -9.765625000001134E-018
         343           1  0.000000000000000E+000 -1.523437500000148E-017
         343           2  0.000000000000000E+000 -9.765625000001231E-018
         344           1  0.000000000000000E+000 -1.523437499999985E-017
         344           2  0.000000000000000E+000 -9.765625000000402E-018
         345           1  0.000000000000000E+000 -1.523437499999588E-017
         345           2  0.000000000000000E+000 -9.765624999999365E-018
         346           1  0.000000000000000E+000 -1.523437499999440E-017
         346           2  0.000000000000000E+000 -9.765624999996976E-018
         347           1  0.000000000000000E+000 -1.523437499999679E-017
         347           2  0.000000000000000E+000 -9.765624999999871E-018
         348           1  0.000000000000000E+000 -1.523437500000106E-017
         348           2  0.000000000000000E+000 -9.765625000001109E-018
         349           1  0.000000000000000E+000 -1.523437500000094E-017
         349           2  0.000000000000000E+000 -9.765625000000530E-018
         350           1  0.000000000000000E+000 -1.523437500000169E-017
         350           2  0.000000000000000E+000 -9.765625000000929E-018
         351           1  0.000000000000000E+000 -1.523437500000105E-017
         351           2  0.000000000000000E+000 -9.765625000000576E-018
         352           1  0.000000000000000E+000 -1.523437500000244E-017
         352           2  0.000000000000000E+000 -9.765625000000616E-018
         353           1  0.000000000000000E+000 -1.523437499999724E-017
         353           2  0.000000000000000E+000 -9.765624999999170E-018
         354           1  0.000000000000000E+000 -1.523437500000428E-017
         354           2  0.000000000000000E+000 -9.765625000002139E-018
         355           1  0.000000000000000E+000 -1.523437500000103E-017
         355           2  0.000000000000000E+000 -9.765625000001421E-018
         356           1  0.000000000000000E+000 -1.523437499999509E-017
         356           2  0.000000000000000E+000 -9.765624999997482E-018
         357           1  0.000000000000000E+000 -1.523437499999714E-017
         357           2  0.000000000000000E+000 -9.765624999998350E-018
         358           1  0.000000000000000E+000 -1.523437499999944E-017
         358           2  0.000000000000000E+000 -9.765624999999778E-018
         359           1  0.000000000000000E+000 -1.523437500000068E-017
         359           2  0.000000000000000E+000 -9.765625000000324E-018
         360           1  0.000000000000000E+000 -1.523437500000098E-017
         360           2  0.000000000000000E+000 -9.765625000000410E-018
         361           1  0.000000000000000E+000 -1.523437499999931E-017
         361           2  0.000000000000000E+000 -9.765625000000014E-018
         362           1  0.000000000000000E+000 -1.523437499999914E-017
         362           2  0.000000000000000E+000 -9.765624999999909E-018
         363           1  0.000000000000000E+000 -1.523437499999950E-017
         363           2  0.000000000000000E+000 -9.765625000000049E-018
         364           1  0.000000000000000E+000 -1.523437500000112E-017
         364           2  0.000000000000000E+000 -9.765625000000607E-018
         365           1  0.000000000000000E+000 -1.523437500000112E-017
         365           2  0.000000000000000E+000 -9.765625000000456E-018
         366           1  0.000000000000000E+000 -1.523437500000053E-017
         366           2  0.000000000000000E+000 -9.765624999999965E-018
         367           1  0.000000000000000E+000 -1.523437500000121E-017
         367           2  0.000000000000000E+000 -9.765625000000288E-018
         368           1  0.000000000000000E+000 -1.523437500000102E-017
         368           2  0.000000000000000E+000 -9.765625000000099E-018
         369           1  0.000000000000000E+000 -1.523437499999997E-017
         369           2  0.000000000000000E+000 -9.765625000000686E-018
         370           1  0.000000000000000E+000 -1.523437499999656E-017
         370           2  0.000000000000000E+000 -9.765624999998257E-018
         371           1  0.000000000000000E+000 -1.523437499999937E-017
         371           2  0.000000000000000E+000 -9.765624999999904E-018
         372           1  0.000000000000000E+000 -1.523437499999724E-017
         372           2  0.000000000000000E+000 -9.765624999998767E-018
         373           1  0.000000000000000E+000 -1.523437500000116E-017
         373           2  0.000000000000000E+000 -9.765625000000270E-018
         374           1  0.000000000000000E+000 -1.523437500000045E-017
         374           2  0.000000000000000E+000 -9.765625000000202E-018
         375           1  0.000000000000000E+000 -1.523437500000007E-017
         375           2  0.000000000000000E+000 -9.765625000000324E-018
         376           1  0.000000000000000E+000 -1.523437500000177E-017
         376           2  0.000000000000000E+000 -9.765625000000938E-018
         377           1  0.000000000000000E+000 -1.523437500000373E-017
         377           2  0.000000000000000E+000 -9.765625000002498E-018
         378           1  0.000000000000000E+000 -1.523437500000168E-017
         378           2  0.000000000000000E+000 -9.765625000000981E-018
         379           1  0.000000000000000E+000 -1.523437499999675E-017
         379           2  0.000000000000000E+000 -9.765624999998393E-018
         380           1  0.000000000000000E+000 -1.523437499999593E-017
         380           2  0.000000000000000E+000 -9.765624999997878E-018
         381           1  0.000000000000000E+000 -1.523437499999692E-017
         381           2  0.000000000000000E+000 -9.765624999998985E-018
         382           1  0.000000000000000E+000 -1.523437499999819E-017
         382           2  0.000000000000000E+000 -9.765624999999727E-018
         383           1  0.000000000000000E+000 -1.523437499999953E-017
         383           2  0.000000000000000E+000 -9.765625000000137E-018
         384           1  0.000000000000000E+000 -1.523437499999883E-017
         384           2  0.000000000000000E+000 -9.765624999999290E-018
         385           1  0.000000000000000E+000 -1.523437500000203E-017
         385           2  0.000000000000000E+000 -9.765625000000733E-018
         386           1  0.000000000000000E+000 -1.523437500000053E-017
         386           2  0.000000000000000E+000 -9.765624999999915E-018
         387           1  0.000000000000000E+000 -1.523437499999949E-017
         387           2  0.000000000000000E+000 -9.765625000000149E-018
         388           1  0.000000000000000E+000 -1.523437499999979E-017
         388           2  0.000000000000000E+000 -9.765625000000112E-018
         389           1  0.000000000000000E+000 -1.523437500000142E-017
         389           2  0.000000000000000E+000 -9.765625000000572E-018
         390           1  0.000000000000000E+000 -1.523437500000262E-017
         390           2  0.000000000000000E+000 -9.765625000001045E-018
         391           1  0.000000000000000E+000 -1.523437500000257E-017
         391           2  0.000000000000000E+000 -9.765625000000955E-018
         392           1  0.000000000000000E+000 -1.523437500000127E-017
         392           2  0.000000000000000E+000 -9.765625000001023E-018
         393           1  0.000000000000000E+000 -1.523437500000118E-017
         393           2  0.000000000000000E+000 -9.765625000000317E-018
         394           1  0.000000000000000E+000 -1.523437500000027E-017
         394           2  0.000000000000000E+000 -9.765625000000151E-018
         395           1  0.000000000000000E+000 -1.523437499999850E-017
         395           2  0.000000000000000E+000 -9.765624999999467E-018
         396           1  0.000000000000000E+000 -1.523437499999721E-017
         396           2  0.000000000000000E+000 -9.765624999998615E-018
         397           1  0.000000000000000E+000 -1.523437500000016E-017
         397           2  0.000000000000000E+000 -9.765624999999804E-018
         398           1  0.000000000000000E+000 -1.523437500000392E-017
         398           2  0.000000000000000E+000 -9.765625000002702E-018
         399           1  0.000000000000000E+000 -1.523437499999694E-017
         399           2  0.000000000000000E+000 -9.765624999998091E-018
         400           1  0.000000000000000E+000 -1.523437499999862E-017
         400           2  0.000000000000000E+000 -9.765624999999518E-018
         401           1  0.000000000000000E+000 -1.523437499999254E-017
         401           2  0.000000000000000E+000 -9.765624999995899E-018
         402           1  0.000000000000000E+000 -1.523437499999481E-017
         402           2  0.000000000000000E+000 -9.765624999997265E-018
         403           1  0.000000000000000E+000 -1.523437500000215E-017
         403           2  0.000000000000000E+000 -9.765625000002222E-018
         404           1  0.000000000000000E+000 -1.523437500000222E-017
         404           2  0.000000000000000E+000 -9.765625000001764E-018
         405           1  0.000000000000000E+000 -1.523437500000010E-017
         405           2  0.000000000000000E+000 -9.765625000000636E-018
         406           1  0.000000000000000E+000 -1.523437500000258E-017
         406           2  0.000000000000000E+000 -9.765625000001202E-018
         407           1  0.000000000000000E+000 -1.523437500000428E-017
         407           2  0.000000000000000E+000 -9.765625000002485E-018
         408           1  0.000000000000000E+000 -1.523437500000161E-017
         408           2  0.000000000000000E+000 -9.765625000001072E-018
         409           1  0.000000000000000E+000 -1.523437499999962E-017
         409           2  0.000000000000000E+000 -9.765624999999629E-018
         410           1  0.000000000000000E+000 -1.523437500000033E-017
         410           2  0.000000000000000E+000 -9.765625000000479E-018
         411           1  0.000000000000000E+000 -1.523437500000044E-017
         411           2  0.000000000000000E+000 -9.765625000001362E-018
         412           1  0.000000000000000E+000 -1.523437499999982E-017
         412           2  0.000000000000000E+000 -9.765625000000351E-018
         413           1  0.000000000000000E+000 -1.523437499999951E-017
         413           2  0.000000000000000E+000 -9.765625000000179E-018
         414           1  0.000000000000000E+000 -1.523437500000161E-017
         414           2  0.000000000000000E+000 -9.765625000001416E-018
         415           1  0.000000000000000E+000 -1.523437500000243E-017
         415           2  0.000000000000000E+000 -9.765625000001046E-018
         416           1  0.000000000000000E+000 -1.523437500000362E-017
         416           2  0.000000000000000E+000 -9.765625000001852E-018
         417           1  0.000000000000000E+000 -1.523437500000159E-017
         417           2  0.000000000000000E+000 -9.765625000001205E-018
         418           1  0.000000000000000E+000 -1.523437500000087E-017
         418           2  0.000000000000000E+000 -9.765624999999908E-018
         419           1  0.000000000000000E+000 -1.523437500000138E-017
         419           2  0.000000000000000E+000 -9.765625000000613E-018
         420           1  0.000000000000000E+000 -1.523437500000133E-017
         420           2  0.000000000000000E+000 -9.765625000000687E-018
         421           1  0.000000000000000E+000 -1.523437499999936E-017
         421           2  0.000000000000000E+000 -9.765624999999840E-018
         422           1  0.000000000000000E+000 -1.523437499999903E-017
         422           2  0.000000000000000E+000 -9.765624999999456E-018
         423           1  0.000000000000000E+000 -1.523437499999181E-017
         423           2  0.000000000000000E+000 -9.765624999996342E-018
         424           1  0.000000000000000E+000 -1.523437499999538E-017
         424           2  0.000000000000000E+000 -9.765624999996778E-018
         425           1  0.000000000000000E+000 -1.523437499999871E-017
         425           2  0.000000000000000E+000 -9.765624999999384E-018
         426           1  0.000000000000000E+000 -1.523437499999640E-017
         426           2  0.000000000000000E+000 -9.765624999997182E-018
         427           1  0.000000000000000E+000 -1.523437499999682E-017
         427           2  0.000000000000000E+000 -9.765624999998236E-018
         428           1  0.000000000000000E+000 -1.523437500000087E-017
         428           2  0.000000000000000E+000 -9.765625000000532E-018
         429           1  0.000000000000000E+000 -1.523437500000142E-017
         429           2  0.000000000000000E+000 -9.765625000000425E-018
         430           1  0.000000000000000E+000 -1.523437499999869E-017
         430           2  0.000000000000000E+000 -9.765624999999963E-018
         431           1  0.000000000000000E+000 -1.523437500000335E-017
         431           2  0.000000000000000E+000 -9.765625000001413E-018
         432           1  0.000000000000000E+000 -1.523437500000177E-017
         432           2  0.000000000000000E+000 -9.765625000000769E-018
         433           1  0.000000000000000E+000 -1.523437500000306E-017
         433           2  0.000000000000000E+000 -9.765625000001743E-018
         434           1  0.000000000000000E+000 -1.523437500000191E-017
         434           2  0.000000000000000E+000 -9.765625000000764E-018
         435           1  0.000000000000000E+000 -1.523437499999893E-017
         435           2  0.000000000000000E+000 -9.765624999999606E-018
         436           1  0.000000000000000E+000 -1.523437500000215E-017
         436           2  0.000000000000000E+000 -9.765625000000485E-018
         437           1  0.000000000000000E+000 -1.523437500000183E-017
         437           2  0.000000000000000E+000 -9.765625000001535E-018
         438           1  0.000000000000000E+000 -1.523437500000094E-017
         438           2  0.000000000000000E+000 -9.765625000000618E-018
         439           1  0.000000000000000E+000 -1.523437500000270E-017
         439           2  0.000000000000000E+000 -9.765625000001590E-018
         440           1  0.000000000000000E+000 -1.523437500000255E-017
         440           2  0.000000000000000E+000 -9.765625000002065E-018
         441           1  0.000000000000000E+000 -1.523437500000089E-017
         441           2  0.000000000000000E+000 -9.765625000001205E-018
         442           1  0.000000000000000E+000 -1.523437500000379E-017
         442           2  0.000000000000000E+000 -9.765625000001787E-018
         443           1  0.000000000000000E+000 -1.523437500000183E-017
         443           2  0.000000000000000E+000 -9.765625000001142E-018
         444           1  0.000000000000000E+000 -1.523437500000188E-017
         444           2  0.000000000000000E+000 -9.765625000001189E-018
         445           1  0.000000000000000E+000 -1.523437500000040E-017
         445           2  0.000000000000000E+000 -9.765625000000046E-018
         446           1  0.000000000000000E+000 -1.523437500000049E-017
         446           2  0.000000000000000E+000 -9.765624999999898E-018
         447           1  0.000000000000000E+000 -1.523437499999732E-017
         447           2  0.000000000000000E+000 -9.765624999998929E-018
         448           1  0.000000000000000E+000 -1.523437499999563E-017
         448           2  0.000000000000000E+000 -9.765624999998142E-018
         449           1  0.000000000000000E+000 -1.523437499999878E-017
         449           2  0.000000000000000E+000 -9.765624999998971E-018
         450           1  0.000000000000000E+000 -1.523437499999901E-017
         450           2  0.000000000000000E+000 -9.765624999999256E-018
         451           1  0.000000000000000E+000 -1.523437499999771E-017
         451           2  0.000000000000000E+000 -9.765624999998493E-018
         452           1  0.000000000000000E+000 -1.523437499999755E-017
         452           2  0.000000000000000E+000 -9.765624999997583E-018
         453           1  0.000000000000000E+000 -1.523437500000026E-017
         453           2  0.000000000000000E+000 -9.765625000000154E-018
         454           1  0.000000000000000E+000 -1.523437499999839E-017
         454           2  0.000000000000000E+000 -9.765624999998065E-018
         455           1  0.000000000000000E+000 -1.523437499999777E-017
         455           2  0.000000000000000E+000 -9.765624999998558E-018
         456           1  0.000000000000000E+000 -1.523437499999736E-017
         456           2  0.000000000000000E+000 -9.765624999998415E-018
         457           1  0.000000000000000E+000 -1.523437500000192E-017
         457           2  0.000000000000000E+000 -9.765625000000832E-018
         458           1  0.000000000000000E+000 -1.523437500000195E-017
         458           2  0.000000000000000E+000 -9.765625000001367E-018
         459           1  0.000000000000000E+000 -1.523437500000046E-017
         459           2  0.000000000000000E+000 -9.765624999999655E-018
         460           1  0.000000000000000E+000 -1.523437499999792E-017
         460           2  0.000000000000000E+000 -9.765624999998943E-018
         461           1  0.000000000000000E+000 -1.523437499999992E-017
         461           2  0.000000000000000E+000 -9.765624999999772E-018
         462           1  0.000000000000000E+000 -1.523437499999886E-017
         462           2  0.000000000000000E+000 -9.765624999999672E-018
         463           1  0.000000000000000E+000 -1.523437499999896E-017
         463           2  0.000000000000000E+000 -9.765624999999852E-018
         464           1  0.000000000000000E+000 -1.523437500000461E-017
         464           2  0.000000000000000E+000 -9.765625000003764E-018
         465           1  0.000000000000000E+000 -1.523437500000161E-017
         465           2  0.000000000000000E+000 -9.765625000001521E-018
         466           1  0.000000000000000E+000 -1.523437500000010E-017
         466           2  0.000000000000000E+000 -9.765625000000102E-018
         467           1  0.000000000000000E+000 -1.523437500000317E-017
         467           2  0.000000000000000E+000 -9.765625000001163E-018
         468           1  0.000000000000000E+000 -1.523437500000377E-017
         468           2  0.000000000000000E+000 -9.765625000001419E-018
         469           1  0.000000000000000E+000 -1.523437500000051E-017
         469           2  0.000000000000000E+000 -9.765625000000314E-018
         470           1  0.000000000000000E+000 -1.523437499999647E-017
         470           2  0.000000000000000E+000 -9.765624999999906E-018
         471           1  0.000000000000000E+000 -1.523437499999936E-017
         471           2  0.000000000000000E+000 -9.765624999999723E-018
         472           1  0.000000000000000E+000 -1.523437499999984E-017
         472           2  0.000000000000000E+000 -9.765625000000313E-018
         473           1  0.000000000000000E+000 -1.523437500000110E-017
         473           2  0.000000000000000E+000 -9.765624999999963E-018
         474           1  0.000000000000000E+000 -1.523437500000179E-017
         474           2  0.000000000000000E+000 -9.765625000000552E-018
         475           1  0.000000000000000E+000 -1.523437500000013E-017
         475           2  0.000000000000000E+000 -9.765624999999297E-018
         476           1  0.000000000000000E+000 -1.523437500000548E-017
         476           2  0.000000000000000E+000 -9.765625000002393E-018
         477           1  0.000000000000000E+000 -1.523437500000216E-017
         477           2  0.000000000000000E+000 -9.765625000000758E-018
         478           1  0.000000000000000E+000 -1.523437499999641E-017
         478           2  0.000000000000000E+000 -9.765624999997563E-018
         479           1  0.000000000000000E+000 -1.523437499999550E-017
         479           2  0.000000000000000E+000 -9.765624999997402E-018
         480           1  0.000000000000000E+000 -1.523437500000150E-017
         480           2  0.000000000000000E+000 -9.765625000000698E-018
         481           1  0.000000000000000E+000 -1.523437500000029E-017
         481           2  0.000000000000000E+000 -9.765624999999552E-018
         482           1  0.000000000000000E+000 -1.523437500000159E-017
         482           2  0.000000000000000E+000 -9.765625000001333E-018
         483           1  0.000000000000000E+000 -1.523437500000142E-017
         483           2  0.000000000000000E+000 -9.765625000001605E-018
         484           1  0.000000000000000E+000 -1.523437499999872E-017
         484           2  0.000000000000000E+000 -9.765624999999109E-018
         485           1  0.000000000000000E+000 -1.523437499999908E-017
         485           2  0.000000000000000E+000 -9.765625000000604E-018
         486           1  0.000000000000000E+000 -1.523437500000022E-017
         486           2  0.000000000000000E+000 -9.765624999999806E-018
         487           1  0.000000000000000E+000 -1.523437499999924E-017
         487           2  0.000000000000000E+000 -9.765624999999056E-018
         488           1  0.000000000000000E+000 -1.523437499999904E-017
         488           2  0.000000000000000E+000 -9.765624999999219E-018
         489           1  0.000000000000000E+000 -1.523437500000057E-017
         489           2  0.000000000000000E+000 -9.765625000001012E-018
         490           1  0.000000000000000E+000 -1.523437500000418E-017
         490           2  0.000000000000000E+000 -9.765625000001921E-018
         491           1  0.000000000000000E+000 -1.523437500000436E-017
         491           2  0.000000000000000E+000 -9.765625000001424E-018
         492           1  0.000000000000000E+000 -1.523437500000001E-017
         492           2  0.000000000000000E+000 -9.765624999999929E-018
         493           1  0.000000000000000E+000 -1.523437500000561E-017
         493           2  0.000000000000000E+000 -9.765625000002807E-018
         494           1  0.000000000000000E+000 -1.523437500000011E-017
         494           2  0.000000000000000E+000 -9.765625000000092E-018
         495           1  0.000000000000000E+000 -1.523437500000043E-017
         495           2  0.000000000000000E+000 -9.765624999999846E-018
         496           1  0.000000000000000E+000 -1.523437499999808E-017
         496           2  0.000000000000000E+000 -9.765624999999176E-018
         497           1  0.000000000000000E+000 -1.523437499999685E-017
         497           2  0.000000000000000E+000 -9.765624999997787E-018
         498           1  0.000000000000000E+000 -1.523437499999699E-017
         498           2  0.000000000000000E+000 -9.765624999997182E-018
         499           1  0.000000000000000E+000 -1.523437499999720E-017
         499           2  0.000000000000000E+000 -9.765624999998003E-018
         500           1  0.000000000000000E+000 -1.523437499999538E-017
         500           2  0.000000000000000E+000 -9.765624999997190E-018
         501           1  0.000000000000000E+000 -1.523437500000235E-017
         501           2  0.000000000000000E+000 -9.765625000001567E-018
         502           1  0.000000000000000E+000 -1.523437499999670E-017
         502           2  0.000000000000000E+000 -9.765624999998530E-018
         503           1  0.000000000000000E+000 -1.523437499999407E-017
         503           2  0.000000000000000E+000 -9.765624999997069E-018
         504           1  0.000000000000000E+000 -1.523437499999355E-017
         504           2  0.000000000000000E+000 -9.765624999997259E-018
         505           1  0.000000000000000E+000 -1.523437499999809E-017
         505           2  0.000000000000000E+000 -9.765624999999436E-018
         506           1  0.000000000000000E+000 -1.523437499999896E-017
         506           2  0.000000000000000E+000 -9.765624999999282E-018
         507           1  0.000000000000000E+000 -1.523437499999734E-017
         507           2  0.000000000000000E+000 -9.765624999998952E-018
         508           1  0.000000000000000E+000 -1.523437500000009E-017
         508           2  0.000000000000000E+000 -9.765625000000160E-018
         509           1  0.000000000000000E+000 -1.523437499999890E-017
         509           2  0.000000000000000E+000 -9.765624999999797E-018
         510           1  0.000000000000000E+000 -1.523437499999847E-017
         510           2  0.000000000000000E+000 -9.765625000000542E-018
         511           1  0.000000000000000E+000 -1.523437499999849E-017
         511           2  0.000000000000000E+000 -9.765624999999385E-018
         512           1  0.000000000000000E+000 -1.523437499999850E-017
         512           2  0.000000000000000E+000 -9.765624999999493E-018
         513           1  0.000000000000000E+000 -1.523437499999758E-017
         513           2  0.000000000000000E+000 -9.765624999998559E-018
         514           1  0.000000000000000E+000 -1.523437499999682E-017
         514           2  0.000000000000000E+000 -9.765624999997917E-018
         515           1  0.000000000000000E+000 -1.523437499999670E-017
         515           2  0.000000000000000E+000 -9.765624999998501E-018
         516           1  0.000000000000000E+000 -1.523437500000063E-017
         516           2  0.000000000000000E+000 -9.765624999999619E-018
         517           1  0.000000000000000E+000 -1.523437500000285E-017
         517           2  0.000000000000000E+000 -9.765625000001367E-018
         518           1  0.000000000000000E+000 -1.523437500000426E-017
         518           2  0.000000000000000E+000 -9.765625000002062E-018
         519           1  0.000000000000000E+000 -1.523437500000080E-017
         519           2  0.000000000000000E+000 -9.765625000000126E-018
         520           1  0.000000000000000E+000 -1.523437499999822E-017
         520           2  0.000000000000000E+000 -9.765624999999513E-018
         521           1  0.000000000000000E+000 -1.523437499999893E-017
         521           2  0.000000000000000E+000 -9.765624999999354E-018
         522           1  0.000000000000000E+000 -1.523437499999534E-017
         522           2  0.000000000000000E+000 -9.765624999997353E-018
         523           1  0.000000000000000E+000 -1.523437499999532E-017
         523           2  0.000000000000000E+000 -9.765624999997535E-018
         524           1  0.000000000000000E+000 -1.523437499999616E-017
         524           2  0.000000000000000E+000 -9.765624999997581E-018
         525           1  0.000000000000000E+000 -1.523437499999657E-017
         525           2  0.000000000000000E+000 -9.765624999997994E-018
         526           1  0.000000000000000E+000 -1.523437500000100E-017
         526           2  0.000000000000000E+000 -9.765625000000556E-018
         527           1  0.000000000000000E+000 -1.523437500000114E-017
         527           2  0.000000000000000E+000 -9.765625000000738E-018
         528           1  0.000000000000000E+000 -1.523437499999612E-017
         528           2  0.000000000000000E+000 -9.765624999997687E-018
         529           1  0.000000000000000E+000 -1.523437499999457E-017
         529           2  0.000000000000000E+000 -9.765624999997071E-018
         530           1  0.000000000000000E+000 -1.523437499999634E-017
         530           2  0.000000000000000E+000 -9.765624999998174E-018
         531           1  0.000000000000000E+000 -1.523437499999944E-017
         531           2  0.000000000000000E+000 -9.765624999999593E-018
         532           1  0.000000000000000E+000 -1.523437499999921E-017
         532           2  0.000000000000000E+000 -9.765624999999804E-018
         533           1  0.000000000000000E+000 -1.523437499999716E-017
         533           2  0.000000000000000E+000 -9.765624999999844E-018
         534           1  0.000000000000000E+000 -1.523437499999986E-017
         534           2  0.000000000000000E+000 -9.765625000000575E-018
         535           1  0.000000000000000E+000 -1.523437500000208E-017
         535           2  0.000000000000000E+000 -9.765625000000963E-018
         536           1  0.000000000000000E+000 -1.523437500000207E-017
         536           2  0.000000000000000E+000 -9.765625000000827E-018
         537           1  0.000000000000000E+000 -1.523437500000020E-017
         537           2  0.000000000000000E+000 -9.765625000000083E-018
         538           1  0.000000000000000E+000 -1.523437499999692E-017
         538           2  0.000000000000000E+000 -9.765624999998960E-018
         539           1  0.000000000000000E+000 -1.523437499999466E-017
         539           2  0.000000000000000E+000 -9.765624999997972E-018
         540           1  0.000000000000000E+000 -1.523437499999939E-017
         540           2  0.000000000000000E+000 -9.765624999999590E-018
         541           1  0.000000000000000E+000 -1.523437499999466E-017
         541           2  0.000000000000000E+000 -9.765624999997481E-018
         542           1  0.000000000000000E+000 -1.523437499999640E-017
         542           2  0.000000000000000E+000 -9.765624999997826E-018
         543           1  0.000000000000000E+000 -1.523437500000037E-017
         543           2  0.000000000000000E+000 -9.765625000000744E-018
         544           1  0.000000000000000E+000 -1.523437500000030E-017
         544           2  0.000000000000000E+000 -9.765624999999505E-018
         545           1  0.000000000000000E+000 -1.523437499999877E-017
         545           2  0.000000000000000E+000 -9.765624999999071E-018
         546           1  0.000000000000000E+000 -1.523437499999751E-017
         546           2  0.000000000000000E+000 -9.765624999999103E-018
         547           1  0.000000000000000E+000 -1.523437499999748E-017
         547           2  0.000000000000000E+000 -9.765624999998288E-018
         548           1  0.000000000000000E+000 -1.523437499999613E-017
         548           2  0.000000000000000E+000 -9.765624999997498E-018
         549           1  0.000000000000000E+000 -1.523437499999656E-017
         549           2  0.000000000000000E+000 -9.765624999998442E-018
         550           1  0.000000000000000E+000 -1.523437499999676E-017
         550           2  0.000000000000000E+000 -9.765624999999097E-018
         551           1  0.000000000000000E+000 -1.523437500000183E-017
         551           2  0.000000000000000E+000 -9.765625000000287E-018
         552           1  0.000000000000000E+000 -1.523437500000181E-017
         552           2  0.000000000000000E+000 -9.765625000000565E-018
         553           1  0.000000000000000E+000 -1.523437500000100E-017
         553           2  0.000000000000000E+000 -9.765625000000830E-018
         554           1  0.000000000000000E+000 -1.523437499999938E-017
         554           2  0.000000000000000E+000 -9.765624999999686E-018
         555           1  0.000000000000000E+000 -1.523437499999981E-017
         555           2  0.000000000000000E+000 -9.765624999999931E-018
         556           1  0.000000000000000E+000 -1.523437499999524E-017
         556           2  0.000000000000000E+000 -9.765624999997298E-018
         557           1  0.000000000000000E+000 -1.523437499999791E-017
         557           2  0.000000000000000E+000 -9.765624999998871E-018
         558           1  0.000000000000000E+000 -1.523437499999178E-017
         558           2  0.000000000000000E+000 -9.765624999996781E-018
         559           1  0.000000000000000E+000 -1.523437500000087E-017
         559           2  0.000000000000000E+000 -9.765625000000410E-018
         560           1  0.000000000000000E+000 -1.523437500000192E-017
         560           2  0.000000000000000E+000 -9.765625000001048E-018
         561           1  0.000000000000000E+000 -1.523437500000099E-017
         561           2  0.000000000000000E+000 -9.765625000001062E-018
         562           1  0.000000000000000E+000 -1.523437499999984E-017
         562           2  0.000000000000000E+000 -9.765625000000450E-018
         563           1  0.000000000000000E+000 -1.523437500000077E-017
         563           2  0.000000000000000E+000 -9.765625000000416E-018
         564           1  0.000000000000000E+000 -1.523437499999684E-017
         564           2  0.000000000000000E+000 -9.765624999998005E-018
         565           1  0.000000000000000E+000 -1.523437499999672E-017
         565           2  0.000000000000000E+000 -9.765624999998559E-018
         566           1  0.000000000000000E+000 -1.523437499999947E-017
         566           2  0.000000000000000E+000 -9.765625000000046E-018
         567           1  0.000000000000000E+000 -1.523437500000077E-017
         567           2  0.000000000000000E+000 -9.765625000000914E-018
         568           1  0.000000000000000E+000 -1.523437500000118E-017
         568           2  0.000000000000000E+000 -9.765625000000891E-018
         569           1  0.000000000000000E+000 -1.523437500000150E-017
         569           2  0.000000000000000E+000 -9.765625000000783E-018
         570           1  0.000000000000000E+000 -1.523437500000061E-017
         570           2  0.000000000000000E+000 -9.765625000000202E-018
         571           1  0.000000000000000E+000 -1.523437499999932E-017
         571           2  0.000000000000000E+000 -9.765624999999790E-018
         572           1  0.000000000000000E+000 -1.523437500000054E-017
         572           2  0.000000000000000E+000 -9.765625000000456E-018
         573           1  0.000000000000000E+000 -1.523437499999836E-017
         573           2  0.000000000000000E+000 -9.765624999999428E-018
         574           1  0.000000000000000E+000 -1.523437499999782E-017
         574           2  0.000000000000000E+000 -9.765624999999604E-018
         575           1  0.000000000000000E+000 -1.523437499999928E-017
         575           2  0.000000000000000E+000 -9.765625000000340E-018
         576           1  0.000000000000000E+000 -1.523437499999824E-017
         576           2  0.000000000000000E+000 -9.765624999999823E-018
         577           1  0.000000000000000E+000 -1.523437499999877E-017
         577           2  0.000000000000000E+000 -9.765624999999977E-018
         578           1  0.000000000000000E+000 -1.523437499999850E-017
         578           2  0.000000000000000E+000 -9.765624999999884E-018
         579           1  0.000000000000000E+000 -1.523437499999980E-017
         579           2  0.000000000000000E+000 -9.765625000000159E-018
         580           1  0.000000000000000E+000 -1.523437499999759E-017
         580           2  0.000000000000000E+000 -9.765624999998566E-018
         581           1  0.000000000000000E+000 -1.523437500000127E-017
         581           2  0.000000000000000E+000 -9.765625000000385E-018
         582           1  0.000000000000000E+000 -1.523437499999473E-017
         582           2  0.000000000000000E+000 -9.765624999998344E-018
         583           1  0.000000000000000E+000 -1.523437499999874E-017
         583           2  0.000000000000000E+000 -9.765624999999186E-018
         584           1  0.000000000000000E+000 -1.523437499999856E-017
         584           2  0.000000000000000E+000 -9.765625000000827E-018
         585           1  0.000000000000000E+000 -1.523437500000188E-017
         585           2  0.000000000000000E+000 -9.765625000000941E-018
         586           1  0.000000000000000E+000 -1.523437500000355E-017
         586           2  0.000000000000000E+000 -9.765625000000596E-018
         587           1  0.000000000000000E+000 -1.523437500000349E-017
         587           2  0.000000000000000E+000 -9.765625000001048E-018
         588           1  0.000000000000000E+000 -1.523437500000104E-017
         588           2  0.000000000000000E+000 -9.765625000000260E-018
         589           1  0.000000000000000E+000 -1.523437499999924E-017
         589           2  0.000000000000000E+000 -9.765624999998980E-018
         590           1  0.000000000000000E+000 -1.523437499999727E-017
         590           2  0.000000000000000E+000 -9.765624999998681E-018
         591           1  0.000000000000000E+000 -1.523437499999980E-017
         591           2  0.000000000000000E+000 -9.765625000000096E-018
         592           1  0.000000000000000E+000 -1.523437500000187E-017
         592           2  0.000000000000000E+000 -9.765625000000944E-018
         593           1  0.000000000000000E+000 -1.523437500000215E-017
         593           2  0.000000000000000E+000 -9.765625000001202E-018
         594           1  0.000000000000000E+000 -1.523437499999611E-017
         594           2  0.000000000000000E+000 -9.765624999997897E-018
         595           1  0.000000000000000E+000 -1.523437500000118E-017
         595           2  0.000000000000000E+000 -9.765624999999840E-018
         596           1  0.000000000000000E+000 -1.523437499999646E-017
         596           2  0.000000000000000E+000 -9.765624999998475E-018
         597           1  0.000000000000000E+000 -1.523437499999529E-017
         597           2  0.000000000000000E+000 -9.765624999997689E-018
         598           1  0.000000000000000E+000 -1.523437499999843E-017
         598           2  0.000000000000000E+000 -9.765624999999738E-018
         599           1  0.000000000000000E+000 -1.523437499999836E-017
         599           2  0.000000000000000E+000 -9.765625000000082E-018
         600           1  0.000000000000000E+000 -1.523437499999811E-017
         600           2  0.000000000000000E+000 -9.765625000000394E-018
         601           1  0.000000000000000E+000 -1.523437499999286E-017
         601           2  0.000000000000000E+000 -9.765624999998499E-018
         602           1  0.000000000000000E+000 -1.523437499999262E-017
         602           2  0.000000000000000E+000 -9.765624999998139E-018
         603           1  0.000000000000000E+000 -1.523437499999855E-017
         603           2  0.000000000000000E+000 -9.765624999999647E-018
         604           1  0.000000000000000E+000 -1.523437500000001E-017
         604           2  0.000000000000000E+000 -9.765625000000168E-018
         605           1  0.000000000000000E+000 -1.523437500000280E-017
         605           2  0.000000000000000E+000 -9.765625000000786E-018
         606           1  0.000000000000000E+000 -1.523437499999925E-017
         606           2  0.000000000000000E+000 -9.765624999999743E-018
         607           1  0.000000000000000E+000 -1.523437499999585E-017
         607           2  0.000000000000000E+000 -9.765624999998427E-018
         608           1  0.000000000000000E+000 -1.523437499999914E-017
         608           2  0.000000000000000E+000 -9.765624999999780E-018
         609           1  0.000000000000000E+000 -1.523437500000231E-017
         609           2  0.000000000000000E+000 -9.765625000002365E-018
         610           1  0.000000000000000E+000 -1.523437499999937E-017
         610           2  0.000000000000000E+000 -9.765624999998932E-018
         611           1  0.000000000000000E+000 -1.523437500000346E-017
         611           2  0.000000000000000E+000 -9.765625000001045E-018
         612           1  0.000000000000000E+000 -1.523437500000646E-017
         612           2  0.000000000000000E+000 -9.765625000002254E-018
         613           1  0.000000000000000E+000 -1.523437500000325E-017
         613           2  0.000000000000000E+000 -9.765625000001327E-018
         614           1  0.000000000000000E+000 -1.523437500000556E-017
         614           2  0.000000000000000E+000 -9.765625000002516E-018
         615           1  0.000000000000000E+000 -1.523437500000305E-017
         615           2  0.000000000000000E+000 -9.765625000001089E-018
         616           1  0.000000000000000E+000 -1.523437500000267E-017
         616           2  0.000000000000000E+000 -9.765625000000701E-018
         617           1  0.000000000000000E+000 -1.523437500000212E-017
         617           2  0.000000000000000E+000 -9.765625000000729E-018
         618           1  0.000000000000000E+000 -1.523437500000125E-017
         618           2  0.000000000000000E+000 -9.765624999999539E-018
         619           1  0.000000000000000E+000 -1.523437500000026E-017
         619           2  0.000000000000000E+000 -9.765624999999455E-018
         620           1  0.000000000000000E+000 -1.523437500000012E-017
         620           2  0.000000000000000E+000 -9.765624999999156E-018
         621           1  0.000000000000000E+000 -1.523437499999744E-017
         621           2  0.000000000000000E+000 -9.765624999998749E-018
         622           1  0.000000000000000E+000 -1.523437499999691E-017
         622           2  0.000000000000000E+000 -9.765624999998199E-018
         623           1  0.000000000000000E+000 -1.523437499999425E-017
         623           2  0.000000000000000E+000 -9.765624999998109E-018
         624           1  0.000000000000000E+000 -1.523437499999577E-017
         624           2  0.000000000000000E+000 -9.765624999999473E-018
         625           1  0.000000000000000E+000 -1.523437500000306E-017
         625           2  0.000000000000000E+000 -9.765625000002393E-018
