           1           1  0.000000000000000E+000 -1.562499999998796E-017
           1           2  0.000000000000000E+000 -9.374999999991325E-018
           2           1  0.000000000000000E+000 -1.562499999999042E-017
           2           2  0.000000000000000E+000 -9.374999999993088E-018
           3           1  0.000000000000000E+000 -1.562499999999089E-017
           3           2  0.000000000000000E+000 -9.374999999991715E-018
           4           1  0.000000000000000E+000 -1.562499999999368E-017
           4           2  0.000000000000000E+000 -9.374999999993473E-018
           5           1  0.000000000000000E+000 -1.562499999999960E-017
           5           2  0.000000000000000E+000 -9.374999999999442E-018
           6           1  0.000000000000000E+000 -1.562499999999825E-017
           6           2  0.000000000000000E+000 -9.374999999997206E-018
           7           1  0.000000000000000E+000 -1.562499999999975E-017
           7           2  0.000000000000000E+000 -9.374999999999305E-018
           8           1  0.000000000000000E+000 -1.562499999998695E-017
           8           2  0.000000000000000E+000 -9.374999999991615E-018
           9           1  0.000000000000000E+000 -1.562499999999707E-017
           9           2  0.000000000000000E+000 -9.374999999997895E-018
          10           1  0.000000000000000E+000 -1.562499999998373E-017
          10           2  0.000000000000000E+000 -9.374999999988024E-018
          11           1  0.000000000000000E+000 -1.562499999999770E-017
          11           2  0.000000000000000E+000 -9.374999999998323E-018
          12           1  0.000000000000000E+000 -1.562499999999866E-017
          12           2  0.000000000000000E+000 -9.374999999998943E-018
          13           1  0.000000000000000E+000 -1.562499999999900E-017
          13           2  0.000000000000000E+000 -9.374999999999380E-018
          14           1  0.000000000000000E+000 -1.562499999999959E-017
          14           2  0.000000000000000E+000 -9.374999999999741E-018
          15           1  0.000000000000000E+000 -1.562499999999975E-017
          15           2  0.000000000000000E+000 -9.375000000000595E-018
          16           1  0.000000000000000E+000 -1.562500000000031E-017
          16           2  0.000000000000000E+000 -9.375000000000208E-018
          17           1  0.000000000000000E+000 -1.562499999999921E-017
          17           2  0.000000000000000E+000 -9.374999999999541E-018
          18           1  0.000000000000000E+000 -1.562499999999899E-017
          18           2  0.000000000000000E+000 -9.374999999999109E-018
          19           1  0.000000000000000E+000 -1.562499999999899E-017
          19           2  0.000000000000000E+000 -9.374999999999585E-018
          20           1  0.000000000000000E+000 -1.562499999999830E-017
          20           2  0.000000000000000E+000 -9.375000000000031E-018
          21           1  0.000000000000000E+000 -1.562499999998723E-017
          21           2  0.000000000000000E+000 -9.374999999990594E-018
          22           1  0.000000000000000E+000 -1.562499999999014E-017
          22           2  0.000000000000000E+000 -9.374999999992182E-018
          23           1  0.000000000000000E+000 -1.562499999999179E-017
          23           2  0.000000000000000E+000 -9.374999999992647E-018
          24           1  0.000000000000000E+000 -1.562499999999306E-017
          24           2  0.000000000000000E+000 -9.374999999994056E-018
          25           1  0.000000000000000E+000 -1.562499999999686E-017
          25           2  0.000000000000000E+000 -9.374999999996385E-018
          26           1  0.000000000000000E+000 -1.562499999999873E-017
          26           2  0.000000000000000E+000 -9.374999999998832E-018
          27           1  0.000000000000000E+000 -1.562499999999838E-017
          27           2  0.000000000000000E+000 -9.374999999998652E-018
          28           1  0.000000000000000E+000 -1.562499999999495E-017
          28           2  0.000000000000000E+000 -9.374999999995573E-018
          29           1  0.000000000000000E+000 -1.562499999998578E-017
          29           2  0.000000000000000E+000 -9.374999999991053E-018
          30           1  0.000000000000000E+000 -1.562499999998618E-017
          30           2  0.000000000000000E+000 -9.374999999990164E-018
          31           1  0.000000000000000E+000 -1.562500000000036E-017
          31           2  0.000000000000000E+000 -9.375000000000607E-018
          32           1  0.000000000000000E+000 -1.562499999999934E-017
          32           2  0.000000000000000E+000 -9.374999999999323E-018
          33           1  0.000000000000000E+000 -1.562499999999905E-017
          33           2  0.000000000000000E+000 -9.374999999999441E-018
          34           1  0.000000000000000E+000 -1.562499999999943E-017
          34           2  0.000000000000000E+000 -9.374999999999712E-018
          35           1  0.000000000000000E+000 -1.562500000000082E-017
          35           2  0.000000000000000E+000 -9.375000000000468E-018
          36           1  0.000000000000000E+000 -1.562500000000106E-017
          36           2  0.000000000000000E+000 -9.375000000000387E-018
          37           1  0.000000000000000E+000 -1.562500000000006E-017
          37           2  0.000000000000000E+000 -9.374999999999867E-018
          38           1  0.000000000000000E+000 -1.562499999999815E-017
          38           2  0.000000000000000E+000 -9.374999999999291E-018
          39           1  0.000000000000000E+000 -1.562500000000027E-017
          39           2  0.000000000000000E+000 -9.375000000000434E-018
          40           1  0.000000000000000E+000 -1.562500000000000E-017
          40           2  0.000000000000000E+000 -9.374999999999843E-018
          41           1  0.000000000000000E+000 -1.562499999998526E-017
          41           2  0.000000000000000E+000 -9.374999999989441E-018
          42           1  0.000000000000000E+000 -1.562499999999093E-017
          42           2  0.000000000000000E+000 -9.374999999992641E-018
          43           1  0.000000000000000E+000 -1.562499999998909E-017
          43           2  0.000000000000000E+000 -9.374999999992019E-018
          44           1  0.000000000000000E+000 -1.562499999999131E-017
          44           2  0.000000000000000E+000 -9.374999999991079E-018
          45           1  0.000000000000000E+000 -1.562499999999538E-017
          45           2  0.000000000000000E+000 -9.374999999996630E-018
          46           1  0.000000000000000E+000 -1.562499999999841E-017
          46           2  0.000000000000000E+000 -9.374999999997716E-018
          47           1  0.000000000000000E+000 -1.562500000000017E-017
          47           2  0.000000000000000E+000 -9.374999999997626E-018
          48           1  0.000000000000000E+000 -1.562500000000020E-017
          48           2  0.000000000000000E+000 -9.375000000000320E-018
          49           1  0.000000000000000E+000 -1.562499999999201E-017
          49           2  0.000000000000000E+000 -9.374999999995068E-018
          50           1  0.000000000000000E+000 -1.562499999999787E-017
          50           2  0.000000000000000E+000 -9.374999999998424E-018
          51           1  0.000000000000000E+000 -1.562500000000045E-017
          51           2  0.000000000000000E+000 -9.375000000000749E-018
          52           1  0.000000000000000E+000 -1.562499999999929E-017
          52           2  0.000000000000000E+000 -9.374999999999565E-018
          53           1  0.000000000000000E+000 -1.562499999999867E-017
          53           2  0.000000000000000E+000 -9.375000000000071E-018
          54           1  0.000000000000000E+000 -1.562499999999986E-017
          54           2  0.000000000000000E+000 -9.374999999999749E-018
          55           1  0.000000000000000E+000 -1.562500000000021E-017
          55           2  0.000000000000000E+000 -9.375000000000541E-018
          56           1  0.000000000000000E+000 -1.562500000000137E-017
          56           2  0.000000000000000E+000 -9.375000000000690E-018
          57           1  0.000000000000000E+000 -1.562500000000025E-017
          57           2  0.000000000000000E+000 -9.375000000000362E-018
          58           1  0.000000000000000E+000 -1.562499999999959E-017
          58           2  0.000000000000000E+000 -9.375000000000314E-018
          59           1  0.000000000000000E+000 -1.562499999999944E-017
          59           2  0.000000000000000E+000 -9.374999999999026E-018
          60           1  0.000000000000000E+000 -1.562499999999930E-017
          60           2  0.000000000000000E+000 -9.374999999999159E-018
          61           1  0.000000000000000E+000 -1.562499999998799E-017
          61           2  0.000000000000000E+000 -9.374999999989375E-018
          62           1  0.000000000000000E+000 -1.562499999998892E-017
          62           2  0.000000000000000E+000 -9.374999999991973E-018
          63           1  0.000000000000000E+000 -1.562499999999015E-017
          63           2  0.000000000000000E+000 -9.374999999992211E-018
          64           1  0.000000000000000E+000 -1.562499999999280E-017
          64           2  0.000000000000000E+000 -9.374999999992541E-018
          65           1  0.000000000000000E+000 -1.562499999999435E-017
          65           2  0.000000000000000E+000 -9.374999999997572E-018
          66           1  0.000000000000000E+000 -1.562499999999792E-017
          66           2  0.000000000000000E+000 -9.374999999999481E-018
          67           1  0.000000000000000E+000 -1.562500000000081E-017
          67           2  0.000000000000000E+000 -9.374999999999365E-018
          68           1  0.000000000000000E+000 -1.562500000000106E-017
          68           2  0.000000000000000E+000 -9.375000000002536E-018
          69           1  0.000000000000000E+000 -1.562499999999811E-017
          69           2  0.000000000000000E+000 -9.374999999998182E-018
          70           1  0.000000000000000E+000 -1.562499999999213E-017
          70           2  0.000000000000000E+000 -9.374999999995741E-018
          71           1  0.000000000000000E+000 -1.562499999999995E-017
          71           2  0.000000000000000E+000 -9.374999999999878E-018
          72           1  0.000000000000000E+000 -1.562500000000000E-017
          72           2  0.000000000000000E+000 -9.374999999999367E-018
          73           1  0.000000000000000E+000 -1.562499999999946E-017
          73           2  0.000000000000000E+000 -9.374999999999214E-018
          74           1  0.000000000000000E+000 -1.562499999999958E-017
          74           2  0.000000000000000E+000 -9.374999999999397E-018
          75           1  0.000000000000000E+000 -1.562500000000096E-017
          75           2  0.000000000000000E+000 -9.375000000000679E-018
          76           1  0.000000000000000E+000 -1.562500000000121E-017
          76           2  0.000000000000000E+000 -9.375000000001058E-018
          77           1  0.000000000000000E+000 -1.562500000000002E-017
          77           2  0.000000000000000E+000 -9.375000000000983E-018
          78           1  0.000000000000000E+000 -1.562499999999958E-017
          78           2  0.000000000000000E+000 -9.375000000000713E-018
          79           1  0.000000000000000E+000 -1.562500000000262E-017
          79           2  0.000000000000000E+000 -9.375000000001625E-018
          80           1  0.000000000000000E+000 -1.562499999999929E-017
          80           2  0.000000000000000E+000 -9.374999999999160E-018
          81           1  0.000000000000000E+000 -1.562499999998606E-017
          81           2  0.000000000000000E+000 -9.374999999990398E-018
          82           1  0.000000000000000E+000 -1.562499999998865E-017
          82           2  0.000000000000000E+000 -9.374999999991763E-018
          83           1  0.000000000000000E+000 -1.562499999998994E-017
          83           2  0.000000000000000E+000 -9.374999999991997E-018
          84           1  0.000000000000000E+000 -1.562499999999258E-017
          84           2  0.000000000000000E+000 -9.374999999994447E-018
          85           1  0.000000000000000E+000 -1.562499999999524E-017
          85           2  0.000000000000000E+000 -9.374999999995069E-018
          86           1  0.000000000000000E+000 -1.562499999999917E-017
          86           2  0.000000000000000E+000 -9.374999999998709E-018
          87           1  0.000000000000000E+000 -1.562500000000342E-017
          87           2  0.000000000000000E+000 -9.374999999999336E-018
          88           1  0.000000000000000E+000 -1.562500000000020E-017
          88           2  0.000000000000000E+000 -9.374999999999951E-018
          89           1  0.000000000000000E+000 -1.562500000000148E-017
          89           2  0.000000000000000E+000 -9.375000000001223E-018
          90           1  0.000000000000000E+000 -1.562500000000123E-017
          90           2  0.000000000000000E+000 -9.375000000001650E-018
          91           1  0.000000000000000E+000 -1.562500000000020E-017
          91           2  0.000000000000000E+000 -9.375000000001370E-018
          92           1  0.000000000000000E+000 -1.562499999999950E-017
          92           2  0.000000000000000E+000 -9.374999999999360E-018
          93           1  0.000000000000000E+000 -1.562499999999978E-017
          93           2  0.000000000000000E+000 -9.374999999999374E-018
          94           1  0.000000000000000E+000 -1.562499999999962E-017
          94           2  0.000000000000000E+000 -9.374999999999356E-018
          95           1  0.000000000000000E+000 -1.562500000000048E-017
          95           2  0.000000000000000E+000 -9.375000000000807E-018
          96           1  0.000000000000000E+000 -1.562500000000131E-017
          96           2  0.000000000000000E+000 -9.375000000001462E-018
          97           1  0.000000000000000E+000 -1.562500000000125E-017
          97           2  0.000000000000000E+000 -9.375000000001500E-018
          98           1  0.000000000000000E+000 -1.562500000000004E-017
          98           2  0.000000000000000E+000 -9.375000000000217E-018
          99           1  0.000000000000000E+000 -1.562500000000090E-017
          99           2  0.000000000000000E+000 -9.375000000000755E-018
         100           1  0.000000000000000E+000 -1.562499999999712E-017
         100           2  0.000000000000000E+000 -9.374999999998112E-018
         101           1  0.000000000000000E+000 -1.562499999998695E-017
         101           2  0.000000000000000E+000 -9.374999999991398E-018
         102           1  0.000000000000000E+000 -1.562499999998713E-017
         102           2  0.000000000000000E+000 -9.374999999988832E-018
         103           1  0.000000000000000E+000 -1.562499999998891E-017
         103           2  0.000000000000000E+000 -9.374999999990065E-018
         104           1  0.000000000000000E+000 -1.562499999998780E-017
         104           2  0.000000000000000E+000 -9.374999999992764E-018
         105           1  0.000000000000000E+000 -1.562499999999425E-017
         105           2  0.000000000000000E+000 -9.374999999994395E-018
         106           1  0.000000000000000E+000 -1.562499999999670E-017
         106           2  0.000000000000000E+000 -9.374999999995703E-018
         107           1  0.000000000000000E+000 -1.562500000000080E-017
         107           2  0.000000000000000E+000 -9.374999999997461E-018
         108           1  0.000000000000000E+000 -1.562500000000199E-017
         108           2  0.000000000000000E+000 -9.374999999998943E-018
         109           1  0.000000000000000E+000 -1.562500000000015E-017
         109           2  0.000000000000000E+000 -9.375000000000471E-018
         110           1  0.000000000000000E+000 -1.562500000000372E-017
         110           2  0.000000000000000E+000 -9.374999999998593E-018
         111           1  0.000000000000000E+000 -1.562500000000321E-017
         111           2  0.000000000000000E+000 -9.374999999998647E-018
         112           1  0.000000000000000E+000 -1.562500000000246E-017
         112           2  0.000000000000000E+000 -9.374999999999431E-018
         113           1  0.000000000000000E+000 -1.562499999999959E-017
         113           2  0.000000000000000E+000 -9.374999999999642E-018
         114           1  0.000000000000000E+000 -1.562499999999990E-017
         114           2  0.000000000000000E+000 -9.375000000000057E-018
         115           1  0.000000000000000E+000 -1.562500000000109E-017
         115           2  0.000000000000000E+000 -9.375000000000291E-018
         116           1  0.000000000000000E+000 -1.562500000000146E-017
         116           2  0.000000000000000E+000 -9.375000000001172E-018
         117           1  0.000000000000000E+000 -1.562499999999945E-017
         117           2  0.000000000000000E+000 -9.374999999999835E-018
         118           1  0.000000000000000E+000 -1.562499999999929E-017
         118           2  0.000000000000000E+000 -9.375000000000143E-018
         119           1  0.000000000000000E+000 -1.562499999999906E-017
         119           2  0.000000000000000E+000 -9.374999999999624E-018
         120           1  0.000000000000000E+000 -1.562500000000258E-017
         120           2  0.000000000000000E+000 -9.375000000001143E-018
         121           1  0.000000000000000E+000 -1.562499999998655E-017
         121           2  0.000000000000000E+000 -9.374999999990346E-018
         122           1  0.000000000000000E+000 -1.562499999998380E-017
         122           2  0.000000000000000E+000 -9.374999999988595E-018
         123           1  0.000000000000000E+000 -1.562499999998548E-017
         123           2  0.000000000000000E+000 -9.374999999990145E-018
         124           1  0.000000000000000E+000 -1.562499999998623E-017
         124           2  0.000000000000000E+000 -9.374999999989771E-018
         125           1  0.000000000000000E+000 -1.562499999998985E-017
         125           2  0.000000000000000E+000 -9.374999999990042E-018
         126           1  0.000000000000000E+000 -1.562499999999486E-017
         126           2  0.000000000000000E+000 -9.374999999994453E-018
         127           1  0.000000000000000E+000 -1.562499999999991E-017
         127           2  0.000000000000000E+000 -9.374999999999357E-018
         128           1  0.000000000000000E+000 -1.562499999999829E-017
         128           2  0.000000000000000E+000 -9.374999999996670E-018
         129           1  0.000000000000000E+000 -1.562499999999899E-017
         129           2  0.000000000000000E+000 -9.374999999999499E-018
         130           1  0.000000000000000E+000 -1.562500000000029E-017
         130           2  0.000000000000000E+000 -9.374999999996775E-018
         131           1  0.000000000000000E+000 -1.562500000000145E-017
         131           2  0.000000000000000E+000 -9.374999999995852E-018
         132           1  0.000000000000000E+000 -1.562499999999938E-017
         132           2  0.000000000000000E+000 -9.374999999997900E-018
         133           1  0.000000000000000E+000 -1.562499999999967E-017
         133           2  0.000000000000000E+000 -9.374999999999581E-018
         134           1  0.000000000000000E+000 -1.562500000000028E-017
         134           2  0.000000000000000E+000 -9.375000000000209E-018
         135           1  0.000000000000000E+000 -1.562500000000112E-017
         135           2  0.000000000000000E+000 -9.375000000000898E-018
         136           1  0.000000000000000E+000 -1.562500000000005E-017
         136           2  0.000000000000000E+000 -9.375000000000399E-018
         137           1  0.000000000000000E+000 -1.562499999999911E-017
         137           2  0.000000000000000E+000 -9.374999999999551E-018
         138           1  0.000000000000000E+000 -1.562499999999818E-017
         138           2  0.000000000000000E+000 -9.374999999998487E-018
         139           1  0.000000000000000E+000 -1.562499999999922E-017
         139           2  0.000000000000000E+000 -9.374999999998951E-018
         140           1  0.000000000000000E+000 -1.562500000000100E-017
         140           2  0.000000000000000E+000 -9.375000000000514E-018
         141           1  0.000000000000000E+000 -1.562499999998576E-017
         141           2  0.000000000000000E+000 -9.374999999990463E-018
         142           1  0.000000000000000E+000 -1.562499999998509E-017
         142           2  0.000000000000000E+000 -9.374999999988586E-018
         143           1  0.000000000000000E+000 -1.562499999998466E-017
         143           2  0.000000000000000E+000 -9.374999999987575E-018
         144           1  0.000000000000000E+000 -1.562499999998292E-017
         144           2  0.000000000000000E+000 -9.374999999987756E-018
         145           1  0.000000000000000E+000 -1.562499999998672E-017
         145           2  0.000000000000000E+000 -9.374999999988789E-018
         146           1  0.000000000000000E+000 -1.562499999998973E-017
         146           2  0.000000000000000E+000 -9.374999999990027E-018
         147           1  0.000000000000000E+000 -1.562499999999429E-017
         147           2  0.000000000000000E+000 -9.374999999990150E-018
         148           1  0.000000000000000E+000 -1.562499999999457E-017
         148           2  0.000000000000000E+000 -9.374999999992362E-018
         149           1  0.000000000000000E+000 -1.562499999999490E-017
         149           2  0.000000000000000E+000 -9.374999999993837E-018
         150           1  0.000000000000000E+000 -1.562499999999541E-017
         150           2  0.000000000000000E+000 -9.374999999996650E-018
         151           1  0.000000000000000E+000 -1.562499999999523E-017
         151           2  0.000000000000000E+000 -9.374999999995686E-018
         152           1  0.000000000000000E+000 -1.562499999999986E-017
         152           2  0.000000000000000E+000 -9.374999999999763E-018
         153           1  0.000000000000000E+000 -1.562499999999981E-017
         153           2  0.000000000000000E+000 -9.374999999999400E-018
         154           1  0.000000000000000E+000 -1.562500000000024E-017
         154           2  0.000000000000000E+000 -9.375000000000035E-018
         155           1  0.000000000000000E+000 -1.562500000000094E-017
         155           2  0.000000000000000E+000 -9.375000000000749E-018
         156           1  0.000000000000000E+000 -1.562499999999974E-017
         156           2  0.000000000000000E+000 -9.375000000000296E-018
         157           1  0.000000000000000E+000 -1.562499999999908E-017
         157           2  0.000000000000000E+000 -9.374999999999172E-018
         158           1  0.000000000000000E+000 -1.562499999999892E-017
         158           2  0.000000000000000E+000 -9.374999999999430E-018
         159           1  0.000000000000000E+000 -1.562499999999949E-017
         159           2  0.000000000000000E+000 -9.374999999999273E-018
         160           1  0.000000000000000E+000 -1.562499999999990E-017
         160           2  0.000000000000000E+000 -9.374999999999947E-018
         161           1  0.000000000000000E+000 -1.562499999998461E-017
         161           2  0.000000000000000E+000 -9.374999999989002E-018
         162           1  0.000000000000000E+000 -1.562499999998387E-017
         162           2  0.000000000000000E+000 -9.374999999987202E-018
         163           1  0.000000000000000E+000 -1.562499999998438E-017
         163           2  0.000000000000000E+000 -9.374999999985292E-018
         164           1  0.000000000000000E+000 -1.562499999998406E-017
         164           2  0.000000000000000E+000 -9.374999999985891E-018
         165           1  0.000000000000000E+000 -1.562499999998602E-017
         165           2  0.000000000000000E+000 -9.374999999986879E-018
         166           1  0.000000000000000E+000 -1.562499999999077E-017
         166           2  0.000000000000000E+000 -9.374999999990721E-018
         167           1  0.000000000000000E+000 -1.562499999999885E-017
         167           2  0.000000000000000E+000 -9.374999999998850E-018
         168           1  0.000000000000000E+000 -1.562499999999449E-017
         168           2  0.000000000000000E+000 -9.374999999992213E-018
         169           1  0.000000000000000E+000 -1.562499999999415E-017
         169           2  0.000000000000000E+000 -9.374999999993245E-018
         170           1  0.000000000000000E+000 -1.562499999998821E-017
         170           2  0.000000000000000E+000 -9.374999999990704E-018
         171           1  0.000000000000000E+000 -1.562499999998661E-017
         171           2  0.000000000000000E+000 -9.374999999990587E-018
         172           1  0.000000000000000E+000 -1.562499999999797E-017
         172           2  0.000000000000000E+000 -9.374999999998581E-018
         173           1  0.000000000000000E+000 -1.562499999999023E-017
         173           2  0.000000000000000E+000 -9.374999999992598E-018
         174           1  0.000000000000000E+000 -1.562499999999490E-017
         174           2  0.000000000000000E+000 -9.374999999996328E-018
         175           1  0.000000000000000E+000 -1.562500000000035E-017
         175           2  0.000000000000000E+000 -9.375000000000120E-018
         176           1  0.000000000000000E+000 -1.562499999999886E-017
         176           2  0.000000000000000E+000 -9.374999999999461E-018
         177           1  0.000000000000000E+000 -1.562499999999891E-017
         177           2  0.000000000000000E+000 -9.374999999998983E-018
         178           1  0.000000000000000E+000 -1.562499999999863E-017
         178           2  0.000000000000000E+000 -9.374999999999159E-018
         179           1  0.000000000000000E+000 -1.562499999999954E-017
         179           2  0.000000000000000E+000 -9.375000000000054E-018
         180           1  0.000000000000000E+000 -1.562500000000107E-017
         180           2  0.000000000000000E+000 -9.375000000000322E-018
         181           1  0.000000000000000E+000 -1.562499999998817E-017
         181           2  0.000000000000000E+000 -9.374999999990010E-018
         182           1  0.000000000000000E+000 -1.562499999998840E-017
         182           2  0.000000000000000E+000 -9.374999999989923E-018
         183           1  0.000000000000000E+000 -1.562499999998500E-017
         183           2  0.000000000000000E+000 -9.374999999989070E-018
         184           1  0.000000000000000E+000 -1.562499999998647E-017
         184           2  0.000000000000000E+000 -9.374999999986785E-018
         185           1  0.000000000000000E+000 -1.562499999999772E-017
         185           2  0.000000000000000E+000 -9.374999999997587E-018
         186           1  0.000000000000000E+000 -1.562499999999978E-017
         186           2  0.000000000000000E+000 -9.374999999999504E-018
         187           1  0.000000000000000E+000 -1.562499999999366E-017
         187           2  0.000000000000000E+000 -9.374999999993210E-018
         188           1  0.000000000000000E+000 -1.562499999999927E-017
         188           2  0.000000000000000E+000 -9.374999999999043E-018
         189           1  0.000000000000000E+000 -1.562499999999173E-017
         189           2  0.000000000000000E+000 -9.374999999991479E-018
         190           1  0.000000000000000E+000 -1.562499999999813E-017
         190           2  0.000000000000000E+000 -9.374999999998632E-018
         191           1  0.000000000000000E+000 -1.562499999998261E-017
         191           2  0.000000000000000E+000 -9.374999999989856E-018
         192           1  0.000000000000000E+000 -1.562499999998119E-017
         192           2  0.000000000000000E+000 -9.374999999987426E-018
         193           1  0.000000000000000E+000 -1.562499999999776E-017
         193           2  0.000000000000000E+000 -9.374999999999146E-018
         194           1  0.000000000000000E+000 -1.562499999999069E-017
         194           2  0.000000000000000E+000 -9.374999999993855E-018
         195           1  0.000000000000000E+000 -1.562499999999611E-017
         195           2  0.000000000000000E+000 -9.374999999998881E-018
         196           1  0.000000000000000E+000 -1.562499999999620E-017
         196           2  0.000000000000000E+000 -9.374999999997850E-018
         197           1  0.000000000000000E+000 -1.562499999999033E-017
         197           2  0.000000000000000E+000 -9.374999999992322E-018
         198           1  0.000000000000000E+000 -1.562499999999746E-017
         198           2  0.000000000000000E+000 -9.374999999998812E-018
         199           1  0.000000000000000E+000 -1.562499999999902E-017
         199           2  0.000000000000000E+000 -9.374999999999396E-018
         200           1  0.000000000000000E+000 -1.562499999999898E-017
         200           2  0.000000000000000E+000 -9.374999999999522E-018
         201           1  0.000000000000000E+000 -1.562499999999906E-017
         201           2  0.000000000000000E+000 -9.374999999998800E-018
         202           1  0.000000000000000E+000 -1.562499999999864E-017
         202           2  0.000000000000000E+000 -9.374999999999154E-018
         203           1  0.000000000000000E+000 -1.562499999998834E-017
         203           2  0.000000000000000E+000 -9.374999999989538E-018
         204           1  0.000000000000000E+000 -1.562499999999926E-017
         204           2  0.000000000000000E+000 -9.374999999998679E-018
         205           1  0.000000000000000E+000 -1.562499999999909E-017
         205           2  0.000000000000000E+000 -9.374999999999308E-018
         206           1  0.000000000000000E+000 -1.562500000000006E-017
         206           2  0.000000000000000E+000 -9.374999999999949E-018
         207           1  0.000000000000000E+000 -1.562500000000013E-017
         207           2  0.000000000000000E+000 -9.374999999999926E-018
         208           1  0.000000000000000E+000 -1.562500000000030E-017
         208           2  0.000000000000000E+000 -9.374999999999800E-018
         209           1  0.000000000000000E+000 -1.562499999999928E-017
         209           2  0.000000000000000E+000 -9.374999999999524E-018
         210           1  0.000000000000000E+000 -1.562499999999902E-017
         210           2  0.000000000000000E+000 -9.374999999999436E-018
         211           1  0.000000000000000E+000 -1.562499999999256E-017
         211           2  0.000000000000000E+000 -9.374999999993729E-018
         212           1  0.000000000000000E+000 -1.562499999998943E-017
         212           2  0.000000000000000E+000 -9.374999999992361E-018
         213           1  0.000000000000000E+000 -1.562499999999143E-017
         213           2  0.000000000000000E+000 -9.374999999991974E-018
         214           1  0.000000000000000E+000 -1.562499999999240E-017
         214           2  0.000000000000000E+000 -9.374999999991709E-018
         215           1  0.000000000000000E+000 -1.562499999999410E-017
         215           2  0.000000000000000E+000 -9.374999999995818E-018
         216           1  0.000000000000000E+000 -1.562499999999590E-017
         216           2  0.000000000000000E+000 -9.374999999996667E-018
         217           1  0.000000000000000E+000 -1.562499999999328E-017
         217           2  0.000000000000000E+000 -9.374999999995604E-018
         218           1  0.000000000000000E+000 -1.562499999998120E-017
         218           2  0.000000000000000E+000 -9.374999999988514E-018
         219           1  0.000000000000000E+000 -1.562499999999840E-017
         219           2  0.000000000000000E+000 -9.374999999999169E-018
         220           1  0.000000000000000E+000 -1.562499999999874E-017
         220           2  0.000000000000000E+000 -9.374999999999612E-018
         221           1  0.000000000000000E+000 -1.562499999999942E-017
         221           2  0.000000000000000E+000 -9.374999999999034E-018
         222           1  0.000000000000000E+000 -1.562499999999375E-017
         222           2  0.000000000000000E+000 -9.374999999994758E-018
         223           1  0.000000000000000E+000 -1.562499999999969E-017
         223           2  0.000000000000000E+000 -9.374999999998826E-018
         224           1  0.000000000000000E+000 -1.562499999999965E-017
         224           2  0.000000000000000E+000 -9.374999999998960E-018
         225           1  0.000000000000000E+000 -1.562499999999965E-017
         225           2  0.000000000000000E+000 -9.374999999999665E-018
         226           1  0.000000000000000E+000 -1.562500000000034E-017
         226           2  0.000000000000000E+000 -9.374999999999924E-018
         227           1  0.000000000000000E+000 -1.562499999999990E-017
         227           2  0.000000000000000E+000 -9.375000000000054E-018
         228           1  0.000000000000000E+000 -1.562499999999955E-017
         228           2  0.000000000000000E+000 -9.374999999999921E-018
         229           1  0.000000000000000E+000 -1.562499999999832E-017
         229           2  0.000000000000000E+000 -9.374999999999613E-018
         230           1  0.000000000000000E+000 -1.562499999999868E-017
         230           2  0.000000000000000E+000 -9.374999999999259E-018
         231           1  0.000000000000000E+000 -1.562499999999935E-017
         231           2  0.000000000000000E+000 -9.374999999999477E-018
         232           1  0.000000000000000E+000 -1.562499999999429E-017
         232           2  0.000000000000000E+000 -9.374999999996032E-018
         233           1  0.000000000000000E+000 -1.562499999999420E-017
         233           2  0.000000000000000E+000 -9.374999999995117E-018
         234           1  0.000000000000000E+000 -1.562499999999804E-017
         234           2  0.000000000000000E+000 -9.374999999999008E-018
         235           1  0.000000000000000E+000 -1.562499999999362E-017
         235           2  0.000000000000000E+000 -9.374999999994826E-018
         236           1  0.000000000000000E+000 -1.562499999999634E-017
         236           2  0.000000000000000E+000 -9.374999999998360E-018
         237           1  0.000000000000000E+000 -1.562499999999286E-017
         237           2  0.000000000000000E+000 -9.374999999994995E-018
         238           1  0.000000000000000E+000 -1.562499999999710E-017
         238           2  0.000000000000000E+000 -9.374999999998270E-018
         239           1  0.000000000000000E+000 -1.562499999999984E-017
         239           2  0.000000000000000E+000 -9.374999999999738E-018
         240           1  0.000000000000000E+000 -1.562499999999926E-017
         240           2  0.000000000000000E+000 -9.374999999999259E-018
         241           1  0.000000000000000E+000 -1.562499999999943E-017
         241           2  0.000000000000000E+000 -9.374999999998978E-018
         242           1  0.000000000000000E+000 -1.562499999999993E-017
         242           2  0.000000000000000E+000 -9.374999999999404E-018
         243           1  0.000000000000000E+000 -1.562499999999917E-017
         243           2  0.000000000000000E+000 -9.374999999999516E-018
         244           1  0.000000000000000E+000 -1.562499999999930E-017
         244           2  0.000000000000000E+000 -9.374999999999368E-018
         245           1  0.000000000000000E+000 -1.562499999999950E-017
         245           2  0.000000000000000E+000 -9.375000000000034E-018
         246           1  0.000000000000000E+000 -1.562499999999869E-017
         246           2  0.000000000000000E+000 -9.374999999999451E-018
         247           1  0.000000000000000E+000 -1.562499999999967E-017
         247           2  0.000000000000000E+000 -9.374999999999474E-018
         248           1  0.000000000000000E+000 -1.562499999999929E-017
         248           2  0.000000000000000E+000 -9.374999999999538E-018
         249           1  0.000000000000000E+000 -1.562499999999885E-017
         249           2  0.000000000000000E+000 -9.374999999998772E-018
         250           1  0.000000000000000E+000 -1.562499999999851E-017
         250           2  0.000000000000000E+000 -9.374999999998687E-018
         251           1  0.000000000000000E+000 -1.562499999999854E-017
         251           2  0.000000000000000E+000 -9.374999999998835E-018
         252           1  0.000000000000000E+000 -1.562499999999889E-017
         252           2  0.000000000000000E+000 -9.374999999999166E-018
         253           1  0.000000000000000E+000 -1.562499999999496E-017
         253           2  0.000000000000000E+000 -9.374999999995963E-018
         254           1  0.000000000000000E+000 -1.562499999999936E-017
         254           2  0.000000000000000E+000 -9.374999999999111E-018
         255           1  0.000000000000000E+000 -1.562499999999971E-017
         255           2  0.000000000000000E+000 -9.374999999999336E-018
         256           1  0.000000000000000E+000 -1.562499999999839E-017
         256           2  0.000000000000000E+000 -9.374999999998508E-018
         257           1  0.000000000000000E+000 -1.562499999999726E-017
         257           2  0.000000000000000E+000 -9.374999999999008E-018
         258           1  0.000000000000000E+000 -1.562499999999767E-017
         258           2  0.000000000000000E+000 -9.374999999998482E-018
         259           1  0.000000000000000E+000 -1.562499999999868E-017
         259           2  0.000000000000000E+000 -9.374999999998921E-018
         260           1  0.000000000000000E+000 -1.562499999999775E-017
         260           2  0.000000000000000E+000 -9.374999999998790E-018
         261           1  0.000000000000000E+000 -1.562499999999943E-017
         261           2  0.000000000000000E+000 -9.374999999998766E-018
         262           1  0.000000000000000E+000 -1.562499999999955E-017
         262           2  0.000000000000000E+000 -9.374999999999491E-018
         263           1  0.000000000000000E+000 -1.562499999999918E-017
         263           2  0.000000000000000E+000 -9.374999999999377E-018
         264           1  0.000000000000000E+000 -1.562499999999946E-017
         264           2  0.000000000000000E+000 -9.374999999999667E-018
         265           1  0.000000000000000E+000 -1.562499999999987E-017
         265           2  0.000000000000000E+000 -9.374999999999610E-018
         266           1  0.000000000000000E+000 -1.562499999999978E-017
         266           2  0.000000000000000E+000 -9.374999999999422E-018
         267           1  0.000000000000000E+000 -1.562499999999911E-017
         267           2  0.000000000000000E+000 -9.374999999999866E-018
         268           1  0.000000000000000E+000 -1.562499999999929E-017
         268           2  0.000000000000000E+000 -9.374999999999638E-018
         269           1  0.000000000000000E+000 -1.562499999999881E-017
         269           2  0.000000000000000E+000 -9.374999999999504E-018
         270           1  0.000000000000000E+000 -1.562499999999890E-017
         270           2  0.000000000000000E+000 -9.374999999998707E-018
         271           1  0.000000000000000E+000 -1.562499999999808E-017
         271           2  0.000000000000000E+000 -9.374999999998384E-018
         272           1  0.000000000000000E+000 -1.562499999999803E-017
         272           2  0.000000000000000E+000 -9.374999999998806E-018
         273           1  0.000000000000000E+000 -1.562499999999951E-017
         273           2  0.000000000000000E+000 -9.374999999999239E-018
         274           1  0.000000000000000E+000 -1.562499999999612E-017
         274           2  0.000000000000000E+000 -9.374999999997963E-018
         275           1  0.000000000000000E+000 -1.562499999999998E-017
         275           2  0.000000000000000E+000 -9.375000000000009E-018
         276           1  0.000000000000000E+000 -1.562499999999952E-017
         276           2  0.000000000000000E+000 -9.374999999999923E-018
         277           1  0.000000000000000E+000 -1.562499999999877E-017
         277           2  0.000000000000000E+000 -9.374999999998729E-018
         278           1  0.000000000000000E+000 -1.562499999999796E-017
         278           2  0.000000000000000E+000 -9.374999999998340E-018
         279           1  0.000000000000000E+000 -1.562499999999747E-017
         279           2  0.000000000000000E+000 -9.374999999998316E-018
         280           1  0.000000000000000E+000 -1.562499999999731E-017
         280           2  0.000000000000000E+000 -9.374999999998753E-018
         281           1  0.000000000000000E+000 -1.562499999999918E-017
         281           2  0.000000000000000E+000 -9.374999999998855E-018
         282           1  0.000000000000000E+000 -1.562499999999671E-017
         282           2  0.000000000000000E+000 -9.374999999994643E-018
         283           1  0.000000000000000E+000 -1.562499999999953E-017
         283           2  0.000000000000000E+000 -9.374999999999447E-018
         284           1  0.000000000000000E+000 -1.562499999999979E-017
         284           2  0.000000000000000E+000 -9.374999999999151E-018
         285           1  0.000000000000000E+000 -1.562500000000006E-017
         285           2  0.000000000000000E+000 -9.374999999999541E-018
         286           1  0.000000000000000E+000 -1.562499999999971E-017
         286           2  0.000000000000000E+000 -9.374999999999621E-018
         287           1  0.000000000000000E+000 -1.562499999999938E-017
         287           2  0.000000000000000E+000 -9.374999999999407E-018
         288           1  0.000000000000000E+000 -1.562500000000000E-017
         288           2  0.000000000000000E+000 -9.374999999999833E-018
         289           1  0.000000000000000E+000 -1.562499999999987E-017
         289           2  0.000000000000000E+000 -9.374999999999622E-018
         290           1  0.000000000000000E+000 -1.562499999999885E-017
         290           2  0.000000000000000E+000 -9.374999999999363E-018
         291           1  0.000000000000000E+000 -1.562499999999861E-017
         291           2  0.000000000000000E+000 -9.374999999998713E-018
         292           1  0.000000000000000E+000 -1.562499999999810E-017
         292           2  0.000000000000000E+000 -9.374999999999008E-018
         293           1  0.000000000000000E+000 -1.562499999999576E-017
         293           2  0.000000000000000E+000 -9.374999999995547E-018
         294           1  0.000000000000000E+000 -1.562499999999979E-017
         294           2  0.000000000000000E+000 -9.374999999999655E-018
         295           1  0.000000000000000E+000 -1.562499999999978E-017
         295           2  0.000000000000000E+000 -9.375000000000169E-018
         296           1  0.000000000000000E+000 -1.562499999999918E-017
         296           2  0.000000000000000E+000 -9.374999999999171E-018
         297           1  0.000000000000000E+000 -1.562499999999934E-017
         297           2  0.000000000000000E+000 -9.374999999999633E-018
         298           1  0.000000000000000E+000 -1.562499999999948E-017
         298           2  0.000000000000000E+000 -9.374999999999487E-018
         299           1  0.000000000000000E+000 -1.562499999999912E-017
         299           2  0.000000000000000E+000 -9.374999999999465E-018
         300           1  0.000000000000000E+000 -1.562499999999915E-017
         300           2  0.000000000000000E+000 -9.374999999998986E-018
         301           1  0.000000000000000E+000 -1.562499999999864E-017
         301           2  0.000000000000000E+000 -9.374999999998344E-018
         302           1  0.000000000000000E+000 -1.562499999999388E-017
         302           2  0.000000000000000E+000 -9.374999999993533E-018
         303           1  0.000000000000000E+000 -1.562499999999916E-017
         303           2  0.000000000000000E+000 -9.374999999999118E-018
         304           1  0.000000000000000E+000 -1.562499999999935E-017
         304           2  0.000000000000000E+000 -9.374999999999266E-018
         305           1  0.000000000000000E+000 -1.562500000000044E-017
         305           2  0.000000000000000E+000 -9.374999999999807E-018
         306           1  0.000000000000000E+000 -1.562499999999925E-017
         306           2  0.000000000000000E+000 -9.374999999999461E-018
         307           1  0.000000000000000E+000 -1.562499999999956E-017
         307           2  0.000000000000000E+000 -9.374999999999260E-018
         308           1  0.000000000000000E+000 -1.562500000000071E-017
         308           2  0.000000000000000E+000 -9.375000000000313E-018
         309           1  0.000000000000000E+000 -1.562499999999933E-017
         309           2  0.000000000000000E+000 -9.374999999999229E-018
         310           1  0.000000000000000E+000 -1.562500000000002E-017
         310           2  0.000000000000000E+000 -9.374999999999607E-018
         311           1  0.000000000000000E+000 -1.562499999999842E-017
         311           2  0.000000000000000E+000 -9.374999999999176E-018
         312           1  0.000000000000000E+000 -1.562499999999842E-017
         312           2  0.000000000000000E+000 -9.374999999999052E-018
         313           1  0.000000000000000E+000 -1.562499999999831E-017
         313           2  0.000000000000000E+000 -9.374999999999254E-018
         314           1  0.000000000000000E+000 -1.562499999999909E-017
         314           2  0.000000000000000E+000 -9.374999999999853E-018
         315           1  0.000000000000000E+000 -1.562499999999818E-017
         315           2  0.000000000000000E+000 -9.375000000000954E-018
         316           1  0.000000000000000E+000 -1.562499999999978E-017
         316           2  0.000000000000000E+000 -9.375000000000293E-018
         317           1  0.000000000000000E+000 -1.562500000000016E-017
         317           2  0.000000000000000E+000 -9.375000000000547E-018
         318           1  0.000000000000000E+000 -1.562499999999913E-017
         318           2  0.000000000000000E+000 -9.374999999999501E-018
         319           1  0.000000000000000E+000 -1.562499999999933E-017
         319           2  0.000000000000000E+000 -9.374999999999118E-018
         320           1  0.000000000000000E+000 -1.562500000000025E-017
         320           2  0.000000000000000E+000 -9.374999999999088E-018
         321           1  0.000000000000000E+000 -1.562499999999786E-017
         321           2  0.000000000000000E+000 -9.374999999998461E-018
         322           1  0.000000000000000E+000 -1.562499999999817E-017
         322           2  0.000000000000000E+000 -9.374999999998525E-018
         323           1  0.000000000000000E+000 -1.562499999999798E-017
         323           2  0.000000000000000E+000 -9.374999999998613E-018
         324           1  0.000000000000000E+000 -1.562499999999834E-017
         324           2  0.000000000000000E+000 -9.374999999998944E-018
         325           1  0.000000000000000E+000 -1.562499999999881E-017
         325           2  0.000000000000000E+000 -9.374999999998864E-018
         326           1  0.000000000000000E+000 -1.562499999999994E-017
         326           2  0.000000000000000E+000 -9.374999999999171E-018
         327           1  0.000000000000000E+000 -1.562500000000174E-017
         327           2  0.000000000000000E+000 -9.375000000000336E-018
         328           1  0.000000000000000E+000 -1.562500000000071E-017
         328           2  0.000000000000000E+000 -9.375000000000570E-018
         329           1  0.000000000000000E+000 -1.562500000000004E-017
         329           2  0.000000000000000E+000 -9.374999999999864E-018
         330           1  0.000000000000000E+000 -1.562500000000063E-017
         330           2  0.000000000000000E+000 -9.375000000000516E-018
         331           1  0.000000000000000E+000 -1.562499999999758E-017
         331           2  0.000000000000000E+000 -9.374999999998487E-018
         332           1  0.000000000000000E+000 -1.562499999999718E-017
         332           2  0.000000000000000E+000 -9.374999999997948E-018
         333           1  0.000000000000000E+000 -1.562499999999726E-017
         333           2  0.000000000000000E+000 -9.374999999998105E-018
         334           1  0.000000000000000E+000 -1.562499999999739E-017
         334           2  0.000000000000000E+000 -9.374999999998535E-018
         335           1  0.000000000000000E+000 -1.562499999999868E-017
         335           2  0.000000000000000E+000 -9.374999999999581E-018
         336           1  0.000000000000000E+000 -1.562499999999994E-017
         336           2  0.000000000000000E+000 -9.374999999999934E-018
         337           1  0.000000000000000E+000 -1.562499999999973E-017
         337           2  0.000000000000000E+000 -9.374999999999698E-018
         338           1  0.000000000000000E+000 -1.562499999999796E-017
         338           2  0.000000000000000E+000 -9.374999999999607E-018
         339           1  0.000000000000000E+000 -1.562499999999873E-017
         339           2  0.000000000000000E+000 -9.374999999998243E-018
         340           1  0.000000000000000E+000 -1.562499999999850E-017
         340           2  0.000000000000000E+000 -9.374999999999291E-018
         341           1  0.000000000000000E+000 -1.562499999999801E-017
         341           2  0.000000000000000E+000 -9.374999999998760E-018
         342           1  0.000000000000000E+000 -1.562499999999784E-017
         342           2  0.000000000000000E+000 -9.374999999998373E-018
         343           1  0.000000000000000E+000 -1.562499999999750E-017
         343           2  0.000000000000000E+000 -9.374999999998311E-018
         344           1  0.000000000000000E+000 -1.562499999999841E-017
         344           2  0.000000000000000E+000 -9.374999999998377E-018
         345           1  0.000000000000000E+000 -1.562499999999858E-017
         345           2  0.000000000000000E+000 -9.374999999998989E-018
         346           1  0.000000000000000E+000 -1.562499999999900E-017
         346           2  0.000000000000000E+000 -9.374999999999092E-018
         347           1  0.000000000000000E+000 -1.562499999999890E-017
         347           2  0.000000000000000E+000 -9.374999999999163E-018
         348           1  0.000000000000000E+000 -1.562500000000059E-017
         348           2  0.000000000000000E+000 -9.375000000000852E-018
         349           1  0.000000000000000E+000 -1.562499999999972E-017
         349           2  0.000000000000000E+000 -9.374999999999025E-018
         350           1  0.000000000000000E+000 -1.562499999999993E-017
         350           2  0.000000000000000E+000 -9.374999999999823E-018
         351           1  0.000000000000000E+000 -1.562499999999741E-017
         351           2  0.000000000000000E+000 -9.374999999998399E-018
         352           1  0.000000000000000E+000 -1.562499999999783E-017
         352           2  0.000000000000000E+000 -9.374999999997948E-018
         353           1  0.000000000000000E+000 -1.562499999999754E-017
         353           2  0.000000000000000E+000 -9.374999999997852E-018
         354           1  0.000000000000000E+000 -1.562499999999812E-017
         354           2  0.000000000000000E+000 -9.374999999999442E-018
         355           1  0.000000000000000E+000 -1.562499999999863E-017
         355           2  0.000000000000000E+000 -9.374999999999544E-018
         356           1  0.000000000000000E+000 -1.562499999999886E-017
         356           2  0.000000000000000E+000 -9.374999999999328E-018
         357           1  0.000000000000000E+000 -1.562500000000022E-017
         357           2  0.000000000000000E+000 -9.375000000000037E-018
         358           1  0.000000000000000E+000 -1.562499999999739E-017
         358           2  0.000000000000000E+000 -9.374999999998151E-018
         359           1  0.000000000000000E+000 -1.562499999999771E-017
         359           2  0.000000000000000E+000 -9.374999999998488E-018
         360           1  0.000000000000000E+000 -1.562499999999773E-017
         360           2  0.000000000000000E+000 -9.374999999998793E-018
         361           1  0.000000000000000E+000 -1.562499999999739E-017
         361           2  0.000000000000000E+000 -9.374999999998538E-018
         362           1  0.000000000000000E+000 -1.562499999999757E-017
         362           2  0.000000000000000E+000 -9.374999999998166E-018
         363           1  0.000000000000000E+000 -1.562499999999851E-017
         363           2  0.000000000000000E+000 -9.374999999998390E-018
         364           1  0.000000000000000E+000 -1.562499999999853E-017
         364           2  0.000000000000000E+000 -9.374999999999015E-018
         365           1  0.000000000000000E+000 -1.562499999999984E-017
         365           2  0.000000000000000E+000 -9.375000000000576E-018
         366           1  0.000000000000000E+000 -1.562499999999978E-017
         366           2  0.000000000000000E+000 -9.375000000000377E-018
         367           1  0.000000000000000E+000 -1.562499999999656E-017
         367           2  0.000000000000000E+000 -9.374999999997892E-018
         368           1  0.000000000000000E+000 -1.562499999999687E-017
         368           2  0.000000000000000E+000 -9.374999999998159E-018
         369           1  0.000000000000000E+000 -1.562499999999850E-017
         369           2  0.000000000000000E+000 -9.374999999999082E-018
         370           1  0.000000000000000E+000 -1.562499999999975E-017
         370           2  0.000000000000000E+000 -9.374999999999776E-018
         371           1  0.000000000000000E+000 -1.562499999999827E-017
         371           2  0.000000000000000E+000 -9.374999999999499E-018
         372           1  0.000000000000000E+000 -1.562499999999621E-017
         372           2  0.000000000000000E+000 -9.374999999998296E-018
         373           1  0.000000000000000E+000 -1.562499999999739E-017
         373           2  0.000000000000000E+000 -9.374999999998938E-018
         374           1  0.000000000000000E+000 -1.562499999999861E-017
         374           2  0.000000000000000E+000 -9.374999999999103E-018
         375           1  0.000000000000000E+000 -1.562499999999865E-017
         375           2  0.000000000000000E+000 -9.374999999998723E-018
         376           1  0.000000000000000E+000 -1.562500000000189E-017
         376           2  0.000000000000000E+000 -9.375000000001112E-018
         377           1  0.000000000000000E+000 -1.562500000000246E-017
         377           2  0.000000000000000E+000 -9.375000000000769E-018
         378           1  0.000000000000000E+000 -1.562499999999751E-017
         378           2  0.000000000000000E+000 -9.374999999997777E-018
         379           1  0.000000000000000E+000 -1.562499999999765E-017
         379           2  0.000000000000000E+000 -9.374999999997795E-018
         380           1  0.000000000000000E+000 -1.562499999999753E-017
         380           2  0.000000000000000E+000 -9.374999999998029E-018
         381           1  0.000000000000000E+000 -1.562499999999785E-017
         381           2  0.000000000000000E+000 -9.374999999998558E-018
         382           1  0.000000000000000E+000 -1.562499999999698E-017
         382           2  0.000000000000000E+000 -9.374999999997491E-018
         383           1  0.000000000000000E+000 -1.562499999999701E-017
         383           2  0.000000000000000E+000 -9.374999999998359E-018
         384           1  0.000000000000000E+000 -1.562499999999840E-017
         384           2  0.000000000000000E+000 -9.374999999999085E-018
         385           1  0.000000000000000E+000 -1.562500000000307E-017
         385           2  0.000000000000000E+000 -9.375000000001152E-018
         386           1  0.000000000000000E+000 -1.562500000000061E-017
         386           2  0.000000000000000E+000 -9.375000000000106E-018
         387           1  0.000000000000000E+000 -1.562499999999838E-017
         387           2  0.000000000000000E+000 -9.374999999998807E-018
         388           1  0.000000000000000E+000 -1.562499999999994E-017
         388           2  0.000000000000000E+000 -9.375000000001169E-018
         389           1  0.000000000000000E+000 -1.562499999999949E-017
         389           2  0.000000000000000E+000 -9.374999999999391E-018
         390           1  0.000000000000000E+000 -1.562499999999889E-017
         390           2  0.000000000000000E+000 -9.374999999999494E-018
         391           1  0.000000000000000E+000 -1.562499999999977E-017
         391           2  0.000000000000000E+000 -9.374999999999744E-018
         392           1  0.000000000000000E+000 -1.562499999999736E-017
         392           2  0.000000000000000E+000 -9.374999999998699E-018
         393           1  0.000000000000000E+000 -1.562499999999795E-017
         393           2  0.000000000000000E+000 -9.374999999999630E-018
         394           1  0.000000000000000E+000 -1.562500000000131E-017
         394           2  0.000000000000000E+000 -9.375000000001403E-018
         395           1  0.000000000000000E+000 -1.562499999999857E-017
         395           2  0.000000000000000E+000 -9.375000000000024E-018
         396           1  0.000000000000000E+000 -1.562500000000155E-017
         396           2  0.000000000000000E+000 -9.375000000000034E-018
         397           1  0.000000000000000E+000 -1.562500000000122E-017
         397           2  0.000000000000000E+000 -9.375000000000343E-018
         398           1  0.000000000000000E+000 -1.562499999999907E-017
         398           2  0.000000000000000E+000 -9.374999999998642E-018
         399           1  0.000000000000000E+000 -1.562499999999773E-017
         399           2  0.000000000000000E+000 -9.374999999997761E-018
         400           1  0.000000000000000E+000 -1.562499999999634E-017
         400           2  0.000000000000000E+000 -9.374999999997569E-018
