           1           1  0.000000000000000E+000 -7.419100236779845E-016
           1           2  0.000000000000000E+000 -1.758089976322014E-015
           2           1  0.000000000000000E+000 -7.419100236780305E-016
           2           2  0.000000000000000E+000 -1.758089976322005E-015
           3           1  0.000000000000000E+000 -7.419100236779178E-016
           3           2  0.000000000000000E+000 -1.758089976321938E-015
           4           1  0.000000000000000E+000 -7.419100236779632E-016
           4           2  0.000000000000000E+000 -1.758089976321972E-015
           5           1  0.000000000000000E+000 -7.419100236779351E-016
           5           2  0.000000000000000E+000 -1.758089976321932E-015
           6           1  0.000000000000000E+000 -7.419100236779202E-016
           6           2  0.000000000000000E+000 -1.758089976321927E-015
           7           1  0.000000000000000E+000 -7.419100236779490E-016
           7           2  0.000000000000000E+000 -1.758089976321956E-015
           8           1  0.000000000000000E+000 -7.419100236777977E-016
           8           2  0.000000000000000E+000 -1.758089976321939E-015
           9           1  0.000000000000000E+000 -7.419100236780316E-016
           9           2  0.000000000000000E+000 -1.758089976322288E-015
          10           1  0.000000000000000E+000 -7.419100236779207E-016
          10           2  0.000000000000000E+000 -1.758089976321923E-015
          11           1  0.000000000000000E+000 -7.419100236779230E-016
          11           2  0.000000000000000E+000 -1.758089976321898E-015
          12           1  0.000000000000000E+000 -7.419100236779697E-016
          12           2  0.000000000000000E+000 -1.758089976321966E-015
          13           1  0.000000000000000E+000 -7.419100236779568E-016
          13           2  0.000000000000000E+000 -1.758089976321940E-015
          14           1  0.000000000000000E+000 -7.419100236779664E-016
          14           2  0.000000000000000E+000 -1.758089976321931E-015
          15           1  0.000000000000000E+000 -7.419100236779747E-016
          15           2  0.000000000000000E+000 -1.758089976321944E-015
          16           1  0.000000000000000E+000 -7.419100236780043E-016
          16           2  0.000000000000000E+000 -1.758089976321954E-015
          17           1  0.000000000000000E+000 -7.419100236779683E-016
          17           2  0.000000000000000E+000 -1.758089976321954E-015
          18           1  0.000000000000000E+000 -7.419100236781518E-016
          18           2  0.000000000000000E+000 -1.758089976322225E-015
          19           1  0.000000000000000E+000 -7.419100236779532E-016
          19           2  0.000000000000000E+000 -1.758089976321943E-015
          20           1  0.000000000000000E+000 -7.419100236779292E-016
          20           2  0.000000000000000E+000 -1.758089976321929E-015
          21           1  0.000000000000000E+000 -7.419100236779469E-016
          21           2  0.000000000000000E+000 -1.758089976321936E-015
          22           1  0.000000000000000E+000 -7.419100236778693E-016
          22           2  0.000000000000000E+000 -1.758089976321787E-015
          23           1  0.000000000000000E+000 -7.419100236779583E-016
          23           2  0.000000000000000E+000 -1.758089976321934E-015
          24           1  0.000000000000000E+000 -7.419100236779178E-016
          24           2  0.000000000000000E+000 -1.758089976321838E-015
          25           1  0.000000000000000E+000 -7.419100236778410E-016
          25           2  0.000000000000000E+000 -1.758089976321896E-015
          26           1  0.000000000000000E+000 -7.419100236780285E-016
          26           2  0.000000000000000E+000 -1.758089976321955E-015
          27           1  0.000000000000000E+000 -7.419100236779131E-016
          27           2  0.000000000000000E+000 -1.758089976321926E-015
          28           1  0.000000000000000E+000 -7.419100236779833E-016
          28           2  0.000000000000000E+000 -1.758089976322103E-015
          29           1  0.000000000000000E+000 -7.419100236779135E-016
          29           2  0.000000000000000E+000 -1.758089976321972E-015
          30           1  0.000000000000000E+000 -7.419100236777848E-016
          30           2  0.000000000000000E+000 -1.758089976321880E-015
          31           1  0.000000000000000E+000 -7.419100236779339E-016
          31           2  0.000000000000000E+000 -1.758089976321962E-015
          32           1  0.000000000000000E+000 -7.419100236778437E-016
          32           2  0.000000000000000E+000 -1.758089976321886E-015
          33           1  0.000000000000000E+000 -7.419100236779969E-016
          33           2  0.000000000000000E+000 -1.758089976322038E-015
          34           1  0.000000000000000E+000 -7.419100236780126E-016
          34           2  0.000000000000000E+000 -1.758089976322086E-015
          35           1  0.000000000000000E+000 -7.419100236779255E-016
          35           2  0.000000000000000E+000 -1.758089976321915E-015
          36           1  0.000000000000000E+000 -7.419100236779278E-016
          36           2  0.000000000000000E+000 -1.758089976322012E-015
          37           1  0.000000000000000E+000 -7.419100236780364E-016
          37           2  0.000000000000000E+000 -1.758089976321881E-015
          38           1  0.000000000000000E+000 -7.419100236780566E-016
          38           2  0.000000000000000E+000 -1.758089976322072E-015
          39           1  0.000000000000000E+000 -7.419100236780532E-016
          39           2  0.000000000000000E+000 -1.758089976322162E-015
          40           1  0.000000000000000E+000 -7.419100236778982E-016
          40           2  0.000000000000000E+000 -1.758089976321909E-015
          41           1  0.000000000000000E+000 -7.419100236781016E-016
          41           2  0.000000000000000E+000 -1.758089976322202E-015
          42           1  0.000000000000000E+000 -7.419100236779925E-016
          42           2  0.000000000000000E+000 -1.758089976321894E-015
          43           1  0.000000000000000E+000 -7.419100236779629E-016
          43           2  0.000000000000000E+000 -1.758089976322006E-015
          44           1  0.000000000000000E+000 -7.419100236779765E-016
          44           2  0.000000000000000E+000 -1.758089976321950E-015
          45           1  0.000000000000000E+000 -7.419100236779351E-016
          45           2  0.000000000000000E+000 -1.758089976321908E-015
          46           1  0.000000000000000E+000 -7.419100236779090E-016
          46           2  0.000000000000000E+000 -1.758089976321927E-015
          47           1  0.000000000000000E+000 -7.419100236779346E-016
          47           2  0.000000000000000E+000 -1.758089976321875E-015
          48           1  0.000000000000000E+000 -7.419100236779610E-016
          48           2  0.000000000000000E+000 -1.758089976321973E-015
          49           1  0.000000000000000E+000 -7.419100236779880E-016
          49           2  0.000000000000000E+000 -1.758089976321950E-015
          50           1  0.000000000000000E+000 -7.419100236779852E-016
          50           2  0.000000000000000E+000 -1.758089976321972E-015
          51           1  0.000000000000000E+000 -7.419100236779632E-016
          51           2  0.000000000000000E+000 -1.758089976321942E-015
          52           1  0.000000000000000E+000 -7.419100236779392E-016
          52           2  0.000000000000000E+000 -1.758089976321926E-015
          53           1  0.000000000000000E+000 -7.419100236779703E-016
          53           2  0.000000000000000E+000 -1.758089976321942E-015
          54           1  0.000000000000000E+000 -7.419100236780062E-016
          54           2  0.000000000000000E+000 -1.758089976322001E-015
          55           1  0.000000000000000E+000 -7.419100236779758E-016
          55           2  0.000000000000000E+000 -1.758089976321973E-015
          56           1  0.000000000000000E+000 -7.419100236779813E-016
          56           2  0.000000000000000E+000 -1.758089976321970E-015
          57           1  0.000000000000000E+000 -7.419100236779938E-016
          57           2  0.000000000000000E+000 -1.758089976321982E-015
          58           1  0.000000000000000E+000 -7.419100236780316E-016
          58           2  0.000000000000000E+000 -1.758089976322049E-015
          59           1  0.000000000000000E+000 -7.419100236778983E-016
          59           2  0.000000000000000E+000 -1.758089976321951E-015
          60           1  0.000000000000000E+000 -7.419100236779095E-016
          60           2  0.000000000000000E+000 -1.758089976321938E-015
          61           1  0.000000000000000E+000 -7.419100236779103E-016
          61           2  0.000000000000000E+000 -1.758089976321799E-015
          62           1  0.000000000000000E+000 -7.419100236779937E-016
          62           2  0.000000000000000E+000 -1.758089976321994E-015
          63           1  0.000000000000000E+000 -7.419100236779102E-016
          63           2  0.000000000000000E+000 -1.758089976321959E-015
          64           1  0.000000000000000E+000 -7.419100236779162E-016
          64           2  0.000000000000000E+000 -1.758089976321957E-015
          65           1  0.000000000000000E+000 -7.419100236779508E-016
          65           2  0.000000000000000E+000 -1.758089976321962E-015
          66           1  0.000000000000000E+000 -7.419100236779582E-016
          66           2  0.000000000000000E+000 -1.758089976321919E-015
          67           1  0.000000000000000E+000 -7.419100236779315E-016
          67           2  0.000000000000000E+000 -1.758089976321913E-015
          68           1  0.000000000000000E+000 -7.419100236779453E-016
          68           2  0.000000000000000E+000 -1.758089976321899E-015
          69           1  0.000000000000000E+000 -7.419100236779666E-016
          69           2  0.000000000000000E+000 -1.758089976321931E-015
          70           1  0.000000000000000E+000 -7.419100236779664E-016
          70           2  0.000000000000000E+000 -1.758089976321927E-015
          71           1  0.000000000000000E+000 -7.419100236779476E-016
          71           2  0.000000000000000E+000 -1.758089976321921E-015
          72           1  0.000000000000000E+000 -7.419100236779381E-016
          72           2  0.000000000000000E+000 -1.758089976321928E-015
          73           1  0.000000000000000E+000 -7.419100236779551E-016
          73           2  0.000000000000000E+000 -1.758089976321900E-015
          74           1  0.000000000000000E+000 -7.419100236779622E-016
          74           2  0.000000000000000E+000 -1.758089976321913E-015
          75           1  0.000000000000000E+000 -7.419100236779340E-016
          75           2  0.000000000000000E+000 -1.758089976321884E-015
          76           1  0.000000000000000E+000 -7.419100236779564E-016
          76           2  0.000000000000000E+000 -1.758089976321970E-015
          77           1  0.000000000000000E+000 -7.419100236779697E-016
          77           2  0.000000000000000E+000 -1.758089976321989E-015
          78           1  0.000000000000000E+000 -7.419100236779736E-016
          78           2  0.000000000000000E+000 -1.758089976321983E-015
          79           1  0.000000000000000E+000 -7.419100236778616E-016
          79           2  0.000000000000000E+000 -1.758089976321807E-015
          80           1  0.000000000000000E+000 -7.419100236779763E-016
          80           2  0.000000000000000E+000 -1.758089976321984E-015
          81           1  0.000000000000000E+000 -7.419100236778641E-016
          81           2  0.000000000000000E+000 -1.758089976321795E-015
          82           1  0.000000000000000E+000 -7.419100236779715E-016
          82           2  0.000000000000000E+000 -1.758089976321945E-015
          83           1  0.000000000000000E+000 -7.419100236779529E-016
          83           2  0.000000000000000E+000 -1.758089976321918E-015
          84           1  0.000000000000000E+000 -7.419100236779552E-016
          84           2  0.000000000000000E+000 -1.758089976321943E-015
          85           1  0.000000000000000E+000 -7.419100236779255E-016
          85           2  0.000000000000000E+000 -1.758089976321926E-015
          86           1  0.000000000000000E+000 -7.419100236779065E-016
          86           2  0.000000000000000E+000 -1.758089976321873E-015
          87           1  0.000000000000000E+000 -7.419100236779050E-016
          87           2  0.000000000000000E+000 -1.758089976321892E-015
          88           1  0.000000000000000E+000 -7.419100236779044E-016
          88           2  0.000000000000000E+000 -1.758089976321867E-015
          89           1  0.000000000000000E+000 -7.419100236778856E-016
          89           2  0.000000000000000E+000 -1.758089976321929E-015
          90           1  0.000000000000000E+000 -7.419100236779337E-016
          90           2  0.000000000000000E+000 -1.758089976321913E-015
          91           1  0.000000000000000E+000 -7.419100236779576E-016
          91           2  0.000000000000000E+000 -1.758089976321918E-015
          92           1  0.000000000000000E+000 -7.419100236779490E-016
          92           2  0.000000000000000E+000 -1.758089976321930E-015
          93           1  0.000000000000000E+000 -7.419100236779516E-016
          93           2  0.000000000000000E+000 -1.758089976321929E-015
          94           1  0.000000000000000E+000 -7.419100236779238E-016
          94           2  0.000000000000000E+000 -1.758089976321887E-015
          95           1  0.000000000000000E+000 -7.419100236779561E-016
          95           2  0.000000000000000E+000 -1.758089976321875E-015
          96           1  0.000000000000000E+000 -7.419100236779589E-016
          96           2  0.000000000000000E+000 -1.758089976321906E-015
          97           1  0.000000000000000E+000 -7.419100236779489E-016
          97           2  0.000000000000000E+000 -1.758089976321923E-015
          98           1  0.000000000000000E+000 -7.419100236780124E-016
          98           2  0.000000000000000E+000 -1.758089976321972E-015
          99           1  0.000000000000000E+000 -7.419100236780281E-016
          99           2  0.000000000000000E+000 -1.758089976322158E-015
         100           1  0.000000000000000E+000 -7.419100236779561E-016
         100           2  0.000000000000000E+000 -1.758089976321944E-015
         101           1  0.000000000000000E+000 -7.419100236778486E-016
         101           2  0.000000000000000E+000 -1.758089976322000E-015
         102           1  0.000000000000000E+000 -7.419100236779459E-016
         102           2  0.000000000000000E+000 -1.758089976321910E-015
         103           1  0.000000000000000E+000 -7.419100236779498E-016
         103           2  0.000000000000000E+000 -1.758089976321975E-015
         104           1  0.000000000000000E+000 -7.419100236779482E-016
         104           2  0.000000000000000E+000 -1.758089976321917E-015
         105           1  0.000000000000000E+000 -7.419100236777963E-016
         105           2  0.000000000000000E+000 -1.758089976322033E-015
         106           1  0.000000000000000E+000 -7.419100236779175E-016
         106           2  0.000000000000000E+000 -1.758089976321856E-015
         107           1  0.000000000000000E+000 -7.419100236779515E-016
         107           2  0.000000000000000E+000 -1.758089976321878E-015
         108           1  0.000000000000000E+000 -7.419100236778886E-016
         108           2  0.000000000000000E+000 -1.758089976321855E-015
         109           1  0.000000000000000E+000 -7.419100236779129E-016
         109           2  0.000000000000000E+000 -1.758089976321839E-015
         110           1  0.000000000000000E+000 -7.419100236779510E-016
         110           2  0.000000000000000E+000 -1.758089976321886E-015
         111           1  0.000000000000000E+000 -7.419100236779401E-016
         111           2  0.000000000000000E+000 -1.758089976321927E-015
         112           1  0.000000000000000E+000 -7.419100236779623E-016
         112           2  0.000000000000000E+000 -1.758089976321893E-015
         113           1  0.000000000000000E+000 -7.419100236779515E-016
         113           2  0.000000000000000E+000 -1.758089976321866E-015
         114           1  0.000000000000000E+000 -7.419100236779138E-016
         114           2  0.000000000000000E+000 -1.758089976321885E-015
         115           1  0.000000000000000E+000 -7.419100236779542E-016
         115           2  0.000000000000000E+000 -1.758089976321901E-015
         116           1  0.000000000000000E+000 -7.419100236779199E-016
         116           2  0.000000000000000E+000 -1.758089976321818E-015
         117           1  0.000000000000000E+000 -7.419100236779711E-016
         117           2  0.000000000000000E+000 -1.758089976321944E-015
         118           1  0.000000000000000E+000 -7.419100236779833E-016
         118           2  0.000000000000000E+000 -1.758089976321970E-015
         119           1  0.000000000000000E+000 -7.419100236778232E-016
         119           2  0.000000000000000E+000 -1.758089976321779E-015
         120           1  0.000000000000000E+000 -7.419100236779771E-016
         120           2  0.000000000000000E+000 -1.758089976321895E-015
         121           1  0.000000000000000E+000 -7.419100236778323E-016
         121           2  0.000000000000000E+000 -1.758089976321873E-015
         122           1  0.000000000000000E+000 -7.419100236779992E-016
         122           2  0.000000000000000E+000 -1.758089976321984E-015
         123           1  0.000000000000000E+000 -7.419100236779890E-016
         123           2  0.000000000000000E+000 -1.758089976321956E-015
         124           1  0.000000000000000E+000 -7.419100236778373E-016
         124           2  0.000000000000000E+000 -1.758089976321868E-015
         125           1  0.000000000000000E+000 -7.419100236779547E-016
         125           2  0.000000000000000E+000 -1.758089976322045E-015
         126           1  0.000000000000000E+000 -7.419100236779273E-016
         126           2  0.000000000000000E+000 -1.758089976321854E-015
         127           1  0.000000000000000E+000 -7.419100236779595E-016
         127           2  0.000000000000000E+000 -1.758089976321875E-015
         128           1  0.000000000000000E+000 -7.419100236779261E-016
         128           2  0.000000000000000E+000 -1.758089976321869E-015
         129           1  0.000000000000000E+000 -7.419100236779455E-016
         129           2  0.000000000000000E+000 -1.758089976321888E-015
         130           1  0.000000000000000E+000 -7.419100236779215E-016
         130           2  0.000000000000000E+000 -1.758089976321828E-015
         131           1  0.000000000000000E+000 -7.419100236779405E-016
         131           2  0.000000000000000E+000 -1.758089976321843E-015
         132           1  0.000000000000000E+000 -7.419100236779111E-016
         132           2  0.000000000000000E+000 -1.758089976321902E-015
         133           1  0.000000000000000E+000 -7.419100236779352E-016
         133           2  0.000000000000000E+000 -1.758089976321874E-015
         134           1  0.000000000000000E+000 -7.419100236779595E-016
         134           2  0.000000000000000E+000 -1.758089976321918E-015
         135           1  0.000000000000000E+000 -7.419100236779619E-016
         135           2  0.000000000000000E+000 -1.758089976321872E-015
         136           1  0.000000000000000E+000 -7.419100236779575E-016
         136           2  0.000000000000000E+000 -1.758089976321848E-015
         137           1  0.000000000000000E+000 -7.419100236779427E-016
         137           2  0.000000000000000E+000 -1.758089976321942E-015
         138           1  0.000000000000000E+000 -7.419100236780107E-016
         138           2  0.000000000000000E+000 -1.758089976321861E-015
         139           1  0.000000000000000E+000 -7.419100236779434E-016
         139           2  0.000000000000000E+000 -1.758089976321915E-015
         140           1  0.000000000000000E+000 -7.419100236779558E-016
         140           2  0.000000000000000E+000 -1.758089976321904E-015
         141           1  0.000000000000000E+000 -7.419100236777593E-016
         141           2  0.000000000000000E+000 -1.758089976321998E-015
         142           1  0.000000000000000E+000 -7.419100236778991E-016
         142           2  0.000000000000000E+000 -1.758089976321975E-015
         143           1  0.000000000000000E+000 -7.419100236779767E-016
         143           2  0.000000000000000E+000 -1.758089976321972E-015
         144           1  0.000000000000000E+000 -7.419100236779510E-016
         144           2  0.000000000000000E+000 -1.758089976321932E-015
         145           1  0.000000000000000E+000 -7.419100236779462E-016
         145           2  0.000000000000000E+000 -1.758089976321914E-015
         146           1  0.000000000000000E+000 -7.419100236779372E-016
         146           2  0.000000000000000E+000 -1.758089976321869E-015
         147           1  0.000000000000000E+000 -7.419100236780934E-016
         147           2  0.000000000000000E+000 -1.758089976321908E-015
         148           1  0.000000000000000E+000 -7.419100236779379E-016
         148           2  0.000000000000000E+000 -1.758089976321873E-015
         149           1  0.000000000000000E+000 -7.419100236779396E-016
         149           2  0.000000000000000E+000 -1.758089976321874E-015
         150           1  0.000000000000000E+000 -7.419100236776915E-016
         150           2  0.000000000000000E+000 -1.758089976321761E-015
         151           1  0.000000000000000E+000 -7.419100236779284E-016
         151           2  0.000000000000000E+000 -1.758089976321842E-015
         152           1  0.000000000000000E+000 -7.419100236779585E-016
         152           2  0.000000000000000E+000 -1.758089976321878E-015
         153           1  0.000000000000000E+000 -7.419100236779251E-016
         153           2  0.000000000000000E+000 -1.758089976321842E-015
         154           1  0.000000000000000E+000 -7.419100236779202E-016
         154           2  0.000000000000000E+000 -1.758089976321853E-015
         155           1  0.000000000000000E+000 -7.419100236779291E-016
         155           2  0.000000000000000E+000 -1.758089976321906E-015
         156           1  0.000000000000000E+000 -7.419100236779743E-016
         156           2  0.000000000000000E+000 -1.758089976321927E-015
         157           1  0.000000000000000E+000 -7.419100236779461E-016
         157           2  0.000000000000000E+000 -1.758089976321890E-015
         158           1  0.000000000000000E+000 -7.419100236779038E-016
         158           2  0.000000000000000E+000 -1.758089976321989E-015
         159           1  0.000000000000000E+000 -7.419100236778672E-016
         159           2  0.000000000000000E+000 -1.758089976322047E-015
         160           1  0.000000000000000E+000 -7.419100236781368E-016
         160           2  0.000000000000000E+000 -1.758089976322033E-015
         161           1  0.000000000000000E+000 -7.419100236778913E-016
         161           2  0.000000000000000E+000 -1.758089976321963E-015
         162           1  0.000000000000000E+000 -7.419100236779773E-016
         162           2  0.000000000000000E+000 -1.758089976321936E-015
         163           1  0.000000000000000E+000 -7.419100236779720E-016
         163           2  0.000000000000000E+000 -1.758089976321961E-015
         164           1  0.000000000000000E+000 -7.419100236779839E-016
         164           2  0.000000000000000E+000 -1.758089976321940E-015
         165           1  0.000000000000000E+000 -7.419100236779347E-016
         165           2  0.000000000000000E+000 -1.758089976321893E-015
         166           1  0.000000000000000E+000 -7.419100236779436E-016
         166           2  0.000000000000000E+000 -1.758089976321888E-015
         167           1  0.000000000000000E+000 -7.419100236779399E-016
         167           2  0.000000000000000E+000 -1.758089976321875E-015
         168           1  0.000000000000000E+000 -7.419100236779482E-016
         168           2  0.000000000000000E+000 -1.758089976321891E-015
         169           1  0.000000000000000E+000 -7.419100236779340E-016
         169           2  0.000000000000000E+000 -1.758089976321848E-015
         170           1  0.000000000000000E+000 -7.419100236779341E-016
         170           2  0.000000000000000E+000 -1.758089976321857E-015
         171           1  0.000000000000000E+000 -7.419100236779520E-016
         171           2  0.000000000000000E+000 -1.758089976321910E-015
         172           1  0.000000000000000E+000 -7.419100236779103E-016
         172           2  0.000000000000000E+000 -1.758089976321877E-015
         173           1  0.000000000000000E+000 -7.419100236779161E-016
         173           2  0.000000000000000E+000 -1.758089976321850E-015
         174           1  0.000000000000000E+000 -7.419100236779585E-016
         174           2  0.000000000000000E+000 -1.758089976321877E-015
         175           1  0.000000000000000E+000 -7.419100236779301E-016
         175           2  0.000000000000000E+000 -1.758089976321916E-015
         176           1  0.000000000000000E+000 -7.419100236779450E-016
         176           2  0.000000000000000E+000 -1.758089976321925E-015
         177           1  0.000000000000000E+000 -7.419100236779507E-016
         177           2  0.000000000000000E+000 -1.758089976321931E-015
         178           1  0.000000000000000E+000 -7.419100236779915E-016
         178           2  0.000000000000000E+000 -1.758089976321966E-015
         179           1  0.000000000000000E+000 -7.419100236777432E-016
         179           2  0.000000000000000E+000 -1.758089976321960E-015
         180           1  0.000000000000000E+000 -7.419100236779417E-016
         180           2  0.000000000000000E+000 -1.758089976321883E-015
         181           1  0.000000000000000E+000 -7.419100236779381E-016
         181           2  0.000000000000000E+000 -1.758089976322102E-015
         182           1  0.000000000000000E+000 -7.419100236780490E-016
         182           2  0.000000000000000E+000 -1.758089976322034E-015
         183           1  0.000000000000000E+000 -7.419100236780197E-016
         183           2  0.000000000000000E+000 -1.758089976321969E-015
         184           1  0.000000000000000E+000 -7.419100236779653E-016
         184           2  0.000000000000000E+000 -1.758089976321924E-015
         185           1  0.000000000000000E+000 -7.419100236779361E-016
         185           2  0.000000000000000E+000 -1.758089976321918E-015
         186           1  0.000000000000000E+000 -7.419100236779509E-016
         186           2  0.000000000000000E+000 -1.758089976321907E-015
         187           1  0.000000000000000E+000 -7.419100236779490E-016
         187           2  0.000000000000000E+000 -1.758089976321921E-015
         188           1  0.000000000000000E+000 -7.419100236778709E-016
         188           2  0.000000000000000E+000 -1.758089976321796E-015
         189           1  0.000000000000000E+000 -7.419100236779527E-016
         189           2  0.000000000000000E+000 -1.758089976321879E-015
         190           1  0.000000000000000E+000 -7.419100236779228E-016
         190           2  0.000000000000000E+000 -1.758089976321867E-015
         191           1  0.000000000000000E+000 -7.419100236779113E-016
         191           2  0.000000000000000E+000 -1.758089976321879E-015
         192           1  0.000000000000000E+000 -7.419100236779292E-016
         192           2  0.000000000000000E+000 -1.758089976321870E-015
         193           1  0.000000000000000E+000 -7.419100236779357E-016
         193           2  0.000000000000000E+000 -1.758089976321900E-015
         194           1  0.000000000000000E+000 -7.419100236779309E-016
         194           2  0.000000000000000E+000 -1.758089976321862E-015
         195           1  0.000000000000000E+000 -7.419100236779485E-016
         195           2  0.000000000000000E+000 -1.758089976321888E-015
         196           1  0.000000000000000E+000 -7.419100236779466E-016
         196           2  0.000000000000000E+000 -1.758089976321903E-015
         197           1  0.000000000000000E+000 -7.419100236779498E-016
         197           2  0.000000000000000E+000 -1.758089976321907E-015
         198           1  0.000000000000000E+000 -7.419100236780097E-016
         198           2  0.000000000000000E+000 -1.758089976321998E-015
         199           1  0.000000000000000E+000 -7.419100236777238E-016
         199           2  0.000000000000000E+000 -1.758089976321889E-015
         200           1  0.000000000000000E+000 -7.419100236779991E-016
         200           2  0.000000000000000E+000 -1.758089976321919E-015
         201           1  0.000000000000000E+000 -7.419100236779144E-016
         201           2  0.000000000000000E+000 -1.758089976321938E-015
         202           1  0.000000000000000E+000 -7.419100236779855E-016
         202           2  0.000000000000000E+000 -1.758089976321938E-015
         203           1  0.000000000000000E+000 -7.419100236779628E-016
         203           2  0.000000000000000E+000 -1.758089976321948E-015
         204           1  0.000000000000000E+000 -7.419100236779724E-016
         204           2  0.000000000000000E+000 -1.758089976321922E-015
         205           1  0.000000000000000E+000 -7.419100236779393E-016
         205           2  0.000000000000000E+000 -1.758089976321906E-015
         206           1  0.000000000000000E+000 -7.419100236779550E-016
         206           2  0.000000000000000E+000 -1.758089976321902E-015
         207           1  0.000000000000000E+000 -7.419100236779152E-016
         207           2  0.000000000000000E+000 -1.758089976321903E-015
         208           1  0.000000000000000E+000 -7.419100236779337E-016
         208           2  0.000000000000000E+000 -1.758089976321897E-015
         209           1  0.000000000000000E+000 -7.419100236779239E-016
         209           2  0.000000000000000E+000 -1.758089976321875E-015
         210           1  0.000000000000000E+000 -7.419100236780391E-016
         210           2  0.000000000000000E+000 -1.758089976321876E-015
         211           1  0.000000000000000E+000 -7.419100236779304E-016
         211           2  0.000000000000000E+000 -1.758089976321876E-015
         212           1  0.000000000000000E+000 -7.419100236779527E-016
         212           2  0.000000000000000E+000 -1.758089976321901E-015
         213           1  0.000000000000000E+000 -7.419100236779496E-016
         213           2  0.000000000000000E+000 -1.758089976321904E-015
         214           1  0.000000000000000E+000 -7.419100236779015E-016
         214           2  0.000000000000000E+000 -1.758089976321888E-015
         215           1  0.000000000000000E+000 -7.419100236779339E-016
         215           2  0.000000000000000E+000 -1.758089976321873E-015
         216           1  0.000000000000000E+000 -7.419100236779636E-016
         216           2  0.000000000000000E+000 -1.758089976321893E-015
         217           1  0.000000000000000E+000 -7.419100236779206E-016
         217           2  0.000000000000000E+000 -1.758089976321920E-015
         218           1  0.000000000000000E+000 -7.419100236780431E-016
         218           2  0.000000000000000E+000 -1.758089976322066E-015
         219           1  0.000000000000000E+000 -7.419100236777403E-016
         219           2  0.000000000000000E+000 -1.758089976321940E-015
         220           1  0.000000000000000E+000 -7.419100236778652E-016
         220           2  0.000000000000000E+000 -1.758089976321843E-015
         221           1  0.000000000000000E+000 -7.419100236779437E-016
         221           2  0.000000000000000E+000 -1.758089976321931E-015
         222           1  0.000000000000000E+000 -7.419100236780026E-016
         222           2  0.000000000000000E+000 -1.758089976322034E-015
         223           1  0.000000000000000E+000 -7.419100236779888E-016
         223           2  0.000000000000000E+000 -1.758089976321912E-015
         224           1  0.000000000000000E+000 -7.419100236779598E-016
         224           2  0.000000000000000E+000 -1.758089976321904E-015
         225           1  0.000000000000000E+000 -7.419100236779366E-016
         225           2  0.000000000000000E+000 -1.758089976321896E-015
         226           1  0.000000000000000E+000 -7.419100236779428E-016
         226           2  0.000000000000000E+000 -1.758089976321878E-015
         227           1  0.000000000000000E+000 -7.419100236779473E-016
         227           2  0.000000000000000E+000 -1.758089976321866E-015
         228           1  0.000000000000000E+000 -7.419100236779226E-016
         228           2  0.000000000000000E+000 -1.758089976321876E-015
         229           1  0.000000000000000E+000 -7.419100236778236E-016
         229           2  0.000000000000000E+000 -1.758089976321817E-015
         230           1  0.000000000000000E+000 -7.419100236779340E-016
         230           2  0.000000000000000E+000 -1.758089976321887E-015
         231           1  0.000000000000000E+000 -7.419100236779382E-016
         231           2  0.000000000000000E+000 -1.758089976321883E-015
         232           1  0.000000000000000E+000 -7.419100236779606E-016
         232           2  0.000000000000000E+000 -1.758089976321912E-015
         233           1  0.000000000000000E+000 -7.419100236779256E-016
         233           2  0.000000000000000E+000 -1.758089976321856E-015
         234           1  0.000000000000000E+000 -7.419100236779135E-016
         234           2  0.000000000000000E+000 -1.758089976321728E-015
         235           1  0.000000000000000E+000 -7.419100236779265E-016
         235           2  0.000000000000000E+000 -1.758089976321870E-015
         236           1  0.000000000000000E+000 -7.419100236779301E-016
         236           2  0.000000000000000E+000 -1.758089976321891E-015
         237           1  0.000000000000000E+000 -7.419100236779704E-016
         237           2  0.000000000000000E+000 -1.758089976321943E-015
         238           1  0.000000000000000E+000 -7.419100236779666E-016
         238           2  0.000000000000000E+000 -1.758089976322153E-015
         239           1  0.000000000000000E+000 -7.419100236778581E-016
         239           2  0.000000000000000E+000 -1.758089976321581E-015
         240           1  0.000000000000000E+000 -7.419100236778763E-016
         240           2  0.000000000000000E+000 -1.758089976321858E-015
         241           1  0.000000000000000E+000 -7.419100236777353E-016
         241           2  0.000000000000000E+000 -1.758089976321902E-015
         242           1  0.000000000000000E+000 -7.419100236780240E-016
         242           2  0.000000000000000E+000 -1.758089976321961E-015
         243           1  0.000000000000000E+000 -7.419100236779128E-016
         243           2  0.000000000000000E+000 -1.758089976321940E-015
         244           1  0.000000000000000E+000 -7.419100236779785E-016
         244           2  0.000000000000000E+000 -1.758089976321885E-015
         245           1  0.000000000000000E+000 -7.419100236779449E-016
         245           2  0.000000000000000E+000 -1.758089976321877E-015
         246           1  0.000000000000000E+000 -7.419100236778983E-016
         246           2  0.000000000000000E+000 -1.758089976321771E-015
         247           1  0.000000000000000E+000 -7.419100236779146E-016
         247           2  0.000000000000000E+000 -1.758089976321870E-015
         248           1  0.000000000000000E+000 -7.419100236778972E-016
         248           2  0.000000000000000E+000 -1.758089976321907E-015
         249           1  0.000000000000000E+000 -7.419100236779338E-016
         249           2  0.000000000000000E+000 -1.758089976321864E-015
         250           1  0.000000000000000E+000 -7.419100236779439E-016
         250           2  0.000000000000000E+000 -1.758089976321898E-015
         251           1  0.000000000000000E+000 -7.419100236779526E-016
         251           2  0.000000000000000E+000 -1.758089976321883E-015
         252           1  0.000000000000000E+000 -7.419100236779293E-016
         252           2  0.000000000000000E+000 -1.758089976321862E-015
         253           1  0.000000000000000E+000 -7.419100236779289E-016
         253           2  0.000000000000000E+000 -1.758089976321900E-015
         254           1  0.000000000000000E+000 -7.419100236779423E-016
         254           2  0.000000000000000E+000 -1.758089976321890E-015
         255           1  0.000000000000000E+000 -7.419100236779405E-016
         255           2  0.000000000000000E+000 -1.758089976321792E-015
         256           1  0.000000000000000E+000 -7.419100236779941E-016
         256           2  0.000000000000000E+000 -1.758089976321859E-015
         257           1  0.000000000000000E+000 -7.419100236779237E-016
         257           2  0.000000000000000E+000 -1.758089976321875E-015
         258           1  0.000000000000000E+000 -7.419100236779972E-016
         258           2  0.000000000000000E+000 -1.758089976321877E-015
         259           1  0.000000000000000E+000 -7.419100236778868E-016
         259           2  0.000000000000000E+000 -1.758089976321997E-015
         260           1  0.000000000000000E+000 -7.419100236779289E-016
         260           2  0.000000000000000E+000 -1.758089976321976E-015
         261           1  0.000000000000000E+000 -7.419100236777872E-016
         261           2  0.000000000000000E+000 -1.758089976321878E-015
         262           1  0.000000000000000E+000 -7.419100236779123E-016
         262           2  0.000000000000000E+000 -1.758089976321967E-015
         263           1  0.000000000000000E+000 -7.419100236779649E-016
         263           2  0.000000000000000E+000 -1.758089976321909E-015
         264           1  0.000000000000000E+000 -7.419100236779652E-016
         264           2  0.000000000000000E+000 -1.758089976321924E-015
         265           1  0.000000000000000E+000 -7.419100236779448E-016
         265           2  0.000000000000000E+000 -1.758089976321899E-015
         266           1  0.000000000000000E+000 -7.419100236779452E-016
         266           2  0.000000000000000E+000 -1.758089976321911E-015
         267           1  0.000000000000000E+000 -7.419100236779389E-016
         267           2  0.000000000000000E+000 -1.758089976321868E-015
         268           1  0.000000000000000E+000 -7.419100236779273E-016
         268           2  0.000000000000000E+000 -1.758089976321874E-015
         269           1  0.000000000000000E+000 -7.419100236779560E-016
         269           2  0.000000000000000E+000 -1.758089976321916E-015
         270           1  0.000000000000000E+000 -7.419100236779423E-016
         270           2  0.000000000000000E+000 -1.758089976321890E-015
         271           1  0.000000000000000E+000 -7.419100236779281E-016
         271           2  0.000000000000000E+000 -1.758089976321877E-015
         272           1  0.000000000000000E+000 -7.419100236779342E-016
         272           2  0.000000000000000E+000 -1.758089976321885E-015
         273           1  0.000000000000000E+000 -7.419100236779360E-016
         273           2  0.000000000000000E+000 -1.758089976321846E-015
         274           1  0.000000000000000E+000 -7.419100236779469E-016
         274           2  0.000000000000000E+000 -1.758089976321863E-015
         275           1  0.000000000000000E+000 -7.419100236779199E-016
         275           2  0.000000000000000E+000 -1.758089976321870E-015
         276           1  0.000000000000000E+000 -7.419100236780082E-016
         276           2  0.000000000000000E+000 -1.758089976321771E-015
         277           1  0.000000000000000E+000 -7.419100236779350E-016
         277           2  0.000000000000000E+000 -1.758089976321799E-015
         278           1  0.000000000000000E+000 -7.419100236780298E-016
         278           2  0.000000000000000E+000 -1.758089976322022E-015
         279           1  0.000000000000000E+000 -7.419100236779578E-016
         279           2  0.000000000000000E+000 -1.758089976321974E-015
         280           1  0.000000000000000E+000 -7.419100236779355E-016
         280           2  0.000000000000000E+000 -1.758089976321905E-015
         281           1  0.000000000000000E+000 -7.419100236779870E-016
         281           2  0.000000000000000E+000 -1.758089976321962E-015
         282           1  0.000000000000000E+000 -7.419100236779866E-016
         282           2  0.000000000000000E+000 -1.758089976322001E-015
         283           1  0.000000000000000E+000 -7.419100236779619E-016
         283           2  0.000000000000000E+000 -1.758089976321956E-015
         284           1  0.000000000000000E+000 -7.419100236779286E-016
         284           2  0.000000000000000E+000 -1.758089976321919E-015
         285           1  0.000000000000000E+000 -7.419100236779490E-016
         285           2  0.000000000000000E+000 -1.758089976321908E-015
         286           1  0.000000000000000E+000 -7.419100236779363E-016
         286           2  0.000000000000000E+000 -1.758089976321874E-015
         287           1  0.000000000000000E+000 -7.419100236779251E-016
         287           2  0.000000000000000E+000 -1.758089976321882E-015
         288           1  0.000000000000000E+000 -7.419100236779253E-016
         288           2  0.000000000000000E+000 -1.758089976321887E-015
         289           1  0.000000000000000E+000 -7.419100236779355E-016
         289           2  0.000000000000000E+000 -1.758089976321891E-015
         290           1  0.000000000000000E+000 -7.419100236779308E-016
         290           2  0.000000000000000E+000 -1.758089976321883E-015
         291           1  0.000000000000000E+000 -7.419100236779237E-016
         291           2  0.000000000000000E+000 -1.758089976321882E-015
         292           1  0.000000000000000E+000 -7.419100236779463E-016
         292           2  0.000000000000000E+000 -1.758089976321916E-015
         293           1  0.000000000000000E+000 -7.419100236779440E-016
         293           2  0.000000000000000E+000 -1.758089976321864E-015
         294           1  0.000000000000000E+000 -7.419100236779107E-016
         294           2  0.000000000000000E+000 -1.758089976321856E-015
         295           1  0.000000000000000E+000 -7.419100236779171E-016
         295           2  0.000000000000000E+000 -1.758089976321888E-015
         296           1  0.000000000000000E+000 -7.419100236779309E-016
         296           2  0.000000000000000E+000 -1.758089976321915E-015
         297           1  0.000000000000000E+000 -7.419100236779577E-016
         297           2  0.000000000000000E+000 -1.758089976321939E-015
         298           1  0.000000000000000E+000 -7.419100236779935E-016
         298           2  0.000000000000000E+000 -1.758089976322021E-015
         299           1  0.000000000000000E+000 -7.419100236779419E-016
         299           2  0.000000000000000E+000 -1.758089976322042E-015
         300           1  0.000000000000000E+000 -7.419100236779367E-016
         300           2  0.000000000000000E+000 -1.758089976321896E-015
         301           1  0.000000000000000E+000 -7.419100236779432E-016
         301           2  0.000000000000000E+000 -1.758089976321998E-015
         302           1  0.000000000000000E+000 -7.419100236779375E-016
         302           2  0.000000000000000E+000 -1.758089976321886E-015
         303           1  0.000000000000000E+000 -7.419100236779749E-016
         303           2  0.000000000000000E+000 -1.758089976321977E-015
         304           1  0.000000000000000E+000 -7.419100236779569E-016
         304           2  0.000000000000000E+000 -1.758089976321928E-015
         305           1  0.000000000000000E+000 -7.419100236779602E-016
         305           2  0.000000000000000E+000 -1.758089976321907E-015
         306           1  0.000000000000000E+000 -7.419100236779509E-016
         306           2  0.000000000000000E+000 -1.758089976321901E-015
         307           1  0.000000000000000E+000 -7.419100236779367E-016
         307           2  0.000000000000000E+000 -1.758089976321877E-015
         308           1  0.000000000000000E+000 -7.419100236779285E-016
         308           2  0.000000000000000E+000 -1.758089976321906E-015
         309           1  0.000000000000000E+000 -7.419100236779269E-016
         309           2  0.000000000000000E+000 -1.758089976321901E-015
         310           1  0.000000000000000E+000 -7.419100236779317E-016
         310           2  0.000000000000000E+000 -1.758089976321900E-015
         311           1  0.000000000000000E+000 -7.419100236779200E-016
         311           2  0.000000000000000E+000 -1.758089976321896E-015
         312           1  0.000000000000000E+000 -7.419100236779699E-016
         312           2  0.000000000000000E+000 -1.758089976322081E-015
         313           1  0.000000000000000E+000 -7.419100236779086E-016
         313           2  0.000000000000000E+000 -1.758089976321882E-015
         314           1  0.000000000000000E+000 -7.419100236779555E-016
         314           2  0.000000000000000E+000 -1.758089976321902E-015
         315           1  0.000000000000000E+000 -7.419100236779376E-016
         315           2  0.000000000000000E+000 -1.758089976321854E-015
         316           1  0.000000000000000E+000 -7.419100236779600E-016
         316           2  0.000000000000000E+000 -1.758089976321937E-015
         317           1  0.000000000000000E+000 -7.419100236779528E-016
         317           2  0.000000000000000E+000 -1.758089976321939E-015
         318           1  0.000000000000000E+000 -7.419100236779928E-016
         318           2  0.000000000000000E+000 -1.758089976321972E-015
         319           1  0.000000000000000E+000 -7.419100236779695E-016
         319           2  0.000000000000000E+000 -1.758089976322083E-015
         320           1  0.000000000000000E+000 -7.419100236779348E-016
         320           2  0.000000000000000E+000 -1.758089976321922E-015
         321           1  0.000000000000000E+000 -7.419100236779596E-016
         321           2  0.000000000000000E+000 -1.758089976321963E-015
         322           1  0.000000000000000E+000 -7.419100236779163E-016
         322           2  0.000000000000000E+000 -1.758089976321988E-015
         323           1  0.000000000000000E+000 -7.419100236779577E-016
         323           2  0.000000000000000E+000 -1.758089976321912E-015
         324           1  0.000000000000000E+000 -7.419100236779719E-016
         324           2  0.000000000000000E+000 -1.758089976322000E-015
         325           1  0.000000000000000E+000 -7.419100236779862E-016
         325           2  0.000000000000000E+000 -1.758089976321943E-015
         326           1  0.000000000000000E+000 -7.419100236779571E-016
         326           2  0.000000000000000E+000 -1.758089976321915E-015
         327           1  0.000000000000000E+000 -7.419100236779596E-016
         327           2  0.000000000000000E+000 -1.758089976321908E-015
         328           1  0.000000000000000E+000 -7.419100236779578E-016
         328           2  0.000000000000000E+000 -1.758089976321905E-015
         329           1  0.000000000000000E+000 -7.419100236778771E-016
         329           2  0.000000000000000E+000 -1.758089976321861E-015
         330           1  0.000000000000000E+000 -7.419100236779412E-016
         330           2  0.000000000000000E+000 -1.758089976321921E-015
         331           1  0.000000000000000E+000 -7.419100236779392E-016
         331           2  0.000000000000000E+000 -1.758089976321892E-015
         332           1  0.000000000000000E+000 -7.419100236779263E-016
         332           2  0.000000000000000E+000 -1.758089976321912E-015
         333           1  0.000000000000000E+000 -7.419100236779537E-016
         333           2  0.000000000000000E+000 -1.758089976321929E-015
         334           1  0.000000000000000E+000 -7.419100236779500E-016
         334           2  0.000000000000000E+000 -1.758089976321907E-015
         335           1  0.000000000000000E+000 -7.419100236779243E-016
         335           2  0.000000000000000E+000 -1.758089976321897E-015
         336           1  0.000000000000000E+000 -7.419100236779419E-016
         336           2  0.000000000000000E+000 -1.758089976321946E-015
         337           1  0.000000000000000E+000 -7.419100236779730E-016
         337           2  0.000000000000000E+000 -1.758089976321956E-015
         338           1  0.000000000000000E+000 -7.419100236780030E-016
         338           2  0.000000000000000E+000 -1.758089976321983E-015
         339           1  0.000000000000000E+000 -7.419100236779966E-016
         339           2  0.000000000000000E+000 -1.758089976322041E-015
         340           1  0.000000000000000E+000 -7.419100236778545E-016
         340           2  0.000000000000000E+000 -1.758089976321988E-015
         341           1  0.000000000000000E+000 -7.419100236778023E-016
         341           2  0.000000000000000E+000 -1.758089976321744E-015
         342           1  0.000000000000000E+000 -7.419100236780456E-016
         342           2  0.000000000000000E+000 -1.758089976322078E-015
         343           1  0.000000000000000E+000 -7.419100236779673E-016
         343           2  0.000000000000000E+000 -1.758089976321972E-015
         344           1  0.000000000000000E+000 -7.419100236780026E-016
         344           2  0.000000000000000E+000 -1.758089976322012E-015
         345           1  0.000000000000000E+000 -7.419100236780491E-016
         345           2  0.000000000000000E+000 -1.758089976321961E-015
         346           1  0.000000000000000E+000 -7.419100236779775E-016
         346           2  0.000000000000000E+000 -1.758089976322009E-015
         347           1  0.000000000000000E+000 -7.419100236779524E-016
         347           2  0.000000000000000E+000 -1.758089976321984E-015
         348           1  0.000000000000000E+000 -7.419100236780142E-016
         348           2  0.000000000000000E+000 -1.758089976321985E-015
         349           1  0.000000000000000E+000 -7.419100236779694E-016
         349           2  0.000000000000000E+000 -1.758089976322001E-015
         350           1  0.000000000000000E+000 -7.419100236779364E-016
         350           2  0.000000000000000E+000 -1.758089976321974E-015
         351           1  0.000000000000000E+000 -7.419100236780028E-016
         351           2  0.000000000000000E+000 -1.758089976321957E-015
         352           1  0.000000000000000E+000 -7.419100236779624E-016
         352           2  0.000000000000000E+000 -1.758089976321924E-015
         353           1  0.000000000000000E+000 -7.419100236779948E-016
         353           2  0.000000000000000E+000 -1.758089976321969E-015
         354           1  0.000000000000000E+000 -7.419100236779807E-016
         354           2  0.000000000000000E+000 -1.758089976321982E-015
         355           1  0.000000000000000E+000 -7.419100236779430E-016
         355           2  0.000000000000000E+000 -1.758089976321930E-015
         356           1  0.000000000000000E+000 -7.419100236780234E-016
         356           2  0.000000000000000E+000 -1.758089976322027E-015
         357           1  0.000000000000000E+000 -7.419100236779992E-016
         357           2  0.000000000000000E+000 -1.758089976322061E-015
         358           1  0.000000000000000E+000 -7.419100236780099E-016
         358           2  0.000000000000000E+000 -1.758089976322011E-015
         359           1  0.000000000000000E+000 -7.419100236779324E-016
         359           2  0.000000000000000E+000 -1.758089976321926E-015
         360           1  0.000000000000000E+000 -7.419100236779566E-016
         360           2  0.000000000000000E+000 -1.758089976322075E-015
         361           1  0.000000000000000E+000 -7.419100236779701E-016
         361           2  0.000000000000000E+000 -1.758089976322003E-015
         362           1  0.000000000000000E+000 -7.419100236780178E-016
         362           2  0.000000000000000E+000 -1.758089976321884E-015
         363           1  0.000000000000000E+000 -7.419100236780484E-016
         363           2  0.000000000000000E+000 -1.758089976322136E-015
         364           1  0.000000000000000E+000 -7.419100236779921E-016
         364           2  0.000000000000000E+000 -1.758089976321941E-015
         365           1  0.000000000000000E+000 -7.419100236779463E-016
         365           2  0.000000000000000E+000 -1.758089976321974E-015
         366           1  0.000000000000000E+000 -7.419100236778276E-016
         366           2  0.000000000000000E+000 -1.758089976321913E-015
         367           1  0.000000000000000E+000 -7.419100236779381E-016
         367           2  0.000000000000000E+000 -1.758089976321852E-015
         368           1  0.000000000000000E+000 -7.419100236780074E-016
         368           2  0.000000000000000E+000 -1.758089976322116E-015
         369           1  0.000000000000000E+000 -7.419100236780550E-016
         369           2  0.000000000000000E+000 -1.758089976321931E-015
         370           1  0.000000000000000E+000 -7.419100236779235E-016
         370           2  0.000000000000000E+000 -1.758089976321994E-015
         371           1  0.000000000000000E+000 -7.419100236779234E-016
         371           2  0.000000000000000E+000 -1.758089976321894E-015
         372           1  0.000000000000000E+000 -7.419100236777833E-016
         372           2  0.000000000000000E+000 -1.758089976321891E-015
         373           1  0.000000000000000E+000 -7.419100236779326E-016
         373           2  0.000000000000000E+000 -1.758089976321960E-015
         374           1  0.000000000000000E+000 -7.419100236779657E-016
         374           2  0.000000000000000E+000 -1.758089976321919E-015
         375           1  0.000000000000000E+000 -7.419100236778608E-016
         375           2  0.000000000000000E+000 -1.758089976321785E-015
         376           1  0.000000000000000E+000 -7.419100236778053E-016
         376           2  0.000000000000000E+000 -1.758089976321902E-015
         377           1  0.000000000000000E+000 -7.419100236780072E-016
         377           2  0.000000000000000E+000 -1.758089976322054E-015
         378           1  0.000000000000000E+000 -7.419100236780191E-016
         378           2  0.000000000000000E+000 -1.758089976322097E-015
         379           1  0.000000000000000E+000 -7.419100236779914E-016
         379           2  0.000000000000000E+000 -1.758089976322286E-015
         380           1  0.000000000000000E+000 -7.419100236779203E-016
         380           2  0.000000000000000E+000 -1.758089976321932E-015
         381           1  0.000000000000000E+000 -7.419100236780030E-016
         381           2  0.000000000000000E+000 -1.758089976321960E-015
         382           1  0.000000000000000E+000 -7.419100236779049E-016
         382           2  0.000000000000000E+000 -1.758089976321904E-015
         383           1  0.000000000000000E+000 -7.419100236779525E-016
         383           2  0.000000000000000E+000 -1.758089976321943E-015
         384           1  0.000000000000000E+000 -7.419100236779229E-016
         384           2  0.000000000000000E+000 -1.758089976321924E-015
         385           1  0.000000000000000E+000 -7.419100236779587E-016
         385           2  0.000000000000000E+000 -1.758089976321979E-015
         386           1  0.000000000000000E+000 -7.419100236779195E-016
         386           2  0.000000000000000E+000 -1.758089976321902E-015
         387           1  0.000000000000000E+000 -7.419100236777650E-016
         387           2  0.000000000000000E+000 -1.758089976321862E-015
         388           1  0.000000000000000E+000 -7.419100236779786E-016
         388           2  0.000000000000000E+000 -1.758089976321957E-015
         389           1  0.000000000000000E+000 -7.419100236779245E-016
         389           2  0.000000000000000E+000 -1.758089976321889E-015
         390           1  0.000000000000000E+000 -7.419100236777779E-016
         390           2  0.000000000000000E+000 -1.758089976321829E-015
         391           1  0.000000000000000E+000 -7.419100236776344E-016
         391           2  0.000000000000000E+000 -1.758089976321667E-015
         392           1  0.000000000000000E+000 -7.419100236778347E-016
         392           2  0.000000000000000E+000 -1.758089976321883E-015
         393           1  0.000000000000000E+000 -7.419100236779281E-016
         393           2  0.000000000000000E+000 -1.758089976321918E-015
         394           1  0.000000000000000E+000 -7.419100236779951E-016
         394           2  0.000000000000000E+000 -1.758089976321962E-015
         395           1  0.000000000000000E+000 -7.419100236779446E-016
         395           2  0.000000000000000E+000 -1.758089976321928E-015
         396           1  0.000000000000000E+000 -7.419100236779229E-016
         396           2  0.000000000000000E+000 -1.758089976321945E-015
         397           1  0.000000000000000E+000 -7.419100236780401E-016
         397           2  0.000000000000000E+000 -1.758089976321995E-015
         398           1  0.000000000000000E+000 -7.419100236779505E-016
         398           2  0.000000000000000E+000 -1.758089976321958E-015
         399           1  0.000000000000000E+000 -7.419100236779437E-016
         399           2  0.000000000000000E+000 -1.758089976321931E-015
         400           1  0.000000000000000E+000 -7.419100236778648E-016
         400           2  0.000000000000000E+000 -1.758089976321905E-015
