           1           1  0.000000000000000E+000 -6.073805876618723E-016
           1           2  0.000000000000000E+000 -9.926194123381260E-016
           2           1  0.000000000000000E+000 -6.073805876620052E-016
           2           2  0.000000000000000E+000 -9.926194123381069E-016
           3           1  0.000000000000000E+000 -6.073805876616756E-016
           3           2  0.000000000000000E+000 -9.926194123379424E-016
           4           1  0.000000000000000E+000 -6.073805876618687E-016
           4           2  0.000000000000000E+000 -9.926194123380690E-016
           5           1  0.000000000000000E+000 -6.073805876618550E-016
           5           2  0.000000000000000E+000 -9.926194123382305E-016
           6           1  0.000000000000000E+000 -6.073805876618083E-016
           6           2  0.000000000000000E+000 -9.926194123380913E-016
           7           1  0.000000000000000E+000 -6.073805876618398E-016
           7           2  0.000000000000000E+000 -9.926194123380883E-016
           8           1  0.000000000000000E+000 -6.073805876617625E-016
           8           2  0.000000000000000E+000 -9.926194123380361E-016
           9           1  0.000000000000000E+000 -6.073805876618218E-016
           9           2  0.000000000000000E+000 -9.926194123380913E-016
          10           1  0.000000000000000E+000 -6.073805876618518E-016
          10           2  0.000000000000000E+000 -9.926194123381992E-016
          11           1  0.000000000000000E+000 -6.073805876617946E-016
          11           2  0.000000000000000E+000 -9.926194123381250E-016
          12           1  0.000000000000000E+000 -6.073805876619324E-016
          12           2  0.000000000000000E+000 -9.926194123380613E-016
          13           1  0.000000000000000E+000 -6.073805876618625E-016
          13           2  0.000000000000000E+000 -9.926194123380828E-016
          14           1  0.000000000000000E+000 -6.073805876618486E-016
          14           2  0.000000000000000E+000 -9.926194123380449E-016
          15           1  0.000000000000000E+000 -6.073805876618318E-016
          15           2  0.000000000000000E+000 -9.926194123380534E-016
          16           1  0.000000000000000E+000 -6.073805876618932E-016
          16           2  0.000000000000000E+000 -9.926194123380950E-016
          17           1  0.000000000000000E+000 -6.073805876620606E-016
          17           2  0.000000000000000E+000 -9.926194123382952E-016
          18           1  0.000000000000000E+000 -6.073805876618518E-016
          18           2  0.000000000000000E+000 -9.926194123380984E-016
          19           1  0.000000000000000E+000 -6.073805876618956E-016
          19           2  0.000000000000000E+000 -9.926194123381305E-016
          20           1  0.000000000000000E+000 -6.073805876619055E-016
          20           2  0.000000000000000E+000 -9.926194123381183E-016
          21           1  0.000000000000000E+000 -6.073805876617259E-016
          21           2  0.000000000000000E+000 -9.926194123378323E-016
          22           1  0.000000000000000E+000 -6.073805876620340E-016
          22           2  0.000000000000000E+000 -9.926194123384141E-016
          23           1  0.000000000000000E+000 -6.073805876618627E-016
          23           2  0.000000000000000E+000 -9.926194123381897E-016
          24           1  0.000000000000000E+000 -6.073805876618288E-016
          24           2  0.000000000000000E+000 -9.926194123380672E-016
          25           1  0.000000000000000E+000 -6.073805876618300E-016
          25           2  0.000000000000000E+000 -9.926194123380913E-016
          26           1  0.000000000000000E+000 -6.073805876617798E-016
          26           2  0.000000000000000E+000 -9.926194123380088E-016
          27           1  0.000000000000000E+000 -6.073805876618184E-016
          27           2  0.000000000000000E+000 -9.926194123379572E-016
          28           1  0.000000000000000E+000 -6.073805876617285E-016
          28           2  0.000000000000000E+000 -9.926194123378868E-016
          29           1  0.000000000000000E+000 -6.073805876618511E-016
          29           2  0.000000000000000E+000 -9.926194123380453E-016
          30           1  0.000000000000000E+000 -6.073805876618466E-016
          30           2  0.000000000000000E+000 -9.926194123380834E-016
          31           1  0.000000000000000E+000 -6.073805876618279E-016
          31           2  0.000000000000000E+000 -9.926194123380404E-016
          32           1  0.000000000000000E+000 -6.073805876618545E-016
          32           2  0.000000000000000E+000 -9.926194123380763E-016
          33           1  0.000000000000000E+000 -6.073805876618984E-016
          33           2  0.000000000000000E+000 -9.926194123380503E-016
          34           1  0.000000000000000E+000 -6.073805876618477E-016
          34           2  0.000000000000000E+000 -9.926194123380804E-016
          35           1  0.000000000000000E+000 -6.073805876619868E-016
          35           2  0.000000000000000E+000 -9.926194123378304E-016
          36           1  0.000000000000000E+000 -6.073805876617877E-016
          36           2  0.000000000000000E+000 -9.926194123378254E-016
          37           1  0.000000000000000E+000 -6.073805876620263E-016
          37           2  0.000000000000000E+000 -9.926194123381453E-016
          38           1  0.000000000000000E+000 -6.073805876618387E-016
          38           2  0.000000000000000E+000 -9.926194123381899E-016
          39           1  0.000000000000000E+000 -6.073805876618250E-016
          39           2  0.000000000000000E+000 -9.926194123381996E-016
          40           1  0.000000000000000E+000 -6.073805876617731E-016
          40           2  0.000000000000000E+000 -9.926194123379988E-016
          41           1  0.000000000000000E+000 -6.073805876618548E-016
          41           2  0.000000000000000E+000 -9.926194123380536E-016
          42           1  0.000000000000000E+000 -6.073805876621180E-016
          42           2  0.000000000000000E+000 -9.926194123382141E-016
          43           1  0.000000000000000E+000 -6.073805876617727E-016
          43           2  0.000000000000000E+000 -9.926194123380039E-016
          44           1  0.000000000000000E+000 -6.073805876620578E-016
          44           2  0.000000000000000E+000 -9.926194123380848E-016
          45           1  0.000000000000000E+000 -6.073805876620336E-016
          45           2  0.000000000000000E+000 -9.926194123380739E-016
          46           1  0.000000000000000E+000 -6.073805876618667E-016
          46           2  0.000000000000000E+000 -9.926194123380574E-016
          47           1  0.000000000000000E+000 -6.073805876618302E-016
          47           2  0.000000000000000E+000 -9.926194123379635E-016
          48           1  0.000000000000000E+000 -6.073805876617181E-016
          48           2  0.000000000000000E+000 -9.926194123380617E-016
          49           1  0.000000000000000E+000 -6.073805876619700E-016
          49           2  0.000000000000000E+000 -9.926194123380560E-016
          50           1  0.000000000000000E+000 -6.073805876617007E-016
          50           2  0.000000000000000E+000 -9.926194123378248E-016
          51           1  0.000000000000000E+000 -6.073805876619776E-016
          51           2  0.000000000000000E+000 -9.926194123381562E-016
          52           1  0.000000000000000E+000 -6.073805876617881E-016
          52           2  0.000000000000000E+000 -9.926194123380343E-016
          53           1  0.000000000000000E+000 -6.073805876618028E-016
          53           2  0.000000000000000E+000 -9.926194123378499E-016
          54           1  0.000000000000000E+000 -6.073805876620554E-016
          54           2  0.000000000000000E+000 -9.926194123380051E-016
          55           1  0.000000000000000E+000 -6.073805876619534E-016
          55           2  0.000000000000000E+000 -9.926194123380793E-016
          56           1  0.000000000000000E+000 -6.073805876619390E-016
          56           2  0.000000000000000E+000 -9.926194123380455E-016
          57           1  0.000000000000000E+000 -6.073805876617636E-016
          57           2  0.000000000000000E+000 -9.926194123379233E-016
          58           1  0.000000000000000E+000 -6.073805876619275E-016
          58           2  0.000000000000000E+000 -9.926194123382003E-016
          59           1  0.000000000000000E+000 -6.073805876619248E-016
          59           2  0.000000000000000E+000 -9.926194123382252E-016
          60           1  0.000000000000000E+000 -6.073805876619016E-016
          60           2  0.000000000000000E+000 -9.926194123380658E-016
          61           1  0.000000000000000E+000 -6.073805876618412E-016
          61           2  0.000000000000000E+000 -9.926194123380288E-016
          62           1  0.000000000000000E+000 -6.073805876617711E-016
          62           2  0.000000000000000E+000 -9.926194123380443E-016
          63           1  0.000000000000000E+000 -6.073805876618690E-016
          63           2  0.000000000000000E+000 -9.926194123380524E-016
          64           1  0.000000000000000E+000 -6.073805876619176E-016
          64           2  0.000000000000000E+000 -9.926194123380858E-016
          65           1  0.000000000000000E+000 -6.073805876619380E-016
          65           2  0.000000000000000E+000 -9.926194123380558E-016
          66           1  0.000000000000000E+000 -6.073805876616983E-016
          66           2  0.000000000000000E+000 -9.926194123379093E-016
          67           1  0.000000000000000E+000 -6.073805876619386E-016
          67           2  0.000000000000000E+000 -9.926194123380798E-016
          68           1  0.000000000000000E+000 -6.073805876619627E-016
          68           2  0.000000000000000E+000 -9.926194123380942E-016
          69           1  0.000000000000000E+000 -6.073805876619814E-016
          69           2  0.000000000000000E+000 -9.926194123381100E-016
          70           1  0.000000000000000E+000 -6.073805876619021E-016
          70           2  0.000000000000000E+000 -9.926194123380479E-016
          71           1  0.000000000000000E+000 -6.073805876618591E-016
          71           2  0.000000000000000E+000 -9.926194123380031E-016
          72           1  0.000000000000000E+000 -6.073805876618637E-016
          72           2  0.000000000000000E+000 -9.926194123380100E-016
          73           1  0.000000000000000E+000 -6.073805876618945E-016
          73           2  0.000000000000000E+000 -9.926194123380552E-016
          74           1  0.000000000000000E+000 -6.073805876619061E-016
          74           2  0.000000000000000E+000 -9.926194123380789E-016
          75           1  0.000000000000000E+000 -6.073805876619281E-016
          75           2  0.000000000000000E+000 -9.926194123380564E-016
          76           1  0.000000000000000E+000 -6.073805876619396E-016
          76           2  0.000000000000000E+000 -9.926194123380238E-016
          77           1  0.000000000000000E+000 -6.073805876621111E-016
          77           2  0.000000000000000E+000 -9.926194123380570E-016
          78           1  0.000000000000000E+000 -6.073805876618014E-016
          78           2  0.000000000000000E+000 -9.926194123380382E-016
          79           1  0.000000000000000E+000 -6.073805876617763E-016
          79           2  0.000000000000000E+000 -9.926194123379412E-016
          80           1  0.000000000000000E+000 -6.073805876619328E-016
          80           2  0.000000000000000E+000 -9.926194123381516E-016
          81           1  0.000000000000000E+000 -6.073805876618845E-016
          81           2  0.000000000000000E+000 -9.926194123380769E-016
          82           1  0.000000000000000E+000 -6.073805876618171E-016
          82           2  0.000000000000000E+000 -9.926194123380794E-016
          83           1  0.000000000000000E+000 -6.073805876618363E-016
          83           2  0.000000000000000E+000 -9.926194123380804E-016
          84           1  0.000000000000000E+000 -6.073805876618488E-016
          84           2  0.000000000000000E+000 -9.926194123380684E-016
          85           1  0.000000000000000E+000 -6.073805876619062E-016
          85           2  0.000000000000000E+000 -9.926194123380171E-016
          86           1  0.000000000000000E+000 -6.073805876618937E-016
          86           2  0.000000000000000E+000 -9.926194123380787E-016
          87           1  0.000000000000000E+000 -6.073805876619024E-016
          87           2  0.000000000000000E+000 -9.926194123380142E-016
          88           1  0.000000000000000E+000 -6.073805876617512E-016
          88           2  0.000000000000000E+000 -9.926194123379862E-016
          89           1  0.000000000000000E+000 -6.073805876619241E-016
          89           2  0.000000000000000E+000 -9.926194123380278E-016
          90           1  0.000000000000000E+000 -6.073805876618493E-016
          90           2  0.000000000000000E+000 -9.926194123380747E-016
          91           1  0.000000000000000E+000 -6.073805876617766E-016
          91           2  0.000000000000000E+000 -9.926194123380722E-016
          92           1  0.000000000000000E+000 -6.073805876618349E-016
          92           2  0.000000000000000E+000 -9.926194123380278E-016
          93           1  0.000000000000000E+000 -6.073805876618748E-016
          93           2  0.000000000000000E+000 -9.926194123380351E-016
          94           1  0.000000000000000E+000 -6.073805876619118E-016
          94           2  0.000000000000000E+000 -9.926194123380779E-016
          95           1  0.000000000000000E+000 -6.073805876619304E-016
          95           2  0.000000000000000E+000 -9.926194123380702E-016
          96           1  0.000000000000000E+000 -6.073805876619137E-016
          96           2  0.000000000000000E+000 -9.926194123381775E-016
          97           1  0.000000000000000E+000 -6.073805876619260E-016
          97           2  0.000000000000000E+000 -9.926194123381073E-016
          98           1  0.000000000000000E+000 -6.073805876618554E-016
          98           2  0.000000000000000E+000 -9.926194123381514E-016
          99           1  0.000000000000000E+000 -6.073805876618893E-016
          99           2  0.000000000000000E+000 -9.926194123381009E-016
         100           1  0.000000000000000E+000 -6.073805876618751E-016
         100           2  0.000000000000000E+000 -9.926194123380493E-016
         101           1  0.000000000000000E+000 -6.073805876618817E-016
         101           2  0.000000000000000E+000 -9.926194123380832E-016
         102           1  0.000000000000000E+000 -6.073805876620245E-016
         102           2  0.000000000000000E+000 -9.926194123381775E-016
         103           1  0.000000000000000E+000 -6.073805876618162E-016
         103           2  0.000000000000000E+000 -9.926194123380258E-016
         104           1  0.000000000000000E+000 -6.073805876618499E-016
         104           2  0.000000000000000E+000 -9.926194123380459E-016
         105           1  0.000000000000000E+000 -6.073805876619557E-016
         105           2  0.000000000000000E+000 -9.926194123379984E-016
         106           1  0.000000000000000E+000 -6.073805876620049E-016
         106           2  0.000000000000000E+000 -9.926194123381256E-016
         107           1  0.000000000000000E+000 -6.073805876619413E-016
         107           2  0.000000000000000E+000 -9.926194123380836E-016
         108           1  0.000000000000000E+000 -6.073805876619836E-016
         108           2  0.000000000000000E+000 -9.926194123380189E-016
         109           1  0.000000000000000E+000 -6.073805876619236E-016
         109           2  0.000000000000000E+000 -9.926194123379609E-016
         110           1  0.000000000000000E+000 -6.073805876618938E-016
         110           2  0.000000000000000E+000 -9.926194123380301E-016
         111           1  0.000000000000000E+000 -6.073805876617842E-016
         111           2  0.000000000000000E+000 -9.926194123379883E-016
         112           1  0.000000000000000E+000 -6.073805876618364E-016
         112           2  0.000000000000000E+000 -9.926194123380404E-016
         113           1  0.000000000000000E+000 -6.073805876618349E-016
         113           2  0.000000000000000E+000 -9.926194123380085E-016
         114           1  0.000000000000000E+000 -6.073805876618464E-016
         114           2  0.000000000000000E+000 -9.926194123380536E-016
         115           1  0.000000000000000E+000 -6.073805876618869E-016
         115           2  0.000000000000000E+000 -9.926194123380603E-016
         116           1  0.000000000000000E+000 -6.073805876618717E-016
         116           2  0.000000000000000E+000 -9.926194123380185E-016
         117           1  0.000000000000000E+000 -6.073805876618718E-016
         117           2  0.000000000000000E+000 -9.926194123379296E-016
         118           1  0.000000000000000E+000 -6.073805876618247E-016
         118           2  0.000000000000000E+000 -9.926194123381583E-016
         119           1  0.000000000000000E+000 -6.073805876618754E-016
         119           2  0.000000000000000E+000 -9.926194123380753E-016
         120           1  0.000000000000000E+000 -6.073805876619450E-016
         120           2  0.000000000000000E+000 -9.926194123381830E-016
         121           1  0.000000000000000E+000 -6.073805876615784E-016
         121           2  0.000000000000000E+000 -9.926194123379838E-016
         122           1  0.000000000000000E+000 -6.073805876619488E-016
         122           2  0.000000000000000E+000 -9.926194123382514E-016
         123           1  0.000000000000000E+000 -6.073805876617433E-016
         123           2  0.000000000000000E+000 -9.926194123380148E-016
         124           1  0.000000000000000E+000 -6.073805876618768E-016
         124           2  0.000000000000000E+000 -9.926194123380420E-016
         125           1  0.000000000000000E+000 -6.073805876619593E-016
         125           2  0.000000000000000E+000 -9.926194123380581E-016
         126           1  0.000000000000000E+000 -6.073805876619389E-016
         126           2  0.000000000000000E+000 -9.926194123380712E-016
         127           1  0.000000000000000E+000 -6.073805876619443E-016
         127           2  0.000000000000000E+000 -9.926194123380327E-016
         128           1  0.000000000000000E+000 -6.073805876618411E-016
         128           2  0.000000000000000E+000 -9.926194123380558E-016
         129           1  0.000000000000000E+000 -6.073805876619438E-016
         129           2  0.000000000000000E+000 -9.926194123380272E-016
         130           1  0.000000000000000E+000 -6.073805876619743E-016
         130           2  0.000000000000000E+000 -9.926194123380317E-016
         131           1  0.000000000000000E+000 -6.073805876619136E-016
         131           2  0.000000000000000E+000 -9.926194123380587E-016
         132           1  0.000000000000000E+000 -6.073805876618403E-016
         132           2  0.000000000000000E+000 -9.926194123380394E-016
         133           1  0.000000000000000E+000 -6.073805876618332E-016
         133           2  0.000000000000000E+000 -9.926194123380643E-016
         134           1  0.000000000000000E+000 -6.073805876618887E-016
         134           2  0.000000000000000E+000 -9.926194123380479E-016
         135           1  0.000000000000000E+000 -6.073805876618755E-016
         135           2  0.000000000000000E+000 -9.926194123380449E-016
         136           1  0.000000000000000E+000 -6.073805876618626E-016
         136           2  0.000000000000000E+000 -9.926194123380804E-016
         137           1  0.000000000000000E+000 -6.073805876619718E-016
         137           2  0.000000000000000E+000 -9.926194123380566E-016
         138           1  0.000000000000000E+000 -6.073805876618899E-016
         138           2  0.000000000000000E+000 -9.926194123379069E-016
         139           1  0.000000000000000E+000 -6.073805876618471E-016
         139           2  0.000000000000000E+000 -9.926194123380432E-016
         140           1  0.000000000000000E+000 -6.073805876619137E-016
         140           2  0.000000000000000E+000 -9.926194123380479E-016
         141           1  0.000000000000000E+000 -6.073805876618360E-016
         141           2  0.000000000000000E+000 -9.926194123379986E-016
         142           1  0.000000000000000E+000 -6.073805876618735E-016
         142           2  0.000000000000000E+000 -9.926194123380978E-016
         143           1  0.000000000000000E+000 -6.073805876617987E-016
         143           2  0.000000000000000E+000 -9.926194123380398E-016
         144           1  0.000000000000000E+000 -6.073805876621068E-016
         144           2  0.000000000000000E+000 -9.926194123381623E-016
         145           1  0.000000000000000E+000 -6.073805876617433E-016
         145           2  0.000000000000000E+000 -9.926194123379266E-016
         146           1  0.000000000000000E+000 -6.073805876618287E-016
         146           2  0.000000000000000E+000 -9.926194123380964E-016
         147           1  0.000000000000000E+000 -6.073805876618757E-016
         147           2  0.000000000000000E+000 -9.926194123380343E-016
         148           1  0.000000000000000E+000 -6.073805876618057E-016
         148           2  0.000000000000000E+000 -9.926194123379698E-016
         149           1  0.000000000000000E+000 -6.073805876618389E-016
         149           2  0.000000000000000E+000 -9.926194123380106E-016
         150           1  0.000000000000000E+000 -6.073805876618595E-016
         150           2  0.000000000000000E+000 -9.926194123379899E-016
         151           1  0.000000000000000E+000 -6.073805876618184E-016
         151           2  0.000000000000000E+000 -9.926194123379915E-016
         152           1  0.000000000000000E+000 -6.073805876618392E-016
         152           2  0.000000000000000E+000 -9.926194123380061E-016
         153           1  0.000000000000000E+000 -6.073805876618493E-016
         153           2  0.000000000000000E+000 -9.926194123380217E-016
         154           1  0.000000000000000E+000 -6.073805876618253E-016
         154           2  0.000000000000000E+000 -9.926194123380479E-016
         155           1  0.000000000000000E+000 -6.073805876618522E-016
         155           2  0.000000000000000E+000 -9.926194123380156E-016
         156           1  0.000000000000000E+000 -6.073805876618626E-016
         156           2  0.000000000000000E+000 -9.926194123380424E-016
         157           1  0.000000000000000E+000 -6.073805876620136E-016
         157           2  0.000000000000000E+000 -9.926194123380197E-016
         158           1  0.000000000000000E+000 -6.073805876618331E-016
         158           2  0.000000000000000E+000 -9.926194123380461E-016
         159           1  0.000000000000000E+000 -6.073805876618235E-016
         159           2  0.000000000000000E+000 -9.926194123380325E-016
         160           1  0.000000000000000E+000 -6.073805876617171E-016
         160           2  0.000000000000000E+000 -9.926194123378734E-016
         161           1  0.000000000000000E+000 -6.073805876619109E-016
         161           2  0.000000000000000E+000 -9.926194123382090E-016
         162           1  0.000000000000000E+000 -6.073805876616892E-016
         162           2  0.000000000000000E+000 -9.926194123380244E-016
         163           1  0.000000000000000E+000 -6.073805876618013E-016
         163           2  0.000000000000000E+000 -9.926194123380755E-016
         164           1  0.000000000000000E+000 -6.073805876619343E-016
         164           2  0.000000000000000E+000 -9.926194123380828E-016
         165           1  0.000000000000000E+000 -6.073805876618819E-016
         165           2  0.000000000000000E+000 -9.926194123380361E-016
         166           1  0.000000000000000E+000 -6.073805876618592E-016
         166           2  0.000000000000000E+000 -9.926194123380432E-016
         167           1  0.000000000000000E+000 -6.073805876619002E-016
         167           2  0.000000000000000E+000 -9.926194123380438E-016
         168           1  0.000000000000000E+000 -6.073805876618731E-016
         168           2  0.000000000000000E+000 -9.926194123379852E-016
         169           1  0.000000000000000E+000 -6.073805876617721E-016
         169           2  0.000000000000000E+000 -9.926194123380228E-016
         170           1  0.000000000000000E+000 -6.073805876618595E-016
         170           2  0.000000000000000E+000 -9.926194123380033E-016
         171           1  0.000000000000000E+000 -6.073805876618857E-016
         171           2  0.000000000000000E+000 -9.926194123380534E-016
         172           1  0.000000000000000E+000 -6.073805876618730E-016
         172           2  0.000000000000000E+000 -9.926194123380268E-016
         173           1  0.000000000000000E+000 -6.073805876618774E-016
         173           2  0.000000000000000E+000 -9.926194123379946E-016
         174           1  0.000000000000000E+000 -6.073805876617772E-016
         174           2  0.000000000000000E+000 -9.926194123380073E-016
         175           1  0.000000000000000E+000 -6.073805876618393E-016
         175           2  0.000000000000000E+000 -9.926194123380124E-016
         176           1  0.000000000000000E+000 -6.073805876618350E-016
         176           2  0.000000000000000E+000 -9.926194123380729E-016
         177           1  0.000000000000000E+000 -6.073805876617471E-016
         177           2  0.000000000000000E+000 -9.926194123378552E-016
         178           1  0.000000000000000E+000 -6.073805876618345E-016
         178           2  0.000000000000000E+000 -9.926194123380625E-016
         179           1  0.000000000000000E+000 -6.073805876617801E-016
         179           2  0.000000000000000E+000 -9.926194123382642E-016
         180           1  0.000000000000000E+000 -6.073805876618299E-016
         180           2  0.000000000000000E+000 -9.926194123379767E-016
         181           1  0.000000000000000E+000 -6.073805876618615E-016
         181           2  0.000000000000000E+000 -9.926194123381080E-016
         182           1  0.000000000000000E+000 -6.073805876617849E-016
         182           2  0.000000000000000E+000 -9.926194123380262E-016
         183           1  0.000000000000000E+000 -6.073805876617530E-016
         183           2  0.000000000000000E+000 -9.926194123380272E-016
         184           1  0.000000000000000E+000 -6.073805876620160E-016
         184           2  0.000000000000000E+000 -9.926194123380723E-016
         185           1  0.000000000000000E+000 -6.073805876618237E-016
         185           2  0.000000000000000E+000 -9.926194123379300E-016
         186           1  0.000000000000000E+000 -6.073805876618199E-016
         186           2  0.000000000000000E+000 -9.926194123380441E-016
         187           1  0.000000000000000E+000 -6.073805876618297E-016
         187           2  0.000000000000000E+000 -9.926194123380146E-016
         188           1  0.000000000000000E+000 -6.073805876618042E-016
         188           2  0.000000000000000E+000 -9.926194123380012E-016
         189           1  0.000000000000000E+000 -6.073805876618384E-016
         189           2  0.000000000000000E+000 -9.926194123380120E-016
         190           1  0.000000000000000E+000 -6.073805876618236E-016
         190           2  0.000000000000000E+000 -9.926194123379962E-016
         191           1  0.000000000000000E+000 -6.073805876618613E-016
         191           2  0.000000000000000E+000 -9.926194123380347E-016
         192           1  0.000000000000000E+000 -6.073805876618290E-016
         192           2  0.000000000000000E+000 -9.926194123380359E-016
         193           1  0.000000000000000E+000 -6.073805876618305E-016
         193           2  0.000000000000000E+000 -9.926194123380268E-016
         194           1  0.000000000000000E+000 -6.073805876618752E-016
         194           2  0.000000000000000E+000 -9.926194123380112E-016
         195           1  0.000000000000000E+000 -6.073805876618833E-016
         195           2  0.000000000000000E+000 -9.926194123380323E-016
         196           1  0.000000000000000E+000 -6.073805876619018E-016
         196           2  0.000000000000000E+000 -9.926194123379929E-016
         197           1  0.000000000000000E+000 -6.073805876620397E-016
         197           2  0.000000000000000E+000 -9.926194123382019E-016
         198           1  0.000000000000000E+000 -6.073805876618635E-016
         198           2  0.000000000000000E+000 -9.926194123380921E-016
         199           1  0.000000000000000E+000 -6.073805876616895E-016
         199           2  0.000000000000000E+000 -9.926194123382358E-016
         200           1  0.000000000000000E+000 -6.073805876618477E-016
         200           2  0.000000000000000E+000 -9.926194123380363E-016
         201           1  0.000000000000000E+000 -6.073805876618371E-016
         201           2  0.000000000000000E+000 -9.926194123379629E-016
         202           1  0.000000000000000E+000 -6.073805876619060E-016
         202           2  0.000000000000000E+000 -9.926194123380664E-016
         203           1  0.000000000000000E+000 -6.073805876617441E-016
         203           2  0.000000000000000E+000 -9.926194123379749E-016
         204           1  0.000000000000000E+000 -6.073805876621552E-016
         204           2  0.000000000000000E+000 -9.926194123382074E-016
         205           1  0.000000000000000E+000 -6.073805876618296E-016
         205           2  0.000000000000000E+000 -9.926194123380708E-016
         206           1  0.000000000000000E+000 -6.073805876618362E-016
         206           2  0.000000000000000E+000 -9.926194123380098E-016
         207           1  0.000000000000000E+000 -6.073805876618260E-016
         207           2  0.000000000000000E+000 -9.926194123379958E-016
         208           1  0.000000000000000E+000 -6.073805876616731E-016
         208           2  0.000000000000000E+000 -9.926194123380753E-016
         209           1  0.000000000000000E+000 -6.073805876618528E-016
         209           2  0.000000000000000E+000 -9.926194123380157E-016
         210           1  0.000000000000000E+000 -6.073805876618059E-016
         210           2  0.000000000000000E+000 -9.926194123380167E-016
         211           1  0.000000000000000E+000 -6.073805876618663E-016
         211           2  0.000000000000000E+000 -9.926194123380436E-016
         212           1  0.000000000000000E+000 -6.073805876618396E-016
         212           2  0.000000000000000E+000 -9.926194123380641E-016
         213           1  0.000000000000000E+000 -6.073805876618216E-016
         213           2  0.000000000000000E+000 -9.926194123380562E-016
         214           1  0.000000000000000E+000 -6.073805876618398E-016
         214           2  0.000000000000000E+000 -9.926194123380163E-016
         215           1  0.000000000000000E+000 -6.073805876619176E-016
         215           2  0.000000000000000E+000 -9.926194123380455E-016
         216           1  0.000000000000000E+000 -6.073805876618720E-016
         216           2  0.000000000000000E+000 -9.926194123379779E-016
         217           1  0.000000000000000E+000 -6.073805876619896E-016
         217           2  0.000000000000000E+000 -9.926194123381007E-016
         218           1  0.000000000000000E+000 -6.073805876619620E-016
         218           2  0.000000000000000E+000 -9.926194123379035E-016
         219           1  0.000000000000000E+000 -6.073805876618070E-016
         219           2  0.000000000000000E+000 -9.926194123381641E-016
         220           1  0.000000000000000E+000 -6.073805876618529E-016
         220           2  0.000000000000000E+000 -9.926194123384033E-016
         221           1  0.000000000000000E+000 -6.073805876618051E-016
         221           2  0.000000000000000E+000 -9.926194123379850E-016
         222           1  0.000000000000000E+000 -6.073805876617253E-016
         222           2  0.000000000000000E+000 -9.926194123380463E-016
         223           1  0.000000000000000E+000 -6.073805876617367E-016
         223           2  0.000000000000000E+000 -9.926194123379396E-016
         224           1  0.000000000000000E+000 -6.073805876620945E-016
         224           2  0.000000000000000E+000 -9.926194123381471E-016
         225           1  0.000000000000000E+000 -6.073805876618868E-016
         225           2  0.000000000000000E+000 -9.926194123380481E-016
         226           1  0.000000000000000E+000 -6.073805876618880E-016
         226           2  0.000000000000000E+000 -9.926194123380449E-016
         227           1  0.000000000000000E+000 -6.073805876618253E-016
         227           2  0.000000000000000E+000 -9.926194123380327E-016
         228           1  0.000000000000000E+000 -6.073805876618349E-016
         228           2  0.000000000000000E+000 -9.926194123380027E-016
         229           1  0.000000000000000E+000 -6.073805876616596E-016
         229           2  0.000000000000000E+000 -9.926194123380917E-016
         230           1  0.000000000000000E+000 -6.073805876618262E-016
         230           2  0.000000000000000E+000 -9.926194123380014E-016
         231           1  0.000000000000000E+000 -6.073805876617692E-016
         231           2  0.000000000000000E+000 -9.926194123379678E-016
         232           1  0.000000000000000E+000 -6.073805876618203E-016
         232           2  0.000000000000000E+000 -9.926194123379757E-016
         233           1  0.000000000000000E+000 -6.073805876618593E-016
         233           2  0.000000000000000E+000 -9.926194123379988E-016
         234           1  0.000000000000000E+000 -6.073805876618290E-016
         234           2  0.000000000000000E+000 -9.926194123379842E-016
         235           1  0.000000000000000E+000 -6.073805876618805E-016
         235           2  0.000000000000000E+000 -9.926194123379978E-016
         236           1  0.000000000000000E+000 -6.073805876618782E-016
         236           2  0.000000000000000E+000 -9.926194123379954E-016
         237           1  0.000000000000000E+000 -6.073805876618631E-016
         237           2  0.000000000000000E+000 -9.926194123380284E-016
         238           1  0.000000000000000E+000 -6.073805876619123E-016
         238           2  0.000000000000000E+000 -9.926194123379487E-016
         239           1  0.000000000000000E+000 -6.073805876617650E-016
         239           2  0.000000000000000E+000 -9.926194123380457E-016
         240           1  0.000000000000000E+000 -6.073805876617635E-016
         240           2  0.000000000000000E+000 -9.926194123379765E-016
         241           1  0.000000000000000E+000 -6.073805876618191E-016
         241           2  0.000000000000000E+000 -9.926194123380408E-016
         242           1  0.000000000000000E+000 -6.073805876618466E-016
         242           2  0.000000000000000E+000 -9.926194123383114E-016
         243           1  0.000000000000000E+000 -6.073805876618046E-016
         243           2  0.000000000000000E+000 -9.926194123379948E-016
         244           1  0.000000000000000E+000 -6.073805876619274E-016
         244           2  0.000000000000000E+000 -9.926194123378278E-016
         245           1  0.000000000000000E+000 -6.073805876618231E-016
         245           2  0.000000000000000E+000 -9.926194123379621E-016
         246           1  0.000000000000000E+000 -6.073805876619071E-016
         246           2  0.000000000000000E+000 -9.926194123380331E-016
         247           1  0.000000000000000E+000 -6.073805876615228E-016
         247           2  0.000000000000000E+000 -9.926194123379469E-016
         248           1  0.000000000000000E+000 -6.073805876618491E-016
         248           2  0.000000000000000E+000 -9.926194123380055E-016
         249           1  0.000000000000000E+000 -6.073805876615983E-016
         249           2  0.000000000000000E+000 -9.926194123377988E-016
         250           1  0.000000000000000E+000 -6.073805876616210E-016
         250           2  0.000000000000000E+000 -9.926194123378893E-016
         251           1  0.000000000000000E+000 -6.073805876617317E-016
         251           2  0.000000000000000E+000 -9.926194123380041E-016
         252           1  0.000000000000000E+000 -6.073805876618297E-016
         252           2  0.000000000000000E+000 -9.926194123379852E-016
         253           1  0.000000000000000E+000 -6.073805876618525E-016
         253           2  0.000000000000000E+000 -9.926194123380049E-016
         254           1  0.000000000000000E+000 -6.073805876619115E-016
         254           2  0.000000000000000E+000 -9.926194123379846E-016
         255           1  0.000000000000000E+000 -6.073805876618487E-016
         255           2  0.000000000000000E+000 -9.926194123380000E-016
         256           1  0.000000000000000E+000 -6.073805876619035E-016
         256           2  0.000000000000000E+000 -9.926194123380236E-016
         257           1  0.000000000000000E+000 -6.073805876618756E-016
         257           2  0.000000000000000E+000 -9.926194123380704E-016
         258           1  0.000000000000000E+000 -6.073805876619217E-016
         258           2  0.000000000000000E+000 -9.926194123379757E-016
         259           1  0.000000000000000E+000 -6.073805876619459E-016
         259           2  0.000000000000000E+000 -9.926194123381325E-016
         260           1  0.000000000000000E+000 -6.073805876618416E-016
         260           2  0.000000000000000E+000 -9.926194123381000E-016
         261           1  0.000000000000000E+000 -6.073805876618637E-016
         261           2  0.000000000000000E+000 -9.926194123381000E-016
         262           1  0.000000000000000E+000 -6.073805876618011E-016
         262           2  0.000000000000000E+000 -9.926194123381270E-016
         263           1  0.000000000000000E+000 -6.073805876618200E-016
         263           2  0.000000000000000E+000 -9.926194123381140E-016
         264           1  0.000000000000000E+000 -6.073805876618219E-016
         264           2  0.000000000000000E+000 -9.926194123380331E-016
         265           1  0.000000000000000E+000 -6.073805876617886E-016
         265           2  0.000000000000000E+000 -9.926194123380629E-016
         266           1  0.000000000000000E+000 -6.073805876618873E-016
         266           2  0.000000000000000E+000 -9.926194123380854E-016
         267           1  0.000000000000000E+000 -6.073805876618708E-016
         267           2  0.000000000000000E+000 -9.926194123380146E-016
         268           1  0.000000000000000E+000 -6.073805876618198E-016
         268           2  0.000000000000000E+000 -9.926194123380000E-016
         269           1  0.000000000000000E+000 -6.073805876618229E-016
         269           2  0.000000000000000E+000 -9.926194123379998E-016
         270           1  0.000000000000000E+000 -6.073805876618407E-016
         270           2  0.000000000000000E+000 -9.926194123380106E-016
         271           1  0.000000000000000E+000 -6.073805876618495E-016
         271           2  0.000000000000000E+000 -9.926194123379692E-016
         272           1  0.000000000000000E+000 -6.073805876618671E-016
         272           2  0.000000000000000E+000 -9.926194123379875E-016
         273           1  0.000000000000000E+000 -6.073805876618670E-016
         273           2  0.000000000000000E+000 -9.926194123380157E-016
         274           1  0.000000000000000E+000 -6.073805876618438E-016
         274           2  0.000000000000000E+000 -9.926194123380266E-016
         275           1  0.000000000000000E+000 -6.073805876618749E-016
         275           2  0.000000000000000E+000 -9.926194123380286E-016
         276           1  0.000000000000000E+000 -6.073805876618686E-016
         276           2  0.000000000000000E+000 -9.926194123380848E-016
         277           1  0.000000000000000E+000 -6.073805876618829E-016
         277           2  0.000000000000000E+000 -9.926194123380524E-016
         278           1  0.000000000000000E+000 -6.073805876618501E-016
         278           2  0.000000000000000E+000 -9.926194123379515E-016
         279           1  0.000000000000000E+000 -6.073805876618650E-016
         279           2  0.000000000000000E+000 -9.926194123381343E-016
         280           1  0.000000000000000E+000 -6.073805876618716E-016
         280           2  0.000000000000000E+000 -9.926194123380205E-016
         281           1  0.000000000000000E+000 -6.073805876619077E-016
         281           2  0.000000000000000E+000 -9.926194123379286E-016
         282           1  0.000000000000000E+000 -6.073805876618083E-016
         282           2  0.000000000000000E+000 -9.926194123379749E-016
         283           1  0.000000000000000E+000 -6.073805876618300E-016
         283           2  0.000000000000000E+000 -9.926194123380479E-016
         284           1  0.000000000000000E+000 -6.073805876622318E-016
         284           2  0.000000000000000E+000 -9.926194123381980E-016
         285           1  0.000000000000000E+000 -6.073805876618878E-016
         285           2  0.000000000000000E+000 -9.926194123381013E-016
         286           1  0.000000000000000E+000 -6.073805876618760E-016
         286           2  0.000000000000000E+000 -9.926194123380808E-016
         287           1  0.000000000000000E+000 -6.073805876618822E-016
         287           2  0.000000000000000E+000 -9.926194123380763E-016
         288           1  0.000000000000000E+000 -6.073805876618753E-016
         288           2  0.000000000000000E+000 -9.926194123380544E-016
         289           1  0.000000000000000E+000 -6.073805876618604E-016
         289           2  0.000000000000000E+000 -9.926194123380246E-016
         290           1  0.000000000000000E+000 -6.073805876618613E-016
         290           2  0.000000000000000E+000 -9.926194123381248E-016
         291           1  0.000000000000000E+000 -6.073805876618465E-016
         291           2  0.000000000000000E+000 -9.926194123380526E-016
         292           1  0.000000000000000E+000 -6.073805876618865E-016
         292           2  0.000000000000000E+000 -9.926194123380382E-016
         293           1  0.000000000000000E+000 -6.073805876619190E-016
         293           2  0.000000000000000E+000 -9.926194123380420E-016
         294           1  0.000000000000000E+000 -6.073805876618896E-016
         294           2  0.000000000000000E+000 -9.926194123380211E-016
         295           1  0.000000000000000E+000 -6.073805876618697E-016
         295           2  0.000000000000000E+000 -9.926194123380163E-016
         296           1  0.000000000000000E+000 -6.073805876618759E-016
         296           2  0.000000000000000E+000 -9.926194123380629E-016
         297           1  0.000000000000000E+000 -6.073805876618514E-016
         297           2  0.000000000000000E+000 -9.926194123380329E-016
         298           1  0.000000000000000E+000 -6.073805876619430E-016
         298           2  0.000000000000000E+000 -9.926194123380250E-016
         299           1  0.000000000000000E+000 -6.073805876617708E-016
         299           2  0.000000000000000E+000 -9.926194123379923E-016
         300           1  0.000000000000000E+000 -6.073805876618035E-016
         300           2  0.000000000000000E+000 -9.926194123380037E-016
         301           1  0.000000000000000E+000 -6.073805876619405E-016
         301           2  0.000000000000000E+000 -9.926194123381104E-016
         302           1  0.000000000000000E+000 -6.073805876618192E-016
         302           2  0.000000000000000E+000 -9.926194123380321E-016
         303           1  0.000000000000000E+000 -6.073805876621387E-016
         303           2  0.000000000000000E+000 -9.926194123382106E-016
         304           1  0.000000000000000E+000 -6.073805876620192E-016
         304           2  0.000000000000000E+000 -9.926194123382487E-016
         305           1  0.000000000000000E+000 -6.073805876618773E-016
         305           2  0.000000000000000E+000 -9.926194123380936E-016
         306           1  0.000000000000000E+000 -6.073805876617581E-016
         306           2  0.000000000000000E+000 -9.926194123381116E-016
         307           1  0.000000000000000E+000 -6.073805876619181E-016
         307           2  0.000000000000000E+000 -9.926194123380284E-016
         308           1  0.000000000000000E+000 -6.073805876620735E-016
         308           2  0.000000000000000E+000 -9.926194123381171E-016
         309           1  0.000000000000000E+000 -6.073805876619147E-016
         309           2  0.000000000000000E+000 -9.926194123380986E-016
         310           1  0.000000000000000E+000 -6.073805876620227E-016
         310           2  0.000000000000000E+000 -9.926194123381568E-016
         311           1  0.000000000000000E+000 -6.073805876618983E-016
         311           2  0.000000000000000E+000 -9.926194123380483E-016
         312           1  0.000000000000000E+000 -6.073805876619460E-016
         312           2  0.000000000000000E+000 -9.926194123380720E-016
         313           1  0.000000000000000E+000 -6.073805876619138E-016
         313           2  0.000000000000000E+000 -9.926194123380311E-016
         314           1  0.000000000000000E+000 -6.073805876618532E-016
         314           2  0.000000000000000E+000 -9.926194123380236E-016
         315           1  0.000000000000000E+000 -6.073805876618804E-016
         315           2  0.000000000000000E+000 -9.926194123380069E-016
         316           1  0.000000000000000E+000 -6.073805876618979E-016
         316           2  0.000000000000000E+000 -9.926194123380753E-016
         317           1  0.000000000000000E+000 -6.073805876618930E-016
         317           2  0.000000000000000E+000 -9.926194123380422E-016
         318           1  0.000000000000000E+000 -6.073805876618138E-016
         318           2  0.000000000000000E+000 -9.926194123379227E-016
         319           1  0.000000000000000E+000 -6.073805876618522E-016
         319           2  0.000000000000000E+000 -9.926194123380747E-016
         320           1  0.000000000000000E+000 -6.073805876618161E-016
         320           2  0.000000000000000E+000 -9.926194123380518E-016
         321           1  0.000000000000000E+000 -6.073805876617649E-016
         321           2  0.000000000000000E+000 -9.926194123380120E-016
         322           1  0.000000000000000E+000 -6.073805876618828E-016
         322           2  0.000000000000000E+000 -9.926194123381359E-016
         323           1  0.000000000000000E+000 -6.073805876618352E-016
         323           2  0.000000000000000E+000 -9.926194123378552E-016
         324           1  0.000000000000000E+000 -6.073805876619830E-016
         324           2  0.000000000000000E+000 -9.926194123381775E-016
         325           1  0.000000000000000E+000 -6.073805876618897E-016
         325           2  0.000000000000000E+000 -9.926194123379548E-016
         326           1  0.000000000000000E+000 -6.073805876616691E-016
         326           2  0.000000000000000E+000 -9.926194123378692E-016
         327           1  0.000000000000000E+000 -6.073805876620524E-016
         327           2  0.000000000000000E+000 -9.926194123379211E-016
         328           1  0.000000000000000E+000 -6.073805876617964E-016
         328           2  0.000000000000000E+000 -9.926194123380331E-016
         329           1  0.000000000000000E+000 -6.073805876617889E-016
         329           2  0.000000000000000E+000 -9.926194123380438E-016
         330           1  0.000000000000000E+000 -6.073805876617945E-016
         330           2  0.000000000000000E+000 -9.926194123379956E-016
         331           1  0.000000000000000E+000 -6.073805876617948E-016
         331           2  0.000000000000000E+000 -9.926194123380179E-016
         332           1  0.000000000000000E+000 -6.073805876617893E-016
         332           2  0.000000000000000E+000 -9.926194123380124E-016
         333           1  0.000000000000000E+000 -6.073805876618079E-016
         333           2  0.000000000000000E+000 -9.926194123380157E-016
         334           1  0.000000000000000E+000 -6.073805876619021E-016
         334           2  0.000000000000000E+000 -9.926194123381321E-016
         335           1  0.000000000000000E+000 -6.073805876619055E-016
         335           2  0.000000000000000E+000 -9.926194123380311E-016
         336           1  0.000000000000000E+000 -6.073805876618754E-016
         336           2  0.000000000000000E+000 -9.926194123381376E-016
         337           1  0.000000000000000E+000 -6.073805876620394E-016
         337           2  0.000000000000000E+000 -9.926194123379678E-016
         338           1  0.000000000000000E+000 -6.073805876620047E-016
         338           2  0.000000000000000E+000 -9.926194123379712E-016
         339           1  0.000000000000000E+000 -6.073805876618591E-016
         339           2  0.000000000000000E+000 -9.926194123380903E-016
         340           1  0.000000000000000E+000 -6.073805876617949E-016
         340           2  0.000000000000000E+000 -9.926194123380337E-016
         341           1  0.000000000000000E+000 -6.073805876618424E-016
         341           2  0.000000000000000E+000 -9.926194123381224E-016
         342           1  0.000000000000000E+000 -6.073805876618505E-016
         342           2  0.000000000000000E+000 -9.926194123381069E-016
         343           1  0.000000000000000E+000 -6.073805876618165E-016
         343           2  0.000000000000000E+000 -9.926194123379875E-016
         344           1  0.000000000000000E+000 -6.073805876618216E-016
         344           2  0.000000000000000E+000 -9.926194123380061E-016
         345           1  0.000000000000000E+000 -6.073805876618249E-016
         345           2  0.000000000000000E+000 -9.926194123380201E-016
         346           1  0.000000000000000E+000 -6.073805876616822E-016
         346           2  0.000000000000000E+000 -9.926194123379331E-016
         347           1  0.000000000000000E+000 -6.073805876617080E-016
         347           2  0.000000000000000E+000 -9.926194123379597E-016
         348           1  0.000000000000000E+000 -6.073805876617720E-016
         348           2  0.000000000000000E+000 -9.926194123380041E-016
         349           1  0.000000000000000E+000 -6.073805876616502E-016
         349           2  0.000000000000000E+000 -9.926194123380041E-016
         350           1  0.000000000000000E+000 -6.073805876617992E-016
         350           2  0.000000000000000E+000 -9.926194123379392E-016
         351           1  0.000000000000000E+000 -6.073805876617685E-016
         351           2  0.000000000000000E+000 -9.926194123380276E-016
         352           1  0.000000000000000E+000 -6.073805876618559E-016
         352           2  0.000000000000000E+000 -9.926194123381360E-016
         353           1  0.000000000000000E+000 -6.073805876619943E-016
         353           2  0.000000000000000E+000 -9.926194123381871E-016
         354           1  0.000000000000000E+000 -6.073805876618782E-016
         354           2  0.000000000000000E+000 -9.926194123380751E-016
         355           1  0.000000000000000E+000 -6.073805876617804E-016
         355           2  0.000000000000000E+000 -9.926194123379690E-016
         356           1  0.000000000000000E+000 -6.073805876618243E-016
         356           2  0.000000000000000E+000 -9.926194123379426E-016
         357           1  0.000000000000000E+000 -6.073805876616926E-016
         357           2  0.000000000000000E+000 -9.926194123378055E-016
         358           1  0.000000000000000E+000 -6.073805876618430E-016
         358           2  0.000000000000000E+000 -9.926194123380763E-016
         359           1  0.000000000000000E+000 -6.073805876617648E-016
         359           2  0.000000000000000E+000 -9.926194123380562E-016
         360           1  0.000000000000000E+000 -6.073805876618267E-016
         360           2  0.000000000000000E+000 -9.926194123380487E-016
         361           1  0.000000000000000E+000 -6.073805876619589E-016
         361           2  0.000000000000000E+000 -9.926194123381142E-016
         362           1  0.000000000000000E+000 -6.073805876618239E-016
         362           2  0.000000000000000E+000 -9.926194123380317E-016
         363           1  0.000000000000000E+000 -6.073805876618848E-016
         363           2  0.000000000000000E+000 -9.926194123381889E-016
         364           1  0.000000000000000E+000 -6.073805876619333E-016
         364           2  0.000000000000000E+000 -9.926194123381343E-016
         365           1  0.000000000000000E+000 -6.073805876618599E-016
         365           2  0.000000000000000E+000 -9.926194123380570E-016
         366           1  0.000000000000000E+000 -6.073805876617950E-016
         366           2  0.000000000000000E+000 -9.926194123380037E-016
         367           1  0.000000000000000E+000 -6.073805876619015E-016
         367           2  0.000000000000000E+000 -9.926194123380337E-016
         368           1  0.000000000000000E+000 -6.073805876618521E-016
         368           2  0.000000000000000E+000 -9.926194123381414E-016
         369           1  0.000000000000000E+000 -6.073805876618207E-016
         369           2  0.000000000000000E+000 -9.926194123380570E-016
         370           1  0.000000000000000E+000 -6.073805876618687E-016
         370           2  0.000000000000000E+000 -9.926194123377943E-016
         371           1  0.000000000000000E+000 -6.073805876617437E-016
         371           2  0.000000000000000E+000 -9.926194123380258E-016
         372           1  0.000000000000000E+000 -6.073805876618173E-016
         372           2  0.000000000000000E+000 -9.926194123380398E-016
         373           1  0.000000000000000E+000 -6.073805876618826E-016
         373           2  0.000000000000000E+000 -9.926194123380712E-016
         374           1  0.000000000000000E+000 -6.073805876618594E-016
         374           2  0.000000000000000E+000 -9.926194123380706E-016
         375           1  0.000000000000000E+000 -6.073805876618840E-016
         375           2  0.000000000000000E+000 -9.926194123381029E-016
         376           1  0.000000000000000E+000 -6.073805876618957E-016
         376           2  0.000000000000000E+000 -9.926194123380944E-016
         377           1  0.000000000000000E+000 -6.073805876618428E-016
         377           2  0.000000000000000E+000 -9.926194123381856E-016
         378           1  0.000000000000000E+000 -6.073805876618438E-016
         378           2  0.000000000000000E+000 -9.926194123380970E-016
         379           1  0.000000000000000E+000 -6.073805876619206E-016
         379           2  0.000000000000000E+000 -9.926194123381792E-016
         380           1  0.000000000000000E+000 -6.073805876618587E-016
         380           2  0.000000000000000E+000 -9.926194123381745E-016
         381           1  0.000000000000000E+000 -6.073805876617791E-016
         381           2  0.000000000000000E+000 -9.926194123380436E-016
         382           1  0.000000000000000E+000 -6.073805876617898E-016
         382           2  0.000000000000000E+000 -9.926194123379132E-016
         383           1  0.000000000000000E+000 -6.073805876618097E-016
         383           2  0.000000000000000E+000 -9.926194123379615E-016
         384           1  0.000000000000000E+000 -6.073805876619275E-016
         384           2  0.000000000000000E+000 -9.926194123381126E-016
         385           1  0.000000000000000E+000 -6.073805876618455E-016
         385           2  0.000000000000000E+000 -9.926194123380678E-016
         386           1  0.000000000000000E+000 -6.073805876618185E-016
         386           2  0.000000000000000E+000 -9.926194123380015E-016
         387           1  0.000000000000000E+000 -6.073805876618732E-016
         387           2  0.000000000000000E+000 -9.926194123379767E-016
         388           1  0.000000000000000E+000 -6.073805876618479E-016
         388           2  0.000000000000000E+000 -9.926194123381002E-016
         389           1  0.000000000000000E+000 -6.073805876618246E-016
         389           2  0.000000000000000E+000 -9.926194123380605E-016
         390           1  0.000000000000000E+000 -6.073805876618123E-016
         390           2  0.000000000000000E+000 -9.926194123382950E-016
         391           1  0.000000000000000E+000 -6.073805876618002E-016
         391           2  0.000000000000000E+000 -9.926194123378223E-016
         392           1  0.000000000000000E+000 -6.073805876618185E-016
         392           2  0.000000000000000E+000 -9.926194123380146E-016
         393           1  0.000000000000000E+000 -6.073805876618069E-016
         393           2  0.000000000000000E+000 -9.926194123378966E-016
         394           1  0.000000000000000E+000 -6.073805876618993E-016
         394           2  0.000000000000000E+000 -9.926194123380690E-016
         395           1  0.000000000000000E+000 -6.073805876618499E-016
         395           2  0.000000000000000E+000 -9.926194123380820E-016
         396           1  0.000000000000000E+000 -6.073805876618320E-016
         396           2  0.000000000000000E+000 -9.926194123380505E-016
         397           1  0.000000000000000E+000 -6.073805876619122E-016
         397           2  0.000000000000000E+000 -9.926194123382128E-016
         398           1  0.000000000000000E+000 -6.073805876616658E-016
         398           2  0.000000000000000E+000 -9.926194123379240E-016
         399           1  0.000000000000000E+000 -6.073805876618491E-016
         399           2  0.000000000000000E+000 -9.926194123381832E-016
         400           1  0.000000000000000E+000 -6.073805876618714E-016
         400           2  0.000000000000000E+000 -9.926194123380785E-016
