           1           1  0.000000000000000E+000 -1.335701598578965E-017
           1           2  0.000000000000000E+000 -5.064298401420435E-017
           2           1  0.000000000000000E+000 -1.335701598577903E-017
           2           2  0.000000000000000E+000 -5.064298401418279E-017
           3           1  0.000000000000000E+000 -1.335701598578595E-017
           3           2  0.000000000000000E+000 -5.064298401419861E-017
           4           1  0.000000000000000E+000 -1.335701598578256E-017
           4           2  0.000000000000000E+000 -5.064298401419021E-017
           5           1  0.000000000000000E+000 -1.335701598579070E-017
           5           2  0.000000000000000E+000 -5.064298401420817E-017
           6           1  0.000000000000000E+000 -1.335701598579328E-017
           6           2  0.000000000000000E+000 -5.064298401420951E-017
           7           1  0.000000000000000E+000 -1.335701598579527E-017
           7           2  0.000000000000000E+000 -5.064298401421198E-017
           8           1  0.000000000000000E+000 -1.335701598579243E-017
           8           2  0.000000000000000E+000 -5.064298401420941E-017
           9           1  0.000000000000000E+000 -1.335701598579046E-017
           9           2  0.000000000000000E+000 -5.064298401420734E-017
          10           1  0.000000000000000E+000 -1.335701598578842E-017
          10           2  0.000000000000000E+000 -5.064298401420413E-017
          11           1  0.000000000000000E+000 -1.335701598579039E-017
          11           2  0.000000000000000E+000 -5.064298401420805E-017
          12           1  0.000000000000000E+000 -1.335701598578973E-017
          12           2  0.000000000000000E+000 -5.064298401420784E-017
          13           1  0.000000000000000E+000 -1.335701598579221E-017
          13           2  0.000000000000000E+000 -5.064298401421204E-017
          14           1  0.000000000000000E+000 -1.335701598579254E-017
          14           2  0.000000000000000E+000 -5.064298401421433E-017
          15           1  0.000000000000000E+000 -1.335701598579474E-017
          15           2  0.000000000000000E+000 -5.064298401421578E-017
          16           1  0.000000000000000E+000 -1.335701598579346E-017
          16           2  0.000000000000000E+000 -5.064298401421474E-017
          17           1  0.000000000000000E+000 -1.335701598579228E-017
          17           2  0.000000000000000E+000 -5.064298401420965E-017
          18           1  0.000000000000000E+000 -1.335701598579256E-017
          18           2  0.000000000000000E+000 -5.064298401421164E-017
          19           1  0.000000000000000E+000 -1.335701598579130E-017
          19           2  0.000000000000000E+000 -5.064298401420748E-017
          20           1  0.000000000000000E+000 -1.335701598579406E-017
          20           2  0.000000000000000E+000 -5.064298401421270E-017
          21           1  0.000000000000000E+000 -1.335701598577409E-017
          21           2  0.000000000000000E+000 -5.064298401417911E-017
          22           1  0.000000000000000E+000 -1.335701598577558E-017
          22           2  0.000000000000000E+000 -5.064298401417519E-017
          23           1  0.000000000000000E+000 -1.335701598577518E-017
          23           2  0.000000000000000E+000 -5.064298401417728E-017
          24           1  0.000000000000000E+000 -1.335701598578348E-017
          24           2  0.000000000000000E+000 -5.064298401418669E-017
          25           1  0.000000000000000E+000 -1.335701598578808E-017
          25           2  0.000000000000000E+000 -5.064298401420576E-017
          26           1  0.000000000000000E+000 -1.335701598579678E-017
          26           2  0.000000000000000E+000 -5.064298401421426E-017
          27           1  0.000000000000000E+000 -1.335701598579810E-017
          27           2  0.000000000000000E+000 -5.064298401421855E-017
          28           1  0.000000000000000E+000 -1.335701598579178E-017
          28           2  0.000000000000000E+000 -5.064298401420808E-017
          29           1  0.000000000000000E+000 -1.335701598578859E-017
          29           2  0.000000000000000E+000 -5.064298401420481E-017
          30           1  0.000000000000000E+000 -1.335701598579260E-017
          30           2  0.000000000000000E+000 -5.064298401421191E-017
          31           1  0.000000000000000E+000 -1.335701598578809E-017
          31           2  0.000000000000000E+000 -5.064298401420541E-017
          32           1  0.000000000000000E+000 -1.335701598579366E-017
          32           2  0.000000000000000E+000 -5.064298401420623E-017
          33           1  0.000000000000000E+000 -1.335701598579197E-017
          33           2  0.000000000000000E+000 -5.064298401421256E-017
          34           1  0.000000000000000E+000 -1.335701598579495E-017
          34           2  0.000000000000000E+000 -5.064298401421384E-017
          35           1  0.000000000000000E+000 -1.335701598580188E-017
          35           2  0.000000000000000E+000 -5.064298401422791E-017
          36           1  0.000000000000000E+000 -1.335701598580650E-017
          36           2  0.000000000000000E+000 -5.064298401423396E-017
          37           1  0.000000000000000E+000 -1.335701598579336E-017
          37           2  0.000000000000000E+000 -5.064298401421163E-017
          38           1  0.000000000000000E+000 -1.335701598579001E-017
          38           2  0.000000000000000E+000 -5.064298401420372E-017
          39           1  0.000000000000000E+000 -1.335701598578597E-017
          39           2  0.000000000000000E+000 -5.064298401420056E-017
          40           1  0.000000000000000E+000 -1.335701598579603E-017
          40           2  0.000000000000000E+000 -5.064298401421766E-017
          41           1  0.000000000000000E+000 -1.335701598578857E-017
          41           2  0.000000000000000E+000 -5.064298401420340E-017
          42           1  0.000000000000000E+000 -1.335701598579124E-017
          42           2  0.000000000000000E+000 -5.064298401420762E-017
          43           1  0.000000000000000E+000 -1.335701598578824E-017
          43           2  0.000000000000000E+000 -5.064298401420370E-017
          44           1  0.000000000000000E+000 -1.335701598578314E-017
          44           2  0.000000000000000E+000 -5.064298401419087E-017
          45           1  0.000000000000000E+000 -1.335701598579004E-017
          45           2  0.000000000000000E+000 -5.064298401420012E-017
          46           1  0.000000000000000E+000 -1.335701598579513E-017
          46           2  0.000000000000000E+000 -5.064298401421598E-017
          47           1  0.000000000000000E+000 -1.335701598579433E-017
          47           2  0.000000000000000E+000 -5.064298401421547E-017
          48           1  0.000000000000000E+000 -1.335701598579215E-017
          48           2  0.000000000000000E+000 -5.064298401420854E-017
          49           1  0.000000000000000E+000 -1.335701598578886E-017
          49           2  0.000000000000000E+000 -5.064298401420151E-017
          50           1  0.000000000000000E+000 -1.335701598578633E-017
          50           2  0.000000000000000E+000 -5.064298401419878E-017
          51           1  0.000000000000000E+000 -1.335701598578223E-017
          51           2  0.000000000000000E+000 -5.064298401419629E-017
          52           1  0.000000000000000E+000 -1.335701598577590E-017
          52           2  0.000000000000000E+000 -5.064298401419518E-017
          53           1  0.000000000000000E+000 -1.335701598578711E-017
          53           2  0.000000000000000E+000 -5.064298401420629E-017
          54           1  0.000000000000000E+000 -1.335701598579432E-017
          54           2  0.000000000000000E+000 -5.064298401421588E-017
          55           1  0.000000000000000E+000 -1.335701598580328E-017
          55           2  0.000000000000000E+000 -5.064298401422630E-017
          56           1  0.000000000000000E+000 -1.335701598580201E-017
          56           2  0.000000000000000E+000 -5.064298401422832E-017
          57           1  0.000000000000000E+000 -1.335701598579705E-017
          57           2  0.000000000000000E+000 -5.064298401422511E-017
          58           1  0.000000000000000E+000 -1.335701598579214E-017
          58           2  0.000000000000000E+000 -5.064298401420968E-017
          59           1  0.000000000000000E+000 -1.335701598580152E-017
          59           2  0.000000000000000E+000 -5.064298401422329E-017
          60           1  0.000000000000000E+000 -1.335701598579366E-017
          60           2  0.000000000000000E+000 -5.064298401421346E-017
          61           1  0.000000000000000E+000 -1.335701598579049E-017
          61           2  0.000000000000000E+000 -5.064298401420745E-017
          62           1  0.000000000000000E+000 -1.335701598578982E-017
          62           2  0.000000000000000E+000 -5.064298401420803E-017
          63           1  0.000000000000000E+000 -1.335701598578811E-017
          63           2  0.000000000000000E+000 -5.064298401420395E-017
          64           1  0.000000000000000E+000 -1.335701598577817E-017
          64           2  0.000000000000000E+000 -5.064298401418723E-017
          65           1  0.000000000000000E+000 -1.335701598578054E-017
          65           2  0.000000000000000E+000 -5.064298401419270E-017
          66           1  0.000000000000000E+000 -1.335701598578508E-017
          66           2  0.000000000000000E+000 -5.064298401420442E-017
          67           1  0.000000000000000E+000 -1.335701598579283E-017
          67           2  0.000000000000000E+000 -5.064298401421129E-017
          68           1  0.000000000000000E+000 -1.335701598579229E-017
          68           2  0.000000000000000E+000 -5.064298401420513E-017
          69           1  0.000000000000000E+000 -1.335701598578599E-017
          69           2  0.000000000000000E+000 -5.064298401419761E-017
          70           1  0.000000000000000E+000 -1.335701598578213E-017
          70           2  0.000000000000000E+000 -5.064298401419388E-017
          71           1  0.000000000000000E+000 -1.335701598578515E-017
          71           2  0.000000000000000E+000 -5.064298401419500E-017
          72           1  0.000000000000000E+000 -1.335701598578314E-017
          72           2  0.000000000000000E+000 -5.064298401419423E-017
          73           1  0.000000000000000E+000 -1.335701598577989E-017
          73           2  0.000000000000000E+000 -5.064298401419945E-017
          74           1  0.000000000000000E+000 -1.335701598579196E-017
          74           2  0.000000000000000E+000 -5.064298401421197E-017
          75           1  0.000000000000000E+000 -1.335701598579892E-017
          75           2  0.000000000000000E+000 -5.064298401422481E-017
          76           1  0.000000000000000E+000 -1.335701598580123E-017
          76           2  0.000000000000000E+000 -5.064298401422645E-017
          77           1  0.000000000000000E+000 -1.335701598579821E-017
          77           2  0.000000000000000E+000 -5.064298401422695E-017
          78           1  0.000000000000000E+000 -1.335701598580097E-017
          78           2  0.000000000000000E+000 -5.064298401422695E-017
          79           1  0.000000000000000E+000 -1.335701598580886E-017
          79           2  0.000000000000000E+000 -5.064298401423138E-017
          80           1  0.000000000000000E+000 -1.335701598579223E-017
          80           2  0.000000000000000E+000 -5.064298401421301E-017
          81           1  0.000000000000000E+000 -1.335701598579020E-017
          81           2  0.000000000000000E+000 -5.064298401420781E-017
          82           1  0.000000000000000E+000 -1.335701598578448E-017
          82           2  0.000000000000000E+000 -5.064298401418962E-017
          83           1  0.000000000000000E+000 -1.335701598579071E-017
          83           2  0.000000000000000E+000 -5.064298401420552E-017
          84           1  0.000000000000000E+000 -1.335701598578646E-017
          84           2  0.000000000000000E+000 -5.064298401420417E-017
          85           1  0.000000000000000E+000 -1.335701598577181E-017
          85           2  0.000000000000000E+000 -5.064298401418240E-017
          86           1  0.000000000000000E+000 -1.335701598577432E-017
          86           2  0.000000000000000E+000 -5.064298401419209E-017
          87           1  0.000000000000000E+000 -1.335701598578800E-017
          87           2  0.000000000000000E+000 -5.064298401420208E-017
          88           1  0.000000000000000E+000 -1.335701598578920E-017
          88           2  0.000000000000000E+000 -5.064298401420312E-017
          89           1  0.000000000000000E+000 -1.335701598578546E-017
          89           2  0.000000000000000E+000 -5.064298401419626E-017
          90           1  0.000000000000000E+000 -1.335701598578528E-017
          90           2  0.000000000000000E+000 -5.064298401419383E-017
          91           1  0.000000000000000E+000 -1.335701598578896E-017
          91           2  0.000000000000000E+000 -5.064298401419360E-017
          92           1  0.000000000000000E+000 -1.335701598578342E-017
          92           2  0.000000000000000E+000 -5.064298401419484E-017
          93           1  0.000000000000000E+000 -1.335701598578117E-017
          93           2  0.000000000000000E+000 -5.064298401420291E-017
          94           1  0.000000000000000E+000 -1.335701598579062E-017
          94           2  0.000000000000000E+000 -5.064298401421083E-017
          95           1  0.000000000000000E+000 -1.335701598579862E-017
          95           2  0.000000000000000E+000 -5.064298401422630E-017
          96           1  0.000000000000000E+000 -1.335701598580718E-017
          96           2  0.000000000000000E+000 -5.064298401422975E-017
          97           1  0.000000000000000E+000 -1.335701598580333E-017
          97           2  0.000000000000000E+000 -5.064298401423382E-017
          98           1  0.000000000000000E+000 -1.335701598580982E-017
          98           2  0.000000000000000E+000 -5.064298401424335E-017
          99           1  0.000000000000000E+000 -1.335701598579783E-017
          99           2  0.000000000000000E+000 -5.064298401421841E-017
         100           1  0.000000000000000E+000 -1.335701598579629E-017
         100           2  0.000000000000000E+000 -5.064298401421578E-017
         101           1  0.000000000000000E+000 -1.335701598578966E-017
         101           2  0.000000000000000E+000 -5.064298401420586E-017
         102           1  0.000000000000000E+000 -1.335701598578506E-017
         102           2  0.000000000000000E+000 -5.064298401419102E-017
         103           1  0.000000000000000E+000 -1.335701598578903E-017
         103           2  0.000000000000000E+000 -5.064298401420715E-017
         104           1  0.000000000000000E+000 -1.335701598578651E-017
         104           2  0.000000000000000E+000 -5.064298401420484E-017
         105           1  0.000000000000000E+000 -1.335701598578424E-017
         105           2  0.000000000000000E+000 -5.064298401420115E-017
         106           1  0.000000000000000E+000 -1.335701598577458E-017
         106           2  0.000000000000000E+000 -5.064298401418877E-017
         107           1  0.000000000000000E+000 -1.335701598578709E-017
         107           2  0.000000000000000E+000 -5.064298401419863E-017
         108           1  0.000000000000000E+000 -1.335701598579054E-017
         108           2  0.000000000000000E+000 -5.064298401420608E-017
         109           1  0.000000000000000E+000 -1.335701598578660E-017
         109           2  0.000000000000000E+000 -5.064298401420122E-017
         110           1  0.000000000000000E+000 -1.335701598578229E-017
         110           2  0.000000000000000E+000 -5.064298401419458E-017
         111           1  0.000000000000000E+000 -1.335701598578413E-017
         111           2  0.000000000000000E+000 -5.064298401419383E-017
         112           1  0.000000000000000E+000 -1.335701598578975E-017
         112           2  0.000000000000000E+000 -5.064298401419415E-017
         113           1  0.000000000000000E+000 -1.335701598578678E-017
         113           2  0.000000000000000E+000 -5.064298401420373E-017
         114           1  0.000000000000000E+000 -1.335701598579360E-017
         114           2  0.000000000000000E+000 -5.064298401421705E-017
         115           1  0.000000000000000E+000 -1.335701598580054E-017
         115           2  0.000000000000000E+000 -5.064298401422598E-017
         116           1  0.000000000000000E+000 -1.335701598580469E-017
         116           2  0.000000000000000E+000 -5.064298401423483E-017
         117           1  0.000000000000000E+000 -1.335701598580986E-017
         117           2  0.000000000000000E+000 -5.064298401424151E-017
         118           1  0.000000000000000E+000 -1.335701598581408E-017
         118           2  0.000000000000000E+000 -5.064298401425234E-017
         119           1  0.000000000000000E+000 -1.335701598579712E-017
         119           2  0.000000000000000E+000 -5.064298401421803E-017
         120           1  0.000000000000000E+000 -1.335701598579404E-017
         120           2  0.000000000000000E+000 -5.064298401421412E-017
         121           1  0.000000000000000E+000 -1.335701598578572E-017
         121           2  0.000000000000000E+000 -5.064298401418850E-017
         122           1  0.000000000000000E+000 -1.335701598577923E-017
         122           2  0.000000000000000E+000 -5.064298401418677E-017
         123           1  0.000000000000000E+000 -1.335701598578626E-017
         123           2  0.000000000000000E+000 -5.064298401420239E-017
         124           1  0.000000000000000E+000 -1.335701598578494E-017
         124           2  0.000000000000000E+000 -5.064298401420122E-017
         125           1  0.000000000000000E+000 -1.335701598578530E-017
         125           2  0.000000000000000E+000 -5.064298401419998E-017
         126           1  0.000000000000000E+000 -1.335701598577709E-017
         126           2  0.000000000000000E+000 -5.064298401419100E-017
         127           1  0.000000000000000E+000 -1.335701598578326E-017
         127           2  0.000000000000000E+000 -5.064298401419986E-017
         128           1  0.000000000000000E+000 -1.335701598579265E-017
         128           2  0.000000000000000E+000 -5.064298401420669E-017
         129           1  0.000000000000000E+000 -1.335701598578901E-017
         129           2  0.000000000000000E+000 -5.064298401420267E-017
         130           1  0.000000000000000E+000 -1.335701598578226E-017
         130           2  0.000000000000000E+000 -5.064298401419715E-017
         131           1  0.000000000000000E+000 -1.335701598578155E-017
         131           2  0.000000000000000E+000 -5.064298401419200E-017
         132           1  0.000000000000000E+000 -1.335701598578470E-017
         132           2  0.000000000000000E+000 -5.064298401419294E-017
         133           1  0.000000000000000E+000 -1.335701598578647E-017
         133           2  0.000000000000000E+000 -5.064298401420220E-017
         134           1  0.000000000000000E+000 -1.335701598579061E-017
         134           2  0.000000000000000E+000 -5.064298401421426E-017
         135           1  0.000000000000000E+000 -1.335701598580311E-017
         135           2  0.000000000000000E+000 -5.064298401422509E-017
         136           1  0.000000000000000E+000 -1.335701598580179E-017
         136           2  0.000000000000000E+000 -5.064298401423207E-017
         137           1  0.000000000000000E+000 -1.335701598580058E-017
         137           2  0.000000000000000E+000 -5.064298401423940E-017
         138           1  0.000000000000000E+000 -1.335701598581004E-017
         138           2  0.000000000000000E+000 -5.064298401424460E-017
         139           1  0.000000000000000E+000 -1.335701598579731E-017
         139           2  0.000000000000000E+000 -5.064298401421954E-017
         140           1  0.000000000000000E+000 -1.335701598579164E-017
         140           2  0.000000000000000E+000 -5.064298401421077E-017
         141           1  0.000000000000000E+000 -1.335701598577767E-017
         141           2  0.000000000000000E+000 -5.064298401418435E-017
         142           1  0.000000000000000E+000 -1.335701598577523E-017
         142           2  0.000000000000000E+000 -5.064298401418229E-017
         143           1  0.000000000000000E+000 -1.335701598577686E-017
         143           2  0.000000000000000E+000 -5.064298401418452E-017
         144           1  0.000000000000000E+000 -1.335701598577702E-017
         144           2  0.000000000000000E+000 -5.064298401418716E-017
         145           1  0.000000000000000E+000 -1.335701598577864E-017
         145           2  0.000000000000000E+000 -5.064298401419147E-017
         146           1  0.000000000000000E+000 -1.335701598578208E-017
         146           2  0.000000000000000E+000 -5.064298401419399E-017
         147           1  0.000000000000000E+000 -1.335701598578808E-017
         147           2  0.000000000000000E+000 -5.064298401420257E-017
         148           1  0.000000000000000E+000 -1.335701598579294E-017
         148           2  0.000000000000000E+000 -5.064298401420886E-017
         149           1  0.000000000000000E+000 -1.335701598578946E-017
         149           2  0.000000000000000E+000 -5.064298401420546E-017
         150           1  0.000000000000000E+000 -1.335701598578465E-017
         150           2  0.000000000000000E+000 -5.064298401419572E-017
         151           1  0.000000000000000E+000 -1.335701598578212E-017
         151           2  0.000000000000000E+000 -5.064298401419189E-017
         152           1  0.000000000000000E+000 -1.335701598578395E-017
         152           2  0.000000000000000E+000 -5.064298401419485E-017
         153           1  0.000000000000000E+000 -1.335701598579011E-017
         153           2  0.000000000000000E+000 -5.064298401420041E-017
         154           1  0.000000000000000E+000 -1.335701598579533E-017
         154           2  0.000000000000000E+000 -5.064298401420963E-017
         155           1  0.000000000000000E+000 -1.335701598580035E-017
         155           2  0.000000000000000E+000 -5.064298401422233E-017
         156           1  0.000000000000000E+000 -1.335701598580149E-017
         156           2  0.000000000000000E+000 -5.064298401422584E-017
         157           1  0.000000000000000E+000 -1.335701598580226E-017
         157           2  0.000000000000000E+000 -5.064298401423384E-017
         158           1  0.000000000000000E+000 -1.335701598580813E-017
         158           2  0.000000000000000E+000 -5.064298401423522E-017
         159           1  0.000000000000000E+000 -1.335701598581514E-017
         159           2  0.000000000000000E+000 -5.064298401424474E-017
         160           1  0.000000000000000E+000 -1.335701598579461E-017
         160           2  0.000000000000000E+000 -5.064298401421675E-017
         161           1  0.000000000000000E+000 -1.335701598578714E-017
         161           2  0.000000000000000E+000 -5.064298401420406E-017
         162           1  0.000000000000000E+000 -1.335701598577803E-017
         162           2  0.000000000000000E+000 -5.064298401418680E-017
         163           1  0.000000000000000E+000 -1.335701598577781E-017
         163           2  0.000000000000000E+000 -5.064298401418859E-017
         164           1  0.000000000000000E+000 -1.335701598578375E-017
         164           2  0.000000000000000E+000 -5.064298401419283E-017
         165           1  0.000000000000000E+000 -1.335701598578273E-017
         165           2  0.000000000000000E+000 -5.064298401419646E-017
         166           1  0.000000000000000E+000 -1.335701598578099E-017
         166           2  0.000000000000000E+000 -5.064298401420036E-017
         167           1  0.000000000000000E+000 -1.335701598578754E-017
         167           2  0.000000000000000E+000 -5.064298401420701E-017
         168           1  0.000000000000000E+000 -1.335701598579034E-017
         168           2  0.000000000000000E+000 -5.064298401420982E-017
         169           1  0.000000000000000E+000 -1.335701598579218E-017
         169           2  0.000000000000000E+000 -5.064298401420547E-017
         170           1  0.000000000000000E+000 -1.335701598578546E-017
         170           2  0.000000000000000E+000 -5.064298401419646E-017
         171           1  0.000000000000000E+000 -1.335701598578621E-017
         171           2  0.000000000000000E+000 -5.064298401419159E-017
         172           1  0.000000000000000E+000 -1.335701598578542E-017
         172           2  0.000000000000000E+000 -5.064298401419529E-017
         173           1  0.000000000000000E+000 -1.335701598578866E-017
         173           2  0.000000000000000E+000 -5.064298401419874E-017
         174           1  0.000000000000000E+000 -1.335701598579325E-017
         174           2  0.000000000000000E+000 -5.064298401420523E-017
         175           1  0.000000000000000E+000 -1.335701598579707E-017
         175           2  0.000000000000000E+000 -5.064298401421620E-017
         176           1  0.000000000000000E+000 -1.335701598579903E-017
         176           2  0.000000000000000E+000 -5.064298401422141E-017
         177           1  0.000000000000000E+000 -1.335701598580039E-017
         177           2  0.000000000000000E+000 -5.064298401422656E-017
         178           1  0.000000000000000E+000 -1.335701598580644E-017
         178           2  0.000000000000000E+000 -5.064298401423144E-017
         179           1  0.000000000000000E+000 -1.335701598579658E-017
         179           2  0.000000000000000E+000 -5.064298401421692E-017
         180           1  0.000000000000000E+000 -1.335701598579494E-017
         180           2  0.000000000000000E+000 -5.064298401421569E-017
         181           1  0.000000000000000E+000 -1.335701598578934E-017
         181           2  0.000000000000000E+000 -5.064298401421179E-017
         182           1  0.000000000000000E+000 -1.335701598578895E-017
         182           2  0.000000000000000E+000 -5.064298401420415E-017
         183           1  0.000000000000000E+000 -1.335701598578020E-017
         183           2  0.000000000000000E+000 -5.064298401419148E-017
         184           1  0.000000000000000E+000 -1.335701598577807E-017
         184           2  0.000000000000000E+000 -5.064298401419309E-017
         185           1  0.000000000000000E+000 -1.335701598578391E-017
         185           2  0.000000000000000E+000 -5.064298401419578E-017
         186           1  0.000000000000000E+000 -1.335701598578590E-017
         186           2  0.000000000000000E+000 -5.064298401419623E-017
         187           1  0.000000000000000E+000 -1.335701598578921E-017
         187           2  0.000000000000000E+000 -5.064298401420586E-017
         188           1  0.000000000000000E+000 -1.335701598578840E-017
         188           2  0.000000000000000E+000 -5.064298401421087E-017
         189           1  0.000000000000000E+000 -1.335701598579093E-017
         189           2  0.000000000000000E+000 -5.064298401420886E-017
         190           1  0.000000000000000E+000 -1.335701598578990E-017
         190           2  0.000000000000000E+000 -5.064298401420436E-017
         191           1  0.000000000000000E+000 -1.335701598578707E-017
         191           2  0.000000000000000E+000 -5.064298401419583E-017
         192           1  0.000000000000000E+000 -1.335701598578620E-017
         192           2  0.000000000000000E+000 -5.064298401419947E-017
         193           1  0.000000000000000E+000 -1.335701598578879E-017
         193           2  0.000000000000000E+000 -5.064298401420374E-017
         194           1  0.000000000000000E+000 -1.335701598579044E-017
         194           2  0.000000000000000E+000 -5.064298401420610E-017
         195           1  0.000000000000000E+000 -1.335701598579224E-017
         195           2  0.000000000000000E+000 -5.064298401420954E-017
         196           1  0.000000000000000E+000 -1.335701598579320E-017
         196           2  0.000000000000000E+000 -5.064298401421356E-017
         197           1  0.000000000000000E+000 -1.335701598579370E-017
         197           2  0.000000000000000E+000 -5.064298401421708E-017
         198           1  0.000000000000000E+000 -1.335701598579911E-017
         198           2  0.000000000000000E+000 -5.064298401422313E-017
         199           1  0.000000000000000E+000 -1.335701598580078E-017
         199           2  0.000000000000000E+000 -5.064298401422136E-017
         200           1  0.000000000000000E+000 -1.335701598579948E-017
         200           2  0.000000000000000E+000 -5.064298401422218E-017
         201           1  0.000000000000000E+000 -1.335701598579206E-017
         201           2  0.000000000000000E+000 -5.064298401421044E-017
         202           1  0.000000000000000E+000 -1.335701598579200E-017
         202           2  0.000000000000000E+000 -5.064298401421203E-017
         203           1  0.000000000000000E+000 -1.335701598579229E-017
         203           2  0.000000000000000E+000 -5.064298401421588E-017
         204           1  0.000000000000000E+000 -1.335701598577393E-017
         204           2  0.000000000000000E+000 -5.064298401418682E-017
         205           1  0.000000000000000E+000 -1.335701598577736E-017
         205           2  0.000000000000000E+000 -5.064298401419061E-017
         206           1  0.000000000000000E+000 -1.335701598578851E-017
         206           2  0.000000000000000E+000 -5.064298401419669E-017
         207           1  0.000000000000000E+000 -1.335701598579018E-017
         207           2  0.000000000000000E+000 -5.064298401420599E-017
         208           1  0.000000000000000E+000 -1.335701598579177E-017
         208           2  0.000000000000000E+000 -5.064298401420885E-017
         209           1  0.000000000000000E+000 -1.335701598579339E-017
         209           2  0.000000000000000E+000 -5.064298401421117E-017
         210           1  0.000000000000000E+000 -1.335701598579107E-017
         210           2  0.000000000000000E+000 -5.064298401421166E-017
         211           1  0.000000000000000E+000 -1.335701598578571E-017
         211           2  0.000000000000000E+000 -5.064298401420628E-017
         212           1  0.000000000000000E+000 -1.335701598578511E-017
         212           2  0.000000000000000E+000 -5.064298401420064E-017
         213           1  0.000000000000000E+000 -1.335701598579604E-017
         213           2  0.000000000000000E+000 -5.064298401421308E-017
         214           1  0.000000000000000E+000 -1.335701598579688E-017
         214           2  0.000000000000000E+000 -5.064298401421533E-017
         215           1  0.000000000000000E+000 -1.335701598579423E-017
         215           2  0.000000000000000E+000 -5.064298401421472E-017
         216           1  0.000000000000000E+000 -1.335701598579269E-017
         216           2  0.000000000000000E+000 -5.064298401421043E-017
         217           1  0.000000000000000E+000 -1.335701598579164E-017
         217           2  0.000000000000000E+000 -5.064298401421090E-017
         218           1  0.000000000000000E+000 -1.335701598579609E-017
         218           2  0.000000000000000E+000 -5.064298401421525E-017
         219           1  0.000000000000000E+000 -1.335701598579584E-017
         219           2  0.000000000000000E+000 -5.064298401421697E-017
         220           1  0.000000000000000E+000 -1.335701598579486E-017
         220           2  0.000000000000000E+000 -5.064298401421421E-017
         221           1  0.000000000000000E+000 -1.335701598579291E-017
         221           2  0.000000000000000E+000 -5.064298401421204E-017
         222           1  0.000000000000000E+000 -1.335701598579301E-017
         222           2  0.000000000000000E+000 -5.064298401421347E-017
         223           1  0.000000000000000E+000 -1.335701598579237E-017
         223           2  0.000000000000000E+000 -5.064298401421657E-017
         224           1  0.000000000000000E+000 -1.335701598578903E-017
         224           2  0.000000000000000E+000 -5.064298401420747E-017
         225           1  0.000000000000000E+000 -1.335701598577281E-017
         225           2  0.000000000000000E+000 -5.064298401418530E-017
         226           1  0.000000000000000E+000 -1.335701598577733E-017
         226           2  0.000000000000000E+000 -5.064298401419063E-017
         227           1  0.000000000000000E+000 -1.335701598578771E-017
         227           2  0.000000000000000E+000 -5.064298401420088E-017
         228           1  0.000000000000000E+000 -1.335701598579411E-017
         228           2  0.000000000000000E+000 -5.064298401421120E-017
         229           1  0.000000000000000E+000 -1.335701598579683E-017
         229           2  0.000000000000000E+000 -5.064298401421990E-017
         230           1  0.000000000000000E+000 -1.335701598579748E-017
         230           2  0.000000000000000E+000 -5.064298401422198E-017
         231           1  0.000000000000000E+000 -1.335701598579292E-017
         231           2  0.000000000000000E+000 -5.064298401421600E-017
         232           1  0.000000000000000E+000 -1.335701598579419E-017
         232           2  0.000000000000000E+000 -5.064298401421683E-017
         233           1  0.000000000000000E+000 -1.335701598580021E-017
         233           2  0.000000000000000E+000 -5.064298401422347E-017
         234           1  0.000000000000000E+000 -1.335701598580042E-017
         234           2  0.000000000000000E+000 -5.064298401422557E-017
         235           1  0.000000000000000E+000 -1.335701598579855E-017
         235           2  0.000000000000000E+000 -5.064298401422100E-017
         236           1  0.000000000000000E+000 -1.335701598579317E-017
         236           2  0.000000000000000E+000 -5.064298401421434E-017
         237           1  0.000000000000000E+000 -1.335701598579431E-017
         237           2  0.000000000000000E+000 -5.064298401421380E-017
         238           1  0.000000000000000E+000 -1.335701598579805E-017
         238           2  0.000000000000000E+000 -5.064298401421993E-017
         239           1  0.000000000000000E+000 -1.335701598580370E-017
         239           2  0.000000000000000E+000 -5.064298401422481E-017
         240           1  0.000000000000000E+000 -1.335701598580289E-017
         240           2  0.000000000000000E+000 -5.064298401422581E-017
         241           1  0.000000000000000E+000 -1.335701598579533E-017
         241           2  0.000000000000000E+000 -5.064298401422117E-017
         242           1  0.000000000000000E+000 -1.335701598579688E-017
         242           2  0.000000000000000E+000 -5.064298401421996E-017
         243           1  0.000000000000000E+000 -1.335701598579220E-017
         243           2  0.000000000000000E+000 -5.064298401421451E-017
         244           1  0.000000000000000E+000 -1.335701598578757E-017
         244           2  0.000000000000000E+000 -5.064298401420790E-017
         245           1  0.000000000000000E+000 -1.335701598578676E-017
         245           2  0.000000000000000E+000 -5.064298401420517E-017
         246           1  0.000000000000000E+000 -1.335701598577828E-017
         246           2  0.000000000000000E+000 -5.064298401418824E-017
         247           1  0.000000000000000E+000 -1.335701598577982E-017
         247           2  0.000000000000000E+000 -5.064298401419752E-017
         248           1  0.000000000000000E+000 -1.335701598579241E-017
         248           2  0.000000000000000E+000 -5.064298401421024E-017
         249           1  0.000000000000000E+000 -1.335701598579692E-017
         249           2  0.000000000000000E+000 -5.064298401421924E-017
         250           1  0.000000000000000E+000 -1.335701598580143E-017
         250           2  0.000000000000000E+000 -5.064298401422640E-017
         251           1  0.000000000000000E+000 -1.335701598579895E-017
         251           2  0.000000000000000E+000 -5.064298401422439E-017
         252           1  0.000000000000000E+000 -1.335701598579650E-017
         252           2  0.000000000000000E+000 -5.064298401422431E-017
         253           1  0.000000000000000E+000 -1.335701598579853E-017
         253           2  0.000000000000000E+000 -5.064298401421957E-017
         254           1  0.000000000000000E+000 -1.335701598579831E-017
         254           2  0.000000000000000E+000 -5.064298401422328E-017
         255           1  0.000000000000000E+000 -1.335701598579611E-017
         255           2  0.000000000000000E+000 -5.064298401422306E-017
         256           1  0.000000000000000E+000 -1.335701598579191E-017
         256           2  0.000000000000000E+000 -5.064298401421329E-017
         257           1  0.000000000000000E+000 -1.335701598579167E-017
         257           2  0.000000000000000E+000 -5.064298401421551E-017
         258           1  0.000000000000000E+000 -1.335701598579604E-017
         258           2  0.000000000000000E+000 -5.064298401421893E-017
         259           1  0.000000000000000E+000 -1.335701598580517E-017
         259           2  0.000000000000000E+000 -5.064298401422929E-017
         260           1  0.000000000000000E+000 -1.335701598579937E-017
         260           2  0.000000000000000E+000 -5.064298401421365E-017
         261           1  0.000000000000000E+000 -1.335701598578722E-017
         261           2  0.000000000000000E+000 -5.064298401420681E-017
         262           1  0.000000000000000E+000 -1.335701598579348E-017
         262           2  0.000000000000000E+000 -5.064298401421188E-017
         263           1  0.000000000000000E+000 -1.335701598579155E-017
         263           2  0.000000000000000E+000 -5.064298401421106E-017
         264           1  0.000000000000000E+000 -1.335701598578994E-017
         264           2  0.000000000000000E+000 -5.064298401421076E-017
         265           1  0.000000000000000E+000 -1.335701598579091E-017
         265           2  0.000000000000000E+000 -5.064298401421016E-017
         266           1  0.000000000000000E+000 -1.335701598578986E-017
         266           2  0.000000000000000E+000 -5.064298401420840E-017
         267           1  0.000000000000000E+000 -1.335701598578494E-017
         267           2  0.000000000000000E+000 -5.064298401419883E-017
         268           1  0.000000000000000E+000 -1.335701598578872E-017
         268           2  0.000000000000000E+000 -5.064298401420003E-017
         269           1  0.000000000000000E+000 -1.335701598578711E-017
         269           2  0.000000000000000E+000 -5.064298401420321E-017
         270           1  0.000000000000000E+000 -1.335701598579253E-017
         270           2  0.000000000000000E+000 -5.064298401421353E-017
         271           1  0.000000000000000E+000 -1.335701598579599E-017
         271           2  0.000000000000000E+000 -5.064298401421795E-017
         272           1  0.000000000000000E+000 -1.335701598579510E-017
         272           2  0.000000000000000E+000 -5.064298401421999E-017
         273           1  0.000000000000000E+000 -1.335701598579093E-017
         273           2  0.000000000000000E+000 -5.064298401421675E-017
         274           1  0.000000000000000E+000 -1.335701598579653E-017
         274           2  0.000000000000000E+000 -5.064298401421448E-017
         275           1  0.000000000000000E+000 -1.335701598579380E-017
         275           2  0.000000000000000E+000 -5.064298401421647E-017
         276           1  0.000000000000000E+000 -1.335701598578713E-017
         276           2  0.000000000000000E+000 -5.064298401420775E-017
         277           1  0.000000000000000E+000 -1.335701598578751E-017
         277           2  0.000000000000000E+000 -5.064298401420818E-017
         278           1  0.000000000000000E+000 -1.335701598579346E-017
         278           2  0.000000000000000E+000 -5.064298401421504E-017
         279           1  0.000000000000000E+000 -1.335701598579697E-017
         279           2  0.000000000000000E+000 -5.064298401421781E-017
         280           1  0.000000000000000E+000 -1.335701598578840E-017
         280           2  0.000000000000000E+000 -5.064298401420279E-017
         281           1  0.000000000000000E+000 -1.335701598579337E-017
         281           2  0.000000000000000E+000 -5.064298401421072E-017
         282           1  0.000000000000000E+000 -1.335701598579257E-017
         282           2  0.000000000000000E+000 -5.064298401421419E-017
         283           1  0.000000000000000E+000 -1.335701598579299E-017
         283           2  0.000000000000000E+000 -5.064298401421394E-017
         284           1  0.000000000000000E+000 -1.335701598579368E-017
         284           2  0.000000000000000E+000 -5.064298401421436E-017
         285           1  0.000000000000000E+000 -1.335701598579212E-017
         285           2  0.000000000000000E+000 -5.064298401421202E-017
         286           1  0.000000000000000E+000 -1.335701598579382E-017
         286           2  0.000000000000000E+000 -5.064298401420544E-017
         287           1  0.000000000000000E+000 -1.335701598579040E-017
         287           2  0.000000000000000E+000 -5.064298401419813E-017
         288           1  0.000000000000000E+000 -1.335701598578229E-017
         288           2  0.000000000000000E+000 -5.064298401418921E-017
         289           1  0.000000000000000E+000 -1.335701598577795E-017
         289           2  0.000000000000000E+000 -5.064298401419171E-017
         290           1  0.000000000000000E+000 -1.335701598578529E-017
         290           2  0.000000000000000E+000 -5.064298401420062E-017
         291           1  0.000000000000000E+000 -1.335701598579414E-017
         291           2  0.000000000000000E+000 -5.064298401421084E-017
         292           1  0.000000000000000E+000 -1.335701598579398E-017
         292           2  0.000000000000000E+000 -5.064298401421376E-017
         293           1  0.000000000000000E+000 -1.335701598578936E-017
         293           2  0.000000000000000E+000 -5.064298401420936E-017
         294           1  0.000000000000000E+000 -1.335701598579061E-017
         294           2  0.000000000000000E+000 -5.064298401421071E-017
         295           1  0.000000000000000E+000 -1.335701598578835E-017
         295           2  0.000000000000000E+000 -5.064298401420981E-017
         296           1  0.000000000000000E+000 -1.335701598578495E-017
         296           2  0.000000000000000E+000 -5.064298401419937E-017
         297           1  0.000000000000000E+000 -1.335701598577985E-017
         297           2  0.000000000000000E+000 -5.064298401419972E-017
         298           1  0.000000000000000E+000 -1.335701598578469E-017
         298           2  0.000000000000000E+000 -5.064298401420131E-017
         299           1  0.000000000000000E+000 -1.335701598579336E-017
         299           2  0.000000000000000E+000 -5.064298401420514E-017
         300           1  0.000000000000000E+000 -1.335701598579557E-017
         300           2  0.000000000000000E+000 -5.064298401420790E-017
         301           1  0.000000000000000E+000 -1.335701598579401E-017
         301           2  0.000000000000000E+000 -5.064298401421481E-017
         302           1  0.000000000000000E+000 -1.335701598578893E-017
         302           2  0.000000000000000E+000 -5.064298401421320E-017
         303           1  0.000000000000000E+000 -1.335701598579438E-017
         303           2  0.000000000000000E+000 -5.064298401421888E-017
         304           1  0.000000000000000E+000 -1.335701598579421E-017
         304           2  0.000000000000000E+000 -5.064298401421847E-017
         305           1  0.000000000000000E+000 -1.335701598579341E-017
         305           2  0.000000000000000E+000 -5.064298401421614E-017
         306           1  0.000000000000000E+000 -1.335701598579786E-017
         306           2  0.000000000000000E+000 -5.064298401420720E-017
         307           1  0.000000000000000E+000 -1.335701598579226E-017
         307           2  0.000000000000000E+000 -5.064298401419555E-017
         308           1  0.000000000000000E+000 -1.335701598577718E-017
         308           2  0.000000000000000E+000 -5.064298401418439E-017
         309           1  0.000000000000000E+000 -1.335701598578507E-017
         309           2  0.000000000000000E+000 -5.064298401420048E-017
         310           1  0.000000000000000E+000 -1.335701598577970E-017
         310           2  0.000000000000000E+000 -5.064298401418695E-017
         311           1  0.000000000000000E+000 -1.335701598578871E-017
         311           2  0.000000000000000E+000 -5.064298401419229E-017
         312           1  0.000000000000000E+000 -1.335701598578620E-017
         312           2  0.000000000000000E+000 -5.064298401419129E-017
         313           1  0.000000000000000E+000 -1.335701598578652E-017
         313           2  0.000000000000000E+000 -5.064298401419587E-017
         314           1  0.000000000000000E+000 -1.335701598577913E-017
         314           2  0.000000000000000E+000 -5.064298401419144E-017
         315           1  0.000000000000000E+000 -1.335701598578364E-017
         315           2  0.000000000000000E+000 -5.064298401419383E-017
         316           1  0.000000000000000E+000 -1.335701598578252E-017
         316           2  0.000000000000000E+000 -5.064298401419600E-017
         317           1  0.000000000000000E+000 -1.335701598578115E-017
         317           2  0.000000000000000E+000 -5.064298401419177E-017
         318           1  0.000000000000000E+000 -1.335701598577645E-017
         318           2  0.000000000000000E+000 -5.064298401418862E-017
         319           1  0.000000000000000E+000 -1.335701598578393E-017
         319           2  0.000000000000000E+000 -5.064298401419018E-017
         320           1  0.000000000000000E+000 -1.335701598578211E-017
         320           2  0.000000000000000E+000 -5.064298401418400E-017
         321           1  0.000000000000000E+000 -1.335701598579232E-017
         321           2  0.000000000000000E+000 -5.064298401421478E-017
         322           1  0.000000000000000E+000 -1.335701598578952E-017
         322           2  0.000000000000000E+000 -5.064298401421064E-017
         323           1  0.000000000000000E+000 -1.335701598579635E-017
         323           2  0.000000000000000E+000 -5.064298401421583E-017
         324           1  0.000000000000000E+000 -1.335701598579553E-017
         324           2  0.000000000000000E+000 -5.064298401421975E-017
         325           1  0.000000000000000E+000 -1.335701598579502E-017
         325           2  0.000000000000000E+000 -5.064298401421544E-017
         326           1  0.000000000000000E+000 -1.335701598580722E-017
         326           2  0.000000000000000E+000 -5.064298401422038E-017
         327           1  0.000000000000000E+000 -1.335701598579147E-017
         327           2  0.000000000000000E+000 -5.064298401421295E-017
         328           1  0.000000000000000E+000 -1.335701598578749E-017
         328           2  0.000000000000000E+000 -5.064298401420609E-017
         329           1  0.000000000000000E+000 -1.335701598578500E-017
         329           2  0.000000000000000E+000 -5.064298401420096E-017
         330           1  0.000000000000000E+000 -1.335701598577962E-017
         330           2  0.000000000000000E+000 -5.064298401418392E-017
         331           1  0.000000000000000E+000 -1.335701598577860E-017
         331           2  0.000000000000000E+000 -5.064298401418013E-017
         332           1  0.000000000000000E+000 -1.335701598577557E-017
         332           2  0.000000000000000E+000 -5.064298401417441E-017
         333           1  0.000000000000000E+000 -1.335701598577791E-017
         333           2  0.000000000000000E+000 -5.064298401417917E-017
         334           1  0.000000000000000E+000 -1.335701598577268E-017
         334           2  0.000000000000000E+000 -5.064298401417740E-017
         335           1  0.000000000000000E+000 -1.335701598578221E-017
         335           2  0.000000000000000E+000 -5.064298401418766E-017
         336           1  0.000000000000000E+000 -1.335701598578330E-017
         336           2  0.000000000000000E+000 -5.064298401419168E-017
         337           1  0.000000000000000E+000 -1.335701598578734E-017
         337           2  0.000000000000000E+000 -5.064298401420228E-017
         338           1  0.000000000000000E+000 -1.335701598577438E-017
         338           2  0.000000000000000E+000 -5.064298401417690E-017
         339           1  0.000000000000000E+000 -1.335701598577352E-017
         339           2  0.000000000000000E+000 -5.064298401417494E-017
         340           1  0.000000000000000E+000 -1.335701598578469E-017
         340           2  0.000000000000000E+000 -5.064298401419843E-017
         341           1  0.000000000000000E+000 -1.335701598578465E-017
         341           2  0.000000000000000E+000 -5.064298401420584E-017
         342           1  0.000000000000000E+000 -1.335701598578913E-017
         342           2  0.000000000000000E+000 -5.064298401420603E-017
         343           1  0.000000000000000E+000 -1.335701598579759E-017
         343           2  0.000000000000000E+000 -5.064298401422062E-017
         344           1  0.000000000000000E+000 -1.335701598579595E-017
         344           2  0.000000000000000E+000 -5.064298401421704E-017
         345           1  0.000000000000000E+000 -1.335701598579270E-017
         345           2  0.000000000000000E+000 -5.064298401421304E-017
         346           1  0.000000000000000E+000 -1.335701598579056E-017
         346           2  0.000000000000000E+000 -5.064298401421154E-017
         347           1  0.000000000000000E+000 -1.335701598579090E-017
         347           2  0.000000000000000E+000 -5.064298401421071E-017
         348           1  0.000000000000000E+000 -1.335701598579029E-017
         348           2  0.000000000000000E+000 -5.064298401420708E-017
         349           1  0.000000000000000E+000 -1.335701598578859E-017
         349           2  0.000000000000000E+000 -5.064298401420342E-017
         350           1  0.000000000000000E+000 -1.335701598578853E-017
         350           2  0.000000000000000E+000 -5.064298401420356E-017
         351           1  0.000000000000000E+000 -1.335701598578705E-017
         351           2  0.000000000000000E+000 -5.064298401420391E-017
         352           1  0.000000000000000E+000 -1.335701598577103E-017
         352           2  0.000000000000000E+000 -5.064298401417807E-017
         353           1  0.000000000000000E+000 -1.335701598577061E-017
         353           2  0.000000000000000E+000 -5.064298401417329E-017
         354           1  0.000000000000000E+000 -1.335701598578012E-017
         354           2  0.000000000000000E+000 -5.064298401418179E-017
         355           1  0.000000000000000E+000 -1.335701598578829E-017
         355           2  0.000000000000000E+000 -5.064298401420705E-017
         356           1  0.000000000000000E+000 -1.335701598578987E-017
         356           2  0.000000000000000E+000 -5.064298401420674E-017
         357           1  0.000000000000000E+000 -1.335701598578733E-017
         357           2  0.000000000000000E+000 -5.064298401420331E-017
         358           1  0.000000000000000E+000 -1.335701598578610E-017
         358           2  0.000000000000000E+000 -5.064298401419859E-017
         359           1  0.000000000000000E+000 -1.335701598578533E-017
         359           2  0.000000000000000E+000 -5.064298401419754E-017
         360           1  0.000000000000000E+000 -1.335701598578485E-017
         360           2  0.000000000000000E+000 -5.064298401419661E-017
         361           1  0.000000000000000E+000 -1.335701598578593E-017
         361           2  0.000000000000000E+000 -5.064298401419596E-017
         362           1  0.000000000000000E+000 -1.335701598578664E-017
         362           2  0.000000000000000E+000 -5.064298401419836E-017
         363           1  0.000000000000000E+000 -1.335701598579142E-017
         363           2  0.000000000000000E+000 -5.064298401420972E-017
         364           1  0.000000000000000E+000 -1.335701598579368E-017
         364           2  0.000000000000000E+000 -5.064298401421233E-017
         365           1  0.000000000000000E+000 -1.335701598579305E-017
         365           2  0.000000000000000E+000 -5.064298401421301E-017
         366           1  0.000000000000000E+000 -1.335701598578960E-017
         366           2  0.000000000000000E+000 -5.064298401421138E-017
         367           1  0.000000000000000E+000 -1.335701598578997E-017
         367           2  0.000000000000000E+000 -5.064298401420889E-017
         368           1  0.000000000000000E+000 -1.335701598578931E-017
         368           2  0.000000000000000E+000 -5.064298401420518E-017
         369           1  0.000000000000000E+000 -1.335701598578709E-017
         369           2  0.000000000000000E+000 -5.064298401420142E-017
         370           1  0.000000000000000E+000 -1.335701598578686E-017
         370           2  0.000000000000000E+000 -5.064298401420327E-017
         371           1  0.000000000000000E+000 -1.335701598579196E-017
         371           2  0.000000000000000E+000 -5.064298401420893E-017
         372           1  0.000000000000000E+000 -1.335701598579027E-017
         372           2  0.000000000000000E+000 -5.064298401420748E-017
         373           1  0.000000000000000E+000 -1.335701598578502E-017
         373           2  0.000000000000000E+000 -5.064298401420009E-017
         374           1  0.000000000000000E+000 -1.335701598578819E-017
         374           2  0.000000000000000E+000 -5.064298401420449E-017
         375           1  0.000000000000000E+000 -1.335701598578848E-017
         375           2  0.000000000000000E+000 -5.064298401420573E-017
         376           1  0.000000000000000E+000 -1.335701598578779E-017
         376           2  0.000000000000000E+000 -5.064298401420507E-017
         377           1  0.000000000000000E+000 -1.335701598578825E-017
         377           2  0.000000000000000E+000 -5.064298401420623E-017
         378           1  0.000000000000000E+000 -1.335701598578588E-017
         378           2  0.000000000000000E+000 -5.064298401419966E-017
         379           1  0.000000000000000E+000 -1.335701598578526E-017
         379           2  0.000000000000000E+000 -5.064298401419723E-017
         380           1  0.000000000000000E+000 -1.335701598578658E-017
         380           2  0.000000000000000E+000 -5.064298401420059E-017
         381           1  0.000000000000000E+000 -1.335701598579954E-017
         381           2  0.000000000000000E+000 -5.064298401422093E-017
         382           1  0.000000000000000E+000 -1.335701598579590E-017
         382           2  0.000000000000000E+000 -5.064298401421739E-017
         383           1  0.000000000000000E+000 -1.335701598578785E-017
         383           2  0.000000000000000E+000 -5.064298401420371E-017
         384           1  0.000000000000000E+000 -1.335701598579227E-017
         384           2  0.000000000000000E+000 -5.064298401421349E-017
         385           1  0.000000000000000E+000 -1.335701598579489E-017
         385           2  0.000000000000000E+000 -5.064298401421476E-017
         386           1  0.000000000000000E+000 -1.335701598579222E-017
         386           2  0.000000000000000E+000 -5.064298401421312E-017
         387           1  0.000000000000000E+000 -1.335701598579136E-017
         387           2  0.000000000000000E+000 -5.064298401420795E-017
         388           1  0.000000000000000E+000 -1.335701598578800E-017
         388           2  0.000000000000000E+000 -5.064298401420561E-017
         389           1  0.000000000000000E+000 -1.335701598578693E-017
         389           2  0.000000000000000E+000 -5.064298401420046E-017
         390           1  0.000000000000000E+000 -1.335701598578976E-017
         390           2  0.000000000000000E+000 -5.064298401420544E-017
         391           1  0.000000000000000E+000 -1.335701598579141E-017
         391           2  0.000000000000000E+000 -5.064298401420780E-017
         392           1  0.000000000000000E+000 -1.335701598578599E-017
         392           2  0.000000000000000E+000 -5.064298401419935E-017
         393           1  0.000000000000000E+000 -1.335701598579334E-017
         393           2  0.000000000000000E+000 -5.064298401421256E-017
         394           1  0.000000000000000E+000 -1.335701598578742E-017
         394           2  0.000000000000000E+000 -5.064298401420346E-017
         395           1  0.000000000000000E+000 -1.335701598578797E-017
         395           2  0.000000000000000E+000 -5.064298401420517E-017
         396           1  0.000000000000000E+000 -1.335701598578990E-017
         396           2  0.000000000000000E+000 -5.064298401420512E-017
         397           1  0.000000000000000E+000 -1.335701598578862E-017
         397           2  0.000000000000000E+000 -5.064298401420327E-017
         398           1  0.000000000000000E+000 -1.335701598578660E-017
         398           2  0.000000000000000E+000 -5.064298401420068E-017
         399           1  0.000000000000000E+000 -1.335701598578814E-017
         399           2  0.000000000000000E+000 -5.064298401420105E-017
         400           1  0.000000000000000E+000 -1.335701598578776E-017
         400           2  0.000000000000000E+000 -5.064298401420051E-017
