           1           1  0.000000000000000E+000 -9.490321682223392E-018
           1           2  0.000000000000000E+000 -1.550967831779032E-017
           2           1  0.000000000000000E+000 -9.490321682207888E-018
           2           2  0.000000000000000E+000 -1.550967831776973E-017
           3           1  0.000000000000000E+000 -9.490321682221873E-018
           3           2  0.000000000000000E+000 -1.550967831779023E-017
           4           1  0.000000000000000E+000 -9.490321682217926E-018
           4           2  0.000000000000000E+000 -1.550967831778551E-017
           5           1  0.000000000000000E+000 -9.490321682207259E-018
           5           2  0.000000000000000E+000 -1.550967831777022E-017
           6           1  0.000000000000000E+000 -9.490321682207729E-018
           6           2  0.000000000000000E+000 -1.550967831776920E-017
           7           1  0.000000000000000E+000 -9.490321682223149E-018
           7           2  0.000000000000000E+000 -1.550967831779126E-017
           8           1  0.000000000000000E+000 -9.490321682230074E-018
           8           2  0.000000000000000E+000 -1.550967831780269E-017
           9           1  0.000000000000000E+000 -9.490321682225956E-018
           9           2  0.000000000000000E+000 -1.550967831779873E-017
          10           1  0.000000000000000E+000 -9.490321682225461E-018
          10           2  0.000000000000000E+000 -1.550967831779878E-017
          11           1  0.000000000000000E+000 -9.490321682220588E-018
          11           2  0.000000000000000E+000 -1.550967831778681E-017
          12           1  0.000000000000000E+000 -9.490321682222120E-018
          12           2  0.000000000000000E+000 -1.550967831778781E-017
          13           1  0.000000000000000E+000 -9.490321682223002E-018
          13           2  0.000000000000000E+000 -1.550967831778898E-017
          14           1  0.000000000000000E+000 -9.490321682212228E-018
          14           2  0.000000000000000E+000 -1.550967831777688E-017
          15           1  0.000000000000000E+000 -9.490321682205567E-018
          15           2  0.000000000000000E+000 -1.550967831776621E-017
          16           1  0.000000000000000E+000 -9.490321682217654E-018
          16           2  0.000000000000000E+000 -1.550967831778399E-017
          17           1  0.000000000000000E+000 -9.490321682219491E-018
          17           2  0.000000000000000E+000 -1.550967831778724E-017
          18           1  0.000000000000000E+000 -9.490321682225922E-018
          18           2  0.000000000000000E+000 -1.550967831779631E-017
          19           1  0.000000000000000E+000 -9.490321682223697E-018
          19           2  0.000000000000000E+000 -1.550967831779315E-017
          20           1  0.000000000000000E+000 -9.490321682224747E-018
          20           2  0.000000000000000E+000 -1.550967831779169E-017
          21           1  0.000000000000000E+000 -9.490321682211023E-018
          21           2  0.000000000000000E+000 -1.550967831777652E-017
          22           1  0.000000000000000E+000 -9.490321682222568E-018
          22           2  0.000000000000000E+000 -1.550967831779044E-017
          23           1  0.000000000000000E+000 -9.490321682221294E-018
          23           2  0.000000000000000E+000 -1.550967831778979E-017
          24           1  0.000000000000000E+000 -9.490321682215357E-018
          24           2  0.000000000000000E+000 -1.550967831778118E-017
          25           1  0.000000000000000E+000 -9.490321682206348E-018
          25           2  0.000000000000000E+000 -1.550967831777104E-017
          26           1  0.000000000000000E+000 -9.490321682216083E-018
          26           2  0.000000000000000E+000 -1.550967831778247E-017
          27           1  0.000000000000000E+000 -9.490321682223905E-018
          27           2  0.000000000000000E+000 -1.550967831779464E-017
          28           1  0.000000000000000E+000 -9.490321682224253E-018
          28           2  0.000000000000000E+000 -1.550967831779374E-017
          29           1  0.000000000000000E+000 -9.490321682221429E-018
          29           2  0.000000000000000E+000 -1.550967831778889E-017
          30           1  0.000000000000000E+000 -9.490321682219318E-018
          30           2  0.000000000000000E+000 -1.550967831778562E-017
          31           1  0.000000000000000E+000 -9.490321682214368E-018
          31           2  0.000000000000000E+000 -1.550967831778099E-017
          32           1  0.000000000000000E+000 -9.490321682224460E-018
          32           2  0.000000000000000E+000 -1.550967831779549E-017
          33           1  0.000000000000000E+000 -9.490321682223824E-018
          33           2  0.000000000000000E+000 -1.550967831779348E-017
          34           1  0.000000000000000E+000 -9.490321682220570E-018
          34           2  0.000000000000000E+000 -1.550967831778883E-017
          35           1  0.000000000000000E+000 -9.490321682223831E-018
          35           2  0.000000000000000E+000 -1.550967831779368E-017
          36           1  0.000000000000000E+000 -9.490321682214866E-018
          36           2  0.000000000000000E+000 -1.550967831778063E-017
          37           1  0.000000000000000E+000 -9.490321682227170E-018
          37           2  0.000000000000000E+000 -1.550967831779740E-017
          38           1  0.000000000000000E+000 -9.490321682220033E-018
          38           2  0.000000000000000E+000 -1.550967831778803E-017
          39           1  0.000000000000000E+000 -9.490321682221847E-018
          39           2  0.000000000000000E+000 -1.550967831778807E-017
          40           1  0.000000000000000E+000 -9.490321682221120E-018
          40           2  0.000000000000000E+000 -1.550967831778877E-017
          41           1  0.000000000000000E+000 -9.490321682217246E-018
          41           2  0.000000000000000E+000 -1.550967831778568E-017
          42           1  0.000000000000000E+000 -9.490321682210139E-018
          42           2  0.000000000000000E+000 -1.550967831777259E-017
          43           1  0.000000000000000E+000 -9.490321682209237E-018
          43           2  0.000000000000000E+000 -1.550967831777049E-017
          44           1  0.000000000000000E+000 -9.490321682222609E-018
          44           2  0.000000000000000E+000 -1.550967831779070E-017
          45           1  0.000000000000000E+000 -9.490321682220519E-018
          45           2  0.000000000000000E+000 -1.550967831778922E-017
          46           1  0.000000000000000E+000 -9.490321682211761E-018
          46           2  0.000000000000000E+000 -1.550967831777724E-017
          47           1  0.000000000000000E+000 -9.490321682220371E-018
          47           2  0.000000000000000E+000 -1.550967831778705E-017
          48           1  0.000000000000000E+000 -9.490321682223161E-018
          48           2  0.000000000000000E+000 -1.550967831779369E-017
          49           1  0.000000000000000E+000 -9.490321682213943E-018
          49           2  0.000000000000000E+000 -1.550967831777738E-017
          50           1  0.000000000000000E+000 -9.490321682209153E-018
          50           2  0.000000000000000E+000 -1.550967831776964E-017
          51           1  0.000000000000000E+000 -9.490321682227249E-018
          51           2  0.000000000000000E+000 -1.550967831779737E-017
          52           1  0.000000000000000E+000 -9.490321682209499E-018
          52           2  0.000000000000000E+000 -1.550967831777039E-017
          53           1  0.000000000000000E+000 -9.490321682227184E-018
          53           2  0.000000000000000E+000 -1.550967831779813E-017
          54           1  0.000000000000000E+000 -9.490321682220770E-018
          54           2  0.000000000000000E+000 -1.550967831778959E-017
          55           1  0.000000000000000E+000 -9.490321682220634E-018
          55           2  0.000000000000000E+000 -1.550967831779018E-017
          56           1  0.000000000000000E+000 -9.490321682214813E-018
          56           2  0.000000000000000E+000 -1.550967831778363E-017
          57           1  0.000000000000000E+000 -9.490321682214913E-018
          57           2  0.000000000000000E+000 -1.550967831778343E-017
          58           1  0.000000000000000E+000 -9.490321682221463E-018
          58           2  0.000000000000000E+000 -1.550967831779032E-017
          59           1  0.000000000000000E+000 -9.490321682227615E-018
          59           2  0.000000000000000E+000 -1.550967831779678E-017
          60           1  0.000000000000000E+000 -9.490321682205691E-018
          60           2  0.000000000000000E+000 -1.550967831776384E-017
          61           1  0.000000000000000E+000 -9.490321682229982E-018
          61           2  0.000000000000000E+000 -1.550967831780028E-017
          62           1  0.000000000000000E+000 -9.490321682230398E-018
          62           2  0.000000000000000E+000 -1.550967831780407E-017
          63           1  0.000000000000000E+000 -9.490321682227480E-018
          63           2  0.000000000000000E+000 -1.550967831779878E-017
          64           1  0.000000000000000E+000 -9.490321682219257E-018
          64           2  0.000000000000000E+000 -1.550967831778609E-017
          65           1  0.000000000000000E+000 -9.490321682217386E-018
          65           2  0.000000000000000E+000 -1.550967831778497E-017
          66           1  0.000000000000000E+000 -9.490321682217673E-018
          66           2  0.000000000000000E+000 -1.550967831778632E-017
          67           1  0.000000000000000E+000 -9.490321682220029E-018
          67           2  0.000000000000000E+000 -1.550967831778910E-017
          68           1  0.000000000000000E+000 -9.490321682224964E-018
          68           2  0.000000000000000E+000 -1.550967831779580E-017
          69           1  0.000000000000000E+000 -9.490321682226423E-018
          69           2  0.000000000000000E+000 -1.550967831779640E-017
          70           1  0.000000000000000E+000 -9.490321682224004E-018
          70           2  0.000000000000000E+000 -1.550967831779363E-017
          71           1  0.000000000000000E+000 -9.490321682213174E-018
          71           2  0.000000000000000E+000 -1.550967831777369E-017
          72           1  0.000000000000000E+000 -9.490321682225255E-018
          72           2  0.000000000000000E+000 -1.550967831779315E-017
          73           1  0.000000000000000E+000 -9.490321682218234E-018
          73           2  0.000000000000000E+000 -1.550967831778354E-017
          74           1  0.000000000000000E+000 -9.490321682218208E-018
          74           2  0.000000000000000E+000 -1.550967831778487E-017
          75           1  0.000000000000000E+000 -9.490321682221768E-018
          75           2  0.000000000000000E+000 -1.550967831779003E-017
          76           1  0.000000000000000E+000 -9.490321682223324E-018
          76           2  0.000000000000000E+000 -1.550967831779472E-017
          77           1  0.000000000000000E+000 -9.490321682218297E-018
          77           2  0.000000000000000E+000 -1.550967831778354E-017
          78           1  0.000000000000000E+000 -9.490321682220771E-018
          78           2  0.000000000000000E+000 -1.550967831778373E-017
          79           1  0.000000000000000E+000 -9.490321682225760E-018
          79           2  0.000000000000000E+000 -1.550967831779609E-017
          80           1  0.000000000000000E+000 -9.490321682219486E-018
          80           2  0.000000000000000E+000 -1.550967831778550E-017
          81           1  0.000000000000000E+000 -9.490321682214761E-018
          81           2  0.000000000000000E+000 -1.550967831778040E-017
          82           1  0.000000000000000E+000 -9.490321682220747E-018
          82           2  0.000000000000000E+000 -1.550967831778922E-017
          83           1  0.000000000000000E+000 -9.490321682210941E-018
          83           2  0.000000000000000E+000 -1.550967831777737E-017
          84           1  0.000000000000000E+000 -9.490321682218470E-018
          84           2  0.000000000000000E+000 -1.550967831779130E-017
          85           1  0.000000000000000E+000 -9.490321682218573E-018
          85           2  0.000000000000000E+000 -1.550967831779009E-017
          86           1  0.000000000000000E+000 -9.490321682222691E-018
          86           2  0.000000000000000E+000 -1.550967831779717E-017
          87           1  0.000000000000000E+000 -9.490321682217520E-018
          87           2  0.000000000000000E+000 -1.550967831778820E-017
          88           1  0.000000000000000E+000 -9.490321682217622E-018
          88           2  0.000000000000000E+000 -1.550967831778404E-017
          89           1  0.000000000000000E+000 -9.490321682221341E-018
          89           2  0.000000000000000E+000 -1.550967831779063E-017
          90           1  0.000000000000000E+000 -9.490321682221412E-018
          90           2  0.000000000000000E+000 -1.550967831778793E-017
          91           1  0.000000000000000E+000 -9.490321682213735E-018
          91           2  0.000000000000000E+000 -1.550967831777881E-017
          92           1  0.000000000000000E+000 -9.490321682213343E-018
          92           2  0.000000000000000E+000 -1.550967831777862E-017
          93           1  0.000000000000000E+000 -9.490321682221392E-018
          93           2  0.000000000000000E+000 -1.550967831779151E-017
          94           1  0.000000000000000E+000 -9.490321682225161E-018
          94           2  0.000000000000000E+000 -1.550967831779838E-017
          95           1  0.000000000000000E+000 -9.490321682216581E-018
          95           2  0.000000000000000E+000 -1.550967831779031E-017
          96           1  0.000000000000000E+000 -9.490321682216505E-018
          96           2  0.000000000000000E+000 -1.550967831778339E-017
          97           1  0.000000000000000E+000 -9.490321682218523E-018
          97           2  0.000000000000000E+000 -1.550967831778401E-017
          98           1  0.000000000000000E+000 -9.490321682216254E-018
          98           2  0.000000000000000E+000 -1.550967831778007E-017
          99           1  0.000000000000000E+000 -9.490321682225876E-018
          99           2  0.000000000000000E+000 -1.550967831779319E-017
         100           1  0.000000000000000E+000 -9.490321682227586E-018
         100           2  0.000000000000000E+000 -1.550967831779346E-017
