           1           1  0.000000000000000E+000 -1.458333333333107E-017
           1           2  0.000000000000000E+000 -1.041666666666530E-017
           2           1  0.000000000000000E+000 -1.458333333333909E-017
           2           2  0.000000000000000E+000 -1.041666666666929E-017
           3           1  0.000000000000000E+000 -1.458333333334228E-017
           3           2  0.000000000000000E+000 -1.041666666667095E-017
           4           1  0.000000000000000E+000 -1.458333333333530E-017
           4           2  0.000000000000000E+000 -1.041666666666694E-017
           5           1  0.000000000000000E+000 -1.458333333333292E-017
           5           2  0.000000000000000E+000 -1.041666666666601E-017
           6           1  0.000000000000000E+000 -1.458333333333938E-017
           6           2  0.000000000000000E+000 -1.041666666666958E-017
           7           1  0.000000000000000E+000 -1.458333333333884E-017
           7           2  0.000000000000000E+000 -1.041666666666885E-017
           8           1  0.000000000000000E+000 -1.458333333333777E-017
           8           2  0.000000000000000E+000 -1.041666666666802E-017
           9           1  0.000000000000000E+000 -1.458333333333731E-017
           9           2  0.000000000000000E+000 -1.041666666666782E-017
          10           1  0.000000000000000E+000 -1.458333333333486E-017
          10           2  0.000000000000000E+000 -1.041666666666747E-017
          11           1  0.000000000000000E+000 -1.458333333333559E-017
          11           2  0.000000000000000E+000 -1.041666666666782E-017
          12           1  0.000000000000000E+000 -1.458333333333911E-017
          12           2  0.000000000000000E+000 -1.041666666666957E-017
          13           1  0.000000000000000E+000 -1.458333333333984E-017
          13           2  0.000000000000000E+000 -1.041666666666989E-017
          14           1  0.000000000000000E+000 -1.458333333333315E-017
          14           2  0.000000000000000E+000 -1.041666666666656E-017
          15           1  0.000000000000000E+000 -1.458333333333129E-017
          15           2  0.000000000000000E+000 -1.041666666666543E-017
          16           1  0.000000000000000E+000 -1.458333333333807E-017
          16           2  0.000000000000000E+000 -1.041666666666890E-017
          17           1  0.000000000000000E+000 -1.458333333333978E-017
          17           2  0.000000000000000E+000 -1.041666666666934E-017
          18           1  0.000000000000000E+000 -1.458333333333832E-017
          18           2  0.000000000000000E+000 -1.041666666666891E-017
          19           1  0.000000000000000E+000 -1.458333333333655E-017
          19           2  0.000000000000000E+000 -1.041666666666870E-017
          20           1  0.000000000000000E+000 -1.458333333333459E-017
          20           2  0.000000000000000E+000 -1.041666666666760E-017
          21           1  0.000000000000000E+000 -1.458333333333413E-017
          21           2  0.000000000000000E+000 -1.041666666666597E-017
          22           1  0.000000000000000E+000 -1.458333333333688E-017
          22           2  0.000000000000000E+000 -1.041666666666813E-017
          23           1  0.000000000000000E+000 -1.458333333334102E-017
          23           2  0.000000000000000E+000 -1.041666666667047E-017
          24           1  0.000000000000000E+000 -1.458333333333553E-017
          24           2  0.000000000000000E+000 -1.041666666666731E-017
          25           1  0.000000000000000E+000 -1.458333333333336E-017
          25           2  0.000000000000000E+000 -1.041666666666616E-017
          26           1  0.000000000000000E+000 -1.458333333333730E-017
          26           2  0.000000000000000E+000 -1.041666666666856E-017
          27           1  0.000000000000000E+000 -1.458333333333909E-017
          27           2  0.000000000000000E+000 -1.041666666666967E-017
          28           1  0.000000000000000E+000 -1.458333333334015E-017
          28           2  0.000000000000000E+000 -1.041666666666924E-017
          29           1  0.000000000000000E+000 -1.458333333333976E-017
          29           2  0.000000000000000E+000 -1.041666666666904E-017
          30           1  0.000000000000000E+000 -1.458333333333541E-017
          30           2  0.000000000000000E+000 -1.041666666666782E-017
          31           1  0.000000000000000E+000 -1.458333333333107E-017
          31           2  0.000000000000000E+000 -1.041666666666548E-017
          32           1  0.000000000000000E+000 -1.458333333333176E-017
          32           2  0.000000000000000E+000 -1.041666666666509E-017
          33           1  0.000000000000000E+000 -1.458333333333094E-017
          33           2  0.000000000000000E+000 -1.041666666666328E-017
          34           1  0.000000000000000E+000 -1.458333333332911E-017
          34           2  0.000000000000000E+000 -1.041666666666337E-017
          35           1  0.000000000000000E+000 -1.458333333333440E-017
          35           2  0.000000000000000E+000 -1.041666666666663E-017
          36           1  0.000000000000000E+000 -1.458333333333604E-017
          36           2  0.000000000000000E+000 -1.041666666666742E-017
          37           1  0.000000000000000E+000 -1.458333333333479E-017
          37           2  0.000000000000000E+000 -1.041666666666724E-017
          38           1  0.000000000000000E+000 -1.458333333333523E-017
          38           2  0.000000000000000E+000 -1.041666666666716E-017
          39           1  0.000000000000000E+000 -1.458333333333657E-017
          39           2  0.000000000000000E+000 -1.041666666666644E-017
          40           1  0.000000000000000E+000 -1.458333333333772E-017
          40           2  0.000000000000000E+000 -1.041666666666856E-017
          41           1  0.000000000000000E+000 -1.458333333333385E-017
          41           2  0.000000000000000E+000 -1.041666666666656E-017
          42           1  0.000000000000000E+000 -1.458333333333535E-017
          42           2  0.000000000000000E+000 -1.041666666666675E-017
          43           1  0.000000000000000E+000 -1.458333333332643E-017
          43           2  0.000000000000000E+000 -1.041666666666090E-017
          44           1  0.000000000000000E+000 -1.458333333333579E-017
          44           2  0.000000000000000E+000 -1.041666666666806E-017
          45           1  0.000000000000000E+000 -1.458333333333279E-017
          45           2  0.000000000000000E+000 -1.041666666666568E-017
          46           1  0.000000000000000E+000 -1.458333333333878E-017
          46           2  0.000000000000000E+000 -1.041666666666882E-017
          47           1  0.000000000000000E+000 -1.458333333333236E-017
          47           2  0.000000000000000E+000 -1.041666666666590E-017
          48           1  0.000000000000000E+000 -1.458333333333512E-017
          48           2  0.000000000000000E+000 -1.041666666666726E-017
          49           1  0.000000000000000E+000 -1.458333333333583E-017
          49           2  0.000000000000000E+000 -1.041666666666660E-017
          50           1  0.000000000000000E+000 -1.458333333333570E-017
          50           2  0.000000000000000E+000 -1.041666666666798E-017
          51           1  0.000000000000000E+000 -1.458333333332738E-017
          51           2  0.000000000000000E+000 -1.041666666666168E-017
          52           1  0.000000000000000E+000 -1.458333333333118E-017
          52           2  0.000000000000000E+000 -1.041666666666569E-017
          53           1  0.000000000000000E+000 -1.458333333332033E-017
          53           2  0.000000000000000E+000 -1.041666666665937E-017
          54           1  0.000000000000000E+000 -1.458333333333096E-017
          54           2  0.000000000000000E+000 -1.041666666666449E-017
          55           1  0.000000000000000E+000 -1.458333333332861E-017
          55           2  0.000000000000000E+000 -1.041666666666268E-017
          56           1  0.000000000000000E+000 -1.458333333333405E-017
          56           2  0.000000000000000E+000 -1.041666666666631E-017
          57           1  0.000000000000000E+000 -1.458333333333580E-017
          57           2  0.000000000000000E+000 -1.041666666666777E-017
          58           1  0.000000000000000E+000 -1.458333333333606E-017
          58           2  0.000000000000000E+000 -1.041666666666823E-017
          59           1  0.000000000000000E+000 -1.458333333333004E-017
          59           2  0.000000000000000E+000 -1.041666666666337E-017
          60           1  0.000000000000000E+000 -1.458333333333221E-017
          60           2  0.000000000000000E+000 -1.041666666666526E-017
          61           1  0.000000000000000E+000 -1.458333333332759E-017
          61           2  0.000000000000000E+000 -1.041666666666067E-017
          62           1  0.000000000000000E+000 -1.458333333332293E-017
          62           2  0.000000000000000E+000 -1.041666666666057E-017
          63           1  0.000000000000000E+000 -1.458333333332064E-017
          63           2  0.000000000000000E+000 -1.041666666666077E-017
          64           1  0.000000000000000E+000 -1.458333333332566E-017
          64           2  0.000000000000000E+000 -1.041666666666206E-017
          65           1  0.000000000000000E+000 -1.458333333332822E-017
          65           2  0.000000000000000E+000 -1.041666666666270E-017
          66           1  0.000000000000000E+000 -1.458333333332574E-017
          66           2  0.000000000000000E+000 -1.041666666666116E-017
          67           1  0.000000000000000E+000 -1.458333333333412E-017
          67           2  0.000000000000000E+000 -1.041666666666624E-017
          68           1  0.000000000000000E+000 -1.458333333333635E-017
          68           2  0.000000000000000E+000 -1.041666666666813E-017
          69           1  0.000000000000000E+000 -1.458333333333191E-017
          69           2  0.000000000000000E+000 -1.041666666666486E-017
          70           1  0.000000000000000E+000 -1.458333333332995E-017
          70           2  0.000000000000000E+000 -1.041666666666345E-017
          71           1  0.000000000000000E+000 -1.458333333332799E-017
          71           2  0.000000000000000E+000 -1.041666666666291E-017
          72           1  0.000000000000000E+000 -1.458333333333219E-017
          72           2  0.000000000000000E+000 -1.041666666666571E-017
          73           1  0.000000000000000E+000 -1.458333333333195E-017
          73           2  0.000000000000000E+000 -1.041666666666806E-017
          74           1  0.000000000000000E+000 -1.458333333332309E-017
          74           2  0.000000000000000E+000 -1.041666666666242E-017
          75           1  0.000000000000000E+000 -1.458333333332067E-017
          75           2  0.000000000000000E+000 -1.041666666666067E-017
          76           1  0.000000000000000E+000 -1.458333333332098E-017
          76           2  0.000000000000000E+000 -1.041666666665872E-017
          77           1  0.000000000000000E+000 -1.458333333334430E-017
          77           2  0.000000000000000E+000 -1.041666666667204E-017
          78           1  0.000000000000000E+000 -1.458333333333505E-017
          78           2  0.000000000000000E+000 -1.041666666666492E-017
          79           1  0.000000000000000E+000 -1.458333333333683E-017
          79           2  0.000000000000000E+000 -1.041666666666790E-017
          80           1  0.000000000000000E+000 -1.458333333333709E-017
          80           2  0.000000000000000E+000 -1.041666666666806E-017
          81           1  0.000000000000000E+000 -1.458333333333227E-017
          81           2  0.000000000000000E+000 -1.041666666666592E-017
          82           1  0.000000000000000E+000 -1.458333333333390E-017
          82           2  0.000000000000000E+000 -1.041666666666620E-017
          83           1  0.000000000000000E+000 -1.458333333333408E-017
          83           2  0.000000000000000E+000 -1.041666666666526E-017
          84           1  0.000000000000000E+000 -1.458333333333236E-017
          84           2  0.000000000000000E+000 -1.041666666666413E-017
          85           1  0.000000000000000E+000 -1.458333333333300E-017
          85           2  0.000000000000000E+000 -1.041666666666611E-017
          86           1  0.000000000000000E+000 -1.458333333332678E-017
          86           2  0.000000000000000E+000 -1.041666666666111E-017
          87           1  0.000000000000000E+000 -1.458333333333341E-017
          87           2  0.000000000000000E+000 -1.041666666666501E-017
          88           1  0.000000000000000E+000 -1.458333333333488E-017
          88           2  0.000000000000000E+000 -1.041666666666720E-017
          89           1  0.000000000000000E+000 -1.458333333333695E-017
          89           2  0.000000000000000E+000 -1.041666666666848E-017
          90           1  0.000000000000000E+000 -1.458333333333654E-017
          90           2  0.000000000000000E+000 -1.041666666666889E-017
          91           1  0.000000000000000E+000 -1.458333333332601E-017
          91           2  0.000000000000000E+000 -1.041666666666119E-017
          92           1  0.000000000000000E+000 -1.458333333332777E-017
          92           2  0.000000000000000E+000 -1.041666666666150E-017
          93           1  0.000000000000000E+000 -1.458333333333123E-017
          93           2  0.000000000000000E+000 -1.041666666666373E-017
          94           1  0.000000000000000E+000 -1.458333333333324E-017
          94           2  0.000000000000000E+000 -1.041666666666561E-017
          95           1  0.000000000000000E+000 -1.458333333332793E-017
          95           2  0.000000000000000E+000 -1.041666666666181E-017
          96           1  0.000000000000000E+000 -1.458333333333154E-017
          96           2  0.000000000000000E+000 -1.041666666666357E-017
          97           1  0.000000000000000E+000 -1.458333333333128E-017
          97           2  0.000000000000000E+000 -1.041666666666533E-017
          98           1  0.000000000000000E+000 -1.458333333333918E-017
          98           2  0.000000000000000E+000 -1.041666666666862E-017
          99           1  0.000000000000000E+000 -1.458333333333713E-017
          99           2  0.000000000000000E+000 -1.041666666666763E-017
         100           1  0.000000000000000E+000 -1.458333333333306E-017
         100           2  0.000000000000000E+000 -1.041666666666695E-017
