           1           1  0.000000000000000E+000 -1.851438994729836E-017
           1           2  0.000000000000000E+000 -6.485610052693731E-018
           2           1  0.000000000000000E+000 -1.851438994729805E-017
           2           2  0.000000000000000E+000 -6.485610052693978E-018
           3           1  0.000000000000000E+000 -1.851438994729951E-017
           3           2  0.000000000000000E+000 -6.485610052694104E-018
           4           1  0.000000000000000E+000 -1.851438994729931E-017
           4           2  0.000000000000000E+000 -6.485610052693732E-018
           5           1  0.000000000000000E+000 -1.851438994729902E-017
           5           2  0.000000000000000E+000 -6.485610052693389E-018
           6           1  0.000000000000000E+000 -1.851438994730077E-017
           6           2  0.000000000000000E+000 -6.485610052693262E-018
           7           1  0.000000000000000E+000 -1.851438994730013E-017
           7           2  0.000000000000000E+000 -6.485610052693633E-018
           8           1  0.000000000000000E+000 -1.851438994730162E-017
           8           2  0.000000000000000E+000 -6.485610052693792E-018
           9           1  0.000000000000000E+000 -1.851438994730107E-017
           9           2  0.000000000000000E+000 -6.485610052693101E-018
          10           1  0.000000000000000E+000 -1.851438994730303E-017
          10           2  0.000000000000000E+000 -6.485610052694003E-018
          11           1  0.000000000000000E+000 -1.851438994730301E-017
          11           2  0.000000000000000E+000 -6.485610052694419E-018
          12           1  0.000000000000000E+000 -1.851438994730343E-017
          12           2  0.000000000000000E+000 -6.485610052694621E-018
          13           1  0.000000000000000E+000 -1.851438994730632E-017
          13           2  0.000000000000000E+000 -6.485610052695161E-018
          14           1  0.000000000000000E+000 -1.851438994730637E-017
          14           2  0.000000000000000E+000 -6.485610052697076E-018
          15           1  0.000000000000000E+000 -1.851438994730657E-017
          15           2  0.000000000000000E+000 -6.485610052696566E-018
          16           1  0.000000000000000E+000 -1.851438994730295E-017
          16           2  0.000000000000000E+000 -6.485610052694543E-018
          17           1  0.000000000000000E+000 -1.851438994730051E-017
          17           2  0.000000000000000E+000 -6.485610052694010E-018
          18           1  0.000000000000000E+000 -1.851438994729826E-017
          18           2  0.000000000000000E+000 -6.485610052693780E-018
          19           1  0.000000000000000E+000 -1.851438994729669E-017
          19           2  0.000000000000000E+000 -6.485610052692222E-018
          20           1  0.000000000000000E+000 -1.851438994729649E-017
          20           2  0.000000000000000E+000 -6.485610052692993E-018
          21           1  0.000000000000000E+000 -1.851438994729843E-017
          21           2  0.000000000000000E+000 -6.485610052693633E-018
          22           1  0.000000000000000E+000 -1.851438994729935E-017
          22           2  0.000000000000000E+000 -6.485610052694016E-018
          23           1  0.000000000000000E+000 -1.851438994730132E-017
          23           2  0.000000000000000E+000 -6.485610052694134E-018
          24           1  0.000000000000000E+000 -1.851438994730146E-017
          24           2  0.000000000000000E+000 -6.485610052693683E-018
          25           1  0.000000000000000E+000 -1.851438994730123E-017
          25           2  0.000000000000000E+000 -6.485610052693655E-018
          26           1  0.000000000000000E+000 -1.851438994730079E-017
          26           2  0.000000000000000E+000 -6.485610052693672E-018
          27           1  0.000000000000000E+000 -1.851438994730200E-017
          27           2  0.000000000000000E+000 -6.485610052693904E-018
          28           1  0.000000000000000E+000 -1.851438994730232E-017
          28           2  0.000000000000000E+000 -6.485610052694034E-018
          29           1  0.000000000000000E+000 -1.851438994730253E-017
          29           2  0.000000000000000E+000 -6.485610052693715E-018
          30           1  0.000000000000000E+000 -1.851438994730268E-017
          30           2  0.000000000000000E+000 -6.485610052693711E-018
          31           1  0.000000000000000E+000 -1.851438994730392E-017
          31           2  0.000000000000000E+000 -6.485610052694434E-018
          32           1  0.000000000000000E+000 -1.851438994730467E-017
          32           2  0.000000000000000E+000 -6.485610052694792E-018
          33           1  0.000000000000000E+000 -1.851438994730608E-017
          33           2  0.000000000000000E+000 -6.485610052695649E-018
          34           1  0.000000000000000E+000 -1.851438994730647E-017
          34           2  0.000000000000000E+000 -6.485610052696922E-018
          35           1  0.000000000000000E+000 -1.851438994730681E-017
          35           2  0.000000000000000E+000 -6.485610052696867E-018
          36           1  0.000000000000000E+000 -1.851438994730511E-017
          36           2  0.000000000000000E+000 -6.485610052696060E-018
          37           1  0.000000000000000E+000 -1.851438994730349E-017
          37           2  0.000000000000000E+000 -6.485610052695691E-018
          38           1  0.000000000000000E+000 -1.851438994730510E-017
          38           2  0.000000000000000E+000 -6.485610052697749E-018
          39           1  0.000000000000000E+000 -1.851438994730129E-017
          39           2  0.000000000000000E+000 -6.485610052696281E-018
          40           1  0.000000000000000E+000 -1.851438994730180E-017
          40           2  0.000000000000000E+000 -6.485610052695443E-018
          41           1  0.000000000000000E+000 -1.851438994729957E-017
          41           2  0.000000000000000E+000 -6.485610052694333E-018
          42           1  0.000000000000000E+000 -1.851438994730158E-017
          42           2  0.000000000000000E+000 -6.485610052694360E-018
          43           1  0.000000000000000E+000 -1.851438994730185E-017
          43           2  0.000000000000000E+000 -6.485610052694442E-018
          44           1  0.000000000000000E+000 -1.851438994730091E-017
          44           2  0.000000000000000E+000 -6.485610052693587E-018
          45           1  0.000000000000000E+000 -1.851438994730071E-017
          45           2  0.000000000000000E+000 -6.485610052693926E-018
          46           1  0.000000000000000E+000 -1.851438994730119E-017
          46           2  0.000000000000000E+000 -6.485610052693584E-018
          47           1  0.000000000000000E+000 -1.851438994729001E-017
          47           2  0.000000000000000E+000 -6.485610052686421E-018
          48           1  0.000000000000000E+000 -1.851438994730205E-017
          48           2  0.000000000000000E+000 -6.485610052693654E-018
          49           1  0.000000000000000E+000 -1.851438994728663E-017
          49           2  0.000000000000000E+000 -6.485610052684800E-018
          50           1  0.000000000000000E+000 -1.851438994730215E-017
          50           2  0.000000000000000E+000 -6.485610052693870E-018
          51           1  0.000000000000000E+000 -1.851438994730284E-017
          51           2  0.000000000000000E+000 -6.485610052693900E-018
          52           1  0.000000000000000E+000 -1.851438994730441E-017
          52           2  0.000000000000000E+000 -6.485610052695085E-018
          53           1  0.000000000000000E+000 -1.851438994730550E-017
          53           2  0.000000000000000E+000 -6.485610052695801E-018
          54           1  0.000000000000000E+000 -1.851438994730623E-017
          54           2  0.000000000000000E+000 -6.485610052696571E-018
          55           1  0.000000000000000E+000 -1.851438994730724E-017
          55           2  0.000000000000000E+000 -6.485610052696821E-018
          56           1  0.000000000000000E+000 -1.851438994730837E-017
          56           2  0.000000000000000E+000 -6.485610052697098E-018
          57           1  0.000000000000000E+000 -1.851438994730880E-017
          57           2  0.000000000000000E+000 -6.485610052697691E-018
          58           1  0.000000000000000E+000 -1.851438994730755E-017
          58           2  0.000000000000000E+000 -6.485610052696970E-018
          59           1  0.000000000000000E+000 -1.851438994730592E-017
          59           2  0.000000000000000E+000 -6.485610052697372E-018
          60           1  0.000000000000000E+000 -1.851438994730363E-017
          60           2  0.000000000000000E+000 -6.485610052696086E-018
          61           1  0.000000000000000E+000 -1.851438994728754E-017
          61           2  0.000000000000000E+000 -6.485610052684744E-018
          62           1  0.000000000000000E+000 -1.851438994729179E-017
          62           2  0.000000000000000E+000 -6.485610052688074E-018
          63           1  0.000000000000000E+000 -1.851438994730217E-017
          63           2  0.000000000000000E+000 -6.485610052694711E-018
          64           1  0.000000000000000E+000 -1.851438994728585E-017
          64           2  0.000000000000000E+000 -6.485610052687613E-018
          65           1  0.000000000000000E+000 -1.851438994728883E-017
          65           2  0.000000000000000E+000 -6.485610052684251E-018
          66           1  0.000000000000000E+000 -1.851438994729262E-017
          66           2  0.000000000000000E+000 -6.485610052685519E-018
          67           1  0.000000000000000E+000 -1.851438994730248E-017
          67           2  0.000000000000000E+000 -6.485610052694219E-018
          68           1  0.000000000000000E+000 -1.851438994729152E-017
          68           2  0.000000000000000E+000 -6.485610052688404E-018
          69           1  0.000000000000000E+000 -1.851438994730165E-017
          69           2  0.000000000000000E+000 -6.485610052693530E-018
          70           1  0.000000000000000E+000 -1.851438994730174E-017
          70           2  0.000000000000000E+000 -6.485610052693361E-018
          71           1  0.000000000000000E+000 -1.851438994730166E-017
          71           2  0.000000000000000E+000 -6.485610052694075E-018
          72           1  0.000000000000000E+000 -1.851438994730279E-017
          72           2  0.000000000000000E+000 -6.485610052694762E-018
          73           1  0.000000000000000E+000 -1.851438994730491E-017
          73           2  0.000000000000000E+000 -6.485610052695587E-018
          74           1  0.000000000000000E+000 -1.851438994730555E-017
          74           2  0.000000000000000E+000 -6.485610052696419E-018
          75           1  0.000000000000000E+000 -1.851438994730706E-017
          75           2  0.000000000000000E+000 -6.485610052696921E-018
          76           1  0.000000000000000E+000 -1.851438994730834E-017
          76           2  0.000000000000000E+000 -6.485610052696972E-018
          77           1  0.000000000000000E+000 -1.851438994730779E-017
          77           2  0.000000000000000E+000 -6.485610052697155E-018
          78           1  0.000000000000000E+000 -1.851438994730969E-017
          78           2  0.000000000000000E+000 -6.485610052697475E-018
          79           1  0.000000000000000E+000 -1.851438994730688E-017
          79           2  0.000000000000000E+000 -6.485610052697231E-018
          80           1  0.000000000000000E+000 -1.851438994730555E-017
          80           2  0.000000000000000E+000 -6.485610052697365E-018
          81           1  0.000000000000000E+000 -1.851438994730056E-017
          81           2  0.000000000000000E+000 -6.485610052694523E-018
          82           1  0.000000000000000E+000 -1.851438994730271E-017
          82           2  0.000000000000000E+000 -6.485610052694688E-018
          83           1  0.000000000000000E+000 -1.851438994728875E-017
          83           2  0.000000000000000E+000 -6.485610052687337E-018
          84           1  0.000000000000000E+000 -1.851438994730257E-017
          84           2  0.000000000000000E+000 -6.485610052694756E-018
          85           1  0.000000000000000E+000 -1.851438994730281E-017
          85           2  0.000000000000000E+000 -6.485610052694159E-018
          86           1  0.000000000000000E+000 -1.851438994729847E-017
          86           2  0.000000000000000E+000 -6.485610052689257E-018
          87           1  0.000000000000000E+000 -1.851438994729822E-017
          87           2  0.000000000000000E+000 -6.485610052690834E-018
          88           1  0.000000000000000E+000 -1.851438994730189E-017
          88           2  0.000000000000000E+000 -6.485610052693978E-018
          89           1  0.000000000000000E+000 -1.851438994730172E-017
          89           2  0.000000000000000E+000 -6.485610052694241E-018
          90           1  0.000000000000000E+000 -1.851438994730231E-017
          90           2  0.000000000000000E+000 -6.485610052693866E-018
          91           1  0.000000000000000E+000 -1.851438994730277E-017
          91           2  0.000000000000000E+000 -6.485610052694194E-018
          92           1  0.000000000000000E+000 -1.851438994730313E-017
          92           2  0.000000000000000E+000 -6.485610052694439E-018
          93           1  0.000000000000000E+000 -1.851438994730523E-017
          93           2  0.000000000000000E+000 -6.485610052695245E-018
          94           1  0.000000000000000E+000 -1.851438994730558E-017
          94           2  0.000000000000000E+000 -6.485610052696367E-018
          95           1  0.000000000000000E+000 -1.851438994730654E-017
          95           2  0.000000000000000E+000 -6.485610052696919E-018
          96           1  0.000000000000000E+000 -1.851438994730752E-017
          96           2  0.000000000000000E+000 -6.485610052696648E-018
          97           1  0.000000000000000E+000 -1.851438994730805E-017
          97           2  0.000000000000000E+000 -6.485610052696894E-018
          98           1  0.000000000000000E+000 -1.851438994730841E-017
          98           2  0.000000000000000E+000 -6.485610052696690E-018
          99           1  0.000000000000000E+000 -1.851438994730787E-017
          99           2  0.000000000000000E+000 -6.485610052696956E-018
         100           1  0.000000000000000E+000 -1.851438994730760E-017
         100           2  0.000000000000000E+000 -6.485610052697043E-018
         101           1  0.000000000000000E+000 -1.851438994730194E-017
         101           2  0.000000000000000E+000 -6.485610052694373E-018
         102           1  0.000000000000000E+000 -1.851438994729188E-017
         102           2  0.000000000000000E+000 -6.485610052688699E-018
         103           1  0.000000000000000E+000 -1.851438994729139E-017
         103           2  0.000000000000000E+000 -6.485610052690766E-018
         104           1  0.000000000000000E+000 -1.851438994730198E-017
         104           2  0.000000000000000E+000 -6.485610052694691E-018
         105           1  0.000000000000000E+000 -1.851438994730643E-017
         105           2  0.000000000000000E+000 -6.485610052696296E-018
         106           1  0.000000000000000E+000 -1.851438994730417E-017
         106           2  0.000000000000000E+000 -6.485610052694876E-018
         107           1  0.000000000000000E+000 -1.851438994730106E-017
         107           2  0.000000000000000E+000 -6.485610052692411E-018
         108           1  0.000000000000000E+000 -1.851438994730243E-017
         108           2  0.000000000000000E+000 -6.485610052694346E-018
         109           1  0.000000000000000E+000 -1.851438994730325E-017
         109           2  0.000000000000000E+000 -6.485610052694472E-018
         110           1  0.000000000000000E+000 -1.851438994730205E-017
         110           2  0.000000000000000E+000 -6.485610052694312E-018
         111           1  0.000000000000000E+000 -1.851438994730285E-017
         111           2  0.000000000000000E+000 -6.485610052694262E-018
         112           1  0.000000000000000E+000 -1.851438994730355E-017
         112           2  0.000000000000000E+000 -6.485610052694498E-018
         113           1  0.000000000000000E+000 -1.851438994730571E-017
         113           2  0.000000000000000E+000 -6.485610052695577E-018
         114           1  0.000000000000000E+000 -1.851438994730568E-017
         114           2  0.000000000000000E+000 -6.485610052696130E-018
         115           1  0.000000000000000E+000 -1.851438994730668E-017
         115           2  0.000000000000000E+000 -6.485610052696307E-018
         116           1  0.000000000000000E+000 -1.851438994730596E-017
         116           2  0.000000000000000E+000 -6.485610052696438E-018
         117           1  0.000000000000000E+000 -1.851438994730747E-017
         117           2  0.000000000000000E+000 -6.485610052696485E-018
         118           1  0.000000000000000E+000 -1.851438994730687E-017
         118           2  0.000000000000000E+000 -6.485610052696543E-018
         119           1  0.000000000000000E+000 -1.851438994730757E-017
         119           2  0.000000000000000E+000 -6.485610052696870E-018
         120           1  0.000000000000000E+000 -1.851438994730737E-017
         120           2  0.000000000000000E+000 -6.485610052696442E-018
         121           1  0.000000000000000E+000 -1.851438994730222E-017
         121           2  0.000000000000000E+000 -6.485610052694824E-018
         122           1  0.000000000000000E+000 -1.851438994730273E-017
         122           2  0.000000000000000E+000 -6.485610052694933E-018
         123           1  0.000000000000000E+000 -1.851438994730304E-017
         123           2  0.000000000000000E+000 -6.485610052694953E-018
         124           1  0.000000000000000E+000 -1.851438994729341E-017
         124           2  0.000000000000000E+000 -6.485610052688392E-018
         125           1  0.000000000000000E+000 -1.851438994729531E-017
         125           2  0.000000000000000E+000 -6.485610052689019E-018
         126           1  0.000000000000000E+000 -1.851438994730544E-017
         126           2  0.000000000000000E+000 -6.485610052695595E-018
         127           1  0.000000000000000E+000 -1.851438994730142E-017
         127           2  0.000000000000000E+000 -6.485610052691529E-018
         128           1  0.000000000000000E+000 -1.851438994729784E-017
         128           2  0.000000000000000E+000 -6.485610052691749E-018
         129           1  0.000000000000000E+000 -1.851438994729663E-017
         129           2  0.000000000000000E+000 -6.485610052690299E-018
         130           1  0.000000000000000E+000 -1.851438994729395E-017
         130           2  0.000000000000000E+000 -6.485610052688779E-018
         131           1  0.000000000000000E+000 -1.851438994729295E-017
         131           2  0.000000000000000E+000 -6.485610052686958E-018
         132           1  0.000000000000000E+000 -1.851438994730396E-017
         132           2  0.000000000000000E+000 -6.485610052694983E-018
         133           1  0.000000000000000E+000 -1.851438994730421E-017
         133           2  0.000000000000000E+000 -6.485610052693179E-018
         134           1  0.000000000000000E+000 -1.851438994730566E-017
         134           2  0.000000000000000E+000 -6.485610052696273E-018
         135           1  0.000000000000000E+000 -1.851438994730626E-017
         135           2  0.000000000000000E+000 -6.485610052696316E-018
         136           1  0.000000000000000E+000 -1.851438994730580E-017
         136           2  0.000000000000000E+000 -6.485610052696309E-018
         137           1  0.000000000000000E+000 -1.851438994730535E-017
         137           2  0.000000000000000E+000 -6.485610052696518E-018
         138           1  0.000000000000000E+000 -1.851438994730556E-017
         138           2  0.000000000000000E+000 -6.485610052696588E-018
         139           1  0.000000000000000E+000 -1.851438994730726E-017
         139           2  0.000000000000000E+000 -6.485610052695951E-018
         140           1  0.000000000000000E+000 -1.851438994730645E-017
         140           2  0.000000000000000E+000 -6.485610052696543E-018
         141           1  0.000000000000000E+000 -1.851438994729359E-017
         141           2  0.000000000000000E+000 -6.485610052688146E-018
         142           1  0.000000000000000E+000 -1.851438994729558E-017
         142           2  0.000000000000000E+000 -6.485610052691145E-018
         143           1  0.000000000000000E+000 -1.851438994729261E-017
         143           2  0.000000000000000E+000 -6.485610052690884E-018
         144           1  0.000000000000000E+000 -1.851438994729158E-017
         144           2  0.000000000000000E+000 -6.485610052689837E-018
         145           1  0.000000000000000E+000 -1.851438994729190E-017
         145           2  0.000000000000000E+000 -6.485610052687123E-018
         146           1  0.000000000000000E+000 -1.851438994729166E-017
         146           2  0.000000000000000E+000 -6.485610052689873E-018
         147           1  0.000000000000000E+000 -1.851438994729627E-017
         147           2  0.000000000000000E+000 -6.485610052689470E-018
         148           1  0.000000000000000E+000 -1.851438994729124E-017
         148           2  0.000000000000000E+000 -6.485610052689632E-018
         149           1  0.000000000000000E+000 -1.851438994730192E-017
         149           2  0.000000000000000E+000 -6.485610052694258E-018
         150           1  0.000000000000000E+000 -1.851438994730212E-017
         150           2  0.000000000000000E+000 -6.485610052694323E-018
         151           1  0.000000000000000E+000 -1.851438994728297E-017
         151           2  0.000000000000000E+000 -6.485610052683272E-018
         152           1  0.000000000000000E+000 -1.851438994728787E-017
         152           2  0.000000000000000E+000 -6.485610052684188E-018
         153           1  0.000000000000000E+000 -1.851438994730382E-017
         153           2  0.000000000000000E+000 -6.485610052695170E-018
         154           1  0.000000000000000E+000 -1.851438994730530E-017
         154           2  0.000000000000000E+000 -6.485610052695510E-018
         155           1  0.000000000000000E+000 -1.851438994730567E-017
         155           2  0.000000000000000E+000 -6.485610052696026E-018
         156           1  0.000000000000000E+000 -1.851438994730533E-017
         156           2  0.000000000000000E+000 -6.485610052695630E-018
         157           1  0.000000000000000E+000 -1.851438994730559E-017
         157           2  0.000000000000000E+000 -6.485610052695483E-018
         158           1  0.000000000000000E+000 -1.851438994730521E-017
         158           2  0.000000000000000E+000 -6.485610052696301E-018
         159           1  0.000000000000000E+000 -1.851438994730576E-017
         159           2  0.000000000000000E+000 -6.485610052695793E-018
         160           1  0.000000000000000E+000 -1.851438994730612E-017
         160           2  0.000000000000000E+000 -6.485610052695575E-018
         161           1  0.000000000000000E+000 -1.851438994728370E-017
         161           2  0.000000000000000E+000 -6.485610052686185E-018
         162           1  0.000000000000000E+000 -1.851438994728628E-017
         162           2  0.000000000000000E+000 -6.485610052686806E-018
         163           1  0.000000000000000E+000 -1.851438994730255E-017
         163           2  0.000000000000000E+000 -6.485610052694316E-018
         164           1  0.000000000000000E+000 -1.851438994728801E-017
         164           2  0.000000000000000E+000 -6.485610052687495E-018
         165           1  0.000000000000000E+000 -1.851438994728439E-017
         165           2  0.000000000000000E+000 -6.485610052685277E-018
         166           1  0.000000000000000E+000 -1.851438994730095E-017
         166           2  0.000000000000000E+000 -6.485610052693883E-018
         167           1  0.000000000000000E+000 -1.851438994728745E-017
         167           2  0.000000000000000E+000 -6.485610052685668E-018
         168           1  0.000000000000000E+000 -1.851438994730158E-017
         168           2  0.000000000000000E+000 -6.485610052694279E-018
         169           1  0.000000000000000E+000 -1.851438994730150E-017
         169           2  0.000000000000000E+000 -6.485610052694144E-018
         170           1  0.000000000000000E+000 -1.851438994728213E-017
         170           2  0.000000000000000E+000 -6.485610052683110E-018
         171           1  0.000000000000000E+000 -1.851438994730150E-017
         171           2  0.000000000000000E+000 -6.485610052693947E-018
         172           1  0.000000000000000E+000 -1.851438994728263E-017
         172           2  0.000000000000000E+000 -6.485610052681398E-018
         173           1  0.000000000000000E+000 -1.851438994730277E-017
         173           2  0.000000000000000E+000 -6.485610052694451E-018
         174           1  0.000000000000000E+000 -1.851438994730429E-017
         174           2  0.000000000000000E+000 -6.485610052694713E-018
         175           1  0.000000000000000E+000 -1.851438994730469E-017
         175           2  0.000000000000000E+000 -6.485610052695521E-018
         176           1  0.000000000000000E+000 -1.851438994730470E-017
         176           2  0.000000000000000E+000 -6.485610052695429E-018
         177           1  0.000000000000000E+000 -1.851438994730323E-017
         177           2  0.000000000000000E+000 -6.485610052694718E-018
         178           1  0.000000000000000E+000 -1.851438994730443E-017
         178           2  0.000000000000000E+000 -6.485610052695607E-018
         179           1  0.000000000000000E+000 -1.851438994730565E-017
         179           2  0.000000000000000E+000 -6.485610052695838E-018
         180           1  0.000000000000000E+000 -1.851438994730497E-017
         180           2  0.000000000000000E+000 -6.485610052695070E-018
         181           1  0.000000000000000E+000 -1.851438994728040E-017
         181           2  0.000000000000000E+000 -6.485610052683932E-018
         182           1  0.000000000000000E+000 -1.851438994728572E-017
         182           2  0.000000000000000E+000 -6.485610052685435E-018
         183           1  0.000000000000000E+000 -1.851438994728328E-017
         183           2  0.000000000000000E+000 -6.485610052681976E-018
         184           1  0.000000000000000E+000 -1.851438994728117E-017
         184           2  0.000000000000000E+000 -6.485610052681961E-018
         185           1  0.000000000000000E+000 -1.851438994728225E-017
         185           2  0.000000000000000E+000 -6.485610052683113E-018
         186           1  0.000000000000000E+000 -1.851438994728045E-017
         186           2  0.000000000000000E+000 -6.485610052681869E-018
         187           1  0.000000000000000E+000 -1.851438994727996E-017
         187           2  0.000000000000000E+000 -6.485610052681286E-018
         188           1  0.000000000000000E+000 -1.851438994730202E-017
         188           2  0.000000000000000E+000 -6.485610052694248E-018
         189           1  0.000000000000000E+000 -1.851438994728466E-017
         189           2  0.000000000000000E+000 -6.485610052684486E-018
         190           1  0.000000000000000E+000 -1.851438994728733E-017
         190           2  0.000000000000000E+000 -6.485610052683225E-018
         191           1  0.000000000000000E+000 -1.851438994730134E-017
         191           2  0.000000000000000E+000 -6.485610052694316E-018
         192           1  0.000000000000000E+000 -1.851438994730223E-017
         192           2  0.000000000000000E+000 -6.485610052693770E-018
         193           1  0.000000000000000E+000 -1.851438994728977E-017
         193           2  0.000000000000000E+000 -6.485610052682985E-018
         194           1  0.000000000000000E+000 -1.851438994730141E-017
         194           2  0.000000000000000E+000 -6.485610052694345E-018
         195           1  0.000000000000000E+000 -1.851438994730318E-017
         195           2  0.000000000000000E+000 -6.485610052694126E-018
         196           1  0.000000000000000E+000 -1.851438994730226E-017
         196           2  0.000000000000000E+000 -6.485610052693818E-018
         197           1  0.000000000000000E+000 -1.851438994730074E-017
         197           2  0.000000000000000E+000 -6.485610052694097E-018
         198           1  0.000000000000000E+000 -1.851438994730284E-017
         198           2  0.000000000000000E+000 -6.485610052694568E-018
         199           1  0.000000000000000E+000 -1.851438994730331E-017
         199           2  0.000000000000000E+000 -6.485610052694837E-018
         200           1  0.000000000000000E+000 -1.851438994730401E-017
         200           2  0.000000000000000E+000 -6.485610052695032E-018
         201           1  0.000000000000000E+000 -1.851438994728491E-017
         201           2  0.000000000000000E+000 -6.485610052684995E-018
         202           1  0.000000000000000E+000 -1.851438994728163E-017
         202           2  0.000000000000000E+000 -6.485610052685110E-018
         203           1  0.000000000000000E+000 -1.851438994728058E-017
         203           2  0.000000000000000E+000 -6.485610052680302E-018
         204           1  0.000000000000000E+000 -1.851438994728065E-017
         204           2  0.000000000000000E+000 -6.485610052680929E-018
         205           1  0.000000000000000E+000 -1.851438994727987E-017
         205           2  0.000000000000000E+000 -6.485610052681137E-018
         206           1  0.000000000000000E+000 -1.851438994727922E-017
         206           2  0.000000000000000E+000 -6.485610052683758E-018
         207           1  0.000000000000000E+000 -1.851438994730142E-017
         207           2  0.000000000000000E+000 -6.485610052693816E-018
         208           1  0.000000000000000E+000 -1.851438994730154E-017
         208           2  0.000000000000000E+000 -6.485610052694374E-018
         209           1  0.000000000000000E+000 -1.851438994730291E-017
         209           2  0.000000000000000E+000 -6.485610052694923E-018
         210           1  0.000000000000000E+000 -1.851438994730357E-017
         210           2  0.000000000000000E+000 -6.485610052694969E-018
         211           1  0.000000000000000E+000 -1.851438994730242E-017
         211           2  0.000000000000000E+000 -6.485610052694785E-018
         212           1  0.000000000000000E+000 -1.851438994730285E-017
         212           2  0.000000000000000E+000 -6.485610052694701E-018
         213           1  0.000000000000000E+000 -1.851438994730156E-017
         213           2  0.000000000000000E+000 -6.485610052694205E-018
         214           1  0.000000000000000E+000 -1.851438994730228E-017
         214           2  0.000000000000000E+000 -6.485610052694029E-018
         215           1  0.000000000000000E+000 -1.851438994730187E-017
         215           2  0.000000000000000E+000 -6.485610052693994E-018
         216           1  0.000000000000000E+000 -1.851438994730116E-017
         216           2  0.000000000000000E+000 -6.485610052693695E-018
         217           1  0.000000000000000E+000 -1.851438994729986E-017
         217           2  0.000000000000000E+000 -6.485610052693019E-018
         218           1  0.000000000000000E+000 -1.851438994730093E-017
         218           2  0.000000000000000E+000 -6.485610052693247E-018
         219           1  0.000000000000000E+000 -1.851438994730149E-017
         219           2  0.000000000000000E+000 -6.485610052693253E-018
         220           1  0.000000000000000E+000 -1.851438994730181E-017
         220           2  0.000000000000000E+000 -6.485610052692984E-018
         221           1  0.000000000000000E+000 -1.851438994730152E-017
         221           2  0.000000000000000E+000 -6.485610052693997E-018
         222           1  0.000000000000000E+000 -1.851438994728656E-017
         222           2  0.000000000000000E+000 -6.485610052684231E-018
         223           1  0.000000000000000E+000 -1.851438994728184E-017
         223           2  0.000000000000000E+000 -6.485610052682076E-018
         224           1  0.000000000000000E+000 -1.851438994728359E-017
         224           2  0.000000000000000E+000 -6.485610052681715E-018
         225           1  0.000000000000000E+000 -1.851438994728221E-017
         225           2  0.000000000000000E+000 -6.485610052683620E-018
         226           1  0.000000000000000E+000 -1.851438994730197E-017
         226           2  0.000000000000000E+000 -6.485610052694133E-018
         227           1  0.000000000000000E+000 -1.851438994730284E-017
         227           2  0.000000000000000E+000 -6.485610052694835E-018
         228           1  0.000000000000000E+000 -1.851438994730412E-017
         228           2  0.000000000000000E+000 -6.485610052695033E-018
         229           1  0.000000000000000E+000 -1.851438994730482E-017
         229           2  0.000000000000000E+000 -6.485610052695661E-018
         230           1  0.000000000000000E+000 -1.851438994730451E-017
         230           2  0.000000000000000E+000 -6.485610052695346E-018
         231           1  0.000000000000000E+000 -1.851438994730369E-017
         231           2  0.000000000000000E+000 -6.485610052695122E-018
         232           1  0.000000000000000E+000 -1.851438994730246E-017
         232           2  0.000000000000000E+000 -6.485610052694530E-018
         233           1  0.000000000000000E+000 -1.851438994730155E-017
         233           2  0.000000000000000E+000 -6.485610052694420E-018
         234           1  0.000000000000000E+000 -1.851438994730226E-017
         234           2  0.000000000000000E+000 -6.485610052694057E-018
         235           1  0.000000000000000E+000 -1.851438994730262E-017
         235           2  0.000000000000000E+000 -6.485610052694147E-018
         236           1  0.000000000000000E+000 -1.851438994730160E-017
         236           2  0.000000000000000E+000 -6.485610052693720E-018
         237           1  0.000000000000000E+000 -1.851438994729980E-017
         237           2  0.000000000000000E+000 -6.485610052692738E-018
         238           1  0.000000000000000E+000 -1.851438994730143E-017
         238           2  0.000000000000000E+000 -6.485610052692027E-018
         239           1  0.000000000000000E+000 -1.851438994730021E-017
         239           2  0.000000000000000E+000 -6.485610052692531E-018
         240           1  0.000000000000000E+000 -1.851438994729960E-017
         240           2  0.000000000000000E+000 -6.485610052692578E-018
         241           1  0.000000000000000E+000 -1.851438994730180E-017
         241           2  0.000000000000000E+000 -6.485610052694326E-018
         242           1  0.000000000000000E+000 -1.851438994728960E-017
         242           2  0.000000000000000E+000 -6.485610052689144E-018
         243           1  0.000000000000000E+000 -1.851438994728608E-017
         243           2  0.000000000000000E+000 -6.485610052685227E-018
         244           1  0.000000000000000E+000 -1.851438994730131E-017
         244           2  0.000000000000000E+000 -6.485610052693789E-018
         245           1  0.000000000000000E+000 -1.851438994729016E-017
         245           2  0.000000000000000E+000 -6.485610052684120E-018
         246           1  0.000000000000000E+000 -1.851438994730234E-017
         246           2  0.000000000000000E+000 -6.485610052694923E-018
         247           1  0.000000000000000E+000 -1.851438994730406E-017
         247           2  0.000000000000000E+000 -6.485610052695041E-018
         248           1  0.000000000000000E+000 -1.851438994730474E-017
         248           2  0.000000000000000E+000 -6.485610052695507E-018
         249           1  0.000000000000000E+000 -1.851438994730535E-017
         249           2  0.000000000000000E+000 -6.485610052695485E-018
         250           1  0.000000000000000E+000 -1.851438994730407E-017
         250           2  0.000000000000000E+000 -6.485610052695568E-018
         251           1  0.000000000000000E+000 -1.851438994730454E-017
         251           2  0.000000000000000E+000 -6.485610052695323E-018
         252           1  0.000000000000000E+000 -1.851438994730252E-017
         252           2  0.000000000000000E+000 -6.485610052694940E-018
         253           1  0.000000000000000E+000 -1.851438994730257E-017
         253           2  0.000000000000000E+000 -6.485610052694409E-018
         254           1  0.000000000000000E+000 -1.851438994730277E-017
         254           2  0.000000000000000E+000 -6.485610052694103E-018
         255           1  0.000000000000000E+000 -1.851438994730275E-017
         255           2  0.000000000000000E+000 -6.485610052694205E-018
         256           1  0.000000000000000E+000 -1.851438994730323E-017
         256           2  0.000000000000000E+000 -6.485610052694042E-018
         257           1  0.000000000000000E+000 -1.851438994730171E-017
         257           2  0.000000000000000E+000 -6.485610052694158E-018
         258           1  0.000000000000000E+000 -1.851438994730174E-017
         258           2  0.000000000000000E+000 -6.485610052693791E-018
         259           1  0.000000000000000E+000 -1.851438994730013E-017
         259           2  0.000000000000000E+000 -6.485610052693223E-018
         260           1  0.000000000000000E+000 -1.851438994729871E-017
         260           2  0.000000000000000E+000 -6.485610052692601E-018
         261           1  0.000000000000000E+000 -1.851438994730216E-017
         261           2  0.000000000000000E+000 -6.485610052694427E-018
         262           1  0.000000000000000E+000 -1.851438994730230E-017
         262           2  0.000000000000000E+000 -6.485610052694452E-018
         263           1  0.000000000000000E+000 -1.851438994730232E-017
         263           2  0.000000000000000E+000 -6.485610052694644E-018
         264           1  0.000000000000000E+000 -1.851438994730237E-017
         264           2  0.000000000000000E+000 -6.485610052694552E-018
         265           1  0.000000000000000E+000 -1.851438994730295E-017
         265           2  0.000000000000000E+000 -6.485610052694724E-018
         266           1  0.000000000000000E+000 -1.851438994730337E-017
         266           2  0.000000000000000E+000 -6.485610052695273E-018
         267           1  0.000000000000000E+000 -1.851438994730456E-017
         267           2  0.000000000000000E+000 -6.485610052695091E-018
         268           1  0.000000000000000E+000 -1.851438994730483E-017
         268           2  0.000000000000000E+000 -6.485610052695256E-018
         269           1  0.000000000000000E+000 -1.851438994730380E-017
         269           2  0.000000000000000E+000 -6.485610052695230E-018
         270           1  0.000000000000000E+000 -1.851438994730445E-017
         270           2  0.000000000000000E+000 -6.485610052695885E-018
         271           1  0.000000000000000E+000 -1.851438994730375E-017
         271           2  0.000000000000000E+000 -6.485610052695246E-018
         272           1  0.000000000000000E+000 -1.851438994730380E-017
         272           2  0.000000000000000E+000 -6.485610052695328E-018
         273           1  0.000000000000000E+000 -1.851438994730280E-017
         273           2  0.000000000000000E+000 -6.485610052695355E-018
         274           1  0.000000000000000E+000 -1.851438994730408E-017
         274           2  0.000000000000000E+000 -6.485610052695166E-018
         275           1  0.000000000000000E+000 -1.851438994730280E-017
         275           2  0.000000000000000E+000 -6.485610052695171E-018
         276           1  0.000000000000000E+000 -1.851438994730353E-017
         276           2  0.000000000000000E+000 -6.485610052695178E-018
         277           1  0.000000000000000E+000 -1.851438994730302E-017
         277           2  0.000000000000000E+000 -6.485610052695057E-018
         278           1  0.000000000000000E+000 -1.851438994730284E-017
         278           2  0.000000000000000E+000 -6.485610052694365E-018
         279           1  0.000000000000000E+000 -1.851438994730165E-017
         279           2  0.000000000000000E+000 -6.485610052693675E-018
         280           1  0.000000000000000E+000 -1.851438994730090E-017
         280           2  0.000000000000000E+000 -6.485610052693380E-018
         281           1  0.000000000000000E+000 -1.851438994730247E-017
         281           2  0.000000000000000E+000 -6.485610052694352E-018
         282           1  0.000000000000000E+000 -1.851438994730250E-017
         282           2  0.000000000000000E+000 -6.485610052694689E-018
         283           1  0.000000000000000E+000 -1.851438994729484E-017
         283           2  0.000000000000000E+000 -6.485610052689585E-018
         284           1  0.000000000000000E+000 -1.851438994730306E-017
         284           2  0.000000000000000E+000 -6.485610052694864E-018
         285           1  0.000000000000000E+000 -1.851438994730361E-017
         285           2  0.000000000000000E+000 -6.485610052694861E-018
         286           1  0.000000000000000E+000 -1.851438994730344E-017
         286           2  0.000000000000000E+000 -6.485610052695273E-018
         287           1  0.000000000000000E+000 -1.851438994730379E-017
         287           2  0.000000000000000E+000 -6.485610052695379E-018
         288           1  0.000000000000000E+000 -1.851438994730367E-017
         288           2  0.000000000000000E+000 -6.485610052695263E-018
         289           1  0.000000000000000E+000 -1.851438994730464E-017
         289           2  0.000000000000000E+000 -6.485610052695214E-018
         290           1  0.000000000000000E+000 -1.851438994730364E-017
         290           2  0.000000000000000E+000 -6.485610052695315E-018
         291           1  0.000000000000000E+000 -1.851438994730346E-017
         291           2  0.000000000000000E+000 -6.485610052695174E-018
         292           1  0.000000000000000E+000 -1.851438994730404E-017
         292           2  0.000000000000000E+000 -6.485610052695702E-018
         293           1  0.000000000000000E+000 -1.851438994730547E-017
         293           2  0.000000000000000E+000 -6.485610052696288E-018
         294           1  0.000000000000000E+000 -1.851438994730600E-017
         294           2  0.000000000000000E+000 -6.485610052695063E-018
         295           1  0.000000000000000E+000 -1.851438994730523E-017
         295           2  0.000000000000000E+000 -6.485610052696159E-018
         296           1  0.000000000000000E+000 -1.851438994730371E-017
         296           2  0.000000000000000E+000 -6.485610052695754E-018
         297           1  0.000000000000000E+000 -1.851438994730350E-017
         297           2  0.000000000000000E+000 -6.485610052695144E-018
         298           1  0.000000000000000E+000 -1.851438994730355E-017
         298           2  0.000000000000000E+000 -6.485610052694619E-018
         299           1  0.000000000000000E+000 -1.851438994730227E-017
         299           2  0.000000000000000E+000 -6.485610052694629E-018
         300           1  0.000000000000000E+000 -1.851438994730194E-017
         300           2  0.000000000000000E+000 -6.485610052693852E-018
         301           1  0.000000000000000E+000 -1.851438994730290E-017
         301           2  0.000000000000000E+000 -6.485610052694203E-018
         302           1  0.000000000000000E+000 -1.851438994730280E-017
         302           2  0.000000000000000E+000 -6.485610052694658E-018
         303           1  0.000000000000000E+000 -1.851438994730314E-017
         303           2  0.000000000000000E+000 -6.485610052694343E-018
         304           1  0.000000000000000E+000 -1.851438994730170E-017
         304           2  0.000000000000000E+000 -6.485610052694728E-018
         305           1  0.000000000000000E+000 -1.851438994730282E-017
         305           2  0.000000000000000E+000 -6.485610052694942E-018
         306           1  0.000000000000000E+000 -1.851438994730339E-017
         306           2  0.000000000000000E+000 -6.485610052694956E-018
         307           1  0.000000000000000E+000 -1.851438994730331E-017
         307           2  0.000000000000000E+000 -6.485610052695071E-018
         308           1  0.000000000000000E+000 -1.851438994730351E-017
         308           2  0.000000000000000E+000 -6.485610052694769E-018
         309           1  0.000000000000000E+000 -1.851438994730252E-017
         309           2  0.000000000000000E+000 -6.485610052695169E-018
         310           1  0.000000000000000E+000 -1.851438994730272E-017
         310           2  0.000000000000000E+000 -6.485610052694727E-018
         311           1  0.000000000000000E+000 -1.851438994730367E-017
         311           2  0.000000000000000E+000 -6.485610052695619E-018
         312           1  0.000000000000000E+000 -1.851438994730515E-017
         312           2  0.000000000000000E+000 -6.485610052696154E-018
         313           1  0.000000000000000E+000 -1.851438994730616E-017
         313           2  0.000000000000000E+000 -6.485610052696272E-018
         314           1  0.000000000000000E+000 -1.851438994730653E-017
         314           2  0.000000000000000E+000 -6.485610052696106E-018
         315           1  0.000000000000000E+000 -1.851438994730613E-017
         315           2  0.000000000000000E+000 -6.485610052696051E-018
         316           1  0.000000000000000E+000 -1.851438994730475E-017
         316           2  0.000000000000000E+000 -6.485610052695734E-018
         317           1  0.000000000000000E+000 -1.851438994730285E-017
         317           2  0.000000000000000E+000 -6.485610052694566E-018
         318           1  0.000000000000000E+000 -1.851438994730194E-017
         318           2  0.000000000000000E+000 -6.485610052693544E-018
         319           1  0.000000000000000E+000 -1.851438994730083E-017
         319           2  0.000000000000000E+000 -6.485610052694033E-018
         320           1  0.000000000000000E+000 -1.851438994730036E-017
         320           2  0.000000000000000E+000 -6.485610052692601E-018
         321           1  0.000000000000000E+000 -1.851438994729997E-017
         321           2  0.000000000000000E+000 -6.485610052692900E-018
         322           1  0.000000000000000E+000 -1.851438994730109E-017
         322           2  0.000000000000000E+000 -6.485610052693279E-018
         323           1  0.000000000000000E+000 -1.851438994730066E-017
         323           2  0.000000000000000E+000 -6.485610052693274E-018
         324           1  0.000000000000000E+000 -1.851438994730067E-017
         324           2  0.000000000000000E+000 -6.485610052693404E-018
         325           1  0.000000000000000E+000 -1.851438994730112E-017
         325           2  0.000000000000000E+000 -6.485610052693661E-018
         326           1  0.000000000000000E+000 -1.851438994730152E-017
         326           2  0.000000000000000E+000 -6.485610052694634E-018
         327           1  0.000000000000000E+000 -1.851438994730120E-017
         327           2  0.000000000000000E+000 -6.485610052694758E-018
         328           1  0.000000000000000E+000 -1.851438994730158E-017
         328           2  0.000000000000000E+000 -6.485610052694218E-018
         329           1  0.000000000000000E+000 -1.851438994730257E-017
         329           2  0.000000000000000E+000 -6.485610052693951E-018
         330           1  0.000000000000000E+000 -1.851438994730286E-017
         330           2  0.000000000000000E+000 -6.485610052694105E-018
         331           1  0.000000000000000E+000 -1.851438994730276E-017
         331           2  0.000000000000000E+000 -6.485610052695302E-018
         332           1  0.000000000000000E+000 -1.851438994730420E-017
         332           2  0.000000000000000E+000 -6.485610052695513E-018
         333           1  0.000000000000000E+000 -1.851438994730525E-017
         333           2  0.000000000000000E+000 -6.485610052696631E-018
         334           1  0.000000000000000E+000 -1.851438994730632E-017
         334           2  0.000000000000000E+000 -6.485610052696678E-018
         335           1  0.000000000000000E+000 -1.851438994730547E-017
         335           2  0.000000000000000E+000 -6.485610052696792E-018
         336           1  0.000000000000000E+000 -1.851438994730383E-017
         336           2  0.000000000000000E+000 -6.485610052694624E-018
         337           1  0.000000000000000E+000 -1.851438994729989E-017
         337           2  0.000000000000000E+000 -6.485610052692940E-018
         338           1  0.000000000000000E+000 -1.851438994730032E-017
         338           2  0.000000000000000E+000 -6.485610052692960E-018
         339           1  0.000000000000000E+000 -1.851438994729927E-017
         339           2  0.000000000000000E+000 -6.485610052692745E-018
         340           1  0.000000000000000E+000 -1.851438994729952E-017
         340           2  0.000000000000000E+000 -6.485610052692541E-018
         341           1  0.000000000000000E+000 -1.851438994730001E-017
         341           2  0.000000000000000E+000 -6.485610052694086E-018
         342           1  0.000000000000000E+000 -1.851438994730039E-017
         342           2  0.000000000000000E+000 -6.485610052693980E-018
         343           1  0.000000000000000E+000 -1.851438994730094E-017
         343           2  0.000000000000000E+000 -6.485610052693564E-018
         344           1  0.000000000000000E+000 -1.851438994730094E-017
         344           2  0.000000000000000E+000 -6.485610052693357E-018
         345           1  0.000000000000000E+000 -1.851438994730092E-017
         345           2  0.000000000000000E+000 -6.485610052693661E-018
         346           1  0.000000000000000E+000 -1.851438994730047E-017
         346           2  0.000000000000000E+000 -6.485610052693668E-018
         347           1  0.000000000000000E+000 -1.851438994730058E-017
         347           2  0.000000000000000E+000 -6.485610052694621E-018
         348           1  0.000000000000000E+000 -1.851438994730225E-017
         348           2  0.000000000000000E+000 -6.485610052694396E-018
         349           1  0.000000000000000E+000 -1.851438994730292E-017
         349           2  0.000000000000000E+000 -6.485610052694212E-018
         350           1  0.000000000000000E+000 -1.851438994730288E-017
         350           2  0.000000000000000E+000 -6.485610052694723E-018
         351           1  0.000000000000000E+000 -1.851438994730308E-017
         351           2  0.000000000000000E+000 -6.485610052695184E-018
         352           1  0.000000000000000E+000 -1.851438994730280E-017
         352           2  0.000000000000000E+000 -6.485610052695422E-018
         353           1  0.000000000000000E+000 -1.851438994730374E-017
         353           2  0.000000000000000E+000 -6.485610052695991E-018
         354           1  0.000000000000000E+000 -1.851438994730470E-017
         354           2  0.000000000000000E+000 -6.485610052695731E-018
         355           1  0.000000000000000E+000 -1.851438994730310E-017
         355           2  0.000000000000000E+000 -6.485610052695110E-018
         356           1  0.000000000000000E+000 -1.851438994730080E-017
         356           2  0.000000000000000E+000 -6.485610052692296E-018
         357           1  0.000000000000000E+000 -1.851438994730256E-017
         357           2  0.000000000000000E+000 -6.485610052694490E-018
         358           1  0.000000000000000E+000 -1.851438994730027E-017
         358           2  0.000000000000000E+000 -6.485610052693150E-018
         359           1  0.000000000000000E+000 -1.851438994729749E-017
         359           2  0.000000000000000E+000 -6.485610052692689E-018
         360           1  0.000000000000000E+000 -1.851438994729711E-017
         360           2  0.000000000000000E+000 -6.485610052692960E-018
         361           1  0.000000000000000E+000 -1.851438994730012E-017
         361           2  0.000000000000000E+000 -6.485610052693293E-018
         362           1  0.000000000000000E+000 -1.851438994730075E-017
         362           2  0.000000000000000E+000 -6.485610052694366E-018
         363           1  0.000000000000000E+000 -1.851438994730034E-017
         363           2  0.000000000000000E+000 -6.485610052694557E-018
         364           1  0.000000000000000E+000 -1.851438994729975E-017
         364           2  0.000000000000000E+000 -6.485610052694123E-018
         365           1  0.000000000000000E+000 -1.851438994730065E-017
         365           2  0.000000000000000E+000 -6.485610052693942E-018
         366           1  0.000000000000000E+000 -1.851438994730041E-017
         366           2  0.000000000000000E+000 -6.485610052693571E-018
         367           1  0.000000000000000E+000 -1.851438994730209E-017
         367           2  0.000000000000000E+000 -6.485610052693853E-018
         368           1  0.000000000000000E+000 -1.851438994730275E-017
         368           2  0.000000000000000E+000 -6.485610052694027E-018
         369           1  0.000000000000000E+000 -1.851438994730299E-017
         369           2  0.000000000000000E+000 -6.485610052694842E-018
         370           1  0.000000000000000E+000 -1.851438994730354E-017
         370           2  0.000000000000000E+000 -6.485610052695010E-018
         371           1  0.000000000000000E+000 -1.851438994730334E-017
         371           2  0.000000000000000E+000 -6.485610052694839E-018
         372           1  0.000000000000000E+000 -1.851438994730170E-017
         372           2  0.000000000000000E+000 -6.485610052694567E-018
         373           1  0.000000000000000E+000 -1.851438994730073E-017
         373           2  0.000000000000000E+000 -6.485610052694316E-018
         374           1  0.000000000000000E+000 -1.851438994730055E-017
         374           2  0.000000000000000E+000 -6.485610052693938E-018
         375           1  0.000000000000000E+000 -1.851438994729833E-017
         375           2  0.000000000000000E+000 -6.485610052692482E-018
         376           1  0.000000000000000E+000 -1.851438994729925E-017
         376           2  0.000000000000000E+000 -6.485610052692266E-018
         377           1  0.000000000000000E+000 -1.851438994730102E-017
         377           2  0.000000000000000E+000 -6.485610052693925E-018
         378           1  0.000000000000000E+000 -1.851438994730014E-017
         378           2  0.000000000000000E+000 -6.485610052693702E-018
         379           1  0.000000000000000E+000 -1.851438994729862E-017
         379           2  0.000000000000000E+000 -6.485610052692820E-018
         380           1  0.000000000000000E+000 -1.851438994729669E-017
         380           2  0.000000000000000E+000 -6.485610052692371E-018
         381           1  0.000000000000000E+000 -1.851438994730200E-017
         381           2  0.000000000000000E+000 -6.485610052694017E-018
         382           1  0.000000000000000E+000 -1.851438994729952E-017
         382           2  0.000000000000000E+000 -6.485610052693801E-018
         383           1  0.000000000000000E+000 -1.851438994730020E-017
         383           2  0.000000000000000E+000 -6.485610052694061E-018
         384           1  0.000000000000000E+000 -1.851438994730002E-017
         384           2  0.000000000000000E+000 -6.485610052693698E-018
         385           1  0.000000000000000E+000 -1.851438994730108E-017
         385           2  0.000000000000000E+000 -6.485610052693328E-018
         386           1  0.000000000000000E+000 -1.851438994730110E-017
         386           2  0.000000000000000E+000 -6.485610052693291E-018
         387           1  0.000000000000000E+000 -1.851438994730225E-017
         387           2  0.000000000000000E+000 -6.485610052693110E-018
         388           1  0.000000000000000E+000 -1.851438994730213E-017
         388           2  0.000000000000000E+000 -6.485610052693812E-018
         389           1  0.000000000000000E+000 -1.851438994730281E-017
         389           2  0.000000000000000E+000 -6.485610052694657E-018
         390           1  0.000000000000000E+000 -1.851438994730223E-017
         390           2  0.000000000000000E+000 -6.485610052694240E-018
         391           1  0.000000000000000E+000 -1.851438994730140E-017
         391           2  0.000000000000000E+000 -6.485610052694309E-018
         392           1  0.000000000000000E+000 -1.851438994730124E-017
         392           2  0.000000000000000E+000 -6.485610052693463E-018
         393           1  0.000000000000000E+000 -1.851438994729923E-017
         393           2  0.000000000000000E+000 -6.485610052693558E-018
         394           1  0.000000000000000E+000 -1.851438994730914E-017
         394           2  0.000000000000000E+000 -6.485610052699143E-018
         395           1  0.000000000000000E+000 -1.851438994729664E-017
         395           2  0.000000000000000E+000 -6.485610052692000E-018
         396           1  0.000000000000000E+000 -1.851438994729710E-017
         396           2  0.000000000000000E+000 -6.485610052692100E-018
         397           1  0.000000000000000E+000 -1.851438994730018E-017
         397           2  0.000000000000000E+000 -6.485610052693723E-018
         398           1  0.000000000000000E+000 -1.851438994729852E-017
         398           2  0.000000000000000E+000 -6.485610052693550E-018
         399           1  0.000000000000000E+000 -1.851438994729740E-017
         399           2  0.000000000000000E+000 -6.485610052692732E-018
         400           1  0.000000000000000E+000 -1.851438994729656E-017
         400           2  0.000000000000000E+000 -6.485610052693144E-018
