           1           1  0.000000000000000E+000 -3.823111684960535E-018
           1           2  0.000000000000000E+000 -5.176888315045608E-018
           2           1  0.000000000000000E+000 -3.823111684956570E-018
           2           2  0.000000000000000E+000 -5.176888315039326E-018
           3           1  0.000000000000000E+000 -3.823111684961451E-018
           3           2  0.000000000000000E+000 -5.176888315046556E-018
           4           1  0.000000000000000E+000 -3.823111684960660E-018
           4           2  0.000000000000000E+000 -5.176888315046484E-018
           5           1  0.000000000000000E+000 -3.823111684961076E-018
           5           2  0.000000000000000E+000 -5.176888315049014E-018
           6           1  0.000000000000000E+000 -3.823111684961660E-018
           6           2  0.000000000000000E+000 -5.176888315049689E-018
           7           1  0.000000000000000E+000 -3.823111684961071E-018
           7           2  0.000000000000000E+000 -5.176888315048703E-018
           8           1  0.000000000000000E+000 -3.823111684962475E-018
           8           2  0.000000000000000E+000 -5.176888315050609E-018
           9           1  0.000000000000000E+000 -3.823111684963250E-018
           9           2  0.000000000000000E+000 -5.176888315051443E-018
          10           1  0.000000000000000E+000 -3.823111684963296E-018
          10           2  0.000000000000000E+000 -5.176888315050609E-018
          11           1  0.000000000000000E+000 -3.823111684958621E-018
          11           2  0.000000000000000E+000 -5.176888315044051E-018
          12           1  0.000000000000000E+000 -3.823111684954259E-018
          12           2  0.000000000000000E+000 -5.176888315038524E-018
          13           1  0.000000000000000E+000 -3.823111684955095E-018
          13           2  0.000000000000000E+000 -5.176888315039642E-018
          14           1  0.000000000000000E+000 -3.823111684954558E-018
          14           2  0.000000000000000E+000 -5.176888315038182E-018
          15           1  0.000000000000000E+000 -3.823111684954171E-018
          15           2  0.000000000000000E+000 -5.176888315036034E-018
          16           1  0.000000000000000E+000 -3.823111684959641E-018
          16           2  0.000000000000000E+000 -5.176888315044050E-018
          17           1  0.000000000000000E+000 -3.823111684959349E-018
          17           2  0.000000000000000E+000 -5.176888315042567E-018
          18           1  0.000000000000000E+000 -3.823111684958027E-018
          18           2  0.000000000000000E+000 -5.176888315041522E-018
          19           1  0.000000000000000E+000 -3.823111684959065E-018
          19           2  0.000000000000000E+000 -5.176888315044113E-018
          20           1  0.000000000000000E+000 -3.823111684959368E-018
          20           2  0.000000000000000E+000 -5.176888315045020E-018
          21           1  0.000000000000000E+000 -3.823111684956805E-018
          21           2  0.000000000000000E+000 -5.176888315039584E-018
          22           1  0.000000000000000E+000 -3.823111684960392E-018
          22           2  0.000000000000000E+000 -5.176888315045298E-018
          23           1  0.000000000000000E+000 -3.823111684959290E-018
          23           2  0.000000000000000E+000 -5.176888315044004E-018
          24           1  0.000000000000000E+000 -3.823111684960321E-018
          24           2  0.000000000000000E+000 -5.176888315046268E-018
          25           1  0.000000000000000E+000 -3.823111684960393E-018
          25           2  0.000000000000000E+000 -5.176888315047522E-018
          26           1  0.000000000000000E+000 -3.823111684961315E-018
          26           2  0.000000000000000E+000 -5.176888315048660E-018
          27           1  0.000000000000000E+000 -3.823111684960397E-018
          27           2  0.000000000000000E+000 -5.176888315047412E-018
          28           1  0.000000000000000E+000 -3.823111684960579E-018
          28           2  0.000000000000000E+000 -5.176888315047355E-018
          29           1  0.000000000000000E+000 -3.823111684961598E-018
          29           2  0.000000000000000E+000 -5.176888315048348E-018
          30           1  0.000000000000000E+000 -3.823111684959174E-018
          30           2  0.000000000000000E+000 -5.176888315044041E-018
          31           1  0.000000000000000E+000 -3.823111684956276E-018
          31           2  0.000000000000000E+000 -5.176888315040652E-018
          32           1  0.000000000000000E+000 -3.823111684958696E-018
          32           2  0.000000000000000E+000 -5.176888315044969E-018
          33           1  0.000000000000000E+000 -3.823111684949652E-018
          33           2  0.000000000000000E+000 -5.176888315036802E-018
          34           1  0.000000000000000E+000 -3.823111684959010E-018
          34           2  0.000000000000000E+000 -5.176888315045164E-018
          35           1  0.000000000000000E+000 -3.823111684954154E-018
          35           2  0.000000000000000E+000 -5.176888315036128E-018
          36           1  0.000000000000000E+000 -3.823111684961431E-018
          36           2  0.000000000000000E+000 -5.176888315047083E-018
          37           1  0.000000000000000E+000 -3.823111684960955E-018
          37           2  0.000000000000000E+000 -5.176888315045784E-018
          38           1  0.000000000000000E+000 -3.823111684958877E-018
          38           2  0.000000000000000E+000 -5.176888315042625E-018
          39           1  0.000000000000000E+000 -3.823111684957996E-018
          39           2  0.000000000000000E+000 -5.176888315043146E-018
          40           1  0.000000000000000E+000 -3.823111684957033E-018
          40           2  0.000000000000000E+000 -5.176888315041444E-018
          41           1  0.000000000000000E+000 -3.823111684962102E-018
          41           2  0.000000000000000E+000 -5.176888315048105E-018
          42           1  0.000000000000000E+000 -3.823111684961180E-018
          42           2  0.000000000000000E+000 -5.176888315047227E-018
          43           1  0.000000000000000E+000 -3.823111684960392E-018
          43           2  0.000000000000000E+000 -5.176888315046667E-018
          44           1  0.000000000000000E+000 -3.823111684960585E-018
          44           2  0.000000000000000E+000 -5.176888315046615E-018
          45           1  0.000000000000000E+000 -3.823111684960211E-018
          45           2  0.000000000000000E+000 -5.176888315046676E-018
          46           1  0.000000000000000E+000 -3.823111684961266E-018
          46           2  0.000000000000000E+000 -5.176888315048308E-018
          47           1  0.000000000000000E+000 -3.823111684961998E-018
          47           2  0.000000000000000E+000 -5.176888315049136E-018
          48           1  0.000000000000000E+000 -3.823111684959284E-018
          48           2  0.000000000000000E+000 -5.176888315045058E-018
          49           1  0.000000000000000E+000 -3.823111684957794E-018
          49           2  0.000000000000000E+000 -5.176888315042653E-018
          50           1  0.000000000000000E+000 -3.823111684953175E-018
          50           2  0.000000000000000E+000 -5.176888315035579E-018
          51           1  0.000000000000000E+000 -3.823111684955939E-018
          51           2  0.000000000000000E+000 -5.176888315040068E-018
          52           1  0.000000000000000E+000 -3.823111684959900E-018
          52           2  0.000000000000000E+000 -5.176888315046531E-018
          53           1  0.000000000000000E+000 -3.823111684959605E-018
          53           2  0.000000000000000E+000 -5.176888315046295E-018
          54           1  0.000000000000000E+000 -3.823111684944946E-018
          54           2  0.000000000000000E+000 -5.176888315028422E-018
          55           1  0.000000000000000E+000 -3.823111684959700E-018
          55           2  0.000000000000000E+000 -5.176888315045795E-018
          56           1  0.000000000000000E+000 -3.823111684960955E-018
          56           2  0.000000000000000E+000 -5.176888315047283E-018
          57           1  0.000000000000000E+000 -3.823111684962052E-018
          57           2  0.000000000000000E+000 -5.176888315047717E-018
          58           1  0.000000000000000E+000 -3.823111684961888E-018
          58           2  0.000000000000000E+000 -5.176888315047227E-018
          59           1  0.000000000000000E+000 -3.823111684961314E-018
          59           2  0.000000000000000E+000 -5.176888315046957E-018
          60           1  0.000000000000000E+000 -3.823111684959889E-018
          60           2  0.000000000000000E+000 -5.176888315044371E-018
          61           1  0.000000000000000E+000 -3.823111684961902E-018
          61           2  0.000000000000000E+000 -5.176888315047616E-018
          62           1  0.000000000000000E+000 -3.823111684961300E-018
          62           2  0.000000000000000E+000 -5.176888315046759E-018
          63           1  0.000000000000000E+000 -3.823111684960703E-018
          63           2  0.000000000000000E+000 -5.176888315046314E-018
          64           1  0.000000000000000E+000 -3.823111684959840E-018
          64           2  0.000000000000000E+000 -5.176888315044610E-018
          65           1  0.000000000000000E+000 -3.823111684959277E-018
          65           2  0.000000000000000E+000 -5.176888315045072E-018
          66           1  0.000000000000000E+000 -3.823111684960325E-018
          66           2  0.000000000000000E+000 -5.176888315046874E-018
          67           1  0.000000000000000E+000 -3.823111684961629E-018
          67           2  0.000000000000000E+000 -5.176888315048773E-018
          68           1  0.000000000000000E+000 -3.823111684961812E-018
          68           2  0.000000000000000E+000 -5.176888315049028E-018
          69           1  0.000000000000000E+000 -3.823111684961922E-018
          69           2  0.000000000000000E+000 -5.176888315049745E-018
          70           1  0.000000000000000E+000 -3.823111684961467E-018
          70           2  0.000000000000000E+000 -5.176888315049074E-018
          71           1  0.000000000000000E+000 -3.823111684961001E-018
          71           2  0.000000000000000E+000 -5.176888315048713E-018
          72           1  0.000000000000000E+000 -3.823111684960492E-018
          72           2  0.000000000000000E+000 -5.176888315048633E-018
          73           1  0.000000000000000E+000 -3.823111684960260E-018
          73           2  0.000000000000000E+000 -5.176888315048180E-018
          74           1  0.000000000000000E+000 -3.823111684960918E-018
          74           2  0.000000000000000E+000 -5.176888315049313E-018
          75           1  0.000000000000000E+000 -3.823111684960573E-018
          75           2  0.000000000000000E+000 -5.176888315048247E-018
          76           1  0.000000000000000E+000 -3.823111684960325E-018
          76           2  0.000000000000000E+000 -5.176888315046675E-018
          77           1  0.000000000000000E+000 -3.823111684961112E-018
          77           2  0.000000000000000E+000 -5.176888315047254E-018
          78           1  0.000000000000000E+000 -3.823111684961736E-018
          78           2  0.000000000000000E+000 -5.176888315046994E-018
          79           1  0.000000000000000E+000 -3.823111684955311E-018
          79           2  0.000000000000000E+000 -5.176888315037209E-018
          80           1  0.000000000000000E+000 -3.823111684956961E-018
          80           2  0.000000000000000E+000 -5.176888315039467E-018
          81           1  0.000000000000000E+000 -3.823111684960715E-018
          81           2  0.000000000000000E+000 -5.176888315046407E-018
          82           1  0.000000000000000E+000 -3.823111684960689E-018
          82           2  0.000000000000000E+000 -5.176888315046828E-018
          83           1  0.000000000000000E+000 -3.823111684960062E-018
          83           2  0.000000000000000E+000 -5.176888315046083E-018
          84           1  0.000000000000000E+000 -3.823111684958977E-018
          84           2  0.000000000000000E+000 -5.176888315043561E-018
          85           1  0.000000000000000E+000 -3.823111684959145E-018
          85           2  0.000000000000000E+000 -5.176888315044129E-018
          86           1  0.000000000000000E+000 -3.823111684959643E-018
          86           2  0.000000000000000E+000 -5.176888315044329E-018
          87           1  0.000000000000000E+000 -3.823111684961484E-018
          87           2  0.000000000000000E+000 -5.176888315047429E-018
          88           1  0.000000000000000E+000 -3.823111684961368E-018
          88           2  0.000000000000000E+000 -5.176888315048497E-018
          89           1  0.000000000000000E+000 -3.823111684961455E-018
          89           2  0.000000000000000E+000 -5.176888315048810E-018
          90           1  0.000000000000000E+000 -3.823111684966270E-018
          90           2  0.000000000000000E+000 -5.176888315060560E-018
          91           1  0.000000000000000E+000 -3.823111684960904E-018
          91           2  0.000000000000000E+000 -5.176888315048033E-018
          92           1  0.000000000000000E+000 -3.823111684960811E-018
          92           2  0.000000000000000E+000 -5.176888315048889E-018
          93           1  0.000000000000000E+000 -3.823111684959885E-018
          93           2  0.000000000000000E+000 -5.176888315048119E-018
          94           1  0.000000000000000E+000 -3.823111684960444E-018
          94           2  0.000000000000000E+000 -5.176888315048724E-018
          95           1  0.000000000000000E+000 -3.823111684959817E-018
          95           2  0.000000000000000E+000 -5.176888315047583E-018
          96           1  0.000000000000000E+000 -3.823111684959967E-018
          96           2  0.000000000000000E+000 -5.176888315046848E-018
          97           1  0.000000000000000E+000 -3.823111684960985E-018
          97           2  0.000000000000000E+000 -5.176888315047161E-018
          98           1  0.000000000000000E+000 -3.823111684961228E-018
          98           2  0.000000000000000E+000 -5.176888315047181E-018
          99           1  0.000000000000000E+000 -3.823111684961476E-018
          99           2  0.000000000000000E+000 -5.176888315047116E-018
         100           1  0.000000000000000E+000 -3.823111684959992E-018
         100           2  0.000000000000000E+000 -5.176888315044578E-018
         101           1  0.000000000000000E+000 -3.823111684959621E-018
         101           2  0.000000000000000E+000 -5.176888315047050E-018
         102           1  0.000000000000000E+000 -3.823111684957687E-018
         102           2  0.000000000000000E+000 -5.176888315043611E-018
         103           1  0.000000000000000E+000 -3.823111684958533E-018
         103           2  0.000000000000000E+000 -5.176888315044701E-018
         104           1  0.000000000000000E+000 -3.823111684958326E-018
         104           2  0.000000000000000E+000 -5.176888315044047E-018
         105           1  0.000000000000000E+000 -3.823111684958516E-018
         105           2  0.000000000000000E+000 -5.176888315042973E-018
         106           1  0.000000000000000E+000 -3.823111684958784E-018
         106           2  0.000000000000000E+000 -5.176888315042716E-018
         107           1  0.000000000000000E+000 -3.823111684959970E-018
         107           2  0.000000000000000E+000 -5.176888315044349E-018
         108           1  0.000000000000000E+000 -3.823111684960871E-018
         108           2  0.000000000000000E+000 -5.176888315046335E-018
         109           1  0.000000000000000E+000 -3.823111684960967E-018
         109           2  0.000000000000000E+000 -5.176888315047171E-018
         110           1  0.000000000000000E+000 -3.823111684961134E-018
         110           2  0.000000000000000E+000 -5.176888315047280E-018
         111           1  0.000000000000000E+000 -3.823111684963244E-018
         111           2  0.000000000000000E+000 -5.176888315052110E-018
         112           1  0.000000000000000E+000 -3.823111684969476E-018
         112           2  0.000000000000000E+000 -5.176888315062173E-018
         113           1  0.000000000000000E+000 -3.823111684959455E-018
         113           2  0.000000000000000E+000 -5.176888315046440E-018
         114           1  0.000000000000000E+000 -3.823111684959857E-018
         114           2  0.000000000000000E+000 -5.176888315047600E-018
         115           1  0.000000000000000E+000 -3.823111684959974E-018
         115           2  0.000000000000000E+000 -5.176888315047233E-018
         116           1  0.000000000000000E+000 -3.823111684959751E-018
         116           2  0.000000000000000E+000 -5.176888315046282E-018
         117           1  0.000000000000000E+000 -3.823111684960467E-018
         117           2  0.000000000000000E+000 -5.176888315046680E-018
         118           1  0.000000000000000E+000 -3.823111684961371E-018
         118           2  0.000000000000000E+000 -5.176888315047600E-018
         119           1  0.000000000000000E+000 -3.823111684961655E-018
         119           2  0.000000000000000E+000 -5.176888315047395E-018
         120           1  0.000000000000000E+000 -3.823111684961863E-018
         120           2  0.000000000000000E+000 -5.176888315047989E-018
         121           1  0.000000000000000E+000 -3.823111684959324E-018
         121           2  0.000000000000000E+000 -5.176888315048236E-018
         122           1  0.000000000000000E+000 -3.823111684957747E-018
         122           2  0.000000000000000E+000 -5.176888315044914E-018
         123           1  0.000000000000000E+000 -3.823111684956765E-018
         123           2  0.000000000000000E+000 -5.176888315043739E-018
         124           1  0.000000000000000E+000 -3.823111684956789E-018
         124           2  0.000000000000000E+000 -5.176888315043201E-018
         125           1  0.000000000000000E+000 -3.823111684957405E-018
         125           2  0.000000000000000E+000 -5.176888315042504E-018
         126           1  0.000000000000000E+000 -3.823111684959954E-018
         126           2  0.000000000000000E+000 -5.176888315045578E-018
         127           1  0.000000000000000E+000 -3.823111684959798E-018
         127           2  0.000000000000000E+000 -5.176888315043778E-018
         128           1  0.000000000000000E+000 -3.823111684960647E-018
         128           2  0.000000000000000E+000 -5.176888315045404E-018
         129           1  0.000000000000000E+000 -3.823111684960510E-018
         129           2  0.000000000000000E+000 -5.176888315045227E-018
         130           1  0.000000000000000E+000 -3.823111684961442E-018
         130           2  0.000000000000000E+000 -5.176888315046292E-018
         131           1  0.000000000000000E+000 -3.823111684968170E-018
         131           2  0.000000000000000E+000 -5.176888315061678E-018
         132           1  0.000000000000000E+000 -3.823111684952874E-018
         132           2  0.000000000000000E+000 -5.176888315036447E-018
         133           1  0.000000000000000E+000 -3.823111684961311E-018
         133           2  0.000000000000000E+000 -5.176888315047209E-018
         134           1  0.000000000000000E+000 -3.823111684960994E-018
         134           2  0.000000000000000E+000 -5.176888315046986E-018
         135           1  0.000000000000000E+000 -3.823111684960718E-018
         135           2  0.000000000000000E+000 -5.176888315047217E-018
         136           1  0.000000000000000E+000 -3.823111684959889E-018
         136           2  0.000000000000000E+000 -5.176888315045171E-018
         137           1  0.000000000000000E+000 -3.823111684960817E-018
         137           2  0.000000000000000E+000 -5.176888315046413E-018
         138           1  0.000000000000000E+000 -3.823111684961098E-018
         138           2  0.000000000000000E+000 -5.176888315046348E-018
         139           1  0.000000000000000E+000 -3.823111684956228E-018
         139           2  0.000000000000000E+000 -5.176888315038472E-018
         140           1  0.000000000000000E+000 -3.823111684954258E-018
         140           2  0.000000000000000E+000 -5.176888315035487E-018
         141           1  0.000000000000000E+000 -3.823111684958605E-018
         141           2  0.000000000000000E+000 -5.176888315046279E-018
         142           1  0.000000000000000E+000 -3.823111684959002E-018
         142           2  0.000000000000000E+000 -5.176888315046325E-018
         143           1  0.000000000000000E+000 -3.823111684957731E-018
         143           2  0.000000000000000E+000 -5.176888315044925E-018
         144           1  0.000000000000000E+000 -3.823111684956154E-018
         144           2  0.000000000000000E+000 -5.176888315043128E-018
         145           1  0.000000000000000E+000 -3.823111684957069E-018
         145           2  0.000000000000000E+000 -5.176888315043767E-018
         146           1  0.000000000000000E+000 -3.823111684958522E-018
         146           2  0.000000000000000E+000 -5.176888315043469E-018
         147           1  0.000000000000000E+000 -3.823111684961206E-018
         147           2  0.000000000000000E+000 -5.176888315046667E-018
         148           1  0.000000000000000E+000 -3.823111684961829E-018
         148           2  0.000000000000000E+000 -5.176888315046694E-018
         149           1  0.000000000000000E+000 -3.823111684961703E-018
         149           2  0.000000000000000E+000 -5.176888315046704E-018
         150           1  0.000000000000000E+000 -3.823111684960241E-018
         150           2  0.000000000000000E+000 -5.176888315044281E-018
         151           1  0.000000000000000E+000 -3.823111684959715E-018
         151           2  0.000000000000000E+000 -5.176888315044032E-018
         152           1  0.000000000000000E+000 -3.823111684957948E-018
         152           2  0.000000000000000E+000 -5.176888315045469E-018
         153           1  0.000000000000000E+000 -3.823111684961327E-018
         153           2  0.000000000000000E+000 -5.176888315046480E-018
         154           1  0.000000000000000E+000 -3.823111684961549E-018
         154           2  0.000000000000000E+000 -5.176888315046654E-018
         155           1  0.000000000000000E+000 -3.823111684961924E-018
         155           2  0.000000000000000E+000 -5.176888315047720E-018
         156           1  0.000000000000000E+000 -3.823111684956788E-018
         156           2  0.000000000000000E+000 -5.176888315040197E-018
         157           1  0.000000000000000E+000 -3.823111684955513E-018
         157           2  0.000000000000000E+000 -5.176888315037424E-018
         158           1  0.000000000000000E+000 -3.823111684955108E-018
         158           2  0.000000000000000E+000 -5.176888315034398E-018
         159           1  0.000000000000000E+000 -3.823111684954776E-018
         159           2  0.000000000000000E+000 -5.176888315033609E-018
         160           1  0.000000000000000E+000 -3.823111684953324E-018
         160           2  0.000000000000000E+000 -5.176888315032316E-018
         161           1  0.000000000000000E+000 -3.823111684957925E-018
         161           2  0.000000000000000E+000 -5.176888315044860E-018
         162           1  0.000000000000000E+000 -3.823111684957886E-018
         162           2  0.000000000000000E+000 -5.176888315044278E-018
         163           1  0.000000000000000E+000 -3.823111684959210E-018
         163           2  0.000000000000000E+000 -5.176888315047475E-018
         164           1  0.000000000000000E+000 -3.823111684956868E-018
         164           2  0.000000000000000E+000 -5.176888315044657E-018
         165           1  0.000000000000000E+000 -3.823111684958455E-018
         165           2  0.000000000000000E+000 -5.176888315046112E-018
         166           1  0.000000000000000E+000 -3.823111684959005E-018
         166           2  0.000000000000000E+000 -5.176888315045192E-018
         167           1  0.000000000000000E+000 -3.823111684958962E-018
         167           2  0.000000000000000E+000 -5.176888315043606E-018
         168           1  0.000000000000000E+000 -3.823111684960049E-018
         168           2  0.000000000000000E+000 -5.176888315044851E-018
         169           1  0.000000000000000E+000 -3.823111684960777E-018
         169           2  0.000000000000000E+000 -5.176888315045566E-018
         170           1  0.000000000000000E+000 -3.823111684960982E-018
         170           2  0.000000000000000E+000 -5.176888315045713E-018
         171           1  0.000000000000000E+000 -3.823111684960630E-018
         171           2  0.000000000000000E+000 -5.176888315044963E-018
         172           1  0.000000000000000E+000 -3.823111684960310E-018
         172           2  0.000000000000000E+000 -5.176888315044162E-018
         173           1  0.000000000000000E+000 -3.823111684961949E-018
         173           2  0.000000000000000E+000 -5.176888315047785E-018
         174           1  0.000000000000000E+000 -3.823111684962170E-018
         174           2  0.000000000000000E+000 -5.176888315048214E-018
         175           1  0.000000000000000E+000 -3.823111684961031E-018
         175           2  0.000000000000000E+000 -5.176888315045943E-018
         176           1  0.000000000000000E+000 -3.823111684957046E-018
         176           2  0.000000000000000E+000 -5.176888315040125E-018
         177           1  0.000000000000000E+000 -3.823111684954070E-018
         177           2  0.000000000000000E+000 -5.176888315034981E-018
         178           1  0.000000000000000E+000 -3.823111684954236E-018
         178           2  0.000000000000000E+000 -5.176888315033882E-018
         179           1  0.000000000000000E+000 -3.823111684953257E-018
         179           2  0.000000000000000E+000 -5.176888315032888E-018
         180           1  0.000000000000000E+000 -3.823111684952262E-018
         180           2  0.000000000000000E+000 -5.176888315031819E-018
         181           1  0.000000000000000E+000 -3.823111684960891E-018
         181           2  0.000000000000000E+000 -5.176888315048468E-018
         182           1  0.000000000000000E+000 -3.823111684960864E-018
         182           2  0.000000000000000E+000 -5.176888315048747E-018
         183           1  0.000000000000000E+000 -3.823111684959374E-018
         183           2  0.000000000000000E+000 -5.176888315047145E-018
         184           1  0.000000000000000E+000 -3.823111684958383E-018
         184           2  0.000000000000000E+000 -5.176888315046046E-018
         185           1  0.000000000000000E+000 -3.823111684959027E-018
         185           2  0.000000000000000E+000 -5.176888315046047E-018
         186           1  0.000000000000000E+000 -3.823111684960365E-018
         186           2  0.000000000000000E+000 -5.176888315046649E-018
         187           1  0.000000000000000E+000 -3.823111684959427E-018
         187           2  0.000000000000000E+000 -5.176888315044409E-018
         188           1  0.000000000000000E+000 -3.823111684959395E-018
         188           2  0.000000000000000E+000 -5.176888315044096E-018
         189           1  0.000000000000000E+000 -3.823111684959273E-018
         189           2  0.000000000000000E+000 -5.176888315043673E-018
         190           1  0.000000000000000E+000 -3.823111684961642E-018
         190           2  0.000000000000000E+000 -5.176888315047293E-018
         191           1  0.000000000000000E+000 -3.823111684961062E-018
         191           2  0.000000000000000E+000 -5.176888315044260E-018
         192           1  0.000000000000000E+000 -3.823111684961496E-018
         192           2  0.000000000000000E+000 -5.176888315044515E-018
         193           1  0.000000000000000E+000 -3.823111684961048E-018
         193           2  0.000000000000000E+000 -5.176888315045468E-018
         194           1  0.000000000000000E+000 -3.823111684961576E-018
         194           2  0.000000000000000E+000 -5.176888315046847E-018
         195           1  0.000000000000000E+000 -3.823111684954050E-018
         195           2  0.000000000000000E+000 -5.176888315034724E-018
         196           1  0.000000000000000E+000 -3.823111684953094E-018
         196           2  0.000000000000000E+000 -5.176888315033395E-018
         197           1  0.000000000000000E+000 -3.823111684952697E-018
         197           2  0.000000000000000E+000 -5.176888315033835E-018
         198           1  0.000000000000000E+000 -3.823111684952698E-018
         198           2  0.000000000000000E+000 -5.176888315033649E-018
         199           1  0.000000000000000E+000 -3.823111684952846E-018
         199           2  0.000000000000000E+000 -5.176888315033798E-018
         200           1  0.000000000000000E+000 -3.823111684950880E-018
         200           2  0.000000000000000E+000 -5.176888315031546E-018
         201           1  0.000000000000000E+000 -3.823111684960860E-018
         201           2  0.000000000000000E+000 -5.176888315047224E-018
         202           1  0.000000000000000E+000 -3.823111684961548E-018
         202           2  0.000000000000000E+000 -5.176888315048692E-018
         203           1  0.000000000000000E+000 -3.823111684959867E-018
         203           2  0.000000000000000E+000 -5.176888315046566E-018
         204           1  0.000000000000000E+000 -3.823111684960398E-018
         204           2  0.000000000000000E+000 -5.176888315047146E-018
         205           1  0.000000000000000E+000 -3.823111684959836E-018
         205           2  0.000000000000000E+000 -5.176888315043216E-018
         206           1  0.000000000000000E+000 -3.823111684962106E-018
         206           2  0.000000000000000E+000 -5.176888315047530E-018
         207           1  0.000000000000000E+000 -3.823111684960166E-018
         207           2  0.000000000000000E+000 -5.176888315045176E-018
         208           1  0.000000000000000E+000 -3.823111684960021E-018
         208           2  0.000000000000000E+000 -5.176888315045137E-018
         209           1  0.000000000000000E+000 -3.823111684958659E-018
         209           2  0.000000000000000E+000 -5.176888315042803E-018
         210           1  0.000000000000000E+000 -3.823111684962158E-018
         210           2  0.000000000000000E+000 -5.176888315048180E-018
         211           1  0.000000000000000E+000 -3.823111684971768E-018
         211           2  0.000000000000000E+000 -5.176888315060475E-018
         212           1  0.000000000000000E+000 -3.823111684961215E-018
         212           2  0.000000000000000E+000 -5.176888315045105E-018
         213           1  0.000000000000000E+000 -3.823111684960884E-018
         213           2  0.000000000000000E+000 -5.176888315044824E-018
         214           1  0.000000000000000E+000 -3.823111684961000E-018
         214           2  0.000000000000000E+000 -5.176888315045252E-018
         215           1  0.000000000000000E+000 -3.823111684957654E-018
         215           2  0.000000000000000E+000 -5.176888315040309E-018
         216           1  0.000000000000000E+000 -3.823111684953816E-018
         216           2  0.000000000000000E+000 -5.176888315034690E-018
         217           1  0.000000000000000E+000 -3.823111684953773E-018
         217           2  0.000000000000000E+000 -5.176888315035604E-018
         218           1  0.000000000000000E+000 -3.823111684952937E-018
         218           2  0.000000000000000E+000 -5.176888315036104E-018
         219           1  0.000000000000000E+000 -3.823111684951162E-018
         219           2  0.000000000000000E+000 -5.176888315033684E-018
         220           1  0.000000000000000E+000 -3.823111684949957E-018
         220           2  0.000000000000000E+000 -5.176888315032555E-018
         221           1  0.000000000000000E+000 -3.823111684959741E-018
         221           2  0.000000000000000E+000 -5.176888315045261E-018
         222           1  0.000000000000000E+000 -3.823111684960641E-018
         222           2  0.000000000000000E+000 -5.176888315047495E-018
         223           1  0.000000000000000E+000 -3.823111684960655E-018
         223           2  0.000000000000000E+000 -5.176888315047643E-018
         224           1  0.000000000000000E+000 -3.823111684958909E-018
         224           2  0.000000000000000E+000 -5.176888315045690E-018
         225           1  0.000000000000000E+000 -3.823111684959668E-018
         225           2  0.000000000000000E+000 -5.176888315045087E-018
         226           1  0.000000000000000E+000 -3.823111684960815E-018
         226           2  0.000000000000000E+000 -5.176888315045768E-018
         227           1  0.000000000000000E+000 -3.823111684959735E-018
         227           2  0.000000000000000E+000 -5.176888315043755E-018
         228           1  0.000000000000000E+000 -3.823111684959797E-018
         228           2  0.000000000000000E+000 -5.176888315044198E-018
         229           1  0.000000000000000E+000 -3.823111684961270E-018
         229           2  0.000000000000000E+000 -5.176888315046392E-018
         230           1  0.000000000000000E+000 -3.823111684960861E-018
         230           2  0.000000000000000E+000 -5.176888315045750E-018
         231           1  0.000000000000000E+000 -3.823111684958260E-018
         231           2  0.000000000000000E+000 -5.176888315038071E-018
         232           1  0.000000000000000E+000 -3.823111684959587E-018
         232           2  0.000000000000000E+000 -5.176888315042848E-018
         233           1  0.000000000000000E+000 -3.823111684959435E-018
         233           2  0.000000000000000E+000 -5.176888315042922E-018
         234           1  0.000000000000000E+000 -3.823111684960187E-018
         234           2  0.000000000000000E+000 -5.176888315044589E-018
         235           1  0.000000000000000E+000 -3.823111684961825E-018
         235           2  0.000000000000000E+000 -5.176888315047242E-018
         236           1  0.000000000000000E+000 -3.823111684960827E-018
         236           2  0.000000000000000E+000 -5.176888315045635E-018
         237           1  0.000000000000000E+000 -3.823111684955102E-018
         237           2  0.000000000000000E+000 -5.176888315038231E-018
         238           1  0.000000000000000E+000 -3.823111684952615E-018
         238           2  0.000000000000000E+000 -5.176888315036107E-018
         239           1  0.000000000000000E+000 -3.823111684951488E-018
         239           2  0.000000000000000E+000 -5.176888315035240E-018
         240           1  0.000000000000000E+000 -3.823111684950915E-018
         240           2  0.000000000000000E+000 -5.176888315034326E-018
         241           1  0.000000000000000E+000 -3.823111684960252E-018
         241           2  0.000000000000000E+000 -5.176888315045516E-018
         242           1  0.000000000000000E+000 -3.823111684959017E-018
         242           2  0.000000000000000E+000 -5.176888315044143E-018
         243           1  0.000000000000000E+000 -3.823111684958468E-018
         243           2  0.000000000000000E+000 -5.176888315043668E-018
         244           1  0.000000000000000E+000 -3.823111684957986E-018
         244           2  0.000000000000000E+000 -5.176888315043812E-018
         245           1  0.000000000000000E+000 -3.823111684957516E-018
         245           2  0.000000000000000E+000 -5.176888315042606E-018
         246           1  0.000000000000000E+000 -3.823111684958917E-018
         246           2  0.000000000000000E+000 -5.176888315042724E-018
         247           1  0.000000000000000E+000 -3.823111684958065E-018
         247           2  0.000000000000000E+000 -5.176888315040872E-018
         248           1  0.000000000000000E+000 -3.823111684958815E-018
         248           2  0.000000000000000E+000 -5.176888315043201E-018
         249           1  0.000000000000000E+000 -3.823111684959968E-018
         249           2  0.000000000000000E+000 -5.176888315045067E-018
         250           1  0.000000000000000E+000 -3.823111684960251E-018
         250           2  0.000000000000000E+000 -5.176888315045273E-018
         251           1  0.000000000000000E+000 -3.823111684958903E-018
         251           2  0.000000000000000E+000 -5.176888315042691E-018
         252           1  0.000000000000000E+000 -3.823111684959434E-018
         252           2  0.000000000000000E+000 -5.176888315043595E-018
         253           1  0.000000000000000E+000 -3.823111684959047E-018
         253           2  0.000000000000000E+000 -5.176888315042199E-018
         254           1  0.000000000000000E+000 -3.823111684960495E-018
         254           2  0.000000000000000E+000 -5.176888315044956E-018
         255           1  0.000000000000000E+000 -3.823111684961940E-018
         255           2  0.000000000000000E+000 -5.176888315047338E-018
         256           1  0.000000000000000E+000 -3.823111684958606E-018
         256           2  0.000000000000000E+000 -5.176888315041943E-018
         257           1  0.000000000000000E+000 -3.823111684958696E-018
         257           2  0.000000000000000E+000 -5.176888315043232E-018
         258           1  0.000000000000000E+000 -3.823111684954387E-018
         258           2  0.000000000000000E+000 -5.176888315038425E-018
         259           1  0.000000000000000E+000 -3.823111684951807E-018
         259           2  0.000000000000000E+000 -5.176888315035933E-018
         260           1  0.000000000000000E+000 -3.823111684951524E-018
         260           2  0.000000000000000E+000 -5.176888315035608E-018
         261           1  0.000000000000000E+000 -3.823111684958745E-018
         261           2  0.000000000000000E+000 -5.176888315043213E-018
         262           1  0.000000000000000E+000 -3.823111684958351E-018
         262           2  0.000000000000000E+000 -5.176888315042946E-018
         263           1  0.000000000000000E+000 -3.823111684958851E-018
         263           2  0.000000000000000E+000 -5.176888315043504E-018
         264           1  0.000000000000000E+000 -3.823111684957468E-018
         264           2  0.000000000000000E+000 -5.176888315041725E-018
         265           1  0.000000000000000E+000 -3.823111684957466E-018
         265           2  0.000000000000000E+000 -5.176888315041417E-018
         266           1  0.000000000000000E+000 -3.823111684958111E-018
         266           2  0.000000000000000E+000 -5.176888315041645E-018
         267           1  0.000000000000000E+000 -3.823111684958858E-018
         267           2  0.000000000000000E+000 -5.176888315041632E-018
         268           1  0.000000000000000E+000 -3.823111684959039E-018
         268           2  0.000000000000000E+000 -5.176888315042445E-018
         269           1  0.000000000000000E+000 -3.823111684959764E-018
         269           2  0.000000000000000E+000 -5.176888315044264E-018
         270           1  0.000000000000000E+000 -3.823111684959711E-018
         270           2  0.000000000000000E+000 -5.176888315044701E-018
         271           1  0.000000000000000E+000 -3.823111684959143E-018
         271           2  0.000000000000000E+000 -5.176888315043020E-018
         272           1  0.000000000000000E+000 -3.823111684959011E-018
         272           2  0.000000000000000E+000 -5.176888315042703E-018
         273           1  0.000000000000000E+000 -3.823111684958920E-018
         273           2  0.000000000000000E+000 -5.176888315041873E-018
         274           1  0.000000000000000E+000 -3.823111684959773E-018
         274           2  0.000000000000000E+000 -5.176888315044050E-018
         275           1  0.000000000000000E+000 -3.823111684960867E-018
         275           2  0.000000000000000E+000 -5.176888315045318E-018
         276           1  0.000000000000000E+000 -3.823111684960909E-018
         276           2  0.000000000000000E+000 -5.176888315044909E-018
         277           1  0.000000000000000E+000 -3.823111684957887E-018
         277           2  0.000000000000000E+000 -5.176888315040610E-018
         278           1  0.000000000000000E+000 -3.823111684960499E-018
         278           2  0.000000000000000E+000 -5.176888315046615E-018
         279           1  0.000000000000000E+000 -3.823111684953222E-018
         279           2  0.000000000000000E+000 -5.176888315036793E-018
         280           1  0.000000000000000E+000 -3.823111684952445E-018
         280           2  0.000000000000000E+000 -5.176888315036019E-018
         281           1  0.000000000000000E+000 -3.823111684958231E-018
         281           2  0.000000000000000E+000 -5.176888315041885E-018
         282           1  0.000000000000000E+000 -3.823111684957647E-018
         282           2  0.000000000000000E+000 -5.176888315040819E-018
         283           1  0.000000000000000E+000 -3.823111684958150E-018
         283           2  0.000000000000000E+000 -5.176888315041601E-018
         284           1  0.000000000000000E+000 -3.823111684957833E-018
         284           2  0.000000000000000E+000 -5.176888315041594E-018
         285           1  0.000000000000000E+000 -3.823111684956793E-018
         285           2  0.000000000000000E+000 -5.176888315040789E-018
         286           1  0.000000000000000E+000 -3.823111684957510E-018
         286           2  0.000000000000000E+000 -5.176888315041480E-018
         287           1  0.000000000000000E+000 -3.823111684958479E-018
         287           2  0.000000000000000E+000 -5.176888315042039E-018
         288           1  0.000000000000000E+000 -3.823111684960345E-018
         288           2  0.000000000000000E+000 -5.176888315044607E-018
         289           1  0.000000000000000E+000 -3.823111684960713E-018
         289           2  0.000000000000000E+000 -5.176888315045831E-018
         290           1  0.000000000000000E+000 -3.823111684959633E-018
         290           2  0.000000000000000E+000 -5.176888315044178E-018
         291           1  0.000000000000000E+000 -3.823111684960539E-018
         291           2  0.000000000000000E+000 -5.176888315046080E-018
         292           1  0.000000000000000E+000 -3.823111684959817E-018
         292           2  0.000000000000000E+000 -5.176888315044172E-018
         293           1  0.000000000000000E+000 -3.823111684961176E-018
         293           2  0.000000000000000E+000 -5.176888315046028E-018
         294           1  0.000000000000000E+000 -3.823111684959147E-018
         294           2  0.000000000000000E+000 -5.176888315043053E-018
         295           1  0.000000000000000E+000 -3.823111684961197E-018
         295           2  0.000000000000000E+000 -5.176888315046468E-018
         296           1  0.000000000000000E+000 -3.823111684961869E-018
         296           2  0.000000000000000E+000 -5.176888315046777E-018
         297           1  0.000000000000000E+000 -3.823111684955187E-018
         297           2  0.000000000000000E+000 -5.176888315036994E-018
         298           1  0.000000000000000E+000 -3.823111684960665E-018
         298           2  0.000000000000000E+000 -5.176888315046704E-018
         299           1  0.000000000000000E+000 -3.823111684958464E-018
         299           2  0.000000000000000E+000 -5.176888315042743E-018
         300           1  0.000000000000000E+000 -3.823111684956225E-018
         300           2  0.000000000000000E+000 -5.176888315039883E-018
         301           1  0.000000000000000E+000 -3.823111684958064E-018
         301           2  0.000000000000000E+000 -5.176888315041333E-018
         302           1  0.000000000000000E+000 -3.823111684957644E-018
         302           2  0.000000000000000E+000 -5.176888315040598E-018
         303           1  0.000000000000000E+000 -3.823111684957553E-018
         303           2  0.000000000000000E+000 -5.176888315040957E-018
         304           1  0.000000000000000E+000 -3.823111684957362E-018
         304           2  0.000000000000000E+000 -5.176888315040975E-018
         305           1  0.000000000000000E+000 -3.823111684958224E-018
         305           2  0.000000000000000E+000 -5.176888315042176E-018
         306           1  0.000000000000000E+000 -3.823111684958081E-018
         306           2  0.000000000000000E+000 -5.176888315042701E-018
         307           1  0.000000000000000E+000 -3.823111684958120E-018
         307           2  0.000000000000000E+000 -5.176888315043141E-018
         308           1  0.000000000000000E+000 -3.823111684959992E-018
         308           2  0.000000000000000E+000 -5.176888315045191E-018
         309           1  0.000000000000000E+000 -3.823111684959313E-018
         309           2  0.000000000000000E+000 -5.176888315044499E-018
         310           1  0.000000000000000E+000 -3.823111684960281E-018
         310           2  0.000000000000000E+000 -5.176888315045607E-018
         311           1  0.000000000000000E+000 -3.823111684960707E-018
         311           2  0.000000000000000E+000 -5.176888315046538E-018
         312           1  0.000000000000000E+000 -3.823111684959706E-018
         312           2  0.000000000000000E+000 -5.176888315043792E-018
         313           1  0.000000000000000E+000 -3.823111684962518E-018
         313           2  0.000000000000000E+000 -5.176888315048397E-018
         314           1  0.000000000000000E+000 -3.823111684954924E-018
         314           2  0.000000000000000E+000 -5.176888315035089E-018
         315           1  0.000000000000000E+000 -3.823111684960361E-018
         315           2  0.000000000000000E+000 -5.176888315045577E-018
         316           1  0.000000000000000E+000 -3.823111684960782E-018
         316           2  0.000000000000000E+000 -5.176888315046484E-018
         317           1  0.000000000000000E+000 -3.823111684961023E-018
         317           2  0.000000000000000E+000 -5.176888315047979E-018
         318           1  0.000000000000000E+000 -3.823111684956539E-018
         318           2  0.000000000000000E+000 -5.176888315039659E-018
         319           1  0.000000000000000E+000 -3.823111684960128E-018
         319           2  0.000000000000000E+000 -5.176888315044958E-018
         320           1  0.000000000000000E+000 -3.823111684960237E-018
         320           2  0.000000000000000E+000 -5.176888315045269E-018
         321           1  0.000000000000000E+000 -3.823111684957878E-018
         321           2  0.000000000000000E+000 -5.176888315041160E-018
         322           1  0.000000000000000E+000 -3.823111684957141E-018
         322           2  0.000000000000000E+000 -5.176888315040531E-018
         323           1  0.000000000000000E+000 -3.823111684957803E-018
         323           2  0.000000000000000E+000 -5.176888315041261E-018
         324           1  0.000000000000000E+000 -3.823111684957585E-018
         324           2  0.000000000000000E+000 -5.176888315041064E-018
         325           1  0.000000000000000E+000 -3.823111684957453E-018
         325           2  0.000000000000000E+000 -5.176888315041230E-018
         326           1  0.000000000000000E+000 -3.823111684957431E-018
         326           2  0.000000000000000E+000 -5.176888315042383E-018
         327           1  0.000000000000000E+000 -3.823111684957408E-018
         327           2  0.000000000000000E+000 -5.176888315043334E-018
         328           1  0.000000000000000E+000 -3.823111684958865E-018
         328           2  0.000000000000000E+000 -5.176888315045118E-018
         329           1  0.000000000000000E+000 -3.823111684959284E-018
         329           2  0.000000000000000E+000 -5.176888315046774E-018
         330           1  0.000000000000000E+000 -3.823111684960324E-018
         330           2  0.000000000000000E+000 -5.176888315048251E-018
         331           1  0.000000000000000E+000 -3.823111684960384E-018
         331           2  0.000000000000000E+000 -5.176888315045570E-018
         332           1  0.000000000000000E+000 -3.823111684960819E-018
         332           2  0.000000000000000E+000 -5.176888315046221E-018
         333           1  0.000000000000000E+000 -3.823111684961002E-018
         333           2  0.000000000000000E+000 -5.176888315046422E-018
         334           1  0.000000000000000E+000 -3.823111684959919E-018
         334           2  0.000000000000000E+000 -5.176888315045194E-018
         335           1  0.000000000000000E+000 -3.823111684958924E-018
         335           2  0.000000000000000E+000 -5.176888315044286E-018
         336           1  0.000000000000000E+000 -3.823111684960354E-018
         336           2  0.000000000000000E+000 -5.176888315046964E-018
         337           1  0.000000000000000E+000 -3.823111684953973E-018
         337           2  0.000000000000000E+000 -5.176888315033294E-018
         338           1  0.000000000000000E+000 -3.823111684964082E-018
         338           2  0.000000000000000E+000 -5.176888315053502E-018
         339           1  0.000000000000000E+000 -3.823111684961619E-018
         339           2  0.000000000000000E+000 -5.176888315047391E-018
         340           1  0.000000000000000E+000 -3.823111684959499E-018
         340           2  0.000000000000000E+000 -5.176888315044550E-018
         341           1  0.000000000000000E+000 -3.823111684957805E-018
         341           2  0.000000000000000E+000 -5.176888315041763E-018
         342           1  0.000000000000000E+000 -3.823111684957394E-018
         342           2  0.000000000000000E+000 -5.176888315041612E-018
         343           1  0.000000000000000E+000 -3.823111684957486E-018
         343           2  0.000000000000000E+000 -5.176888315041175E-018
         344           1  0.000000000000000E+000 -3.823111684957466E-018
         344           2  0.000000000000000E+000 -5.176888315040836E-018
         345           1  0.000000000000000E+000 -3.823111684957160E-018
         345           2  0.000000000000000E+000 -5.176888315041026E-018
         346           1  0.000000000000000E+000 -3.823111684956983E-018
         346           2  0.000000000000000E+000 -5.176888315041737E-018
         347           1  0.000000000000000E+000 -3.823111684957741E-018
         347           2  0.000000000000000E+000 -5.176888315042987E-018
         348           1  0.000000000000000E+000 -3.823111684957646E-018
         348           2  0.000000000000000E+000 -5.176888315043533E-018
         349           1  0.000000000000000E+000 -3.823111684958741E-018
         349           2  0.000000000000000E+000 -5.176888315047371E-018
         350           1  0.000000000000000E+000 -3.823111684960148E-018
         350           2  0.000000000000000E+000 -5.176888315050161E-018
         351           1  0.000000000000000E+000 -3.823111684960073E-018
         351           2  0.000000000000000E+000 -5.176888315047939E-018
         352           1  0.000000000000000E+000 -3.823111684960346E-018
         352           2  0.000000000000000E+000 -5.176888315047660E-018
         353           1  0.000000000000000E+000 -3.823111684959389E-018
         353           2  0.000000000000000E+000 -5.176888315045681E-018
         354           1  0.000000000000000E+000 -3.823111684959869E-018
         354           2  0.000000000000000E+000 -5.176888315045157E-018
         355           1  0.000000000000000E+000 -3.823111684959120E-018
         355           2  0.000000000000000E+000 -5.176888315044494E-018
         356           1  0.000000000000000E+000 -3.823111684960273E-018
         356           2  0.000000000000000E+000 -5.176888315046694E-018
         357           1  0.000000000000000E+000 -3.823111684961520E-018
         357           2  0.000000000000000E+000 -5.176888315048244E-018
         358           1  0.000000000000000E+000 -3.823111684956094E-018
         358           2  0.000000000000000E+000 -5.176888315040081E-018
         359           1  0.000000000000000E+000 -3.823111684962054E-018
         359           2  0.000000000000000E+000 -5.176888315048129E-018
         360           1  0.000000000000000E+000 -3.823111684962840E-018
         360           2  0.000000000000000E+000 -5.176888315049432E-018
         361           1  0.000000000000000E+000 -3.823111684956369E-018
         361           2  0.000000000000000E+000 -5.176888315041484E-018
         362           1  0.000000000000000E+000 -3.823111684957193E-018
         362           2  0.000000000000000E+000 -5.176888315041692E-018
         363           1  0.000000000000000E+000 -3.823111684957144E-018
         363           2  0.000000000000000E+000 -5.176888315041403E-018
         364           1  0.000000000000000E+000 -3.823111684957054E-018
         364           2  0.000000000000000E+000 -5.176888315041254E-018
         365           1  0.000000000000000E+000 -3.823111684957678E-018
         365           2  0.000000000000000E+000 -5.176888315042529E-018
         366           1  0.000000000000000E+000 -3.823111684957801E-018
         366           2  0.000000000000000E+000 -5.176888315042567E-018
         367           1  0.000000000000000E+000 -3.823111684958670E-018
         367           2  0.000000000000000E+000 -5.176888315044097E-018
         368           1  0.000000000000000E+000 -3.823111684960549E-018
         368           2  0.000000000000000E+000 -5.176888315047673E-018
         369           1  0.000000000000000E+000 -3.823111684959680E-018
         369           2  0.000000000000000E+000 -5.176888315048107E-018
         370           1  0.000000000000000E+000 -3.823111684959697E-018
         370           2  0.000000000000000E+000 -5.176888315048894E-018
         371           1  0.000000000000000E+000 -3.823111684960911E-018
         371           2  0.000000000000000E+000 -5.176888315049781E-018
         372           1  0.000000000000000E+000 -3.823111684958950E-018
         372           2  0.000000000000000E+000 -5.176888315047291E-018
         373           1  0.000000000000000E+000 -3.823111684960217E-018
         373           2  0.000000000000000E+000 -5.176888315048029E-018
         374           1  0.000000000000000E+000 -3.823111684960292E-018
         374           2  0.000000000000000E+000 -5.176888315045531E-018
         375           1  0.000000000000000E+000 -3.823111684959567E-018
         375           2  0.000000000000000E+000 -5.176888315044535E-018
         376           1  0.000000000000000E+000 -3.823111684973102E-018
         376           2  0.000000000000000E+000 -5.176888315067286E-018
         377           1  0.000000000000000E+000 -3.823111684962324E-018
         377           2  0.000000000000000E+000 -5.176888315049424E-018
         378           1  0.000000000000000E+000 -3.823111684968864E-018
         378           2  0.000000000000000E+000 -5.176888315061763E-018
         379           1  0.000000000000000E+000 -3.823111684961589E-018
         379           2  0.000000000000000E+000 -5.176888315047022E-018
         380           1  0.000000000000000E+000 -3.823111684961084E-018
         380           2  0.000000000000000E+000 -5.176888315046284E-018
         381           1  0.000000000000000E+000 -3.823111684957016E-018
         381           2  0.000000000000000E+000 -5.176888315041855E-018
         382           1  0.000000000000000E+000 -3.823111684957160E-018
         382           2  0.000000000000000E+000 -5.176888315041621E-018
         383           1  0.000000000000000E+000 -3.823111684957190E-018
         383           2  0.000000000000000E+000 -5.176888315041734E-018
         384           1  0.000000000000000E+000 -3.823111684956962E-018
         384           2  0.000000000000000E+000 -5.176888315041316E-018
         385           1  0.000000000000000E+000 -3.823111684956951E-018
         385           2  0.000000000000000E+000 -5.176888315042161E-018
         386           1  0.000000000000000E+000 -3.823111684957994E-018
         386           2  0.000000000000000E+000 -5.176888315043449E-018
         387           1  0.000000000000000E+000 -3.823111684959360E-018
         387           2  0.000000000000000E+000 -5.176888315046706E-018
         388           1  0.000000000000000E+000 -3.823111684960538E-018
         388           2  0.000000000000000E+000 -5.176888315048133E-018
         389           1  0.000000000000000E+000 -3.823111684960138E-018
         389           2  0.000000000000000E+000 -5.176888315048795E-018
         390           1  0.000000000000000E+000 -3.823111684961506E-018
         390           2  0.000000000000000E+000 -5.176888315051466E-018
         391           1  0.000000000000000E+000 -3.823111684960116E-018
         391           2  0.000000000000000E+000 -5.176888315049785E-018
         392           1  0.000000000000000E+000 -3.823111684959975E-018
         392           2  0.000000000000000E+000 -5.176888315049821E-018
         393           1  0.000000000000000E+000 -3.823111684960694E-018
         393           2  0.000000000000000E+000 -5.176888315049441E-018
         394           1  0.000000000000000E+000 -3.823111684960786E-018
         394           2  0.000000000000000E+000 -5.176888315047053E-018
         395           1  0.000000000000000E+000 -3.823111684960620E-018
         395           2  0.000000000000000E+000 -5.176888315047425E-018
         396           1  0.000000000000000E+000 -3.823111684962479E-018
         396           2  0.000000000000000E+000 -5.176888315049277E-018
         397           1  0.000000000000000E+000 -3.823111684962023E-018
         397           2  0.000000000000000E+000 -5.176888315048648E-018
         398           1  0.000000000000000E+000 -3.823111684955339E-018
         398           2  0.000000000000000E+000 -5.176888315038424E-018
         399           1  0.000000000000000E+000 -3.823111684957807E-018
         399           2  0.000000000000000E+000 -5.176888315042151E-018
         400           1  0.000000000000000E+000 -3.823111684963785E-018
         400           2  0.000000000000000E+000 -5.176888315051945E-018
