           1           1  0.000000000000000E+000 -1.923076923076247E-017
           1           2  0.000000000000000E+000 -5.769230769228281E-018
           2           1  0.000000000000000E+000 -1.923076923076371E-017
           2           2  0.000000000000000E+000 -5.769230769229564E-018
           3           1  0.000000000000000E+000 -1.923076923076706E-017
           3           2  0.000000000000000E+000 -5.769230769230676E-018
           4           1  0.000000000000000E+000 -1.923076923076826E-017
           4           2  0.000000000000000E+000 -5.769230769230897E-018
           5           1  0.000000000000000E+000 -1.923076923077246E-017
           5           2  0.000000000000000E+000 -5.769230769231959E-018
           6           1  0.000000000000000E+000 -1.923076923077009E-017
           6           2  0.000000000000000E+000 -5.769230769231011E-018
           7           1  0.000000000000000E+000 -1.923076923077341E-017
           7           2  0.000000000000000E+000 -5.769230769231719E-018
           8           1  0.000000000000000E+000 -1.923076923077059E-017
           8           2  0.000000000000000E+000 -5.769230769231233E-018
           9           1  0.000000000000000E+000 -1.923076923077197E-017
           9           2  0.000000000000000E+000 -5.769230769231433E-018
          10           1  0.000000000000000E+000 -1.923076923076902E-017
          10           2  0.000000000000000E+000 -5.769230769230632E-018
          11           1  0.000000000000000E+000 -1.923076923076585E-017
          11           2  0.000000000000000E+000 -5.769230769229855E-018
          12           1  0.000000000000000E+000 -1.923076923077041E-017
          12           2  0.000000000000000E+000 -5.769230769231260E-018
          13           1  0.000000000000000E+000 -1.923076923076990E-017
          13           2  0.000000000000000E+000 -5.769230769231205E-018
          14           1  0.000000000000000E+000 -1.923076923076587E-017
          14           2  0.000000000000000E+000 -5.769230769230328E-018
          15           1  0.000000000000000E+000 -1.923076923076888E-017
          15           2  0.000000000000000E+000 -5.769230769230575E-018
          16           1  0.000000000000000E+000 -1.923076923076901E-017
          16           2  0.000000000000000E+000 -5.769230769230970E-018
          17           1  0.000000000000000E+000 -1.923076923077035E-017
          17           2  0.000000000000000E+000 -5.769230769230992E-018
          18           1  0.000000000000000E+000 -1.923076923076651E-017
          18           2  0.000000000000000E+000 -5.769230769230169E-018
          19           1  0.000000000000000E+000 -1.923076923077280E-017
          19           2  0.000000000000000E+000 -5.769230769231370E-018
          20           1  0.000000000000000E+000 -1.923076923077172E-017
          20           2  0.000000000000000E+000 -5.769230769231398E-018
          21           1  0.000000000000000E+000 -1.923076923076358E-017
          21           2  0.000000000000000E+000 -5.769230769229271E-018
          22           1  0.000000000000000E+000 -1.923076923076581E-017
          22           2  0.000000000000000E+000 -5.769230769229938E-018
          23           1  0.000000000000000E+000 -1.923076923076712E-017
          23           2  0.000000000000000E+000 -5.769230769230632E-018
          24           1  0.000000000000000E+000 -1.923076923077100E-017
          24           2  0.000000000000000E+000 -5.769230769231393E-018
          25           1  0.000000000000000E+000 -1.923076923077252E-017
          25           2  0.000000000000000E+000 -5.769230769231429E-018
          26           1  0.000000000000000E+000 -1.923076923077055E-017
          26           2  0.000000000000000E+000 -5.769230769231477E-018
          27           1  0.000000000000000E+000 -1.923076923077129E-017
          27           2  0.000000000000000E+000 -5.769230769231649E-018
          28           1  0.000000000000000E+000 -1.923076923077195E-017
          28           2  0.000000000000000E+000 -5.769230769230941E-018
          29           1  0.000000000000000E+000 -1.923076923076998E-017
          29           2  0.000000000000000E+000 -5.769230769230972E-018
          30           1  0.000000000000000E+000 -1.923076923076966E-017
          30           2  0.000000000000000E+000 -5.769230769231369E-018
          31           1  0.000000000000000E+000 -1.923076923076861E-017
          31           2  0.000000000000000E+000 -5.769230769230729E-018
          32           1  0.000000000000000E+000 -1.923076923076607E-017
          32           2  0.000000000000000E+000 -5.769230769230181E-018
          33           1  0.000000000000000E+000 -1.923076923076698E-017
          33           2  0.000000000000000E+000 -5.769230769230361E-018
          34           1  0.000000000000000E+000 -1.923076923076708E-017
          34           2  0.000000000000000E+000 -5.769230769230481E-018
          35           1  0.000000000000000E+000 -1.923076923076674E-017
          35           2  0.000000000000000E+000 -5.769230769230382E-018
          36           1  0.000000000000000E+000 -1.923076923076807E-017
          36           2  0.000000000000000E+000 -5.769230769230683E-018
          37           1  0.000000000000000E+000 -1.923076923077286E-017
          37           2  0.000000000000000E+000 -5.769230769231937E-018
          38           1  0.000000000000000E+000 -1.923076923076645E-017
          38           2  0.000000000000000E+000 -5.769230769229808E-018
          39           1  0.000000000000000E+000 -1.923076923076706E-017
          39           2  0.000000000000000E+000 -5.769230769230353E-018
          40           1  0.000000000000000E+000 -1.923076923076417E-017
          40           2  0.000000000000000E+000 -5.769230769229523E-018
          41           1  0.000000000000000E+000 -1.923076923076360E-017
          41           2  0.000000000000000E+000 -5.769230769229568E-018
          42           1  0.000000000000000E+000 -1.923076923076513E-017
          42           2  0.000000000000000E+000 -5.769230769229495E-018
          43           1  0.000000000000000E+000 -1.923076923076757E-017
          43           2  0.000000000000000E+000 -5.769230769230449E-018
          44           1  0.000000000000000E+000 -1.923076923077007E-017
          44           2  0.000000000000000E+000 -5.769230769230937E-018
          45           1  0.000000000000000E+000 -1.923076923077076E-017
          45           2  0.000000000000000E+000 -5.769230769231053E-018
          46           1  0.000000000000000E+000 -1.923076923077120E-017
          46           2  0.000000000000000E+000 -5.769230769231419E-018
          47           1  0.000000000000000E+000 -1.923076923077125E-017
          47           2  0.000000000000000E+000 -5.769230769231606E-018
          48           1  0.000000000000000E+000 -1.923076923076472E-017
          48           2  0.000000000000000E+000 -5.769230769229977E-018
          49           1  0.000000000000000E+000 -1.923076923077064E-017
          49           2  0.000000000000000E+000 -5.769230769231112E-018
          50           1  0.000000000000000E+000 -1.923076923076896E-017
          50           2  0.000000000000000E+000 -5.769230769230713E-018
          51           1  0.000000000000000E+000 -1.923076923076713E-017
          51           2  0.000000000000000E+000 -5.769230769229630E-018
          52           1  0.000000000000000E+000 -1.923076923076790E-017
          52           2  0.000000000000000E+000 -5.769230769230767E-018
          53           1  0.000000000000000E+000 -1.923076923076691E-017
          53           2  0.000000000000000E+000 -5.769230769230049E-018
          54           1  0.000000000000000E+000 -1.923076923076664E-017
          54           2  0.000000000000000E+000 -5.769230769230236E-018
          55           1  0.000000000000000E+000 -1.923076923076561E-017
          55           2  0.000000000000000E+000 -5.769230769230247E-018
          56           1  0.000000000000000E+000 -1.923076923076833E-017
          56           2  0.000000000000000E+000 -5.769230769230877E-018
          57           1  0.000000000000000E+000 -1.923076923077176E-017
          57           2  0.000000000000000E+000 -5.769230769231807E-018
          58           1  0.000000000000000E+000 -1.923076923077230E-017
          58           2  0.000000000000000E+000 -5.769230769231540E-018
          59           1  0.000000000000000E+000 -1.923076923076641E-017
          59           2  0.000000000000000E+000 -5.769230769229769E-018
          60           1  0.000000000000000E+000 -1.923076923077001E-017
          60           2  0.000000000000000E+000 -5.769230769231276E-018
          61           1  0.000000000000000E+000 -1.923076923076999E-017
          61           2  0.000000000000000E+000 -5.769230769230673E-018
          62           1  0.000000000000000E+000 -1.923076923076748E-017
          62           2  0.000000000000000E+000 -5.769230769230012E-018
          63           1  0.000000000000000E+000 -1.923076923076701E-017
          63           2  0.000000000000000E+000 -5.769230769230136E-018
          64           1  0.000000000000000E+000 -1.923076923077064E-017
          64           2  0.000000000000000E+000 -5.769230769231210E-018
          65           1  0.000000000000000E+000 -1.923076923077287E-017
          65           2  0.000000000000000E+000 -5.769230769231629E-018
          66           1  0.000000000000000E+000 -1.923076923077144E-017
          66           2  0.000000000000000E+000 -5.769230769231372E-018
          67           1  0.000000000000000E+000 -1.923076923076756E-017
          67           2  0.000000000000000E+000 -5.769230769230774E-018
          68           1  0.000000000000000E+000 -1.923076923076548E-017
          68           2  0.000000000000000E+000 -5.769230769229924E-018
          69           1  0.000000000000000E+000 -1.923076923077077E-017
          69           2  0.000000000000000E+000 -5.769230769231284E-018
          70           1  0.000000000000000E+000 -1.923076923076611E-017
          70           2  0.000000000000000E+000 -5.769230769230092E-018
          71           1  0.000000000000000E+000 -1.923076923076334E-017
          71           2  0.000000000000000E+000 -5.769230769229374E-018
          72           1  0.000000000000000E+000 -1.923076923076350E-017
          72           2  0.000000000000000E+000 -5.769230769229250E-018
          73           1  0.000000000000000E+000 -1.923076923076376E-017
          73           2  0.000000000000000E+000 -5.769230769229287E-018
          74           1  0.000000000000000E+000 -1.923076923076175E-017
          74           2  0.000000000000000E+000 -5.769230769228498E-018
          75           1  0.000000000000000E+000 -1.923076923076414E-017
          75           2  0.000000000000000E+000 -5.769230769229402E-018
          76           1  0.000000000000000E+000 -1.923076923076968E-017
          76           2  0.000000000000000E+000 -5.769230769231098E-018
          77           1  0.000000000000000E+000 -1.923076923077128E-017
          77           2  0.000000000000000E+000 -5.769230769231182E-018
          78           1  0.000000000000000E+000 -1.923076923076714E-017
          78           2  0.000000000000000E+000 -5.769230769230314E-018
          79           1  0.000000000000000E+000 -1.923076923077360E-017
          79           2  0.000000000000000E+000 -5.769230769231924E-018
          80           1  0.000000000000000E+000 -1.923076923077413E-017
          80           2  0.000000000000000E+000 -5.769230769232391E-018
          81           1  0.000000000000000E+000 -1.923076923076826E-017
          81           2  0.000000000000000E+000 -5.769230769230532E-018
          82           1  0.000000000000000E+000 -1.923076923076568E-017
          82           2  0.000000000000000E+000 -5.769230769229887E-018
          83           1  0.000000000000000E+000 -1.923076923077071E-017
          83           2  0.000000000000000E+000 -5.769230769231090E-018
          84           1  0.000000000000000E+000 -1.923076923076917E-017
          84           2  0.000000000000000E+000 -5.769230769230800E-018
          85           1  0.000000000000000E+000 -1.923076923077009E-017
          85           2  0.000000000000000E+000 -5.769230769231078E-018
          86           1  0.000000000000000E+000 -1.923076923076994E-017
          86           2  0.000000000000000E+000 -5.769230769230920E-018
          87           1  0.000000000000000E+000 -1.923076923076631E-017
          87           2  0.000000000000000E+000 -5.769230769230318E-018
          88           1  0.000000000000000E+000 -1.923076923076909E-017
          88           2  0.000000000000000E+000 -5.769230769230978E-018
          89           1  0.000000000000000E+000 -1.923076923076621E-017
          89           2  0.000000000000000E+000 -5.769230769230251E-018
          90           1  0.000000000000000E+000 -1.923076923076635E-017
          90           2  0.000000000000000E+000 -5.769230769230233E-018
          91           1  0.000000000000000E+000 -1.923076923076752E-017
          91           2  0.000000000000000E+000 -5.769230769230379E-018
          92           1  0.000000000000000E+000 -1.923076923076572E-017
          92           2  0.000000000000000E+000 -5.769230769230154E-018
          93           1  0.000000000000000E+000 -1.923076923076602E-017
          93           2  0.000000000000000E+000 -5.769230769230106E-018
          94           1  0.000000000000000E+000 -1.923076923076464E-017
          94           2  0.000000000000000E+000 -5.769230769229575E-018
          95           1  0.000000000000000E+000 -1.923076923076513E-017
          95           2  0.000000000000000E+000 -5.769230769229981E-018
          96           1  0.000000000000000E+000 -1.923076923077219E-017
          96           2  0.000000000000000E+000 -5.769230769231623E-018
          97           1  0.000000000000000E+000 -1.923076923077041E-017
          97           2  0.000000000000000E+000 -5.769230769231387E-018
          98           1  0.000000000000000E+000 -1.923076923077051E-017
          98           2  0.000000000000000E+000 -5.769230769231152E-018
          99           1  0.000000000000000E+000 -1.923076923077083E-017
          99           2  0.000000000000000E+000 -5.769230769231451E-018
         100           1  0.000000000000000E+000 -1.923076923076945E-017
         100           2  0.000000000000000E+000 -5.769230769230841E-018
         101           1  0.000000000000000E+000 -1.923076923077215E-017
         101           2  0.000000000000000E+000 -5.769230769231900E-018
         102           1  0.000000000000000E+000 -1.923076923077340E-017
         102           2  0.000000000000000E+000 -5.769230769232124E-018
         103           1  0.000000000000000E+000 -1.923076923077386E-017
         103           2  0.000000000000000E+000 -5.769230769231888E-018
         104           1  0.000000000000000E+000 -1.923076923077304E-017
         104           2  0.000000000000000E+000 -5.769230769231835E-018
         105           1  0.000000000000000E+000 -1.923076923077232E-017
         105           2  0.000000000000000E+000 -5.769230769231605E-018
         106           1  0.000000000000000E+000 -1.923076923076798E-017
         106           2  0.000000000000000E+000 -5.769230769230450E-018
         107           1  0.000000000000000E+000 -1.923076923076615E-017
         107           2  0.000000000000000E+000 -5.769230769230094E-018
         108           1  0.000000000000000E+000 -1.923076923076751E-017
         108           2  0.000000000000000E+000 -5.769230769230397E-018
         109           1  0.000000000000000E+000 -1.923076923076626E-017
         109           2  0.000000000000000E+000 -5.769230769230176E-018
         110           1  0.000000000000000E+000 -1.923076923076859E-017
         110           2  0.000000000000000E+000 -5.769230769230548E-018
         111           1  0.000000000000000E+000 -1.923076923076847E-017
         111           2  0.000000000000000E+000 -5.769230769230603E-018
         112           1  0.000000000000000E+000 -1.923076923076501E-017
         112           2  0.000000000000000E+000 -5.769230769230223E-018
         113           1  0.000000000000000E+000 -1.923076923076847E-017
         113           2  0.000000000000000E+000 -5.769230769230786E-018
         114           1  0.000000000000000E+000 -1.923076923076691E-017
         114           2  0.000000000000000E+000 -5.769230769230344E-018
         115           1  0.000000000000000E+000 -1.923076923076805E-017
         115           2  0.000000000000000E+000 -5.769230769230551E-018
         116           1  0.000000000000000E+000 -1.923076923077249E-017
         116           2  0.000000000000000E+000 -5.769230769231990E-018
         117           1  0.000000000000000E+000 -1.923076923076945E-017
         117           2  0.000000000000000E+000 -5.769230769231161E-018
         118           1  0.000000000000000E+000 -1.923076923077240E-017
         118           2  0.000000000000000E+000 -5.769230769231820E-018
         119           1  0.000000000000000E+000 -1.923076923077201E-017
         119           2  0.000000000000000E+000 -5.769230769231813E-018
         120           1  0.000000000000000E+000 -1.923076923076896E-017
         120           2  0.000000000000000E+000 -5.769230769230505E-018
         121           1  0.000000000000000E+000 -1.923076923076945E-017
         121           2  0.000000000000000E+000 -5.769230769231080E-018
         122           1  0.000000000000000E+000 -1.923076923076972E-017
         122           2  0.000000000000000E+000 -5.769230769231583E-018
         123           1  0.000000000000000E+000 -1.923076923077581E-017
         123           2  0.000000000000000E+000 -5.769230769232649E-018
         124           1  0.000000000000000E+000 -1.923076923077404E-017
         124           2  0.000000000000000E+000 -5.769230769232067E-018
         125           1  0.000000000000000E+000 -1.923076923077195E-017
         125           2  0.000000000000000E+000 -5.769230769231485E-018
         126           1  0.000000000000000E+000 -1.923076923076815E-017
         126           2  0.000000000000000E+000 -5.769230769230411E-018
         127           1  0.000000000000000E+000 -1.923076923076643E-017
         127           2  0.000000000000000E+000 -5.769230769230181E-018
         128           1  0.000000000000000E+000 -1.923076923076684E-017
         128           2  0.000000000000000E+000 -5.769230769230136E-018
         129           1  0.000000000000000E+000 -1.923076923076603E-017
         129           2  0.000000000000000E+000 -5.769230769230237E-018
         130           1  0.000000000000000E+000 -1.923076923076803E-017
         130           2  0.000000000000000E+000 -5.769230769230556E-018
         131           1  0.000000000000000E+000 -1.923076923076672E-017
         131           2  0.000000000000000E+000 -5.769230769230295E-018
         132           1  0.000000000000000E+000 -1.923076923076665E-017
         132           2  0.000000000000000E+000 -5.769230769230365E-018
         133           1  0.000000000000000E+000 -1.923076923076841E-017
         133           2  0.000000000000000E+000 -5.769230769230663E-018
         134           1  0.000000000000000E+000 -1.923076923076808E-017
         134           2  0.000000000000000E+000 -5.769230769230586E-018
         135           1  0.000000000000000E+000 -1.923076923077169E-017
         135           2  0.000000000000000E+000 -5.769230769231491E-018
         136           1  0.000000000000000E+000 -1.923076923077505E-017
         136           2  0.000000000000000E+000 -5.769230769232283E-018
         137           1  0.000000000000000E+000 -1.923076923077123E-017
         137           2  0.000000000000000E+000 -5.769230769231439E-018
         138           1  0.000000000000000E+000 -1.923076923077063E-017
         138           2  0.000000000000000E+000 -5.769230769231381E-018
         139           1  0.000000000000000E+000 -1.923076923077328E-017
         139           2  0.000000000000000E+000 -5.769230769231665E-018
         140           1  0.000000000000000E+000 -1.923076923077223E-017
         140           2  0.000000000000000E+000 -5.769230769231065E-018
         141           1  0.000000000000000E+000 -1.923076923077781E-017
         141           2  0.000000000000000E+000 -5.769230769232850E-018
         142           1  0.000000000000000E+000 -1.923076923077859E-017
         142           2  0.000000000000000E+000 -5.769230769233080E-018
         143           1  0.000000000000000E+000 -1.923076923077736E-017
         143           2  0.000000000000000E+000 -5.769230769233028E-018
         144           1  0.000000000000000E+000 -1.923076923077204E-017
         144           2  0.000000000000000E+000 -5.769230769231622E-018
         145           1  0.000000000000000E+000 -1.923076923076905E-017
         145           2  0.000000000000000E+000 -5.769230769230782E-018
         146           1  0.000000000000000E+000 -1.923076923076703E-017
         146           2  0.000000000000000E+000 -5.769230769230391E-018
         147           1  0.000000000000000E+000 -1.923076923076753E-017
         147           2  0.000000000000000E+000 -5.769230769230496E-018
         148           1  0.000000000000000E+000 -1.923076923076806E-017
         148           2  0.000000000000000E+000 -5.769230769230746E-018
         149           1  0.000000000000000E+000 -1.923076923076639E-017
         149           2  0.000000000000000E+000 -5.769230769230303E-018
         150           1  0.000000000000000E+000 -1.923076923076537E-017
         150           2  0.000000000000000E+000 -5.769230769230089E-018
         151           1  0.000000000000000E+000 -1.923076923076453E-017
         151           2  0.000000000000000E+000 -5.769230769229565E-018
         152           1  0.000000000000000E+000 -1.923076923076775E-017
         152           2  0.000000000000000E+000 -5.769230769230441E-018
         153           1  0.000000000000000E+000 -1.923076923076869E-017
         153           2  0.000000000000000E+000 -5.769230769230404E-018
         154           1  0.000000000000000E+000 -1.923076923076962E-017
         154           2  0.000000000000000E+000 -5.769230769230904E-018
         155           1  0.000000000000000E+000 -1.923076923076908E-017
         155           2  0.000000000000000E+000 -5.769230769230695E-018
         156           1  0.000000000000000E+000 -1.923076923076948E-017
         156           2  0.000000000000000E+000 -5.769230769230680E-018
         157           1  0.000000000000000E+000 -1.923076923076907E-017
         157           2  0.000000000000000E+000 -5.769230769230574E-018
         158           1  0.000000000000000E+000 -1.923076923076974E-017
         158           2  0.000000000000000E+000 -5.769230769230685E-018
         159           1  0.000000000000000E+000 -1.923076923077015E-017
         159           2  0.000000000000000E+000 -5.769230769230541E-018
         160           1  0.000000000000000E+000 -1.923076923076897E-017
         160           2  0.000000000000000E+000 -5.769230769230544E-018
         161           1  0.000000000000000E+000 -1.923076923076672E-017
         161           2  0.000000000000000E+000 -5.769230769230486E-018
         162           1  0.000000000000000E+000 -1.923076923076573E-017
         162           2  0.000000000000000E+000 -5.769230769229727E-018
         163           1  0.000000000000000E+000 -1.923076923076637E-017
         163           2  0.000000000000000E+000 -5.769230769230092E-018
         164           1  0.000000000000000E+000 -1.923076923076786E-017
         164           2  0.000000000000000E+000 -5.769230769230762E-018
         165           1  0.000000000000000E+000 -1.923076923076922E-017
         165           2  0.000000000000000E+000 -5.769230769230938E-018
         166           1  0.000000000000000E+000 -1.923076923077106E-017
         166           2  0.000000000000000E+000 -5.769230769231430E-018
         167           1  0.000000000000000E+000 -1.923076923077206E-017
         167           2  0.000000000000000E+000 -5.769230769231857E-018
         168           1  0.000000000000000E+000 -1.923076923077114E-017
         168           2  0.000000000000000E+000 -5.769230769231573E-018
         169           1  0.000000000000000E+000 -1.923076923077013E-017
         169           2  0.000000000000000E+000 -5.769230769231511E-018
         170           1  0.000000000000000E+000 -1.923076923076386E-017
         170           2  0.000000000000000E+000 -5.769230769229831E-018
         171           1  0.000000000000000E+000 -1.923076923076453E-017
         171           2  0.000000000000000E+000 -5.769230769229596E-018
         172           1  0.000000000000000E+000 -1.923076923076587E-017
         172           2  0.000000000000000E+000 -5.769230769229827E-018
         173           1  0.000000000000000E+000 -1.923076923076770E-017
         173           2  0.000000000000000E+000 -5.769230769230245E-018
         174           1  0.000000000000000E+000 -1.923076923076859E-017
         174           2  0.000000000000000E+000 -5.769230769230647E-018
         175           1  0.000000000000000E+000 -1.923076923076782E-017
         175           2  0.000000000000000E+000 -5.769230769230559E-018
         176           1  0.000000000000000E+000 -1.923076923076922E-017
         176           2  0.000000000000000E+000 -5.769230769230711E-018
         177           1  0.000000000000000E+000 -1.923076923076774E-017
         177           2  0.000000000000000E+000 -5.769230769230428E-018
         178           1  0.000000000000000E+000 -1.923076923076897E-017
         178           2  0.000000000000000E+000 -5.769230769230426E-018
         179           1  0.000000000000000E+000 -1.923076923076738E-017
         179           2  0.000000000000000E+000 -5.769230769230157E-018
         180           1  0.000000000000000E+000 -1.923076923076616E-017
         180           2  0.000000000000000E+000 -5.769230769229671E-018
         181           1  0.000000000000000E+000 -1.923076923076811E-017
         181           2  0.000000000000000E+000 -5.769230769230585E-018
         182           1  0.000000000000000E+000 -1.923076923076610E-017
         182           2  0.000000000000000E+000 -5.769230769230438E-018
         183           1  0.000000000000000E+000 -1.923076923076806E-017
         183           2  0.000000000000000E+000 -5.769230769230628E-018
         184           1  0.000000000000000E+000 -1.923076923076118E-017
         184           2  0.000000000000000E+000 -5.769230769229080E-018
         185           1  0.000000000000000E+000 -1.923076923076955E-017
         185           2  0.000000000000000E+000 -5.769230769230928E-018
         186           1  0.000000000000000E+000 -1.923076923077025E-017
         186           2  0.000000000000000E+000 -5.769230769231128E-018
         187           1  0.000000000000000E+000 -1.923076923077389E-017
         187           2  0.000000000000000E+000 -5.769230769232320E-018
         188           1  0.000000000000000E+000 -1.923076923077110E-017
         188           2  0.000000000000000E+000 -5.769230769231587E-018
         189           1  0.000000000000000E+000 -1.923076923077155E-017
         189           2  0.000000000000000E+000 -5.769230769231787E-018
         190           1  0.000000000000000E+000 -1.923076923076565E-017
         190           2  0.000000000000000E+000 -5.769230769229902E-018
         191           1  0.000000000000000E+000 -1.923076923076197E-017
         191           2  0.000000000000000E+000 -5.769230769229390E-018
         192           1  0.000000000000000E+000 -1.923076923076348E-017
         192           2  0.000000000000000E+000 -5.769230769229219E-018
         193           1  0.000000000000000E+000 -1.923076923076756E-017
         193           2  0.000000000000000E+000 -5.769230769230179E-018
         194           1  0.000000000000000E+000 -1.923076923076946E-017
         194           2  0.000000000000000E+000 -5.769230769231093E-018
         195           1  0.000000000000000E+000 -1.923076923076919E-017
         195           2  0.000000000000000E+000 -5.769230769230939E-018
         196           1  0.000000000000000E+000 -1.923076923076867E-017
         196           2  0.000000000000000E+000 -5.769230769230570E-018
         197           1  0.000000000000000E+000 -1.923076923076719E-017
         197           2  0.000000000000000E+000 -5.769230769230273E-018
         198           1  0.000000000000000E+000 -1.923076923076735E-017
         198           2  0.000000000000000E+000 -5.769230769230106E-018
         199           1  0.000000000000000E+000 -1.923076923076758E-017
         199           2  0.000000000000000E+000 -5.769230769229997E-018
         200           1  0.000000000000000E+000 -1.923076923076388E-017
         200           2  0.000000000000000E+000 -5.769230769229167E-018
         201           1  0.000000000000000E+000 -1.923076923076763E-017
         201           2  0.000000000000000E+000 -5.769230769230412E-018
         202           1  0.000000000000000E+000 -1.923076923076815E-017
         202           2  0.000000000000000E+000 -5.769230769230029E-018
         203           1  0.000000000000000E+000 -1.923076923076586E-017
         203           2  0.000000000000000E+000 -5.769230769229979E-018
         204           1  0.000000000000000E+000 -1.923076923076400E-017
         204           2  0.000000000000000E+000 -5.769230769229686E-018
         205           1  0.000000000000000E+000 -1.923076923076435E-017
         205           2  0.000000000000000E+000 -5.769230769229814E-018
         206           1  0.000000000000000E+000 -1.923076923077139E-017
         206           2  0.000000000000000E+000 -5.769230769231537E-018
         207           1  0.000000000000000E+000 -1.923076923077461E-017
         207           2  0.000000000000000E+000 -5.769230769232655E-018
         208           1  0.000000000000000E+000 -1.923076923077747E-017
         208           2  0.000000000000000E+000 -5.769230769232920E-018
         209           1  0.000000000000000E+000 -1.923076923077146E-017
         209           2  0.000000000000000E+000 -5.769230769231770E-018
         210           1  0.000000000000000E+000 -1.923076923076824E-017
         210           2  0.000000000000000E+000 -5.769230769230416E-018
         211           1  0.000000000000000E+000 -1.923076923076197E-017
         211           2  0.000000000000000E+000 -5.769230769229061E-018
         212           1  0.000000000000000E+000 -1.923076923076515E-017
         212           2  0.000000000000000E+000 -5.769230769229860E-018
         213           1  0.000000000000000E+000 -1.923076923076757E-017
         213           2  0.000000000000000E+000 -5.769230769230352E-018
         214           1  0.000000000000000E+000 -1.923076923076943E-017
         214           2  0.000000000000000E+000 -5.769230769230860E-018
         215           1  0.000000000000000E+000 -1.923076923077023E-017
         215           2  0.000000000000000E+000 -5.769230769231209E-018
         216           1  0.000000000000000E+000 -1.923076923076867E-017
         216           2  0.000000000000000E+000 -5.769230769230550E-018
         217           1  0.000000000000000E+000 -1.923076923076858E-017
         217           2  0.000000000000000E+000 -5.769230769230522E-018
         218           1  0.000000000000000E+000 -1.923076923076893E-017
         218           2  0.000000000000000E+000 -5.769230769230708E-018
         219           1  0.000000000000000E+000 -1.923076923076699E-017
         219           2  0.000000000000000E+000 -5.769230769230079E-018
         220           1  0.000000000000000E+000 -1.923076923076681E-017
         220           2  0.000000000000000E+000 -5.769230769229830E-018
         221           1  0.000000000000000E+000 -1.923076923076000E-017
         221           2  0.000000000000000E+000 -5.769230769228591E-018
         222           1  0.000000000000000E+000 -1.923076923076817E-017
         222           2  0.000000000000000E+000 -5.769230769230555E-018
         223           1  0.000000000000000E+000 -1.923076923076676E-017
         223           2  0.000000000000000E+000 -5.769230769229408E-018
         224           1  0.000000000000000E+000 -1.923076923076362E-017
         224           2  0.000000000000000E+000 -5.769230769229225E-018
         225           1  0.000000000000000E+000 -1.923076923076392E-017
         225           2  0.000000000000000E+000 -5.769230769229465E-018
         226           1  0.000000000000000E+000 -1.923076923077247E-017
         226           2  0.000000000000000E+000 -5.769230769231605E-018
         227           1  0.000000000000000E+000 -1.923076923077414E-017
         227           2  0.000000000000000E+000 -5.769230769232310E-018
         228           1  0.000000000000000E+000 -1.923076923077110E-017
         228           2  0.000000000000000E+000 -5.769230769231148E-018
         229           1  0.000000000000000E+000 -1.923076923077203E-017
         229           2  0.000000000000000E+000 -5.769230769231418E-018
         230           1  0.000000000000000E+000 -1.923076923076986E-017
         230           2  0.000000000000000E+000 -5.769230769231357E-018
         231           1  0.000000000000000E+000 -1.923076923076833E-017
         231           2  0.000000000000000E+000 -5.769230769230628E-018
         232           1  0.000000000000000E+000 -1.923076923076466E-017
         232           2  0.000000000000000E+000 -5.769230769229754E-018
         233           1  0.000000000000000E+000 -1.923076923076747E-017
         233           2  0.000000000000000E+000 -5.769230769230504E-018
         234           1  0.000000000000000E+000 -1.923076923076742E-017
         234           2  0.000000000000000E+000 -5.769230769230380E-018
         235           1  0.000000000000000E+000 -1.923076923076276E-017
         235           2  0.000000000000000E+000 -5.769230769228492E-018
         236           1  0.000000000000000E+000 -1.923076923076882E-017
         236           2  0.000000000000000E+000 -5.769230769230394E-018
         237           1  0.000000000000000E+000 -1.923076923077088E-017
         237           2  0.000000000000000E+000 -5.769230769231333E-018
         238           1  0.000000000000000E+000 -1.923076923077063E-017
         238           2  0.000000000000000E+000 -5.769230769231114E-018
         239           1  0.000000000000000E+000 -1.923076923076779E-017
         239           2  0.000000000000000E+000 -5.769230769230485E-018
         240           1  0.000000000000000E+000 -1.923076923077053E-017
         240           2  0.000000000000000E+000 -5.769230769230901E-018
         241           1  0.000000000000000E+000 -1.923076923076387E-017
         241           2  0.000000000000000E+000 -5.769230769229642E-018
         242           1  0.000000000000000E+000 -1.923076923076842E-017
         242           2  0.000000000000000E+000 -5.769230769230518E-018
         243           1  0.000000000000000E+000 -1.923076923076815E-017
         243           2  0.000000000000000E+000 -5.769230769230840E-018
         244           1  0.000000000000000E+000 -1.923076923076728E-017
         244           2  0.000000000000000E+000 -5.769230769230353E-018
         245           1  0.000000000000000E+000 -1.923076923076598E-017
         245           2  0.000000000000000E+000 -5.769230769229987E-018
         246           1  0.000000000000000E+000 -1.923076923077192E-017
         246           2  0.000000000000000E+000 -5.769230769231507E-018
         247           1  0.000000000000000E+000 -1.923076923076917E-017
         247           2  0.000000000000000E+000 -5.769230769230819E-018
         248           1  0.000000000000000E+000 -1.923076923077032E-017
         248           2  0.000000000000000E+000 -5.769230769231236E-018
         249           1  0.000000000000000E+000 -1.923076923076823E-017
         249           2  0.000000000000000E+000 -5.769230769230552E-018
         250           1  0.000000000000000E+000 -1.923076923076609E-017
         250           2  0.000000000000000E+000 -5.769230769230062E-018
         251           1  0.000000000000000E+000 -1.923076923076607E-017
         251           2  0.000000000000000E+000 -5.769230769230275E-018
         252           1  0.000000000000000E+000 -1.923076923076531E-017
         252           2  0.000000000000000E+000 -5.769230769229726E-018
         253           1  0.000000000000000E+000 -1.923076923076676E-017
         253           2  0.000000000000000E+000 -5.769230769230274E-018
         254           1  0.000000000000000E+000 -1.923076923076438E-017
         254           2  0.000000000000000E+000 -5.769230769229045E-018
         255           1  0.000000000000000E+000 -1.923076923076664E-017
         255           2  0.000000000000000E+000 -5.769230769229820E-018
         256           1  0.000000000000000E+000 -1.923076923077427E-017
         256           2  0.000000000000000E+000 -5.769230769231993E-018
         257           1  0.000000000000000E+000 -1.923076923077264E-017
         257           2  0.000000000000000E+000 -5.769230769231706E-018
         258           1  0.000000000000000E+000 -1.923076923077088E-017
         258           2  0.000000000000000E+000 -5.769230769231256E-018
         259           1  0.000000000000000E+000 -1.923076923077051E-017
         259           2  0.000000000000000E+000 -5.769230769231181E-018
         260           1  0.000000000000000E+000 -1.923076923076936E-017
         260           2  0.000000000000000E+000 -5.769230769230968E-018
         261           1  0.000000000000000E+000 -1.923076923076863E-017
         261           2  0.000000000000000E+000 -5.769230769230448E-018
         262           1  0.000000000000000E+000 -1.923076923076882E-017
         262           2  0.000000000000000E+000 -5.769230769230662E-018
         263           1  0.000000000000000E+000 -1.923076923076571E-017
         263           2  0.000000000000000E+000 -5.769230769231246E-018
         264           1  0.000000000000000E+000 -1.923076923077090E-017
         264           2  0.000000000000000E+000 -5.769230769231865E-018
         265           1  0.000000000000000E+000 -1.923076923077020E-017
         265           2  0.000000000000000E+000 -5.769230769230801E-018
         266           1  0.000000000000000E+000 -1.923076923076471E-017
         266           2  0.000000000000000E+000 -5.769230769229286E-018
         267           1  0.000000000000000E+000 -1.923076923076344E-017
         267           2  0.000000000000000E+000 -5.769230769229764E-018
         268           1  0.000000000000000E+000 -1.923076923076984E-017
         268           2  0.000000000000000E+000 -5.769230769231316E-018
         269           1  0.000000000000000E+000 -1.923076923076720E-017
         269           2  0.000000000000000E+000 -5.769230769230700E-018
         270           1  0.000000000000000E+000 -1.923076923076216E-017
         270           2  0.000000000000000E+000 -5.769230769229371E-018
         271           1  0.000000000000000E+000 -1.923076923076477E-017
         271           2  0.000000000000000E+000 -5.769230769230080E-018
         272           1  0.000000000000000E+000 -1.923076923076638E-017
         272           2  0.000000000000000E+000 -5.769230769230367E-018
         273           1  0.000000000000000E+000 -1.923076923076542E-017
         273           2  0.000000000000000E+000 -5.769230769229831E-018
         274           1  0.000000000000000E+000 -1.923076923076534E-017
         274           2  0.000000000000000E+000 -5.769230769229480E-018
         275           1  0.000000000000000E+000 -1.923076923076641E-017
         275           2  0.000000000000000E+000 -5.769230769229556E-018
         276           1  0.000000000000000E+000 -1.923076923076915E-017
         276           2  0.000000000000000E+000 -5.769230769230326E-018
         277           1  0.000000000000000E+000 -1.923076923077351E-017
         277           2  0.000000000000000E+000 -5.769230769231836E-018
         278           1  0.000000000000000E+000 -1.923076923077336E-017
         278           2  0.000000000000000E+000 -5.769230769231807E-018
         279           1  0.000000000000000E+000 -1.923076923077171E-017
         279           2  0.000000000000000E+000 -5.769230769231152E-018
         280           1  0.000000000000000E+000 -1.923076923077122E-017
         280           2  0.000000000000000E+000 -5.769230769231291E-018
         281           1  0.000000000000000E+000 -1.923076923076961E-017
         281           2  0.000000000000000E+000 -5.769230769230792E-018
         282           1  0.000000000000000E+000 -1.923076923076712E-017
         282           2  0.000000000000000E+000 -5.769230769230914E-018
         283           1  0.000000000000000E+000 -1.923076923077227E-017
         283           2  0.000000000000000E+000 -5.769230769233016E-018
         284           1  0.000000000000000E+000 -1.923076923076906E-017
         284           2  0.000000000000000E+000 -5.769230769231149E-018
         285           1  0.000000000000000E+000 -1.923076923076933E-017
         285           2  0.000000000000000E+000 -5.769230769230619E-018
         286           1  0.000000000000000E+000 -1.923076923076437E-017
         286           2  0.000000000000000E+000 -5.769230769229588E-018
         287           1  0.000000000000000E+000 -1.923076923076695E-017
         287           2  0.000000000000000E+000 -5.769230769230847E-018
         288           1  0.000000000000000E+000 -1.923076923076863E-017
         288           2  0.000000000000000E+000 -5.769230769230600E-018
         289           1  0.000000000000000E+000 -1.923076923076079E-017
         289           2  0.000000000000000E+000 -5.769230769228773E-018
         290           1  0.000000000000000E+000 -1.923076923076644E-017
         290           2  0.000000000000000E+000 -5.769230769229697E-018
         291           1  0.000000000000000E+000 -1.923076923076275E-017
         291           2  0.000000000000000E+000 -5.769230769228944E-018
         292           1  0.000000000000000E+000 -1.923076923076590E-017
         292           2  0.000000000000000E+000 -5.769230769230025E-018
         293           1  0.000000000000000E+000 -1.923076923076733E-017
         293           2  0.000000000000000E+000 -5.769230769230300E-018
         294           1  0.000000000000000E+000 -1.923076923076797E-017
         294           2  0.000000000000000E+000 -5.769230769230352E-018
         295           1  0.000000000000000E+000 -1.923076923076986E-017
         295           2  0.000000000000000E+000 -5.769230769230818E-018
         296           1  0.000000000000000E+000 -1.923076923076993E-017
         296           2  0.000000000000000E+000 -5.769230769231021E-018
         297           1  0.000000000000000E+000 -1.923076923077018E-017
         297           2  0.000000000000000E+000 -5.769230769230975E-018
         298           1  0.000000000000000E+000 -1.923076923077091E-017
         298           2  0.000000000000000E+000 -5.769230769231335E-018
         299           1  0.000000000000000E+000 -1.923076923077271E-017
         299           2  0.000000000000000E+000 -5.769230769231606E-018
         300           1  0.000000000000000E+000 -1.923076923077373E-017
         300           2  0.000000000000000E+000 -5.769230769231794E-018
         301           1  0.000000000000000E+000 -1.923076923076403E-017
         301           2  0.000000000000000E+000 -5.769230769229009E-018
         302           1  0.000000000000000E+000 -1.923076923076607E-017
         302           2  0.000000000000000E+000 -5.769230769230191E-018
         303           1  0.000000000000000E+000 -1.923076923076868E-017
         303           2  0.000000000000000E+000 -5.769230769230965E-018
         304           1  0.000000000000000E+000 -1.923076923076712E-017
         304           2  0.000000000000000E+000 -5.769230769229889E-018
         305           1  0.000000000000000E+000 -1.923076923076843E-017
         305           2  0.000000000000000E+000 -5.769230769230559E-018
         306           1  0.000000000000000E+000 -1.923076923076461E-017
         306           2  0.000000000000000E+000 -5.769230769229786E-018
         307           1  0.000000000000000E+000 -1.923076923076705E-017
         307           2  0.000000000000000E+000 -5.769230769230523E-018
         308           1  0.000000000000000E+000 -1.923076923076669E-017
         308           2  0.000000000000000E+000 -5.769230769230226E-018
         309           1  0.000000000000000E+000 -1.923076923076608E-017
         309           2  0.000000000000000E+000 -5.769230769230495E-018
         310           1  0.000000000000000E+000 -1.923076923076506E-017
         310           2  0.000000000000000E+000 -5.769230769230041E-018
         311           1  0.000000000000000E+000 -1.923076923076664E-017
         311           2  0.000000000000000E+000 -5.769230769230472E-018
         312           1  0.000000000000000E+000 -1.923076923076552E-017
         312           2  0.000000000000000E+000 -5.769230769229889E-018
         313           1  0.000000000000000E+000 -1.923076923076645E-017
         313           2  0.000000000000000E+000 -5.769230769230112E-018
         314           1  0.000000000000000E+000 -1.923076923077094E-017
         314           2  0.000000000000000E+000 -5.769230769231260E-018
         315           1  0.000000000000000E+000 -1.923076923076979E-017
         315           2  0.000000000000000E+000 -5.769230769230773E-018
         316           1  0.000000000000000E+000 -1.923076923076706E-017
         316           2  0.000000000000000E+000 -5.769230769230302E-018
         317           1  0.000000000000000E+000 -1.923076923076737E-017
         317           2  0.000000000000000E+000 -5.769230769230260E-018
         318           1  0.000000000000000E+000 -1.923076923077019E-017
         318           2  0.000000000000000E+000 -5.769230769230853E-018
         319           1  0.000000000000000E+000 -1.923076923076847E-017
         319           2  0.000000000000000E+000 -5.769230769230498E-018
         320           1  0.000000000000000E+000 -1.923076923076733E-017
         320           2  0.000000000000000E+000 -5.769230769230100E-018
         321           1  0.000000000000000E+000 -1.923076923077579E-017
         321           2  0.000000000000000E+000 -5.769230769232659E-018
         322           1  0.000000000000000E+000 -1.923076923076624E-017
         322           2  0.000000000000000E+000 -5.769230769229790E-018
         323           1  0.000000000000000E+000 -1.923076923076354E-017
         323           2  0.000000000000000E+000 -5.769230769229740E-018
         324           1  0.000000000000000E+000 -1.923076923076552E-017
         324           2  0.000000000000000E+000 -5.769230769229472E-018
         325           1  0.000000000000000E+000 -1.923076923076864E-017
         325           2  0.000000000000000E+000 -5.769230769230517E-018
         326           1  0.000000000000000E+000 -1.923076923076975E-017
         326           2  0.000000000000000E+000 -5.769230769230829E-018
         327           1  0.000000000000000E+000 -1.923076923077042E-017
         327           2  0.000000000000000E+000 -5.769230769231202E-018
         328           1  0.000000000000000E+000 -1.923076923076836E-017
         328           2  0.000000000000000E+000 -5.769230769230533E-018
         329           1  0.000000000000000E+000 -1.923076923076640E-017
         329           2  0.000000000000000E+000 -5.769230769230506E-018
         330           1  0.000000000000000E+000 -1.923076923076585E-017
         330           2  0.000000000000000E+000 -5.769230769230396E-018
         331           1  0.000000000000000E+000 -1.923076923076561E-017
         331           2  0.000000000000000E+000 -5.769230769230261E-018
         332           1  0.000000000000000E+000 -1.923076923076649E-017
         332           2  0.000000000000000E+000 -5.769230769230210E-018
         333           1  0.000000000000000E+000 -1.923076923077000E-017
         333           2  0.000000000000000E+000 -5.769230769231096E-018
         334           1  0.000000000000000E+000 -1.923076923076942E-017
         334           2  0.000000000000000E+000 -5.769230769230954E-018
         335           1  0.000000000000000E+000 -1.923076923076868E-017
         335           2  0.000000000000000E+000 -5.769230769230474E-018
         336           1  0.000000000000000E+000 -1.923076923076802E-017
         336           2  0.000000000000000E+000 -5.769230769230434E-018
         337           1  0.000000000000000E+000 -1.923076923076689E-017
         337           2  0.000000000000000E+000 -5.769230769230157E-018
         338           1  0.000000000000000E+000 -1.923076923076841E-017
         338           2  0.000000000000000E+000 -5.769230769230035E-018
         339           1  0.000000000000000E+000 -1.923076923076747E-017
         339           2  0.000000000000000E+000 -5.769230769230106E-018
         340           1  0.000000000000000E+000 -1.923076923076555E-017
         340           2  0.000000000000000E+000 -5.769230769229877E-018
         341           1  0.000000000000000E+000 -1.923076923076296E-017
         341           2  0.000000000000000E+000 -5.769230769229136E-018
         342           1  0.000000000000000E+000 -1.923076923076431E-017
         342           2  0.000000000000000E+000 -5.769230769229548E-018
         343           1  0.000000000000000E+000 -1.923076923076469E-017
         343           2  0.000000000000000E+000 -5.769230769229970E-018
         344           1  0.000000000000000E+000 -1.923076923076571E-017
         344           2  0.000000000000000E+000 -5.769230769230114E-018
         345           1  0.000000000000000E+000 -1.923076923077239E-017
         345           2  0.000000000000000E+000 -5.769230769232346E-018
         346           1  0.000000000000000E+000 -1.923076923077185E-017
         346           2  0.000000000000000E+000 -5.769230769231741E-018
         347           1  0.000000000000000E+000 -1.923076923077198E-017
         347           2  0.000000000000000E+000 -5.769230769231420E-018
         348           1  0.000000000000000E+000 -1.923076923076746E-017
         348           2  0.000000000000000E+000 -5.769230769230639E-018
         349           1  0.000000000000000E+000 -1.923076923076442E-017
         349           2  0.000000000000000E+000 -5.769230769230146E-018
         350           1  0.000000000000000E+000 -1.923076923076596E-017
         350           2  0.000000000000000E+000 -5.769230769230334E-018
         351           1  0.000000000000000E+000 -1.923076923076893E-017
         351           2  0.000000000000000E+000 -5.769230769230397E-018
         352           1  0.000000000000000E+000 -1.923076923076904E-017
         352           2  0.000000000000000E+000 -5.769230769230790E-018
         353           1  0.000000000000000E+000 -1.923076923077096E-017
         353           2  0.000000000000000E+000 -5.769230769231276E-018
         354           1  0.000000000000000E+000 -1.923076923077055E-017
         354           2  0.000000000000000E+000 -5.769230769231416E-018
         355           1  0.000000000000000E+000 -1.923076923076807E-017
         355           2  0.000000000000000E+000 -5.769230769230482E-018
         356           1  0.000000000000000E+000 -1.923076923076806E-017
         356           2  0.000000000000000E+000 -5.769230769230894E-018
         357           1  0.000000000000000E+000 -1.923076923076722E-017
         357           2  0.000000000000000E+000 -5.769230769230573E-018
         358           1  0.000000000000000E+000 -1.923076923076652E-017
         358           2  0.000000000000000E+000 -5.769230769230061E-018
         359           1  0.000000000000000E+000 -1.923076923076612E-017
         359           2  0.000000000000000E+000 -5.769230769229659E-018
         360           1  0.000000000000000E+000 -1.923076923076577E-017
         360           2  0.000000000000000E+000 -5.769230769229400E-018
         361           1  0.000000000000000E+000 -1.923076923076315E-017
         361           2  0.000000000000000E+000 -5.769230769229472E-018
         362           1  0.000000000000000E+000 -1.923076923076617E-017
         362           2  0.000000000000000E+000 -5.769230769229898E-018
         363           1  0.000000000000000E+000 -1.923076923076416E-017
         363           2  0.000000000000000E+000 -5.769230769229485E-018
         364           1  0.000000000000000E+000 -1.923076923076469E-017
         364           2  0.000000000000000E+000 -5.769230769230169E-018
         365           1  0.000000000000000E+000 -1.923076923077429E-017
         365           2  0.000000000000000E+000 -5.769230769232014E-018
         366           1  0.000000000000000E+000 -1.923076923077053E-017
         366           2  0.000000000000000E+000 -5.769230769231211E-018
         367           1  0.000000000000000E+000 -1.923076923077063E-017
         367           2  0.000000000000000E+000 -5.769230769231364E-018
         368           1  0.000000000000000E+000 -1.923076923076643E-017
         368           2  0.000000000000000E+000 -5.769230769230255E-018
         369           1  0.000000000000000E+000 -1.923076923076497E-017
         369           2  0.000000000000000E+000 -5.769230769229382E-018
         370           1  0.000000000000000E+000 -1.923076923076604E-017
         370           2  0.000000000000000E+000 -5.769230769229760E-018
         371           1  0.000000000000000E+000 -1.923076923076798E-017
         371           2  0.000000000000000E+000 -5.769230769230022E-018
         372           1  0.000000000000000E+000 -1.923076923076827E-017
         372           2  0.000000000000000E+000 -5.769230769230716E-018
         373           1  0.000000000000000E+000 -1.923076923077121E-017
         373           2  0.000000000000000E+000 -5.769230769231360E-018
         374           1  0.000000000000000E+000 -1.923076923077120E-017
         374           2  0.000000000000000E+000 -5.769230769231331E-018
         375           1  0.000000000000000E+000 -1.923076923077054E-017
         375           2  0.000000000000000E+000 -5.769230769230906E-018
         376           1  0.000000000000000E+000 -1.923076923076729E-017
         376           2  0.000000000000000E+000 -5.769230769230451E-018
         377           1  0.000000000000000E+000 -1.923076923076644E-017
         377           2  0.000000000000000E+000 -5.769230769230025E-018
         378           1  0.000000000000000E+000 -1.923076923076379E-017
         378           2  0.000000000000000E+000 -5.769230769229321E-018
         379           1  0.000000000000000E+000 -1.923076923076796E-017
         379           2  0.000000000000000E+000 -5.769230769230045E-018
         380           1  0.000000000000000E+000 -1.923076923076670E-017
         380           2  0.000000000000000E+000 -5.769230769229887E-018
         381           1  0.000000000000000E+000 -1.923076923076817E-017
         381           2  0.000000000000000E+000 -5.769230769230458E-018
         382           1  0.000000000000000E+000 -1.923076923076767E-017
         382           2  0.000000000000000E+000 -5.769230769230401E-018
         383           1  0.000000000000000E+000 -1.923076923076257E-017
         383           2  0.000000000000000E+000 -5.769230769229438E-018
         384           1  0.000000000000000E+000 -1.923076923076667E-017
         384           2  0.000000000000000E+000 -5.769230769230631E-018
         385           1  0.000000000000000E+000 -1.923076923077568E-017
         385           2  0.000000000000000E+000 -5.769230769232285E-018
         386           1  0.000000000000000E+000 -1.923076923077432E-017
         386           2  0.000000000000000E+000 -5.769230769231458E-018
         387           1  0.000000000000000E+000 -1.923076923077125E-017
         387           2  0.000000000000000E+000 -5.769230769231478E-018
         388           1  0.000000000000000E+000 -1.923076923076277E-017
         388           2  0.000000000000000E+000 -5.769230769229072E-018
         389           1  0.000000000000000E+000 -1.923076923076559E-017
         389           2  0.000000000000000E+000 -5.769230769229352E-018
         390           1  0.000000000000000E+000 -1.923076923076413E-017
         390           2  0.000000000000000E+000 -5.769230769229481E-018
         391           1  0.000000000000000E+000 -1.923076923076635E-017
         391           2  0.000000000000000E+000 -5.769230769229270E-018
         392           1  0.000000000000000E+000 -1.923076923076692E-017
         392           2  0.000000000000000E+000 -5.769230769230081E-018
         393           1  0.000000000000000E+000 -1.923076923077129E-017
         393           2  0.000000000000000E+000 -5.769230769231476E-018
         394           1  0.000000000000000E+000 -1.923076923076654E-017
         394           2  0.000000000000000E+000 -5.769230769229844E-018
         395           1  0.000000000000000E+000 -1.923076923076479E-017
         395           2  0.000000000000000E+000 -5.769230769229243E-018
         396           1  0.000000000000000E+000 -1.923076923076628E-017
         396           2  0.000000000000000E+000 -5.769230769229672E-018
         397           1  0.000000000000000E+000 -1.923076923076325E-017
         397           2  0.000000000000000E+000 -5.769230769229287E-018
         398           1  0.000000000000000E+000 -1.923076923076636E-017
         398           2  0.000000000000000E+000 -5.769230769229951E-018
         399           1  0.000000000000000E+000 -1.923076923076405E-017
         399           2  0.000000000000000E+000 -5.769230769229201E-018
         400           1  0.000000000000000E+000 -1.923076923076837E-017
         400           2  0.000000000000000E+000 -5.769230769230780E-018
