           1           1  0.000000000000000E+000 -1.526717557251927E-017
           1           2  0.000000000000000E+000 -9.732824427480381E-018
           2           1  0.000000000000000E+000 -1.526717557252031E-017
           2           2  0.000000000000000E+000 -9.732824427482320E-018
           3           1  0.000000000000000E+000 -1.526717557251929E-017
           3           2  0.000000000000000E+000 -9.732824427478893E-018
           4           1  0.000000000000000E+000 -1.526717557251886E-017
           4           2  0.000000000000000E+000 -9.732824427476958E-018
           5           1  0.000000000000000E+000 -1.526717557251931E-017
           5           2  0.000000000000000E+000 -9.732824427476801E-018
           6           1  0.000000000000000E+000 -1.526717557251936E-017
           6           2  0.000000000000000E+000 -9.732824427478637E-018
           7           1  0.000000000000000E+000 -1.526717557252115E-017
           7           2  0.000000000000000E+000 -9.732824427480087E-018
           8           1  0.000000000000000E+000 -1.526717557252187E-017
           8           2  0.000000000000000E+000 -9.732824427484329E-018
           9           1  0.000000000000000E+000 -1.526717557252121E-017
           9           2  0.000000000000000E+000 -9.732824427487245E-018
          10           1  0.000000000000000E+000 -1.526717557252000E-017
          10           2  0.000000000000000E+000 -9.732824427483309E-018
          11           1  0.000000000000000E+000 -1.526717557251845E-017
          11           2  0.000000000000000E+000 -9.732824427480076E-018
          12           1  0.000000000000000E+000 -1.526717557251944E-017
          12           2  0.000000000000000E+000 -9.732824427481145E-018
          13           1  0.000000000000000E+000 -1.526717557251822E-017
          13           2  0.000000000000000E+000 -9.732824427478029E-018
          14           1  0.000000000000000E+000 -1.526717557251908E-017
          14           2  0.000000000000000E+000 -9.732824427477334E-018
          15           1  0.000000000000000E+000 -1.526717557251884E-017
          15           2  0.000000000000000E+000 -9.732824427476959E-018
          16           1  0.000000000000000E+000 -1.526717557251964E-017
          16           2  0.000000000000000E+000 -9.732824427478859E-018
          17           1  0.000000000000000E+000 -1.526717557252098E-017
          17           2  0.000000000000000E+000 -9.732824427480523E-018
          18           1  0.000000000000000E+000 -1.526717557252075E-017
          18           2  0.000000000000000E+000 -9.732824427482276E-018
          19           1  0.000000000000000E+000 -1.526717557252177E-017
          19           2  0.000000000000000E+000 -9.732824427487458E-018
          20           1  0.000000000000000E+000 -1.526717557252046E-017
          20           2  0.000000000000000E+000 -9.732824427482101E-018
          21           1  0.000000000000000E+000 -1.526717557251878E-017
          21           2  0.000000000000000E+000 -9.732824427477092E-018
          22           1  0.000000000000000E+000 -1.526717557251849E-017
          22           2  0.000000000000000E+000 -9.732824427476865E-018
          23           1  0.000000000000000E+000 -1.526717557251837E-017
          23           2  0.000000000000000E+000 -9.732824427474762E-018
          24           1  0.000000000000000E+000 -1.526717557251859E-017
          24           2  0.000000000000000E+000 -9.732824427476087E-018
          25           1  0.000000000000000E+000 -1.526717557251883E-017
          25           2  0.000000000000000E+000 -9.732824427477113E-018
          26           1  0.000000000000000E+000 -1.526717557252004E-017
          26           2  0.000000000000000E+000 -9.732824427477264E-018
          27           1  0.000000000000000E+000 -1.526717557252005E-017
          27           2  0.000000000000000E+000 -9.732824427478572E-018
          28           1  0.000000000000000E+000 -1.526717557252017E-017
          28           2  0.000000000000000E+000 -9.732824427478514E-018
          29           1  0.000000000000000E+000 -1.526717557252086E-017
          29           2  0.000000000000000E+000 -9.732824427482330E-018
          30           1  0.000000000000000E+000 -1.526717557251943E-017
          30           2  0.000000000000000E+000 -9.732824427479696E-018
          31           1  0.000000000000000E+000 -1.526717557251755E-017
          31           2  0.000000000000000E+000 -9.732824427472903E-018
          32           1  0.000000000000000E+000 -1.526717557251748E-017
          32           2  0.000000000000000E+000 -9.732824427471493E-018
          33           1  0.000000000000000E+000 -1.526717557251746E-017
          33           2  0.000000000000000E+000 -9.732824427472322E-018
          34           1  0.000000000000000E+000 -1.526717557251756E-017
          34           2  0.000000000000000E+000 -9.732824427473773E-018
          35           1  0.000000000000000E+000 -1.526717557251876E-017
          35           2  0.000000000000000E+000 -9.732824427476024E-018
          36           1  0.000000000000000E+000 -1.526717557251925E-017
          36           2  0.000000000000000E+000 -9.732824427476777E-018
          37           1  0.000000000000000E+000 -1.526717557252007E-017
          37           2  0.000000000000000E+000 -9.732824427478429E-018
          38           1  0.000000000000000E+000 -1.526717557252082E-017
          38           2  0.000000000000000E+000 -9.732824427477990E-018
          39           1  0.000000000000000E+000 -1.526717557252024E-017
          39           2  0.000000000000000E+000 -9.732824427480551E-018
          40           1  0.000000000000000E+000 -1.526717557251978E-017
          40           2  0.000000000000000E+000 -9.732824427479717E-018
          41           1  0.000000000000000E+000 -1.526717557251739E-017
          41           2  0.000000000000000E+000 -9.732824427473696E-018
          42           1  0.000000000000000E+000 -1.526717557251764E-017
          42           2  0.000000000000000E+000 -9.732824427473379E-018
          43           1  0.000000000000000E+000 -1.526717557251704E-017
          43           2  0.000000000000000E+000 -9.732824427473738E-018
          44           1  0.000000000000000E+000 -1.526717557251759E-017
          44           2  0.000000000000000E+000 -9.732824427475169E-018
          45           1  0.000000000000000E+000 -1.526717557251987E-017
          45           2  0.000000000000000E+000 -9.732824427477426E-018
          46           1  0.000000000000000E+000 -1.526717557251988E-017
          46           2  0.000000000000000E+000 -9.732824427481164E-018
          47           1  0.000000000000000E+000 -1.526717557252054E-017
          47           2  0.000000000000000E+000 -9.732824427480156E-018
          48           1  0.000000000000000E+000 -1.526717557252075E-017
          48           2  0.000000000000000E+000 -9.732824427480856E-018
          49           1  0.000000000000000E+000 -1.526717557252024E-017
          49           2  0.000000000000000E+000 -9.732824427480609E-018
          50           1  0.000000000000000E+000 -1.526717557251989E-017
          50           2  0.000000000000000E+000 -9.732824427479367E-018
          51           1  0.000000000000000E+000 -1.526717557251861E-017
          51           2  0.000000000000000E+000 -9.732824427475801E-018
          52           1  0.000000000000000E+000 -1.526717557251788E-017
          52           2  0.000000000000000E+000 -9.732824427475046E-018
          53           1  0.000000000000000E+000 -1.526717557251778E-017
          53           2  0.000000000000000E+000 -9.732824427476670E-018
          54           1  0.000000000000000E+000 -1.526717557251792E-017
          54           2  0.000000000000000E+000 -9.732824427478327E-018
          55           1  0.000000000000000E+000 -1.526717557252016E-017
          55           2  0.000000000000000E+000 -9.732824427482683E-018
          56           1  0.000000000000000E+000 -1.526717557252104E-017
          56           2  0.000000000000000E+000 -9.732824427485121E-018
          57           1  0.000000000000000E+000 -1.526717557252204E-017
          57           2  0.000000000000000E+000 -9.732824427487065E-018
          58           1  0.000000000000000E+000 -1.526717557252106E-017
          58           2  0.000000000000000E+000 -9.732824427482010E-018
          59           1  0.000000000000000E+000 -1.526717557251964E-017
          59           2  0.000000000000000E+000 -9.732824427478629E-018
          60           1  0.000000000000000E+000 -1.526717557251923E-017
          60           2  0.000000000000000E+000 -9.732824427474999E-018
          61           1  0.000000000000000E+000 -1.526717557251913E-017
          61           2  0.000000000000000E+000 -9.732824427477583E-018
          62           1  0.000000000000000E+000 -1.526717557251791E-017
          62           2  0.000000000000000E+000 -9.732824427477015E-018
          63           1  0.000000000000000E+000 -1.526717557251889E-017
          63           2  0.000000000000000E+000 -9.732824427478908E-018
          64           1  0.000000000000000E+000 -1.526717557251966E-017
          64           2  0.000000000000000E+000 -9.732824427481509E-018
          65           1  0.000000000000000E+000 -1.526717557251999E-017
          65           2  0.000000000000000E+000 -9.732824427482112E-018
          66           1  0.000000000000000E+000 -1.526717557252040E-017
          66           2  0.000000000000000E+000 -9.732824427482267E-018
          67           1  0.000000000000000E+000 -1.526717557252017E-017
          67           2  0.000000000000000E+000 -9.732824427478780E-018
          68           1  0.000000000000000E+000 -1.526717557252026E-017
          68           2  0.000000000000000E+000 -9.732824427481406E-018
          69           1  0.000000000000000E+000 -1.526717557252102E-017
          69           2  0.000000000000000E+000 -9.732824427485085E-018
          70           1  0.000000000000000E+000 -1.526717557252076E-017
          70           2  0.000000000000000E+000 -9.732824427478458E-018
          71           1  0.000000000000000E+000 -1.526717557251905E-017
          71           2  0.000000000000000E+000 -9.732824427477626E-018
          72           1  0.000000000000000E+000 -1.526717557251860E-017
          72           2  0.000000000000000E+000 -9.732824427477744E-018
          73           1  0.000000000000000E+000 -1.526717557251933E-017
          73           2  0.000000000000000E+000 -9.732824427478378E-018
          74           1  0.000000000000000E+000 -1.526717557251913E-017
          74           2  0.000000000000000E+000 -9.732824427478719E-018
          75           1  0.000000000000000E+000 -1.526717557252003E-017
          75           2  0.000000000000000E+000 -9.732824427479480E-018
          76           1  0.000000000000000E+000 -1.526717557251946E-017
          76           2  0.000000000000000E+000 -9.732824427476398E-018
          77           1  0.000000000000000E+000 -1.526717557252021E-017
          77           2  0.000000000000000E+000 -9.732824427477061E-018
          78           1  0.000000000000000E+000 -1.526717557252297E-017
          78           2  0.000000000000000E+000 -9.732824427490182E-018
          79           1  0.000000000000000E+000 -1.526717557252304E-017
          79           2  0.000000000000000E+000 -9.732824427495787E-018
          80           1  0.000000000000000E+000 -1.526717557252292E-017
          80           2  0.000000000000000E+000 -9.732824427487911E-018
          81           1  0.000000000000000E+000 -1.526717557251834E-017
          81           2  0.000000000000000E+000 -9.732824427476653E-018
          82           1  0.000000000000000E+000 -1.526717557251862E-017
          82           2  0.000000000000000E+000 -9.732824427476502E-018
          83           1  0.000000000000000E+000 -1.526717557251871E-017
          83           2  0.000000000000000E+000 -9.732824427477659E-018
          84           1  0.000000000000000E+000 -1.526717557251890E-017
          84           2  0.000000000000000E+000 -9.732824427477992E-018
          85           1  0.000000000000000E+000 -1.526717557251968E-017
          85           2  0.000000000000000E+000 -9.732824427479928E-018
          86           1  0.000000000000000E+000 -1.526717557251953E-017
          86           2  0.000000000000000E+000 -9.732824427478844E-018
          87           1  0.000000000000000E+000 -1.526717557251929E-017
          87           2  0.000000000000000E+000 -9.732824427482005E-018
          88           1  0.000000000000000E+000 -1.526717557252483E-017
          88           2  0.000000000000000E+000 -9.732824427499343E-018
          89           1  0.000000000000000E+000 -1.526717557252489E-017
          89           2  0.000000000000000E+000 -9.732824427501699E-018
          90           1  0.000000000000000E+000 -1.526717557252432E-017
          90           2  0.000000000000000E+000 -9.732824427497729E-018
          91           1  0.000000000000000E+000 -1.526717557251845E-017
          91           2  0.000000000000000E+000 -9.732824427477249E-018
          92           1  0.000000000000000E+000 -1.526717557251854E-017
          92           2  0.000000000000000E+000 -9.732824427475232E-018
          93           1  0.000000000000000E+000 -1.526717557251949E-017
          93           2  0.000000000000000E+000 -9.732824427477744E-018
          94           1  0.000000000000000E+000 -1.526717557251923E-017
          94           2  0.000000000000000E+000 -9.732824427477580E-018
          95           1  0.000000000000000E+000 -1.526717557251964E-017
          95           2  0.000000000000000E+000 -9.732824427477425E-018
          96           1  0.000000000000000E+000 -1.526717557251994E-017
          96           2  0.000000000000000E+000 -9.732824427477110E-018
          97           1  0.000000000000000E+000 -1.526717557252034E-017
          97           2  0.000000000000000E+000 -9.732824427479853E-018
          98           1  0.000000000000000E+000 -1.526717557252457E-017
          98           2  0.000000000000000E+000 -9.732824427494746E-018
          99           1  0.000000000000000E+000 -1.526717557252521E-017
          99           2  0.000000000000000E+000 -9.732824427498822E-018
         100           1  0.000000000000000E+000 -1.526717557252355E-017
         100           2  0.000000000000000E+000 -9.732824427491664E-018
