           1           1  0.000000000000000E+000 -1.449999999999294E-016
           1           2  0.000000000000000E+000 -7.999999999999066E-017
           2           1  0.000000000000000E+000 -1.449999999999243E-016
           2           2  0.000000000000000E+000 -8.000000000001471E-017
           3           1  0.000000000000000E+000 -1.449999999999085E-016
           3           2  0.000000000000000E+000 -7.999999999999533E-017
           4           1  0.000000000000000E+000 -1.449999999999304E-016
           4           2  0.000000000000000E+000 -8.000000000001988E-017
           5           1  0.000000000000000E+000 -1.449999999999150E-016
           5           2  0.000000000000000E+000 -8.000000000000379E-017
           6           1  0.000000000000000E+000 -1.449999999999034E-016
           6           2  0.000000000000000E+000 -7.999999999998695E-017
           7           1  0.000000000000000E+000 -1.449999999998911E-016
           7           2  0.000000000000000E+000 -7.999999999998636E-017
           8           1  0.000000000000000E+000 -1.449999999998863E-016
           8           2  0.000000000000000E+000 -7.999999999998507E-017
           9           1  0.000000000000000E+000 -1.449999999998701E-016
           9           2  0.000000000000000E+000 -7.999999999999365E-017
          10           1  0.000000000000000E+000 -1.449999999998508E-016
          10           2  0.000000000000000E+000 -7.999999999998794E-017
          11           1  0.000000000000000E+000 -1.449999999998674E-016
          11           2  0.000000000000000E+000 -7.999999999998375E-017
          12           1  0.000000000000000E+000 -1.449999999998766E-016
          12           2  0.000000000000000E+000 -7.999999999998932E-017
          13           1  0.000000000000000E+000 -1.449999999998876E-016
          13           2  0.000000000000000E+000 -7.999999999998897E-017
          14           1  0.000000000000000E+000 -1.449999999998925E-016
          14           2  0.000000000000000E+000 -7.999999999997675E-017
          15           1  0.000000000000000E+000 -1.449999999999080E-016
          15           2  0.000000000000000E+000 -7.999999999998943E-017
          16           1  0.000000000000000E+000 -1.449999999999107E-016
          16           2  0.000000000000000E+000 -7.999999999998822E-017
          17           1  0.000000000000000E+000 -1.449999999999035E-016
          17           2  0.000000000000000E+000 -7.999999999998422E-017
          18           1  0.000000000000000E+000 -1.449999999999148E-016
          18           2  0.000000000000000E+000 -7.999999999998724E-017
          19           1  0.000000000000000E+000 -1.449999999999202E-016
          19           2  0.000000000000000E+000 -7.999999999998351E-017
          20           1  0.000000000000000E+000 -1.449999999999229E-016
          20           2  0.000000000000000E+000 -7.999999999999222E-017
          21           1  0.000000000000000E+000 -1.449999999999288E-016
          21           2  0.000000000000000E+000 -8.000000000000555E-017
          22           1  0.000000000000000E+000 -1.449999999999146E-016
          22           2  0.000000000000000E+000 -7.999999999999342E-017
          23           1  0.000000000000000E+000 -1.449999999999133E-016
          23           2  0.000000000000000E+000 -7.999999999999395E-017
          24           1  0.000000000000000E+000 -1.449999999999070E-016
          24           2  0.000000000000000E+000 -7.999999999999320E-017
          25           1  0.000000000000000E+000 -1.449999999999082E-016
          25           2  0.000000000000000E+000 -7.999999999999737E-017
          26           1  0.000000000000000E+000 -1.449999999999072E-016
          26           2  0.000000000000000E+000 -8.000000000001620E-017
          27           1  0.000000000000000E+000 -1.449999999998859E-016
          27           2  0.000000000000000E+000 -7.999999999998978E-017
          28           1  0.000000000000000E+000 -1.449999999998826E-016
          28           2  0.000000000000000E+000 -7.999999999999262E-017
          29           1  0.000000000000000E+000 -1.449999999998619E-016
          29           2  0.000000000000000E+000 -7.999999999999050E-017
          30           1  0.000000000000000E+000 -1.449999999998442E-016
          30           2  0.000000000000000E+000 -7.999999999999185E-017
          31           1  0.000000000000000E+000 -1.449999999998642E-016
          31           2  0.000000000000000E+000 -8.000000000000390E-017
          32           1  0.000000000000000E+000 -1.449999999998806E-016
          32           2  0.000000000000000E+000 -8.000000000000801E-017
          33           1  0.000000000000000E+000 -1.449999999998835E-016
          33           2  0.000000000000000E+000 -8.000000000000078E-017
          34           1  0.000000000000000E+000 -1.449999999998932E-016
          34           2  0.000000000000000E+000 -7.999999999998945E-017
          35           1  0.000000000000000E+000 -1.449999999998923E-016
          35           2  0.000000000000000E+000 -7.999999999998192E-017
          36           1  0.000000000000000E+000 -1.449999999998959E-016
          36           2  0.000000000000000E+000 -7.999999999998351E-017
          37           1  0.000000000000000E+000 -1.449999999999093E-016
          37           2  0.000000000000000E+000 -7.999999999998959E-017
          38           1  0.000000000000000E+000 -1.449999999999001E-016
          38           2  0.000000000000000E+000 -7.999999999995583E-017
          39           1  0.000000000000000E+000 -1.449999999999173E-016
          39           2  0.000000000000000E+000 -7.999999999999648E-017
          40           1  0.000000000000000E+000 -1.449999999999133E-016
          40           2  0.000000000000000E+000 -7.999999999998878E-017
          41           1  0.000000000000000E+000 -1.449999999999098E-016
          41           2  0.000000000000000E+000 -7.999999999996986E-017
          42           1  0.000000000000000E+000 -1.449999999999145E-016
          42           2  0.000000000000000E+000 -7.999999999998567E-017
          43           1  0.000000000000000E+000 -1.449999999999097E-016
          43           2  0.000000000000000E+000 -7.999999999998848E-017
          44           1  0.000000000000000E+000 -1.449999999999047E-016
          44           2  0.000000000000000E+000 -7.999999999999261E-017
          45           1  0.000000000000000E+000 -1.449999999999010E-016
          45           2  0.000000000000000E+000 -7.999999999998857E-017
          46           1  0.000000000000000E+000 -1.449999999998928E-016
          46           2  0.000000000000000E+000 -7.999999999999346E-017
          47           1  0.000000000000000E+000 -1.449999999998865E-016
          47           2  0.000000000000000E+000 -7.999999999998944E-017
          48           1  0.000000000000000E+000 -1.449999999998740E-016
          48           2  0.000000000000000E+000 -7.999999999998693E-017
          49           1  0.000000000000000E+000 -1.449999999998598E-016
          49           2  0.000000000000000E+000 -7.999999999998219E-017
          50           1  0.000000000000000E+000 -1.449999999998401E-016
          50           2  0.000000000000000E+000 -7.999999999998908E-017
          51           1  0.000000000000000E+000 -1.449999999998355E-016
          51           2  0.000000000000000E+000 -8.000000000000438E-017
          52           1  0.000000000000000E+000 -1.449999999998620E-016
          52           2  0.000000000000000E+000 -7.999999999998449E-017
          53           1  0.000000000000000E+000 -1.449999999998852E-016
          53           2  0.000000000000000E+000 -7.999999999998306E-017
          54           1  0.000000000000000E+000 -1.449999999998909E-016
          54           2  0.000000000000000E+000 -8.000000000000315E-017
          55           1  0.000000000000000E+000 -1.449999999998911E-016
          55           2  0.000000000000000E+000 -7.999999999998937E-017
          56           1  0.000000000000000E+000 -1.449999999999011E-016
          56           2  0.000000000000000E+000 -7.999999999999137E-017
          57           1  0.000000000000000E+000 -1.449999999999042E-016
          57           2  0.000000000000000E+000 -7.999999999999018E-017
          58           1  0.000000000000000E+000 -1.449999999999141E-016
          58           2  0.000000000000000E+000 -7.999999999999156E-017
          59           1  0.000000000000000E+000 -1.449999999999058E-016
          59           2  0.000000000000000E+000 -7.999999999999395E-017
          60           1  0.000000000000000E+000 -1.449999999999225E-016
          60           2  0.000000000000000E+000 -8.000000000000084E-017
          61           1  0.000000000000000E+000 -1.449999999999089E-016
          61           2  0.000000000000000E+000 -7.999999999999326E-017
          62           1  0.000000000000000E+000 -1.449999999999153E-016
          62           2  0.000000000000000E+000 -7.999999999999280E-017
          63           1  0.000000000000000E+000 -1.449999999999022E-016
          63           2  0.000000000000000E+000 -7.999999999999388E-017
          64           1  0.000000000000000E+000 -1.449999999998908E-016
          64           2  0.000000000000000E+000 -7.999999999998833E-017
          65           1  0.000000000000000E+000 -1.449999999999144E-016
          65           2  0.000000000000000E+000 -8.000000000002188E-017
          66           1  0.000000000000000E+000 -1.449999999998928E-016
          66           2  0.000000000000000E+000 -7.999999999999512E-017
          67           1  0.000000000000000E+000 -1.449999999998778E-016
          67           2  0.000000000000000E+000 -7.999999999998870E-017
          68           1  0.000000000000000E+000 -1.449999999998695E-016
          68           2  0.000000000000000E+000 -7.999999999998435E-017
          69           1  0.000000000000000E+000 -1.449999999998335E-016
          69           2  0.000000000000000E+000 -7.999999999995430E-017
          70           1  0.000000000000000E+000 -1.449999999998210E-016
          70           2  0.000000000000000E+000 -7.999999999998683E-017
          71           1  0.000000000000000E+000 -1.449999999998347E-016
          71           2  0.000000000000000E+000 -7.999999999999287E-017
          72           1  0.000000000000000E+000 -1.449999999998552E-016
          72           2  0.000000000000000E+000 -8.000000000000051E-017
          73           1  0.000000000000000E+000 -1.449999999998775E-016
          73           2  0.000000000000000E+000 -7.999999999998648E-017
          74           1  0.000000000000000E+000 -1.449999999998754E-016
          74           2  0.000000000000000E+000 -7.999999999998880E-017
          75           1  0.000000000000000E+000 -1.449999999998905E-016
          75           2  0.000000000000000E+000 -7.999999999998929E-017
          76           1  0.000000000000000E+000 -1.449999999998954E-016
          76           2  0.000000000000000E+000 -7.999999999999839E-017
          77           1  0.000000000000000E+000 -1.449999999998987E-016
          77           2  0.000000000000000E+000 -7.999999999998696E-017
          78           1  0.000000000000000E+000 -1.449999999999064E-016
          78           2  0.000000000000000E+000 -7.999999999999655E-017
          79           1  0.000000000000000E+000 -1.449999999999106E-016
          79           2  0.000000000000000E+000 -7.999999999999610E-017
          80           1  0.000000000000000E+000 -1.449999999999135E-016
          80           2  0.000000000000000E+000 -7.999999999999708E-017
          81           1  0.000000000000000E+000 -1.449999999999018E-016
          81           2  0.000000000000000E+000 -7.999999999996546E-017
          82           1  0.000000000000000E+000 -1.449999999998862E-016
          82           2  0.000000000000000E+000 -7.999999999996334E-017
          83           1  0.000000000000000E+000 -1.449999999998964E-016
          83           2  0.000000000000000E+000 -7.999999999999153E-017
          84           1  0.000000000000000E+000 -1.449999999998883E-016
          84           2  0.000000000000000E+000 -7.999999999998896E-017
          85           1  0.000000000000000E+000 -1.449999999998800E-016
          85           2  0.000000000000000E+000 -7.999999999998604E-017
          86           1  0.000000000000000E+000 -1.449999999998840E-016
          86           2  0.000000000000000E+000 -7.999999999999724E-017
          87           1  0.000000000000000E+000 -1.449999999998616E-016
          87           2  0.000000000000000E+000 -7.999999999998006E-017
          88           1  0.000000000000000E+000 -1.449999999998597E-016
          88           2  0.000000000000000E+000 -7.999999999997416E-017
          89           1  0.000000000000000E+000 -1.449999999998373E-016
          89           2  0.000000000000000E+000 -7.999999999998366E-017
          90           1  0.000000000000000E+000 -1.449999999998228E-016
          90           2  0.000000000000000E+000 -7.999999999999361E-017
          91           1  0.000000000000000E+000 -1.449999999998277E-016
          91           2  0.000000000000000E+000 -7.999999999999733E-017
          92           1  0.000000000000000E+000 -1.449999999998494E-016
          92           2  0.000000000000000E+000 -7.999999999999893E-017
          93           1  0.000000000000000E+000 -1.449999999998614E-016
          93           2  0.000000000000000E+000 -7.999999999998422E-017
          94           1  0.000000000000000E+000 -1.449999999998860E-016
          94           2  0.000000000000000E+000 -7.999999999998770E-017
          95           1  0.000000000000000E+000 -1.449999999998879E-016
          95           2  0.000000000000000E+000 -7.999999999998720E-017
          96           1  0.000000000000000E+000 -1.449999999998831E-016
          96           2  0.000000000000000E+000 -7.999999999999811E-017
          97           1  0.000000000000000E+000 -1.449999999998947E-016
          97           2  0.000000000000000E+000 -8.000000000000508E-017
          98           1  0.000000000000000E+000 -1.449999999999034E-016
          98           2  0.000000000000000E+000 -7.999999999999791E-017
          99           1  0.000000000000000E+000 -1.449999999999051E-016
          99           2  0.000000000000000E+000 -7.999999999999704E-017
         100           1  0.000000000000000E+000 -1.449999999999083E-016
         100           2  0.000000000000000E+000 -7.999999999999287E-017
         101           1  0.000000000000000E+000 -1.449999999998921E-016
         101           2  0.000000000000000E+000 -7.999999999997396E-017
         102           1  0.000000000000000E+000 -1.449999999998986E-016
         102           2  0.000000000000000E+000 -7.999999999998471E-017
         103           1  0.000000000000000E+000 -1.449999999998946E-016
         103           2  0.000000000000000E+000 -7.999999999998929E-017
         104           1  0.000000000000000E+000 -1.449999999998877E-016
         104           2  0.000000000000000E+000 -7.999999999999261E-017
         105           1  0.000000000000000E+000 -1.449999999998821E-016
         105           2  0.000000000000000E+000 -7.999999999998427E-017
         106           1  0.000000000000000E+000 -1.449999999998711E-016
         106           2  0.000000000000000E+000 -7.999999999998259E-017
         107           1  0.000000000000000E+000 -1.449999999998671E-016
         107           2  0.000000000000000E+000 -7.999999999998418E-017
         108           1  0.000000000000000E+000 -1.449999999998529E-016
         108           2  0.000000000000000E+000 -7.999999999997432E-017
         109           1  0.000000000000000E+000 -1.449999999998200E-016
         109           2  0.000000000000000E+000 -7.999999999997199E-017
         110           1  0.000000000000000E+000 -1.449999999998109E-016
         110           2  0.000000000000000E+000 -7.999999999998656E-017
         111           1  0.000000000000000E+000 -1.449999999998045E-016
         111           2  0.000000000000000E+000 -7.999999999996290E-017
         112           1  0.000000000000000E+000 -1.449999999998367E-016
         112           2  0.000000000000000E+000 -7.999999999999932E-017
         113           1  0.000000000000000E+000 -1.449999999998619E-016
         113           2  0.000000000000000E+000 -7.999999999998478E-017
         114           1  0.000000000000000E+000 -1.449999999998717E-016
         114           2  0.000000000000000E+000 -7.999999999998450E-017
         115           1  0.000000000000000E+000 -1.449999999998752E-016
         115           2  0.000000000000000E+000 -7.999999999998868E-017
         116           1  0.000000000000000E+000 -1.449999999998802E-016
         116           2  0.000000000000000E+000 -7.999999999998338E-017
         117           1  0.000000000000000E+000 -1.449999999998815E-016
         117           2  0.000000000000000E+000 -7.999999999996714E-017
         118           1  0.000000000000000E+000 -1.449999999998839E-016
         118           2  0.000000000000000E+000 -7.999999999999467E-017
         119           1  0.000000000000000E+000 -1.449999999999029E-016
         119           2  0.000000000000000E+000 -8.000000000000129E-017
         120           1  0.000000000000000E+000 -1.449999999999124E-016
         120           2  0.000000000000000E+000 -8.000000000000169E-017
         121           1  0.000000000000000E+000 -1.449999999999057E-016
         121           2  0.000000000000000E+000 -8.000000000002525E-017
         122           1  0.000000000000000E+000 -1.449999999998846E-016
         122           2  0.000000000000000E+000 -7.999999999996997E-017
         123           1  0.000000000000000E+000 -1.449999999998874E-016
         123           2  0.000000000000000E+000 -8.000000000001220E-017
         124           1  0.000000000000000E+000 -1.449999999998806E-016
         124           2  0.000000000000000E+000 -7.999999999998509E-017
         125           1  0.000000000000000E+000 -1.449999999998754E-016
         125           2  0.000000000000000E+000 -7.999999999998848E-017
         126           1  0.000000000000000E+000 -1.449999999998738E-016
         126           2  0.000000000000000E+000 -7.999999999999811E-017
         127           1  0.000000000000000E+000 -1.449999999998491E-016
         127           2  0.000000000000000E+000 -7.999999999997751E-017
         128           1  0.000000000000000E+000 -1.449999999998400E-016
         128           2  0.000000000000000E+000 -7.999999999998710E-017
         129           1  0.000000000000000E+000 -1.449999999998111E-016
         129           2  0.000000000000000E+000 -7.999999999998566E-017
         130           1  0.000000000000000E+000 -1.449999999997908E-016
         130           2  0.000000000000000E+000 -7.999999999998547E-017
         131           1  0.000000000000000E+000 -1.449999999998031E-016
         131           2  0.000000000000000E+000 -7.999999999997898E-017
         132           1  0.000000000000000E+000 -1.449999999998232E-016
         132           2  0.000000000000000E+000 -7.999999999998068E-017
         133           1  0.000000000000000E+000 -1.449999999998529E-016
         133           2  0.000000000000000E+000 -7.999999999998778E-017
         134           1  0.000000000000000E+000 -1.449999999998471E-016
         134           2  0.000000000000000E+000 -7.999999999998064E-017
         135           1  0.000000000000000E+000 -1.449999999998644E-016
         135           2  0.000000000000000E+000 -7.999999999998640E-017
         136           1  0.000000000000000E+000 -1.449999999998636E-016
         136           2  0.000000000000000E+000 -7.999999999998751E-017
         137           1  0.000000000000000E+000 -1.449999999998826E-016
         137           2  0.000000000000000E+000 -7.999999999998905E-017
         138           1  0.000000000000000E+000 -1.449999999998791E-016
         138           2  0.000000000000000E+000 -7.999999999998958E-017
         139           1  0.000000000000000E+000 -1.449999999998922E-016
         139           2  0.000000000000000E+000 -7.999999999998970E-017
         140           1  0.000000000000000E+000 -1.449999999998961E-016
         140           2  0.000000000000000E+000 -7.999999999999018E-017
         141           1  0.000000000000000E+000 -1.449999999998814E-016
         141           2  0.000000000000000E+000 -7.999999999999058E-017
         142           1  0.000000000000000E+000 -1.449999999998798E-016
         142           2  0.000000000000000E+000 -7.999999999999170E-017
         143           1  0.000000000000000E+000 -1.449999999998677E-016
         143           2  0.000000000000000E+000 -7.999999999999782E-017
         144           1  0.000000000000000E+000 -1.449999999998711E-016
         144           2  0.000000000000000E+000 -7.999999999997913E-017
         145           1  0.000000000000000E+000 -1.449999999998534E-016
         145           2  0.000000000000000E+000 -7.999999999999280E-017
         146           1  0.000000000000000E+000 -1.449999999998646E-016
         146           2  0.000000000000000E+000 -7.999999999998941E-017
         147           1  0.000000000000000E+000 -1.449999999998681E-016
         147           2  0.000000000000000E+000 -8.000000000002118E-017
         148           1  0.000000000000000E+000 -1.449999999998224E-016
         148           2  0.000000000000000E+000 -7.999999999997092E-017
         149           1  0.000000000000000E+000 -1.449999999997878E-016
         149           2  0.000000000000000E+000 -7.999999999996069E-017
         150           1  0.000000000000000E+000 -1.449999999997731E-016
         150           2  0.000000000000000E+000 -7.999999999997919E-017
         151           1  0.000000000000000E+000 -1.449999999997869E-016
         151           2  0.000000000000000E+000 -7.999999999998876E-017
         152           1  0.000000000000000E+000 -1.449999999998337E-016
         152           2  0.000000000000000E+000 -8.000000000002859E-017
         153           1  0.000000000000000E+000 -1.449999999998535E-016
         153           2  0.000000000000000E+000 -7.999999999999740E-017
         154           1  0.000000000000000E+000 -1.449999999998448E-016
         154           2  0.000000000000000E+000 -7.999999999998551E-017
         155           1  0.000000000000000E+000 -1.449999999998595E-016
         155           2  0.000000000000000E+000 -7.999999999999594E-017
         156           1  0.000000000000000E+000 -1.449999999998685E-016
         156           2  0.000000000000000E+000 -7.999999999998613E-017
         157           1  0.000000000000000E+000 -1.449999999998751E-016
         157           2  0.000000000000000E+000 -8.000000000001154E-017
         158           1  0.000000000000000E+000 -1.449999999998707E-016
         158           2  0.000000000000000E+000 -7.999999999998512E-017
         159           1  0.000000000000000E+000 -1.449999999998798E-016
         159           2  0.000000000000000E+000 -7.999999999998817E-017
         160           1  0.000000000000000E+000 -1.449999999998834E-016
         160           2  0.000000000000000E+000 -7.999999999999181E-017
         161           1  0.000000000000000E+000 -1.449999999998806E-016
         161           2  0.000000000000000E+000 -8.000000000000328E-017
         162           1  0.000000000000000E+000 -1.449999999998649E-016
         162           2  0.000000000000000E+000 -7.999999999998203E-017
         163           1  0.000000000000000E+000 -1.449999999998576E-016
         163           2  0.000000000000000E+000 -7.999999999999188E-017
         164           1  0.000000000000000E+000 -1.449999999998417E-016
         164           2  0.000000000000000E+000 -7.999999999998419E-017
         165           1  0.000000000000000E+000 -1.449999999998343E-016
         165           2  0.000000000000000E+000 -7.999999999998512E-017
         166           1  0.000000000000000E+000 -1.449999999998271E-016
         166           2  0.000000000000000E+000 -7.999999999997034E-017
         167           1  0.000000000000000E+000 -1.449999999998151E-016
         167           2  0.000000000000000E+000 -7.999999999999198E-017
         168           1  0.000000000000000E+000 -1.449999999997878E-016
         168           2  0.000000000000000E+000 -7.999999999994938E-017
         169           1  0.000000000000000E+000 -1.449999999997663E-016
         169           2  0.000000000000000E+000 -7.999999999998377E-017
         170           1  0.000000000000000E+000 -1.449999999997455E-016
         170           2  0.000000000000000E+000 -7.999999999997585E-017
         171           1  0.000000000000000E+000 -1.449999999997665E-016
         171           2  0.000000000000000E+000 -8.000000000000850E-017
         172           1  0.000000000000000E+000 -1.449999999997658E-016
         172           2  0.000000000000000E+000 -7.999999999995905E-017
         173           1  0.000000000000000E+000 -1.449999999998024E-016
         173           2  0.000000000000000E+000 -7.999999999997310E-017
         174           1  0.000000000000000E+000 -1.449999999998242E-016
         174           2  0.000000000000000E+000 -7.999999999999427E-017
         175           1  0.000000000000000E+000 -1.449999999998271E-016
         175           2  0.000000000000000E+000 -7.999999999998306E-017
         176           1  0.000000000000000E+000 -1.449999999998497E-016
         176           2  0.000000000000000E+000 -7.999999999998826E-017
         177           1  0.000000000000000E+000 -1.449999999998515E-016
         177           2  0.000000000000000E+000 -7.999999999998122E-017
         178           1  0.000000000000000E+000 -1.449999999998565E-016
         178           2  0.000000000000000E+000 -7.999999999998714E-017
         179           1  0.000000000000000E+000 -1.449999999998612E-016
         179           2  0.000000000000000E+000 -7.999999999998462E-017
         180           1  0.000000000000000E+000 -1.449999999998763E-016
         180           2  0.000000000000000E+000 -7.999999999999707E-017
         181           1  0.000000000000000E+000 -1.449999999998681E-016
         181           2  0.000000000000000E+000 -8.000000000000103E-017
         182           1  0.000000000000000E+000 -1.449999999998443E-016
         182           2  0.000000000000000E+000 -7.999999999997569E-017
         183           1  0.000000000000000E+000 -1.449999999998358E-016
         183           2  0.000000000000000E+000 -7.999999999997142E-017
         184           1  0.000000000000000E+000 -1.449999999998367E-016
         184           2  0.000000000000000E+000 -7.999999999999891E-017
         185           1  0.000000000000000E+000 -1.449999999998150E-016
         185           2  0.000000000000000E+000 -7.999999999997055E-017
         186           1  0.000000000000000E+000 -1.449999999998149E-016
         186           2  0.000000000000000E+000 -7.999999999997832E-017
         187           1  0.000000000000000E+000 -1.449999999997943E-016
         187           2  0.000000000000000E+000 -7.999999999998589E-017
         188           1  0.000000000000000E+000 -1.449999999997725E-016
         188           2  0.000000000000000E+000 -7.999999999998132E-017
         189           1  0.000000000000000E+000 -1.449999999997470E-016
         189           2  0.000000000000000E+000 -7.999999999998105E-017
         190           1  0.000000000000000E+000 -1.449999999997260E-016
         190           2  0.000000000000000E+000 -7.999999999997074E-017
         191           1  0.000000000000000E+000 -1.449999999997311E-016
         191           2  0.000000000000000E+000 -7.999999999999074E-017
         192           1  0.000000000000000E+000 -1.449999999997587E-016
         192           2  0.000000000000000E+000 -7.999999999997999E-017
         193           1  0.000000000000000E+000 -1.449999999997859E-016
         193           2  0.000000000000000E+000 -7.999999999998669E-017
         194           1  0.000000000000000E+000 -1.449999999997995E-016
         194           2  0.000000000000000E+000 -7.999999999997645E-017
         195           1  0.000000000000000E+000 -1.449999999998049E-016
         195           2  0.000000000000000E+000 -7.999999999998759E-017
         196           1  0.000000000000000E+000 -1.449999999998336E-016
         196           2  0.000000000000000E+000 -8.000000000000549E-017
         197           1  0.000000000000000E+000 -1.449999999998398E-016
         197           2  0.000000000000000E+000 -7.999999999999369E-017
         198           1  0.000000000000000E+000 -1.449999999998451E-016
         198           2  0.000000000000000E+000 -7.999999999997762E-017
         199           1  0.000000000000000E+000 -1.449999999998521E-016
         199           2  0.000000000000000E+000 -7.999999999999032E-017
         200           1  0.000000000000000E+000 -1.449999999998586E-016
         200           2  0.000000000000000E+000 -7.999999999998604E-017
         201           1  0.000000000000000E+000 -1.449999999998654E-016
         201           2  0.000000000000000E+000 -7.999999999999453E-017
         202           1  0.000000000000000E+000 -1.449999999998435E-016
         202           2  0.000000000000000E+000 -7.999999999998536E-017
         203           1  0.000000000000000E+000 -1.449999999998287E-016
         203           2  0.000000000000000E+000 -7.999999999997609E-017
         204           1  0.000000000000000E+000 -1.449999999998219E-016
         204           2  0.000000000000000E+000 -7.999999999999240E-017
         205           1  0.000000000000000E+000 -1.449999999998305E-016
         205           2  0.000000000000000E+000 -8.000000000000226E-017
         206           1  0.000000000000000E+000 -1.449999999998048E-016
         206           2  0.000000000000000E+000 -7.999999999998457E-017
         207           1  0.000000000000000E+000 -1.449999999998002E-016
         207           2  0.000000000000000E+000 -7.999999999998142E-017
         208           1  0.000000000000000E+000 -1.449999999997759E-016
         208           2  0.000000000000000E+000 -7.999999999998614E-017
         209           1  0.000000000000000E+000 -1.449999999997568E-016
         209           2  0.000000000000000E+000 -7.999999999999044E-017
         210           1  0.000000000000000E+000 -1.449999999997336E-016
         210           2  0.000000000000000E+000 -7.999999999997200E-017
         211           1  0.000000000000000E+000 -1.449999999997391E-016
         211           2  0.000000000000000E+000 -7.999999999998287E-017
         212           1  0.000000000000000E+000 -1.449999999997548E-016
         212           2  0.000000000000000E+000 -7.999999999999108E-017
         213           1  0.000000000000000E+000 -1.449999999997911E-016
         213           2  0.000000000000000E+000 -7.999999999999662E-017
         214           1  0.000000000000000E+000 -1.449999999998008E-016
         214           2  0.000000000000000E+000 -7.999999999997645E-017
         215           1  0.000000000000000E+000 -1.449999999998105E-016
         215           2  0.000000000000000E+000 -7.999999999997909E-017
         216           1  0.000000000000000E+000 -1.449999999998159E-016
         216           2  0.000000000000000E+000 -7.999999999998270E-017
         217           1  0.000000000000000E+000 -1.449999999998254E-016
         217           2  0.000000000000000E+000 -7.999999999998445E-017
         218           1  0.000000000000000E+000 -1.449999999998351E-016
         218           2  0.000000000000000E+000 -7.999999999998942E-017
         219           1  0.000000000000000E+000 -1.449999999998559E-016
         219           2  0.000000000000000E+000 -8.000000000000417E-017
         220           1  0.000000000000000E+000 -1.449999999998439E-016
         220           2  0.000000000000000E+000 -7.999999999995690E-017
         221           1  0.000000000000000E+000 -1.449999999998711E-016
         221           2  0.000000000000000E+000 -7.999999999998470E-017
         222           1  0.000000000000000E+000 -1.449999999998761E-016
         222           2  0.000000000000000E+000 -8.000000000000225E-017
         223           1  0.000000000000000E+000 -1.449999999998675E-016
         223           2  0.000000000000000E+000 -8.000000000000201E-017
         224           1  0.000000000000000E+000 -1.449999999998566E-016
         224           2  0.000000000000000E+000 -7.999999999998740E-017
         225           1  0.000000000000000E+000 -1.449999999998324E-016
         225           2  0.000000000000000E+000 -7.999999999998011E-017
         226           1  0.000000000000000E+000 -1.449999999998211E-016
         226           2  0.000000000000000E+000 -7.999999999998233E-017
         227           1  0.000000000000000E+000 -1.449999999998102E-016
         227           2  0.000000000000000E+000 -7.999999999997701E-017
         228           1  0.000000000000000E+000 -1.449999999997929E-016
         228           2  0.000000000000000E+000 -7.999999999998402E-017
         229           1  0.000000000000000E+000 -1.449999999997692E-016
         229           2  0.000000000000000E+000 -7.999999999997733E-017
         230           1  0.000000000000000E+000 -1.449999999997576E-016
         230           2  0.000000000000000E+000 -7.999999999997903E-017
         231           1  0.000000000000000E+000 -1.449999999997639E-016
         231           2  0.000000000000000E+000 -7.999999999999190E-017
         232           1  0.000000000000000E+000 -1.449999999997773E-016
         232           2  0.000000000000000E+000 -7.999999999998148E-017
         233           1  0.000000000000000E+000 -1.449999999998101E-016
         233           2  0.000000000000000E+000 -7.999999999998640E-017
         234           1  0.000000000000000E+000 -1.449999999998139E-016
         234           2  0.000000000000000E+000 -7.999999999998621E-017
         235           1  0.000000000000000E+000 -1.449999999998264E-016
         235           2  0.000000000000000E+000 -7.999999999997818E-017
         236           1  0.000000000000000E+000 -1.449999999998415E-016
         236           2  0.000000000000000E+000 -7.999999999998902E-017
         237           1  0.000000000000000E+000 -1.449999999998547E-016
         237           2  0.000000000000000E+000 -7.999999999998626E-017
         238           1  0.000000000000000E+000 -1.449999999998630E-016
         238           2  0.000000000000000E+000 -7.999999999999270E-017
         239           1  0.000000000000000E+000 -1.449999999998670E-016
         239           2  0.000000000000000E+000 -7.999999999998461E-017
         240           1  0.000000000000000E+000 -1.449999999998735E-016
         240           2  0.000000000000000E+000 -7.999999999999156E-017
         241           1  0.000000000000000E+000 -1.449999999998830E-016
         241           2  0.000000000000000E+000 -7.999999999998998E-017
         242           1  0.000000000000000E+000 -1.449999999998734E-016
         242           2  0.000000000000000E+000 -7.999999999996579E-017
         243           1  0.000000000000000E+000 -1.449999999998768E-016
         243           2  0.000000000000000E+000 -7.999999999998101E-017
         244           1  0.000000000000000E+000 -1.449999999998639E-016
         244           2  0.000000000000000E+000 -7.999999999997275E-017
         245           1  0.000000000000000E+000 -1.449999999998683E-016
         245           2  0.000000000000000E+000 -7.999999999998661E-017
         246           1  0.000000000000000E+000 -1.449999999998641E-016
         246           2  0.000000000000000E+000 -7.999999999999547E-017
         247           1  0.000000000000000E+000 -1.449999999998452E-016
         247           2  0.000000000000000E+000 -7.999999999998721E-017
         248           1  0.000000000000000E+000 -1.449999999998273E-016
         248           2  0.000000000000000E+000 -7.999999999998881E-017
         249           1  0.000000000000000E+000 -1.449999999997923E-016
         249           2  0.000000000000000E+000 -7.999999999996595E-017
         250           1  0.000000000000000E+000 -1.449999999997806E-016
         250           2  0.000000000000000E+000 -7.999999999998934E-017
         251           1  0.000000000000000E+000 -1.449999999997722E-016
         251           2  0.000000000000000E+000 -7.999999999997678E-017
         252           1  0.000000000000000E+000 -1.449999999997929E-016
         252           2  0.000000000000000E+000 -7.999999999995852E-017
         253           1  0.000000000000000E+000 -1.449999999998335E-016
         253           2  0.000000000000000E+000 -7.999999999999586E-017
         254           1  0.000000000000000E+000 -1.449999999998344E-016
         254           2  0.000000000000000E+000 -7.999999999997484E-017
         255           1  0.000000000000000E+000 -1.449999999998514E-016
         255           2  0.000000000000000E+000 -7.999999999999044E-017
         256           1  0.000000000000000E+000 -1.449999999998611E-016
         256           2  0.000000000000000E+000 -7.999999999997256E-017
         257           1  0.000000000000000E+000 -1.449999999998707E-016
         257           2  0.000000000000000E+000 -7.999999999998768E-017
         258           1  0.000000000000000E+000 -1.449999999998781E-016
         258           2  0.000000000000000E+000 -7.999999999998837E-017
         259           1  0.000000000000000E+000 -1.449999999998813E-016
         259           2  0.000000000000000E+000 -7.999999999998959E-017
         260           1  0.000000000000000E+000 -1.449999999998834E-016
         260           2  0.000000000000000E+000 -7.999999999998296E-017
         261           1  0.000000000000000E+000 -1.449999999998856E-016
         261           2  0.000000000000000E+000 -7.999999999997857E-017
         262           1  0.000000000000000E+000 -1.449999999998860E-016
         262           2  0.000000000000000E+000 -7.999999999998216E-017
         263           1  0.000000000000000E+000 -1.449999999998914E-016
         263           2  0.000000000000000E+000 -8.000000000001105E-017
         264           1  0.000000000000000E+000 -1.449999999998805E-016
         264           2  0.000000000000000E+000 -7.999999999999403E-017
         265           1  0.000000000000000E+000 -1.449999999998663E-016
         265           2  0.000000000000000E+000 -7.999999999996265E-017
         266           1  0.000000000000000E+000 -1.449999999998729E-016
         266           2  0.000000000000000E+000 -7.999999999998997E-017
         267           1  0.000000000000000E+000 -1.449999999998673E-016
         267           2  0.000000000000000E+000 -7.999999999998991E-017
         268           1  0.000000000000000E+000 -1.449999999998400E-016
         268           2  0.000000000000000E+000 -7.999999999999087E-017
         269           1  0.000000000000000E+000 -1.449999999998179E-016
         269           2  0.000000000000000E+000 -7.999999999999379E-017
         270           1  0.000000000000000E+000 -1.449999999997832E-016
         270           2  0.000000000000000E+000 -7.999999999998467E-017
         271           1  0.000000000000000E+000 -1.449999999997870E-016
         271           2  0.000000000000000E+000 -7.999999999997725E-017
         272           1  0.000000000000000E+000 -1.449999999998224E-016
         272           2  0.000000000000000E+000 -7.999999999998288E-017
         273           1  0.000000000000000E+000 -1.449999999998425E-016
         273           2  0.000000000000000E+000 -7.999999999997890E-017
         274           1  0.000000000000000E+000 -1.449999999998544E-016
         274           2  0.000000000000000E+000 -7.999999999998099E-017
         275           1  0.000000000000000E+000 -1.449999999998780E-016
         275           2  0.000000000000000E+000 -8.000000000000332E-017
         276           1  0.000000000000000E+000 -1.449999999998714E-016
         276           2  0.000000000000000E+000 -7.999999999997814E-017
         277           1  0.000000000000000E+000 -1.449999999998803E-016
         277           2  0.000000000000000E+000 -7.999999999998391E-017
         278           1  0.000000000000000E+000 -1.449999999998786E-016
         278           2  0.000000000000000E+000 -7.999999999998535E-017
         279           1  0.000000000000000E+000 -1.449999999998958E-016
         279           2  0.000000000000000E+000 -7.999999999999559E-017
         280           1  0.000000000000000E+000 -1.449999999998888E-016
         280           2  0.000000000000000E+000 -7.999999999997662E-017
         281           1  0.000000000000000E+000 -1.449999999999025E-016
         281           2  0.000000000000000E+000 -7.999999999999357E-017
         282           1  0.000000000000000E+000 -1.449999999999032E-016
         282           2  0.000000000000000E+000 -7.999999999999440E-017
         283           1  0.000000000000000E+000 -1.449999999998942E-016
         283           2  0.000000000000000E+000 -7.999999999998599E-017
         284           1  0.000000000000000E+000 -1.449999999998860E-016
         284           2  0.000000000000000E+000 -7.999999999999331E-017
         285           1  0.000000000000000E+000 -1.449999999998754E-016
         285           2  0.000000000000000E+000 -7.999999999998604E-017
         286           1  0.000000000000000E+000 -1.449999999998783E-016
         286           2  0.000000000000000E+000 -7.999999999998535E-017
         287           1  0.000000000000000E+000 -1.449999999998726E-016
         287           2  0.000000000000000E+000 -7.999999999999307E-017
         288           1  0.000000000000000E+000 -1.449999999998570E-016
         288           2  0.000000000000000E+000 -7.999999999998270E-017
         289           1  0.000000000000000E+000 -1.449999999998337E-016
         289           2  0.000000000000000E+000 -7.999999999997645E-017
         290           1  0.000000000000000E+000 -1.449999999998107E-016
         290           2  0.000000000000000E+000 -7.999999999998327E-017
         291           1  0.000000000000000E+000 -1.449999999998067E-016
         291           2  0.000000000000000E+000 -7.999999999997917E-017
         292           1  0.000000000000000E+000 -1.449999999998229E-016
         292           2  0.000000000000000E+000 -7.999999999998079E-017
         293           1  0.000000000000000E+000 -1.449999999998598E-016
         293           2  0.000000000000000E+000 -7.999999999998443E-017
         294           1  0.000000000000000E+000 -1.449999999998707E-016
         294           2  0.000000000000000E+000 -7.999999999998990E-017
         295           1  0.000000000000000E+000 -1.449999999998762E-016
         295           2  0.000000000000000E+000 -7.999999999998710E-017
         296           1  0.000000000000000E+000 -1.449999999998826E-016
         296           2  0.000000000000000E+000 -7.999999999999270E-017
         297           1  0.000000000000000E+000 -1.449999999998844E-016
         297           2  0.000000000000000E+000 -7.999999999998428E-017
         298           1  0.000000000000000E+000 -1.449999999998893E-016
         298           2  0.000000000000000E+000 -7.999999999999390E-017
         299           1  0.000000000000000E+000 -1.449999999998936E-016
         299           2  0.000000000000000E+000 -7.999999999999849E-017
         300           1  0.000000000000000E+000 -1.449999999998929E-016
         300           2  0.000000000000000E+000 -7.999999999998885E-017
         301           1  0.000000000000000E+000 -1.449999999999006E-016
         301           2  0.000000000000000E+000 -7.999999999998788E-017
         302           1  0.000000000000000E+000 -1.449999999998980E-016
         302           2  0.000000000000000E+000 -7.999999999999468E-017
         303           1  0.000000000000000E+000 -1.449999999999044E-016
         303           2  0.000000000000000E+000 -7.999999999998938E-017
         304           1  0.000000000000000E+000 -1.449999999998790E-016
         304           2  0.000000000000000E+000 -7.999999999996714E-017
         305           1  0.000000000000000E+000 -1.449999999998911E-016
         305           2  0.000000000000000E+000 -7.999999999999156E-017
         306           1  0.000000000000000E+000 -1.449999999998767E-016
         306           2  0.000000000000000E+000 -8.000000000000257E-017
         307           1  0.000000000000000E+000 -1.449999999998818E-016
         307           2  0.000000000000000E+000 -7.999999999998991E-017
         308           1  0.000000000000000E+000 -1.449999999998671E-016
         308           2  0.000000000000000E+000 -7.999999999998875E-017
         309           1  0.000000000000000E+000 -1.449999999998325E-016
         309           2  0.000000000000000E+000 -7.999999999997914E-017
         310           1  0.000000000000000E+000 -1.449999999998143E-016
         310           2  0.000000000000000E+000 -7.999999999997697E-017
         311           1  0.000000000000000E+000 -1.449999999998150E-016
         311           2  0.000000000000000E+000 -7.999999999997232E-017
         312           1  0.000000000000000E+000 -1.449999999998427E-016
         312           2  0.000000000000000E+000 -7.999999999999106E-017
         313           1  0.000000000000000E+000 -1.449999999998595E-016
         313           2  0.000000000000000E+000 -7.999999999998706E-017
         314           1  0.000000000000000E+000 -1.449999999998745E-016
         314           2  0.000000000000000E+000 -7.999999999999081E-017
         315           1  0.000000000000000E+000 -1.449999999998858E-016
         315           2  0.000000000000000E+000 -7.999999999998920E-017
         316           1  0.000000000000000E+000 -1.449999999998917E-016
         316           2  0.000000000000000E+000 -7.999999999998908E-017
         317           1  0.000000000000000E+000 -1.449999999998922E-016
         317           2  0.000000000000000E+000 -7.999999999998648E-017
         318           1  0.000000000000000E+000 -1.449999999999054E-016
         318           2  0.000000000000000E+000 -8.000000000000839E-017
         319           1  0.000000000000000E+000 -1.449999999999077E-016
         319           2  0.000000000000000E+000 -7.999999999999453E-017
         320           1  0.000000000000000E+000 -1.449999999999073E-016
         320           2  0.000000000000000E+000 -7.999999999998991E-017
         321           1  0.000000000000000E+000 -1.449999999999122E-016
         321           2  0.000000000000000E+000 -7.999999999999446E-017
         322           1  0.000000000000000E+000 -1.449999999999075E-016
         322           2  0.000000000000000E+000 -7.999999999998761E-017
         323           1  0.000000000000000E+000 -1.449999999998989E-016
         323           2  0.000000000000000E+000 -7.999999999998158E-017
         324           1  0.000000000000000E+000 -1.449999999998922E-016
         324           2  0.000000000000000E+000 -7.999999999999314E-017
         325           1  0.000000000000000E+000 -1.449999999998963E-016
         325           2  0.000000000000000E+000 -7.999999999998141E-017
         326           1  0.000000000000000E+000 -1.449999999998897E-016
         326           2  0.000000000000000E+000 -7.999999999999199E-017
         327           1  0.000000000000000E+000 -1.449999999998765E-016
         327           2  0.000000000000000E+000 -7.999999999999300E-017
         328           1  0.000000000000000E+000 -1.449999999998666E-016
         328           2  0.000000000000000E+000 -7.999999999998597E-017
         329           1  0.000000000000000E+000 -1.449999999998520E-016
         329           2  0.000000000000000E+000 -7.999999999998821E-017
         330           1  0.000000000000000E+000 -1.449999999998289E-016
         330           2  0.000000000000000E+000 -7.999999999997929E-017
         331           1  0.000000000000000E+000 -1.449999999998255E-016
         331           2  0.000000000000000E+000 -7.999999999998242E-017
         332           1  0.000000000000000E+000 -1.449999999998590E-016
         332           2  0.000000000000000E+000 -7.999999999998561E-017
         333           1  0.000000000000000E+000 -1.449999999998710E-016
         333           2  0.000000000000000E+000 -7.999999999998731E-017
         334           1  0.000000000000000E+000 -1.449999999998935E-016
         334           2  0.000000000000000E+000 -7.999999999999228E-017
         335           1  0.000000000000000E+000 -1.449999999998877E-016
         335           2  0.000000000000000E+000 -7.999999999998070E-017
         336           1  0.000000000000000E+000 -1.449999999998946E-016
         336           2  0.000000000000000E+000 -7.999999999998855E-017
         337           1  0.000000000000000E+000 -1.449999999998883E-016
         337           2  0.000000000000000E+000 -7.999999999997683E-017
         338           1  0.000000000000000E+000 -1.449999999998989E-016
         338           2  0.000000000000000E+000 -7.999999999998703E-017
         339           1  0.000000000000000E+000 -1.449999999998925E-016
         339           2  0.000000000000000E+000 -7.999999999996891E-017
         340           1  0.000000000000000E+000 -1.449999999999107E-016
         340           2  0.000000000000000E+000 -7.999999999998885E-017
         341           1  0.000000000000000E+000 -1.449999999999169E-016
         341           2  0.000000000000000E+000 -7.999999999998616E-017
         342           1  0.000000000000000E+000 -1.449999999999115E-016
         342           2  0.000000000000000E+000 -7.999999999999527E-017
         343           1  0.000000000000000E+000 -1.449999999999111E-016
         343           2  0.000000000000000E+000 -7.999999999998759E-017
         344           1  0.000000000000000E+000 -1.449999999998991E-016
         344           2  0.000000000000000E+000 -7.999999999997950E-017
         345           1  0.000000000000000E+000 -1.449999999999022E-016
         345           2  0.000000000000000E+000 -7.999999999999257E-017
         346           1  0.000000000000000E+000 -1.449999999998974E-016
         346           2  0.000000000000000E+000 -7.999999999998747E-017
         347           1  0.000000000000000E+000 -1.449999999998857E-016
         347           2  0.000000000000000E+000 -7.999999999998677E-017
         348           1  0.000000000000000E+000 -1.449999999998691E-016
         348           2  0.000000000000000E+000 -7.999999999998635E-017
         349           1  0.000000000000000E+000 -1.449999999998591E-016
         349           2  0.000000000000000E+000 -7.999999999998917E-017
         350           1  0.000000000000000E+000 -1.449999999998325E-016
         350           2  0.000000000000000E+000 -7.999999999997029E-017
         351           1  0.000000000000000E+000 -1.449999999998410E-016
         351           2  0.000000000000000E+000 -7.999999999997936E-017
         352           1  0.000000000000000E+000 -1.449999999998573E-016
         352           2  0.000000000000000E+000 -7.999999999998528E-017
         353           1  0.000000000000000E+000 -1.449999999998775E-016
         353           2  0.000000000000000E+000 -7.999999999998625E-017
         354           1  0.000000000000000E+000 -1.449999999998908E-016
         354           2  0.000000000000000E+000 -7.999999999998961E-017
         355           1  0.000000000000000E+000 -1.449999999998922E-016
         355           2  0.000000000000000E+000 -7.999999999999262E-017
         356           1  0.000000000000000E+000 -1.449999999998998E-016
         356           2  0.000000000000000E+000 -7.999999999997773E-017
         357           1  0.000000000000000E+000 -1.449999999999094E-016
         357           2  0.000000000000000E+000 -7.999999999999569E-017
         358           1  0.000000000000000E+000 -1.449999999999076E-016
         358           2  0.000000000000000E+000 -7.999999999998494E-017
         359           1  0.000000000000000E+000 -1.449999999999123E-016
         359           2  0.000000000000000E+000 -7.999999999998149E-017
         360           1  0.000000000000000E+000 -1.449999999999164E-016
         360           2  0.000000000000000E+000 -7.999999999998752E-017
         361           1  0.000000000000000E+000 -1.449999999999224E-016
         361           2  0.000000000000000E+000 -7.999999999999411E-017
         362           1  0.000000000000000E+000 -1.449999999999157E-016
         362           2  0.000000000000000E+000 -7.999999999998864E-017
         363           1  0.000000000000000E+000 -1.449999999999116E-016
         363           2  0.000000000000000E+000 -7.999999999999049E-017
         364           1  0.000000000000000E+000 -1.449999999999087E-016
         364           2  0.000000000000000E+000 -7.999999999999201E-017
         365           1  0.000000000000000E+000 -1.449999999999043E-016
         365           2  0.000000000000000E+000 -7.999999999999351E-017
         366           1  0.000000000000000E+000 -1.449999999998978E-016
         366           2  0.000000000000000E+000 -7.999999999999457E-017
         367           1  0.000000000000000E+000 -1.449999999998824E-016
         367           2  0.000000000000000E+000 -7.999999999998470E-017
         368           1  0.000000000000000E+000 -1.449999999998786E-016
         368           2  0.000000000000000E+000 -7.999999999998657E-017
         369           1  0.000000000000000E+000 -1.449999999998721E-016
         369           2  0.000000000000000E+000 -7.999999999999431E-017
         370           1  0.000000000000000E+000 -1.449999999998543E-016
         370           2  0.000000000000000E+000 -7.999999999998716E-017
         371           1  0.000000000000000E+000 -1.449999999998528E-016
         371           2  0.000000000000000E+000 -8.000000000000826E-017
         372           1  0.000000000000000E+000 -1.449999999998652E-016
         372           2  0.000000000000000E+000 -7.999999999997225E-017
         373           1  0.000000000000000E+000 -1.449999999998843E-016
         373           2  0.000000000000000E+000 -7.999999999999542E-017
         374           1  0.000000000000000E+000 -1.449999999998880E-016
         374           2  0.000000000000000E+000 -7.999999999998741E-017
         375           1  0.000000000000000E+000 -1.449999999998749E-016
         375           2  0.000000000000000E+000 -7.999999999994986E-017
         376           1  0.000000000000000E+000 -1.449999999999025E-016
         376           2  0.000000000000000E+000 -7.999999999998672E-017
         377           1  0.000000000000000E+000 -1.449999999999162E-016
         377           2  0.000000000000000E+000 -8.000000000001209E-017
         378           1  0.000000000000000E+000 -1.449999999999033E-016
         378           2  0.000000000000000E+000 -7.999999999998093E-017
         379           1  0.000000000000000E+000 -1.449999999999162E-016
         379           2  0.000000000000000E+000 -7.999999999999228E-017
         380           1  0.000000000000000E+000 -1.449999999999311E-016
         380           2  0.000000000000000E+000 -8.000000000001211E-017
         381           1  0.000000000000000E+000 -1.449999999999270E-016
         381           2  0.000000000000000E+000 -7.999999999999076E-017
         382           1  0.000000000000000E+000 -1.449999999999224E-016
         382           2  0.000000000000000E+000 -7.999999999998328E-017
         383           1  0.000000000000000E+000 -1.449999999999205E-016
         383           2  0.000000000000000E+000 -7.999999999999289E-017
         384           1  0.000000000000000E+000 -1.449999999999102E-016
         384           2  0.000000000000000E+000 -7.999999999999638E-017
         385           1  0.000000000000000E+000 -1.449999999999124E-016
         385           2  0.000000000000000E+000 -7.999999999999866E-017
         386           1  0.000000000000000E+000 -1.449999999999010E-016
         386           2  0.000000000000000E+000 -7.999999999999527E-017
         387           1  0.000000000000000E+000 -1.449999999998946E-016
         387           2  0.000000000000000E+000 -7.999999999998164E-017
         388           1  0.000000000000000E+000 -1.449999999998789E-016
         388           2  0.000000000000000E+000 -7.999999999998319E-017
         389           1  0.000000000000000E+000 -1.449999999998661E-016
         389           2  0.000000000000000E+000 -7.999999999998529E-017
         390           1  0.000000000000000E+000 -1.449999999998610E-016
         390           2  0.000000000000000E+000 -7.999999999997988E-017
         391           1  0.000000000000000E+000 -1.449999999998594E-016
         391           2  0.000000000000000E+000 -7.999999999998685E-017
         392           1  0.000000000000000E+000 -1.449999999998839E-016
         392           2  0.000000000000000E+000 -7.999999999999747E-017
         393           1  0.000000000000000E+000 -1.449999999998864E-016
         393           2  0.000000000000000E+000 -7.999999999997505E-017
         394           1  0.000000000000000E+000 -1.449999999998967E-016
         394           2  0.000000000000000E+000 -7.999999999999188E-017
         395           1  0.000000000000000E+000 -1.449999999998759E-016
         395           2  0.000000000000000E+000 -7.999999999993898E-017
         396           1  0.000000000000000E+000 -1.449999999999122E-016
         396           2  0.000000000000000E+000 -7.999999999998961E-017
         397           1  0.000000000000000E+000 -1.449999999999131E-016
         397           2  0.000000000000000E+000 -7.999999999999501E-017
         398           1  0.000000000000000E+000 -1.449999999999126E-016
         398           2  0.000000000000000E+000 -7.999999999997692E-017
         399           1  0.000000000000000E+000 -1.449999999999269E-016
         399           2  0.000000000000000E+000 -7.999999999999802E-017
         400           1  0.000000000000000E+000 -1.449999999999245E-016
         400           2  0.000000000000000E+000 -7.999999999999890E-017
