           1           1  0.000000000000000E+000 -2.380952380952119E-017
           1           2  0.000000000000000E+000 -1.190476190455218E-018
           2           1  0.000000000000000E+000 -2.380952380952242E-017
           2           2  0.000000000000000E+000 -1.190476190459430E-018
           3           1  0.000000000000000E+000 -2.380952380952190E-017
           3           2  0.000000000000000E+000 -1.190476190458570E-018
           4           1  0.000000000000000E+000 -2.380952380952286E-017
           4           2  0.000000000000000E+000 -1.190476190468571E-018
           5           1  0.000000000000000E+000 -2.380952380952394E-017
           5           2  0.000000000000000E+000 -1.190476190475958E-018
           6           1  0.000000000000000E+000 -2.380952380952398E-017
           6           2  0.000000000000000E+000 -1.190476190476069E-018
           7           1  0.000000000000000E+000 -2.380952380952231E-017
           7           2  0.000000000000000E+000 -1.190476190464089E-018
           8           1  0.000000000000000E+000 -2.380952380952185E-017
           8           2  0.000000000000000E+000 -1.190476190458129E-018
           9           1  0.000000000000000E+000 -2.380952380952245E-017
           9           2  0.000000000000000E+000 -1.190476190464076E-018
          10           1  0.000000000000000E+000 -2.380952380952333E-017
          10           2  0.000000000000000E+000 -1.190476190473599E-018
          11           1  0.000000000000000E+000 -2.380952380952153E-017
          11           2  0.000000000000000E+000 -1.190476190464704E-018
          12           1  0.000000000000000E+000 -2.380952380952310E-017
          12           2  0.000000000000000E+000 -1.190476190465373E-018
          13           1  0.000000000000000E+000 -2.380952380952250E-017
          13           2  0.000000000000000E+000 -1.190476190463761E-018
          14           1  0.000000000000000E+000 -2.380952380952334E-017
          14           2  0.000000000000000E+000 -1.190476190468660E-018
          15           1  0.000000000000000E+000 -2.380952380952336E-017
          15           2  0.000000000000000E+000 -1.190476190475442E-018
          16           1  0.000000000000000E+000 -2.380952380952442E-017
          16           2  0.000000000000000E+000 -1.190476190476898E-018
          17           1  0.000000000000000E+000 -2.380952380952393E-017
          17           2  0.000000000000000E+000 -1.190476190469131E-018
          18           1  0.000000000000000E+000 -2.380952380952140E-017
          18           2  0.000000000000000E+000 -1.190476190461863E-018
          19           1  0.000000000000000E+000 -2.380952380952267E-017
          19           2  0.000000000000000E+000 -1.190476190470193E-018
          20           1  0.000000000000000E+000 -2.380952380952231E-017
          20           2  0.000000000000000E+000 -1.190476190453151E-018
          21           1  0.000000000000000E+000 -2.380952380952284E-017
          21           2  0.000000000000000E+000 -1.190476190472763E-018
          22           1  0.000000000000000E+000 -2.380952380952344E-017
          22           2  0.000000000000000E+000 -1.190476190472479E-018
          23           1  0.000000000000000E+000 -2.380952380952292E-017
          23           2  0.000000000000000E+000 -1.190476190465532E-018
          24           1  0.000000000000000E+000 -2.380952380952224E-017
          24           2  0.000000000000000E+000 -1.190476190464271E-018
          25           1  0.000000000000000E+000 -2.380952380952394E-017
          25           2  0.000000000000000E+000 -1.190476190472069E-018
          26           1  0.000000000000000E+000 -2.380952380952514E-017
          26           2  0.000000000000000E+000 -1.190476190479324E-018
          27           1  0.000000000000000E+000 -2.380952380952384E-017
          27           2  0.000000000000000E+000 -1.190476190476653E-018
          28           1  0.000000000000000E+000 -2.380952380952262E-017
          28           2  0.000000000000000E+000 -1.190476190469684E-018
          29           1  0.000000000000000E+000 -2.380952380952105E-017
          29           2  0.000000000000000E+000 -1.190476190457937E-018
          30           1  0.000000000000000E+000 -2.380952380952134E-017
          30           2  0.000000000000000E+000 -1.190476190456961E-018
          31           1  0.000000000000000E+000 -2.380952380952283E-017
          31           2  0.000000000000000E+000 -1.190476190471219E-018
          32           1  0.000000000000000E+000 -2.380952380952286E-017
          32           2  0.000000000000000E+000 -1.190476190468808E-018
          33           1  0.000000000000000E+000 -2.380952380952227E-017
          33           2  0.000000000000000E+000 -1.190476190465519E-018
          34           1  0.000000000000000E+000 -2.380952380952293E-017
          34           2  0.000000000000000E+000 -1.190476190466731E-018
          35           1  0.000000000000000E+000 -2.380952380952341E-017
          35           2  0.000000000000000E+000 -1.190476190472177E-018
          36           1  0.000000000000000E+000 -2.380952380952455E-017
          36           2  0.000000000000000E+000 -1.190476190480935E-018
          37           1  0.000000000000000E+000 -2.380952380952458E-017
          37           2  0.000000000000000E+000 -1.190476190479655E-018
          38           1  0.000000000000000E+000 -2.380952380952300E-017
          38           2  0.000000000000000E+000 -1.190476190475251E-018
          39           1  0.000000000000000E+000 -2.380952380952359E-017
          39           2  0.000000000000000E+000 -1.190476190473568E-018
          40           1  0.000000000000000E+000 -2.380952380952370E-017
          40           2  0.000000000000000E+000 -1.190476190474720E-018
          41           1  0.000000000000000E+000 -2.380952380952486E-017
          41           2  0.000000000000000E+000 -1.190476190476121E-018
          42           1  0.000000000000000E+000 -2.380952380952354E-017
          42           2  0.000000000000000E+000 -1.190476190472675E-018
          43           1  0.000000000000000E+000 -2.380952380952296E-017
          43           2  0.000000000000000E+000 -1.190476190473637E-018
          44           1  0.000000000000000E+000 -2.380952380952365E-017
          44           2  0.000000000000000E+000 -1.190476190469864E-018
          45           1  0.000000000000000E+000 -2.380952380952449E-017
          45           2  0.000000000000000E+000 -1.190476190472166E-018
          46           1  0.000000000000000E+000 -2.380952380952407E-017
          46           2  0.000000000000000E+000 -1.190476190476873E-018
          47           1  0.000000000000000E+000 -2.380952380952426E-017
          47           2  0.000000000000000E+000 -1.190476190476882E-018
          48           1  0.000000000000000E+000 -2.380952380952326E-017
          48           2  0.000000000000000E+000 -1.190476190474365E-018
          49           1  0.000000000000000E+000 -2.380952380952487E-017
          49           2  0.000000000000000E+000 -1.190476190475116E-018
          50           1  0.000000000000000E+000 -2.380952380952493E-017
          50           2  0.000000000000000E+000 -1.190476190475292E-018
          51           1  0.000000000000000E+000 -2.380952380952386E-017
          51           2  0.000000000000000E+000 -1.190476190478115E-018
          52           1  0.000000000000000E+000 -2.380952380952368E-017
          52           2  0.000000000000000E+000 -1.190476190476690E-018
          53           1  0.000000000000000E+000 -2.380952380952468E-017
          53           2  0.000000000000000E+000 -1.190476190478494E-018
          54           1  0.000000000000000E+000 -2.380952380952407E-017
          54           2  0.000000000000000E+000 -1.190476190476413E-018
          55           1  0.000000000000000E+000 -2.380952380952409E-017
          55           2  0.000000000000000E+000 -1.190476190472163E-018
          56           1  0.000000000000000E+000 -2.380952380952373E-017
          56           2  0.000000000000000E+000 -1.190476190470648E-018
          57           1  0.000000000000000E+000 -2.380952380952328E-017
          57           2  0.000000000000000E+000 -1.190476190471633E-018
          58           1  0.000000000000000E+000 -2.380952380952341E-017
          58           2  0.000000000000000E+000 -1.190476190471132E-018
          59           1  0.000000000000000E+000 -2.380952380952334E-017
          59           2  0.000000000000000E+000 -1.190476190473694E-018
          60           1  0.000000000000000E+000 -2.380952380952358E-017
          60           2  0.000000000000000E+000 -1.190476190471458E-018
          61           1  0.000000000000000E+000 -2.380952380952338E-017
          61           2  0.000000000000000E+000 -1.190476190472134E-018
          62           1  0.000000000000000E+000 -2.380952380952421E-017
          62           2  0.000000000000000E+000 -1.190476190470506E-018
          63           1  0.000000000000000E+000 -2.380952380952375E-017
          63           2  0.000000000000000E+000 -1.190476190476067E-018
          64           1  0.000000000000000E+000 -2.380952380952406E-017
          64           2  0.000000000000000E+000 -1.190476190475840E-018
          65           1  0.000000000000000E+000 -2.380952380952401E-017
          65           2  0.000000000000000E+000 -1.190476190469079E-018
          66           1  0.000000000000000E+000 -2.380952380952419E-017
          66           2  0.000000000000000E+000 -1.190476190467669E-018
          67           1  0.000000000000000E+000 -2.380952380952335E-017
          67           2  0.000000000000000E+000 -1.190476190466698E-018
          68           1  0.000000000000000E+000 -2.380952380952314E-017
          68           2  0.000000000000000E+000 -1.190476190466632E-018
          69           1  0.000000000000000E+000 -2.380952380952208E-017
          69           2  0.000000000000000E+000 -1.190476190471022E-018
          70           1  0.000000000000000E+000 -2.380952380952216E-017
          70           2  0.000000000000000E+000 -1.190476190470823E-018
          71           1  0.000000000000000E+000 -2.380952380952235E-017
          71           2  0.000000000000000E+000 -1.190476190471107E-018
          72           1  0.000000000000000E+000 -2.380952380952336E-017
          72           2  0.000000000000000E+000 -1.190476190475038E-018
          73           1  0.000000000000000E+000 -2.380952380952199E-017
          73           2  0.000000000000000E+000 -1.190476190463995E-018
          74           1  0.000000000000000E+000 -2.380952380952270E-017
          74           2  0.000000000000000E+000 -1.190476190471485E-018
          75           1  0.000000000000000E+000 -2.380952380952331E-017
          75           2  0.000000000000000E+000 -1.190476190468232E-018
          76           1  0.000000000000000E+000 -2.380952380952308E-017
          76           2  0.000000000000000E+000 -1.190476190463717E-018
          77           1  0.000000000000000E+000 -2.380952380952302E-017
          77           2  0.000000000000000E+000 -1.190476190467582E-018
          78           1  0.000000000000000E+000 -2.380952380952353E-017
          78           2  0.000000000000000E+000 -1.190476190469988E-018
          79           1  0.000000000000000E+000 -2.380952380952245E-017
          79           2  0.000000000000000E+000 -1.190476190465110E-018
          80           1  0.000000000000000E+000 -2.380952380952159E-017
          80           2  0.000000000000000E+000 -1.190476190462313E-018
          81           1  0.000000000000000E+000 -2.380952380952260E-017
          81           2  0.000000000000000E+000 -1.190476190461514E-018
          82           1  0.000000000000000E+000 -2.380952380952310E-017
          82           2  0.000000000000000E+000 -1.190476190466836E-018
          83           1  0.000000000000000E+000 -2.380952380952182E-017
          83           2  0.000000000000000E+000 -1.190476190456357E-018
          84           1  0.000000000000000E+000 -2.380952380952379E-017
          84           2  0.000000000000000E+000 -1.190476190468524E-018
          85           1  0.000000000000000E+000 -2.380952380952292E-017
          85           2  0.000000000000000E+000 -1.190476190468558E-018
          86           1  0.000000000000000E+000 -2.380952380952300E-017
          86           2  0.000000000000000E+000 -1.190476190466124E-018
          87           1  0.000000000000000E+000 -2.380952380952324E-017
          87           2  0.000000000000000E+000 -1.190476190467285E-018
          88           1  0.000000000000000E+000 -2.380952380952223E-017
          88           2  0.000000000000000E+000 -1.190476190469626E-018
          89           1  0.000000000000000E+000 -2.380952380952232E-017
          89           2  0.000000000000000E+000 -1.190476190466017E-018
          90           1  0.000000000000000E+000 -2.380952380952145E-017
          90           2  0.000000000000000E+000 -1.190476190464473E-018
          91           1  0.000000000000000E+000 -2.380952380952361E-017
          91           2  0.000000000000000E+000 -1.190476190468619E-018
          92           1  0.000000000000000E+000 -2.380952380952034E-017
          92           2  0.000000000000000E+000 -1.190476190446513E-018
          93           1  0.000000000000000E+000 -2.380952380952038E-017
          93           2  0.000000000000000E+000 -1.190476190448133E-018
          94           1  0.000000000000000E+000 -2.380952380952256E-017
          94           2  0.000000000000000E+000 -1.190476190465930E-018
          95           1  0.000000000000000E+000 -2.380952380952189E-017
          95           2  0.000000000000000E+000 -1.190476190465193E-018
          96           1  0.000000000000000E+000 -2.380952380952159E-017
          96           2  0.000000000000000E+000 -1.190476190463244E-018
          97           1  0.000000000000000E+000 -2.380952380952346E-017
          97           2  0.000000000000000E+000 -1.190476190472343E-018
          98           1  0.000000000000000E+000 -2.380952380952247E-017
          98           2  0.000000000000000E+000 -1.190476190467536E-018
          99           1  0.000000000000000E+000 -2.380952380952155E-017
          99           2  0.000000000000000E+000 -1.190476190459282E-018
         100           1  0.000000000000000E+000 -2.380952380952087E-017
         100           2  0.000000000000000E+000 -1.190476190453608E-018
