           1           1  0.000000000000000E+000 -4.027777777777133E-016
           1           2  0.000000000000000E+000 -2.222222222222986E-016
           2           1  0.000000000000000E+000 -4.027777777776238E-016
           2           2  0.000000000000000E+000 -2.222222222220930E-016
           3           1  0.000000000000000E+000 -4.027777777776493E-016
           3           2  0.000000000000000E+000 -2.222222222221140E-016
           4           1  0.000000000000000E+000 -4.027777777776810E-016
           4           2  0.000000000000000E+000 -2.222222222222947E-016
           5           1  0.000000000000000E+000 -4.027777777776621E-016
           5           2  0.000000000000000E+000 -2.222222222222634E-016
           6           1  0.000000000000000E+000 -4.027777777776263E-016
           6           2  0.000000000000000E+000 -2.222222222221274E-016
           7           1  0.000000000000000E+000 -4.027777777776562E-016
           7           2  0.000000000000000E+000 -2.222222222222439E-016
           8           1  0.000000000000000E+000 -4.027777777776639E-016
           8           2  0.000000000000000E+000 -2.222222222221813E-016
           9           1  0.000000000000000E+000 -4.027777777776754E-016
           9           2  0.000000000000000E+000 -2.222222222221953E-016
          10           1  0.000000000000000E+000 -4.027777777776731E-016
          10           2  0.000000000000000E+000 -2.222222222221798E-016
          11           1  0.000000000000000E+000 -4.027777777776678E-016
          11           2  0.000000000000000E+000 -2.222222222222163E-016
          12           1  0.000000000000000E+000 -4.027777777776592E-016
          12           2  0.000000000000000E+000 -2.222222222222964E-016
          13           1  0.000000000000000E+000 -4.027777777776373E-016
          13           2  0.000000000000000E+000 -2.222222222221601E-016
          14           1  0.000000000000000E+000 -4.027777777776224E-016
          14           2  0.000000000000000E+000 -2.222222222222250E-016
          15           1  0.000000000000000E+000 -4.027777777776160E-016
          15           2  0.000000000000000E+000 -2.222222222221215E-016
          16           1  0.000000000000000E+000 -4.027777777776104E-016
          16           2  0.000000000000000E+000 -2.222222222221566E-016
          17           1  0.000000000000000E+000 -4.027777777776379E-016
          17           2  0.000000000000000E+000 -2.222222222221724E-016
          18           1  0.000000000000000E+000 -4.027777777776427E-016
          18           2  0.000000000000000E+000 -2.222222222221772E-016
          19           1  0.000000000000000E+000 -4.027777777776285E-016
          19           2  0.000000000000000E+000 -2.222222222221318E-016
          20           1  0.000000000000000E+000 -4.027777777776659E-016
          20           2  0.000000000000000E+000 -2.222222222221052E-016
          21           1  0.000000000000000E+000 -4.027777777776850E-016
          21           2  0.000000000000000E+000 -2.222222222222720E-016
          22           1  0.000000000000000E+000 -4.027777777776473E-016
          22           2  0.000000000000000E+000 -2.222222222221979E-016
          23           1  0.000000000000000E+000 -4.027777777776424E-016
          23           2  0.000000000000000E+000 -2.222222222221979E-016
          24           1  0.000000000000000E+000 -4.027777777775814E-016
          24           2  0.000000000000000E+000 -2.222222222221006E-016
          25           1  0.000000000000000E+000 -4.027777777775762E-016
          25           2  0.000000000000000E+000 -2.222222222220836E-016
          26           1  0.000000000000000E+000 -4.027777777775976E-016
          26           2  0.000000000000000E+000 -2.222222222221565E-016
          27           1  0.000000000000000E+000 -4.027777777775955E-016
          27           2  0.000000000000000E+000 -2.222222222221295E-016
          28           1  0.000000000000000E+000 -4.027777777776211E-016
          28           2  0.000000000000000E+000 -2.222222222220991E-016
          29           1  0.000000000000000E+000 -4.027777777776361E-016
          29           2  0.000000000000000E+000 -2.222222222221707E-016
          30           1  0.000000000000000E+000 -4.027777777776567E-016
          30           2  0.000000000000000E+000 -2.222222222221628E-016
          31           1  0.000000000000000E+000 -4.027777777776509E-016
          31           2  0.000000000000000E+000 -2.222222222221359E-016
          32           1  0.000000000000000E+000 -4.027777777776231E-016
          32           2  0.000000000000000E+000 -2.222222222221354E-016
          33           1  0.000000000000000E+000 -4.027777777776500E-016
          33           2  0.000000000000000E+000 -2.222222222222921E-016
          34           1  0.000000000000000E+000 -4.027777777776086E-016
          34           2  0.000000000000000E+000 -2.222222222221795E-016
          35           1  0.000000000000000E+000 -4.027777777775986E-016
          35           2  0.000000000000000E+000 -2.222222222221166E-016
          36           1  0.000000000000000E+000 -4.027777777775501E-016
          36           2  0.000000000000000E+000 -2.222222222221006E-016
          37           1  0.000000000000000E+000 -4.027777777775799E-016
          37           2  0.000000000000000E+000 -2.222222222221213E-016
          38           1  0.000000000000000E+000 -4.027777777775999E-016
          38           2  0.000000000000000E+000 -2.222222222221792E-016
          39           1  0.000000000000000E+000 -4.027777777776255E-016
          39           2  0.000000000000000E+000 -2.222222222221747E-016
          40           1  0.000000000000000E+000 -4.027777777776532E-016
          40           2  0.000000000000000E+000 -2.222222222221891E-016
          41           1  0.000000000000000E+000 -4.027777777776450E-016
          41           2  0.000000000000000E+000 -2.222222222222359E-016
          42           1  0.000000000000000E+000 -4.027777777776155E-016
          42           2  0.000000000000000E+000 -2.222222222220804E-016
          43           1  0.000000000000000E+000 -4.027777777776085E-016
          43           2  0.000000000000000E+000 -2.222222222221741E-016
          44           1  0.000000000000000E+000 -4.027777777776070E-016
          44           2  0.000000000000000E+000 -2.222222222221855E-016
          45           1  0.000000000000000E+000 -4.027777777775372E-016
          45           2  0.000000000000000E+000 -2.222222222220619E-016
          46           1  0.000000000000000E+000 -4.027777777775748E-016
          46           2  0.000000000000000E+000 -2.222222222222161E-016
          47           1  0.000000000000000E+000 -4.027777777775753E-016
          47           2  0.000000000000000E+000 -2.222222222221611E-016
          48           1  0.000000000000000E+000 -4.027777777776330E-016
          48           2  0.000000000000000E+000 -2.222222222223083E-016
          49           1  0.000000000000000E+000 -4.027777777776121E-016
          49           2  0.000000000000000E+000 -2.222222222221458E-016
          50           1  0.000000000000000E+000 -4.027777777776558E-016
          50           2  0.000000000000000E+000 -2.222222222222010E-016
          51           1  0.000000000000000E+000 -4.027777777776221E-016
          51           2  0.000000000000000E+000 -2.222222222222019E-016
          52           1  0.000000000000000E+000 -4.027777777776039E-016
          52           2  0.000000000000000E+000 -2.222222222221067E-016
          53           1  0.000000000000000E+000 -4.027777777776197E-016
          53           2  0.000000000000000E+000 -2.222222222222414E-016
          54           1  0.000000000000000E+000 -4.027777777776148E-016
          54           2  0.000000000000000E+000 -2.222222222221294E-016
          55           1  0.000000000000000E+000 -4.027777777775378E-016
          55           2  0.000000000000000E+000 -2.222222222220698E-016
          56           1  0.000000000000000E+000 -4.027777777775765E-016
          56           2  0.000000000000000E+000 -2.222222222221928E-016
          57           1  0.000000000000000E+000 -4.027777777775794E-016
          57           2  0.000000000000000E+000 -2.222222222221779E-016
          58           1  0.000000000000000E+000 -4.027777777776529E-016
          58           2  0.000000000000000E+000 -2.222222222222991E-016
          59           1  0.000000000000000E+000 -4.027777777776332E-016
          59           2  0.000000000000000E+000 -2.222222222222232E-016
          60           1  0.000000000000000E+000 -4.027777777776510E-016
          60           2  0.000000000000000E+000 -2.222222222220913E-016
          61           1  0.000000000000000E+000 -4.027777777776312E-016
          61           2  0.000000000000000E+000 -2.222222222222074E-016
          62           1  0.000000000000000E+000 -4.027777777776375E-016
          62           2  0.000000000000000E+000 -2.222222222222614E-016
          63           1  0.000000000000000E+000 -4.027777777776327E-016
          63           2  0.000000000000000E+000 -2.222222222222102E-016
          64           1  0.000000000000000E+000 -4.027777777775678E-016
          64           2  0.000000000000000E+000 -2.222222222220243E-016
          65           1  0.000000000000000E+000 -4.027777777776519E-016
          65           2  0.000000000000000E+000 -2.222222222223645E-016
          66           1  0.000000000000000E+000 -4.027777777775521E-016
          66           2  0.000000000000000E+000 -2.222222222220779E-016
          67           1  0.000000000000000E+000 -4.027777777776123E-016
          67           2  0.000000000000000E+000 -2.222222222221323E-016
          68           1  0.000000000000000E+000 -4.027777777776328E-016
          68           2  0.000000000000000E+000 -2.222222222222531E-016
          69           1  0.000000000000000E+000 -4.027777777776470E-016
          69           2  0.000000000000000E+000 -2.222222222222143E-016
          70           1  0.000000000000000E+000 -4.027777777776461E-016
          70           2  0.000000000000000E+000 -2.222222222222651E-016
          71           1  0.000000000000000E+000 -4.027777777776598E-016
          71           2  0.000000000000000E+000 -2.222222222221596E-016
          72           1  0.000000000000000E+000 -4.027777777776457E-016
          72           2  0.000000000000000E+000 -2.222222222222381E-016
          73           1  0.000000000000000E+000 -4.027777777776274E-016
          73           2  0.000000000000000E+000 -2.222222222221325E-016
          74           1  0.000000000000000E+000 -4.027777777776103E-016
          74           2  0.000000000000000E+000 -2.222222222220676E-016
          75           1  0.000000000000000E+000 -4.027777777775639E-016
          75           2  0.000000000000000E+000 -2.222222222220817E-016
          76           1  0.000000000000000E+000 -4.027777777775921E-016
          76           2  0.000000000000000E+000 -2.222222222221923E-016
          77           1  0.000000000000000E+000 -4.027777777776064E-016
          77           2  0.000000000000000E+000 -2.222222222221501E-016
          78           1  0.000000000000000E+000 -4.027777777776454E-016
          78           2  0.000000000000000E+000 -2.222222222222390E-016
          79           1  0.000000000000000E+000 -4.027777777776447E-016
          79           2  0.000000000000000E+000 -2.222222222221959E-016
          80           1  0.000000000000000E+000 -4.027777777776646E-016
          80           2  0.000000000000000E+000 -2.222222222221743E-016
          81           1  0.000000000000000E+000 -4.027777777776756E-016
          81           2  0.000000000000000E+000 -2.222222222222510E-016
          82           1  0.000000000000000E+000 -4.027777777776572E-016
          82           2  0.000000000000000E+000 -2.222222222221488E-016
          83           1  0.000000000000000E+000 -4.027777777776358E-016
          83           2  0.000000000000000E+000 -2.222222222221949E-016
          84           1  0.000000000000000E+000 -4.027777777776483E-016
          84           2  0.000000000000000E+000 -2.222222222222371E-016
          85           1  0.000000000000000E+000 -4.027777777776255E-016
          85           2  0.000000000000000E+000 -2.222222222222095E-016
          86           1  0.000000000000000E+000 -4.027777777776189E-016
          86           2  0.000000000000000E+000 -2.222222222221668E-016
          87           1  0.000000000000000E+000 -4.027777777776372E-016
          87           2  0.000000000000000E+000 -2.222222222222189E-016
          88           1  0.000000000000000E+000 -4.027777777776276E-016
          88           2  0.000000000000000E+000 -2.222222222221380E-016
          89           1  0.000000000000000E+000 -4.027777777777025E-016
          89           2  0.000000000000000E+000 -2.222222222223170E-016
          90           1  0.000000000000000E+000 -4.027777777776541E-016
          90           2  0.000000000000000E+000 -2.222222222221373E-016
          91           1  0.000000000000000E+000 -4.027777777776803E-016
          91           2  0.000000000000000E+000 -2.222222222222417E-016
          92           1  0.000000000000000E+000 -4.027777777776730E-016
          92           2  0.000000000000000E+000 -2.222222222223003E-016
          93           1  0.000000000000000E+000 -4.027777777776820E-016
          93           2  0.000000000000000E+000 -2.222222222222650E-016
          94           1  0.000000000000000E+000 -4.027777777776625E-016
          94           2  0.000000000000000E+000 -2.222222222223041E-016
          95           1  0.000000000000000E+000 -4.027777777776375E-016
          95           2  0.000000000000000E+000 -2.222222222222702E-016
          96           1  0.000000000000000E+000 -4.027777777776440E-016
          96           2  0.000000000000000E+000 -2.222222222222621E-016
          97           1  0.000000000000000E+000 -4.027777777776426E-016
          97           2  0.000000000000000E+000 -2.222222222222391E-016
          98           1  0.000000000000000E+000 -4.027777777776689E-016
          98           2  0.000000000000000E+000 -2.222222222222439E-016
          99           1  0.000000000000000E+000 -4.027777777776654E-016
          99           2  0.000000000000000E+000 -2.222222222222224E-016
         100           1  0.000000000000000E+000 -4.027777777776840E-016
         100           2  0.000000000000000E+000 -2.222222222221988E-016
