           1           1  0.000000000000000E+000 -5.166418281171766E-017
           1           2  0.000000000000000E+000 -4.833581718826904E-017
           2           1  0.000000000000000E+000 -5.166418281171989E-017
           2           2  0.000000000000000E+000 -4.833581718826139E-017
           3           1  0.000000000000000E+000 -5.166418281171668E-017
           3           2  0.000000000000000E+000 -4.833581718825975E-017
           4           1  0.000000000000000E+000 -5.166418281171952E-017
           4           2  0.000000000000000E+000 -4.833581718826575E-017
           5           1  0.000000000000000E+000 -5.166418281172762E-017
           5           2  0.000000000000000E+000 -4.833581718828631E-017
           6           1  0.000000000000000E+000 -5.166418281173027E-017
           6           2  0.000000000000000E+000 -4.833581718829075E-017
           7           1  0.000000000000000E+000 -5.166418281173009E-017
           7           2  0.000000000000000E+000 -4.833581718829321E-017
           8           1  0.000000000000000E+000 -5.166418281172511E-017
           8           2  0.000000000000000E+000 -4.833581718828294E-017
           9           1  0.000000000000000E+000 -5.166418281170726E-017
           9           2  0.000000000000000E+000 -4.833581718824612E-017
          10           1  0.000000000000000E+000 -5.166418281170490E-017
          10           2  0.000000000000000E+000 -4.833581718824231E-017
          11           1  0.000000000000000E+000 -5.166418281171083E-017
          11           2  0.000000000000000E+000 -4.833581718824979E-017
          12           1  0.000000000000000E+000 -5.166418281171290E-017
          12           2  0.000000000000000E+000 -4.833581718825252E-017
          13           1  0.000000000000000E+000 -5.166418281171586E-017
          13           2  0.000000000000000E+000 -4.833581718825466E-017
          14           1  0.000000000000000E+000 -5.166418281171127E-017
          14           2  0.000000000000000E+000 -4.833581718825301E-017
          15           1  0.000000000000000E+000 -5.166418281171139E-017
          15           2  0.000000000000000E+000 -4.833581718824953E-017
          16           1  0.000000000000000E+000 -5.166418281171386E-017
          16           2  0.000000000000000E+000 -4.833581718826038E-017
          17           1  0.000000000000000E+000 -5.166418281171748E-017
          17           2  0.000000000000000E+000 -4.833581718826314E-017
          18           1  0.000000000000000E+000 -5.166418281170419E-017
          18           2  0.000000000000000E+000 -4.833581718823836E-017
          19           1  0.000000000000000E+000 -5.166418281171846E-017
          19           2  0.000000000000000E+000 -4.833581718827211E-017
          20           1  0.000000000000000E+000 -5.166418281172114E-017
          20           2  0.000000000000000E+000 -4.833581718827720E-017
          21           1  0.000000000000000E+000 -5.166418281171775E-017
          21           2  0.000000000000000E+000 -4.833581718827037E-017
          22           1  0.000000000000000E+000 -5.166418281171814E-017
          22           2  0.000000000000000E+000 -4.833581718826559E-017
          23           1  0.000000000000000E+000 -5.166418281171886E-017
          23           2  0.000000000000000E+000 -4.833581718827438E-017
          24           1  0.000000000000000E+000 -5.166418281172502E-017
          24           2  0.000000000000000E+000 -4.833581718827737E-017
          25           1  0.000000000000000E+000 -5.166418281171764E-017
          25           2  0.000000000000000E+000 -4.833581718826332E-017
          26           1  0.000000000000000E+000 -5.166418281172940E-017
          26           2  0.000000000000000E+000 -4.833581718828798E-017
          27           1  0.000000000000000E+000 -5.166418281172207E-017
          27           2  0.000000000000000E+000 -4.833581718826901E-017
          28           1  0.000000000000000E+000 -5.166418281172233E-017
          28           2  0.000000000000000E+000 -4.833581718827108E-017
          29           1  0.000000000000000E+000 -5.166418281170982E-017
          29           2  0.000000000000000E+000 -4.833581718824998E-017
          30           1  0.000000000000000E+000 -5.166418281170782E-017
          30           2  0.000000000000000E+000 -4.833581718824780E-017
          31           1  0.000000000000000E+000 -5.166418281171127E-017
          31           2  0.000000000000000E+000 -4.833581718825347E-017
          32           1  0.000000000000000E+000 -5.166418281171581E-017
          32           2  0.000000000000000E+000 -4.833581718826359E-017
          33           1  0.000000000000000E+000 -5.166418281171802E-017
          33           2  0.000000000000000E+000 -4.833581718826055E-017
          34           1  0.000000000000000E+000 -5.166418281171419E-017
          34           2  0.000000000000000E+000 -4.833581718825696E-017
          35           1  0.000000000000000E+000 -5.166418281171292E-017
          35           2  0.000000000000000E+000 -4.833581718825820E-017
          36           1  0.000000000000000E+000 -5.166418281171711E-017
          36           2  0.000000000000000E+000 -4.833581718826692E-017
          37           1  0.000000000000000E+000 -5.166418281171221E-017
          37           2  0.000000000000000E+000 -4.833581718825850E-017
          38           1  0.000000000000000E+000 -5.166418281171101E-017
          38           2  0.000000000000000E+000 -4.833581718825164E-017
          39           1  0.000000000000000E+000 -5.166418281171669E-017
          39           2  0.000000000000000E+000 -4.833581718826737E-017
          40           1  0.000000000000000E+000 -5.166418281171836E-017
          40           2  0.000000000000000E+000 -4.833581718827119E-017
          41           1  0.000000000000000E+000 -5.166418281172476E-017
          41           2  0.000000000000000E+000 -4.833581718827511E-017
          42           1  0.000000000000000E+000 -5.166418281172361E-017
          42           2  0.000000000000000E+000 -4.833581718828199E-017
          43           1  0.000000000000000E+000 -5.166418281172567E-017
          43           2  0.000000000000000E+000 -4.833581718828189E-017
          44           1  0.000000000000000E+000 -5.166418281172757E-017
          44           2  0.000000000000000E+000 -4.833581718828104E-017
          45           1  0.000000000000000E+000 -5.166418281170520E-017
          45           2  0.000000000000000E+000 -4.833581718823317E-017
          46           1  0.000000000000000E+000 -5.166418281172738E-017
          46           2  0.000000000000000E+000 -4.833581718828669E-017
          47           1  0.000000000000000E+000 -5.166418281172549E-017
          47           2  0.000000000000000E+000 -4.833581718827739E-017
          48           1  0.000000000000000E+000 -5.166418281171745E-017
          48           2  0.000000000000000E+000 -4.833581718826085E-017
          49           1  0.000000000000000E+000 -5.166418281171734E-017
          49           2  0.000000000000000E+000 -4.833581718826939E-017
          50           1  0.000000000000000E+000 -5.166418281171688E-017
          50           2  0.000000000000000E+000 -4.833581718826171E-017
          51           1  0.000000000000000E+000 -5.166418281171503E-017
          51           2  0.000000000000000E+000 -4.833581718826000E-017
          52           1  0.000000000000000E+000 -5.166418281171507E-017
          52           2  0.000000000000000E+000 -4.833581718826049E-017
          53           1  0.000000000000000E+000 -5.166418281171538E-017
          53           2  0.000000000000000E+000 -4.833581718826105E-017
          54           1  0.000000000000000E+000 -5.166418281171544E-017
          54           2  0.000000000000000E+000 -4.833581718826395E-017
          55           1  0.000000000000000E+000 -5.166418281171554E-017
          55           2  0.000000000000000E+000 -4.833581718825882E-017
          56           1  0.000000000000000E+000 -5.166418281171623E-017
          56           2  0.000000000000000E+000 -4.833581718826487E-017
          57           1  0.000000000000000E+000 -5.166418281171463E-017
          57           2  0.000000000000000E+000 -4.833581718826448E-017
          58           1  0.000000000000000E+000 -5.166418281170652E-017
          58           2  0.000000000000000E+000 -4.833581718824475E-017
          59           1  0.000000000000000E+000 -5.166418281171078E-017
          59           2  0.000000000000000E+000 -4.833581718825241E-017
          60           1  0.000000000000000E+000 -5.166418281171424E-017
          60           2  0.000000000000000E+000 -4.833581718826383E-017
          61           1  0.000000000000000E+000 -5.166418281172022E-017
          61           2  0.000000000000000E+000 -4.833581718827681E-017
          62           1  0.000000000000000E+000 -5.166418281172273E-017
          62           2  0.000000000000000E+000 -4.833581718827965E-017
          63           1  0.000000000000000E+000 -5.166418281172590E-017
          63           2  0.000000000000000E+000 -4.833581718828656E-017
          64           1  0.000000000000000E+000 -5.166418281172677E-017
          64           2  0.000000000000000E+000 -4.833581718828110E-017
          65           1  0.000000000000000E+000 -5.166418281171864E-017
          65           2  0.000000000000000E+000 -4.833581718826366E-017
          66           1  0.000000000000000E+000 -5.166418281172326E-017
          66           2  0.000000000000000E+000 -4.833581718827265E-017
          67           1  0.000000000000000E+000 -5.166418281172185E-017
          67           2  0.000000000000000E+000 -4.833581718826958E-017
          68           1  0.000000000000000E+000 -5.166418281171141E-017
          68           2  0.000000000000000E+000 -4.833581718825617E-017
          69           1  0.000000000000000E+000 -5.166418281171319E-017
          69           2  0.000000000000000E+000 -4.833581718826008E-017
          70           1  0.000000000000000E+000 -5.166418281171784E-017
          70           2  0.000000000000000E+000 -4.833581718826594E-017
          71           1  0.000000000000000E+000 -5.166418281171483E-017
          71           2  0.000000000000000E+000 -4.833581718825746E-017
          72           1  0.000000000000000E+000 -5.166418281171372E-017
          72           2  0.000000000000000E+000 -4.833581718825274E-017
          73           1  0.000000000000000E+000 -5.166418281171547E-017
          73           2  0.000000000000000E+000 -4.833581718825957E-017
          74           1  0.000000000000000E+000 -5.166418281171504E-017
          74           2  0.000000000000000E+000 -4.833581718826263E-017
          75           1  0.000000000000000E+000 -5.166418281171779E-017
          75           2  0.000000000000000E+000 -4.833581718826539E-017
          76           1  0.000000000000000E+000 -5.166418281171927E-017
          76           2  0.000000000000000E+000 -4.833581718826816E-017
          77           1  0.000000000000000E+000 -5.166418281171902E-017
          77           2  0.000000000000000E+000 -4.833581718827161E-017
          78           1  0.000000000000000E+000 -5.166418281171766E-017
          78           2  0.000000000000000E+000 -4.833581718826765E-017
          79           1  0.000000000000000E+000 -5.166418281171666E-017
          79           2  0.000000000000000E+000 -4.833581718826305E-017
          80           1  0.000000000000000E+000 -5.166418281172527E-017
          80           2  0.000000000000000E+000 -4.833581718828304E-017
          81           1  0.000000000000000E+000 -5.166418281171673E-017
          81           2  0.000000000000000E+000 -4.833581718827010E-017
          82           1  0.000000000000000E+000 -5.166418281171965E-017
          82           2  0.000000000000000E+000 -4.833581718827541E-017
          83           1  0.000000000000000E+000 -5.166418281172505E-017
          83           2  0.000000000000000E+000 -4.833581718828304E-017
          84           1  0.000000000000000E+000 -5.166418281172692E-017
          84           2  0.000000000000000E+000 -4.833581718827720E-017
          85           1  0.000000000000000E+000 -5.166418281172385E-017
          85           2  0.000000000000000E+000 -4.833581718826870E-017
          86           1  0.000000000000000E+000 -5.166418281172011E-017
          86           2  0.000000000000000E+000 -4.833581718827175E-017
          87           1  0.000000000000000E+000 -5.166418281171569E-017
          87           2  0.000000000000000E+000 -4.833581718825713E-017
          88           1  0.000000000000000E+000 -5.166418281170910E-017
          88           2  0.000000000000000E+000 -4.833581718824925E-017
          89           1  0.000000000000000E+000 -5.166418281170849E-017
          89           2  0.000000000000000E+000 -4.833581718824821E-017
          90           1  0.000000000000000E+000 -5.166418281171098E-017
          90           2  0.000000000000000E+000 -4.833581718825283E-017
          91           1  0.000000000000000E+000 -5.166418281171239E-017
          91           2  0.000000000000000E+000 -4.833581718825309E-017
          92           1  0.000000000000000E+000 -5.166418281171467E-017
          92           2  0.000000000000000E+000 -4.833581718825757E-017
          93           1  0.000000000000000E+000 -5.166418281171605E-017
          93           2  0.000000000000000E+000 -4.833581718826083E-017
          94           1  0.000000000000000E+000 -5.166418281171626E-017
          94           2  0.000000000000000E+000 -4.833581718826522E-017
          95           1  0.000000000000000E+000 -5.166418281171801E-017
          95           2  0.000000000000000E+000 -4.833581718826825E-017
          96           1  0.000000000000000E+000 -5.166418281172078E-017
          96           2  0.000000000000000E+000 -4.833581718827082E-017
          97           1  0.000000000000000E+000 -5.166418281172240E-017
          97           2  0.000000000000000E+000 -4.833581718827543E-017
          98           1  0.000000000000000E+000 -5.166418281172256E-017
          98           2  0.000000000000000E+000 -4.833581718827589E-017
          99           1  0.000000000000000E+000 -5.166418281172562E-017
          99           2  0.000000000000000E+000 -4.833581718828347E-017
         100           1  0.000000000000000E+000 -5.166418281172931E-017
         100           2  0.000000000000000E+000 -4.833581718828737E-017
         101           1  0.000000000000000E+000 -5.166418281171051E-017
         101           2  0.000000000000000E+000 -4.833581718826162E-017
         102           1  0.000000000000000E+000 -5.166418281171588E-017
         102           2  0.000000000000000E+000 -4.833581718827231E-017
         103           1  0.000000000000000E+000 -5.166418281172404E-017
         103           2  0.000000000000000E+000 -4.833581718828177E-017
         104           1  0.000000000000000E+000 -5.166418281172111E-017
         104           2  0.000000000000000E+000 -4.833581718826745E-017
         105           1  0.000000000000000E+000 -5.166418281171794E-017
         105           2  0.000000000000000E+000 -4.833581718825924E-017
         106           1  0.000000000000000E+000 -5.166418281171688E-017
         106           2  0.000000000000000E+000 -4.833581718826553E-017
         107           1  0.000000000000000E+000 -5.166418281171717E-017
         107           2  0.000000000000000E+000 -4.833581718825717E-017
         108           1  0.000000000000000E+000 -5.166418281171380E-017
         108           2  0.000000000000000E+000 -4.833581718825966E-017
         109           1  0.000000000000000E+000 -5.166418281171477E-017
         109           2  0.000000000000000E+000 -4.833581718826044E-017
         110           1  0.000000000000000E+000 -5.166418281171619E-017
         110           2  0.000000000000000E+000 -4.833581718826504E-017
         111           1  0.000000000000000E+000 -5.166418281171752E-017
         111           2  0.000000000000000E+000 -4.833581718826666E-017
         112           1  0.000000000000000E+000 -5.166418281171767E-017
         112           2  0.000000000000000E+000 -4.833581718826094E-017
         113           1  0.000000000000000E+000 -5.166418281171822E-017
         113           2  0.000000000000000E+000 -4.833581718826253E-017
         114           1  0.000000000000000E+000 -5.166418281171640E-017
         114           2  0.000000000000000E+000 -4.833581718826463E-017
         115           1  0.000000000000000E+000 -5.166418281171718E-017
         115           2  0.000000000000000E+000 -4.833581718826757E-017
         116           1  0.000000000000000E+000 -5.166418281171826E-017
         116           2  0.000000000000000E+000 -4.833581718826945E-017
         117           1  0.000000000000000E+000 -5.166418281172085E-017
         117           2  0.000000000000000E+000 -4.833581718827334E-017
         118           1  0.000000000000000E+000 -5.166418281172000E-017
         118           2  0.000000000000000E+000 -4.833581718827591E-017
         119           1  0.000000000000000E+000 -5.166418281172109E-017
         119           2  0.000000000000000E+000 -4.833581718827806E-017
         120           1  0.000000000000000E+000 -5.166418281172598E-017
         120           2  0.000000000000000E+000 -4.833581718827967E-017
         121           1  0.000000000000000E+000 -5.166418281170195E-017
         121           2  0.000000000000000E+000 -4.833581718824341E-017
         122           1  0.000000000000000E+000 -5.166418281170840E-017
         122           2  0.000000000000000E+000 -4.833581718825457E-017
         123           1  0.000000000000000E+000 -5.166418281171926E-017
         123           2  0.000000000000000E+000 -4.833581718827090E-017
         124           1  0.000000000000000E+000 -5.166418281171484E-017
         124           2  0.000000000000000E+000 -4.833581718824975E-017
         125           1  0.000000000000000E+000 -5.166418281170923E-017
         125           2  0.000000000000000E+000 -4.833581718824370E-017
         126           1  0.000000000000000E+000 -5.166418281171036E-017
         126           2  0.000000000000000E+000 -4.833581718825443E-017
         127           1  0.000000000000000E+000 -5.166418281171403E-017
         127           2  0.000000000000000E+000 -4.833581718825159E-017
         128           1  0.000000000000000E+000 -5.166418281171790E-017
         128           2  0.000000000000000E+000 -4.833581718826189E-017
         129           1  0.000000000000000E+000 -5.166418281172419E-017
         129           2  0.000000000000000E+000 -4.833581718827522E-017
         130           1  0.000000000000000E+000 -5.166418281172551E-017
         130           2  0.000000000000000E+000 -4.833581718827905E-017
         131           1  0.000000000000000E+000 -5.166418281172251E-017
         131           2  0.000000000000000E+000 -4.833581718827732E-017
         132           1  0.000000000000000E+000 -5.166418281171941E-017
         132           2  0.000000000000000E+000 -4.833581718826804E-017
         133           1  0.000000000000000E+000 -5.166418281171737E-017
         133           2  0.000000000000000E+000 -4.833581718826410E-017
         134           1  0.000000000000000E+000 -5.166418281171539E-017
         134           2  0.000000000000000E+000 -4.833581718826332E-017
         135           1  0.000000000000000E+000 -5.166418281171392E-017
         135           2  0.000000000000000E+000 -4.833581718826323E-017
         136           1  0.000000000000000E+000 -5.166418281171705E-017
         136           2  0.000000000000000E+000 -4.833581718826207E-017
         137           1  0.000000000000000E+000 -5.166418281172214E-017
         137           2  0.000000000000000E+000 -4.833581718827020E-017
         138           1  0.000000000000000E+000 -5.166418281172164E-017
         138           2  0.000000000000000E+000 -4.833581718827802E-017
         139           1  0.000000000000000E+000 -5.166418281172360E-017
         139           2  0.000000000000000E+000 -4.833581718828078E-017
         140           1  0.000000000000000E+000 -5.166418281172681E-017
         140           2  0.000000000000000E+000 -4.833581718828503E-017
         141           1  0.000000000000000E+000 -5.166418281171729E-017
         141           2  0.000000000000000E+000 -4.833581718826201E-017
         142           1  0.000000000000000E+000 -5.166418281171928E-017
         142           2  0.000000000000000E+000 -4.833581718826626E-017
         143           1  0.000000000000000E+000 -5.166418281171567E-017
         143           2  0.000000000000000E+000 -4.833581718826661E-017
         144           1  0.000000000000000E+000 -5.166418281170960E-017
         144           2  0.000000000000000E+000 -4.833581718825228E-017
         145           1  0.000000000000000E+000 -5.166418281170425E-017
         145           2  0.000000000000000E+000 -4.833581718824358E-017
         146           1  0.000000000000000E+000 -5.166418281170401E-017
         146           2  0.000000000000000E+000 -4.833581718824321E-017
         147           1  0.000000000000000E+000 -5.166418281170847E-017
         147           2  0.000000000000000E+000 -4.833581718824517E-017
         148           1  0.000000000000000E+000 -5.166418281171649E-017
         148           2  0.000000000000000E+000 -4.833581718825767E-017
         149           1  0.000000000000000E+000 -5.166418281172320E-017
         149           2  0.000000000000000E+000 -4.833581718827591E-017
         150           1  0.000000000000000E+000 -5.166418281172611E-017
         150           2  0.000000000000000E+000 -4.833581718828145E-017
         151           1  0.000000000000000E+000 -5.166418281172106E-017
         151           2  0.000000000000000E+000 -4.833581718827443E-017
         152           1  0.000000000000000E+000 -5.166418281171724E-017
         152           2  0.000000000000000E+000 -4.833581718826584E-017
         153           1  0.000000000000000E+000 -5.166418281171663E-017
         153           2  0.000000000000000E+000 -4.833581718825685E-017
         154           1  0.000000000000000E+000 -5.166418281171303E-017
         154           2  0.000000000000000E+000 -4.833581718825654E-017
         155           1  0.000000000000000E+000 -5.166418281171141E-017
         155           2  0.000000000000000E+000 -4.833581718825681E-017
         156           1  0.000000000000000E+000 -5.166418281171467E-017
         156           2  0.000000000000000E+000 -4.833581718826060E-017
         157           1  0.000000000000000E+000 -5.166418281171952E-017
         157           2  0.000000000000000E+000 -4.833581718826948E-017
         158           1  0.000000000000000E+000 -5.166418281171901E-017
         158           2  0.000000000000000E+000 -4.833581718827026E-017
         159           1  0.000000000000000E+000 -5.166418281172319E-017
         159           2  0.000000000000000E+000 -4.833581718827492E-017
         160           1  0.000000000000000E+000 -5.166418281172418E-017
         160           2  0.000000000000000E+000 -4.833581718827848E-017
         161           1  0.000000000000000E+000 -5.166418281172188E-017
         161           2  0.000000000000000E+000 -4.833581718827004E-017
         162           1  0.000000000000000E+000 -5.166418281172144E-017
         162           2  0.000000000000000E+000 -4.833581718827362E-017
         163           1  0.000000000000000E+000 -5.166418281171868E-017
         163           2  0.000000000000000E+000 -4.833581718826982E-017
         164           1  0.000000000000000E+000 -5.166418281172065E-017
         164           2  0.000000000000000E+000 -4.833581718827067E-017
         165           1  0.000000000000000E+000 -5.166418281171400E-017
         165           2  0.000000000000000E+000 -4.833581718826040E-017
         166           1  0.000000000000000E+000 -5.166418281170988E-017
         166           2  0.000000000000000E+000 -4.833581718825406E-017
         167           1  0.000000000000000E+000 -5.166418281170990E-017
         167           2  0.000000000000000E+000 -4.833581718825130E-017
         168           1  0.000000000000000E+000 -5.166418281171242E-017
         168           2  0.000000000000000E+000 -4.833581718825085E-017
         169           1  0.000000000000000E+000 -5.166418281171935E-017
         169           2  0.000000000000000E+000 -4.833581718826358E-017
         170           1  0.000000000000000E+000 -5.166418281172101E-017
         170           2  0.000000000000000E+000 -4.833581718827198E-017
         171           1  0.000000000000000E+000 -5.166418281171857E-017
         171           2  0.000000000000000E+000 -4.833581718826695E-017
         172           1  0.000000000000000E+000 -5.166418281171488E-017
         172           2  0.000000000000000E+000 -4.833581718825871E-017
         173           1  0.000000000000000E+000 -5.166418281171256E-017
         173           2  0.000000000000000E+000 -4.833581718825523E-017
         174           1  0.000000000000000E+000 -5.166418281171313E-017
         174           2  0.000000000000000E+000 -4.833581718825498E-017
         175           1  0.000000000000000E+000 -5.166418281171168E-017
         175           2  0.000000000000000E+000 -4.833581718825693E-017
         176           1  0.000000000000000E+000 -5.166418281171393E-017
         176           2  0.000000000000000E+000 -4.833581718825845E-017
         177           1  0.000000000000000E+000 -5.166418281171668E-017
         177           2  0.000000000000000E+000 -4.833581718826280E-017
         178           1  0.000000000000000E+000 -5.166418281171857E-017
         178           2  0.000000000000000E+000 -4.833581718826809E-017
         179           1  0.000000000000000E+000 -5.166418281172236E-017
         179           2  0.000000000000000E+000 -4.833581718827319E-017
         180           1  0.000000000000000E+000 -5.166418281172402E-017
         180           2  0.000000000000000E+000 -4.833581718828181E-017
         181           1  0.000000000000000E+000 -5.166418281172386E-017
         181           2  0.000000000000000E+000 -4.833581718827706E-017
         182           1  0.000000000000000E+000 -5.166418281172556E-017
         182           2  0.000000000000000E+000 -4.833581718827611E-017
         183           1  0.000000000000000E+000 -5.166418281172786E-017
         183           2  0.000000000000000E+000 -4.833581718828084E-017
         184           1  0.000000000000000E+000 -5.166418281172704E-017
         184           2  0.000000000000000E+000 -4.833581718828250E-017
         185           1  0.000000000000000E+000 -5.166418281172693E-017
         185           2  0.000000000000000E+000 -4.833581718828201E-017
         186           1  0.000000000000000E+000 -5.166418281172036E-017
         186           2  0.000000000000000E+000 -4.833581718827563E-017
         187           1  0.000000000000000E+000 -5.166418281171950E-017
         187           2  0.000000000000000E+000 -4.833581718826397E-017
         188           1  0.000000000000000E+000 -5.166418281171691E-017
         188           2  0.000000000000000E+000 -4.833581718825153E-017
         189           1  0.000000000000000E+000 -5.166418281171842E-017
         189           2  0.000000000000000E+000 -4.833581718825754E-017
         190           1  0.000000000000000E+000 -5.166418281171880E-017
         190           2  0.000000000000000E+000 -4.833581718826523E-017
         191           1  0.000000000000000E+000 -5.166418281171642E-017
         191           2  0.000000000000000E+000 -4.833581718826430E-017
         192           1  0.000000000000000E+000 -5.166418281171465E-017
         192           2  0.000000000000000E+000 -4.833581718825664E-017
         193           1  0.000000000000000E+000 -5.166418281171122E-017
         193           2  0.000000000000000E+000 -4.833581718825217E-017
         194           1  0.000000000000000E+000 -5.166418281171304E-017
         194           2  0.000000000000000E+000 -4.833581718825468E-017
         195           1  0.000000000000000E+000 -5.166418281171407E-017
         195           2  0.000000000000000E+000 -4.833581718825991E-017
         196           1  0.000000000000000E+000 -5.166418281171489E-017
         196           2  0.000000000000000E+000 -4.833581718825993E-017
         197           1  0.000000000000000E+000 -5.166418281171875E-017
         197           2  0.000000000000000E+000 -4.833581718826390E-017
         198           1  0.000000000000000E+000 -5.166418281172128E-017
         198           2  0.000000000000000E+000 -4.833581718827267E-017
         199           1  0.000000000000000E+000 -5.166418281172588E-017
         199           2  0.000000000000000E+000 -4.833581718827757E-017
         200           1  0.000000000000000E+000 -5.166418281172532E-017
         200           2  0.000000000000000E+000 -4.833581718828408E-017
         201           1  0.000000000000000E+000 -5.166418281172675E-017
         201           2  0.000000000000000E+000 -4.833581718827856E-017
         202           1  0.000000000000000E+000 -5.166418281172747E-017
         202           2  0.000000000000000E+000 -4.833581718828018E-017
         203           1  0.000000000000000E+000 -5.166418281172853E-017
         203           2  0.000000000000000E+000 -4.833581718828356E-017
         204           1  0.000000000000000E+000 -5.166418281173448E-017
         204           2  0.000000000000000E+000 -4.833581718829458E-017
         205           1  0.000000000000000E+000 -5.166418281173126E-017
         205           2  0.000000000000000E+000 -4.833581718828923E-017
         206           1  0.000000000000000E+000 -5.166418281172929E-017
         206           2  0.000000000000000E+000 -4.833581718828517E-017
         207           1  0.000000000000000E+000 -5.166418281172485E-017
         207           2  0.000000000000000E+000 -4.833581718827734E-017
         208           1  0.000000000000000E+000 -5.166418281172261E-017
         208           2  0.000000000000000E+000 -4.833581718826058E-017
         209           1  0.000000000000000E+000 -5.166418281172178E-017
         209           2  0.000000000000000E+000 -4.833581718825864E-017
         210           1  0.000000000000000E+000 -5.166418281172236E-017
         210           2  0.000000000000000E+000 -4.833581718826666E-017
         211           1  0.000000000000000E+000 -5.166418281171997E-017
         211           2  0.000000000000000E+000 -4.833581718826951E-017
         212           1  0.000000000000000E+000 -5.166418281171909E-017
         212           2  0.000000000000000E+000 -4.833581718826368E-017
         213           1  0.000000000000000E+000 -5.166418281171682E-017
         213           2  0.000000000000000E+000 -4.833581718825859E-017
         214           1  0.000000000000000E+000 -5.166418281171883E-017
         214           2  0.000000000000000E+000 -4.833581718826144E-017
         215           1  0.000000000000000E+000 -5.166418281171727E-017
         215           2  0.000000000000000E+000 -4.833581718826658E-017
         216           1  0.000000000000000E+000 -5.166418281171885E-017
         216           2  0.000000000000000E+000 -4.833581718826821E-017
         217           1  0.000000000000000E+000 -5.166418281172272E-017
         217           2  0.000000000000000E+000 -4.833581718827486E-017
         218           1  0.000000000000000E+000 -5.166418281172923E-017
         218           2  0.000000000000000E+000 -4.833581718828880E-017
         219           1  0.000000000000000E+000 -5.166418281173381E-017
         219           2  0.000000000000000E+000 -4.833581718829447E-017
         220           1  0.000000000000000E+000 -5.166418281173419E-017
         220           2  0.000000000000000E+000 -4.833581718829251E-017
         221           1  0.000000000000000E+000 -5.166418281172521E-017
         221           2  0.000000000000000E+000 -4.833581718827655E-017
         222           1  0.000000000000000E+000 -5.166418281172836E-017
         222           2  0.000000000000000E+000 -4.833581718827929E-017
         223           1  0.000000000000000E+000 -5.166418281172814E-017
         223           2  0.000000000000000E+000 -4.833581718828501E-017
         224           1  0.000000000000000E+000 -5.166418281172956E-017
         224           2  0.000000000000000E+000 -4.833581718828373E-017
         225           1  0.000000000000000E+000 -5.166418281173539E-017
         225           2  0.000000000000000E+000 -4.833581718829483E-017
         226           1  0.000000000000000E+000 -5.166418281172803E-017
         226           2  0.000000000000000E+000 -4.833581718828450E-017
         227           1  0.000000000000000E+000 -5.166418281172970E-017
         227           2  0.000000000000000E+000 -4.833581718828213E-017
         228           1  0.000000000000000E+000 -5.166418281172228E-017
         228           2  0.000000000000000E+000 -4.833581718826690E-017
         229           1  0.000000000000000E+000 -5.166418281172082E-017
         229           2  0.000000000000000E+000 -4.833581718825934E-017
         230           1  0.000000000000000E+000 -5.166418281172187E-017
         230           2  0.000000000000000E+000 -4.833581718825884E-017
         231           1  0.000000000000000E+000 -5.166418281172148E-017
         231           2  0.000000000000000E+000 -4.833581718826591E-017
         232           1  0.000000000000000E+000 -5.166418281172224E-017
         232           2  0.000000000000000E+000 -4.833581718826657E-017
         233           1  0.000000000000000E+000 -5.166418281171979E-017
         233           2  0.000000000000000E+000 -4.833581718826395E-017
         234           1  0.000000000000000E+000 -5.166418281171953E-017
         234           2  0.000000000000000E+000 -4.833581718826632E-017
         235           1  0.000000000000000E+000 -5.166418281172204E-017
         235           2  0.000000000000000E+000 -4.833581718826984E-017
         236           1  0.000000000000000E+000 -5.166418281172408E-017
         236           2  0.000000000000000E+000 -4.833581718827299E-017
         237           1  0.000000000000000E+000 -5.166418281172824E-017
         237           2  0.000000000000000E+000 -4.833581718828068E-017
         238           1  0.000000000000000E+000 -5.166418281173149E-017
         238           2  0.000000000000000E+000 -4.833581718829236E-017
         239           1  0.000000000000000E+000 -5.166418281173422E-017
         239           2  0.000000000000000E+000 -4.833581718830020E-017
         240           1  0.000000000000000E+000 -5.166418281173624E-017
         240           2  0.000000000000000E+000 -4.833581718830330E-017
         241           1  0.000000000000000E+000 -5.166418281172741E-017
         241           2  0.000000000000000E+000 -4.833581718828041E-017
         242           1  0.000000000000000E+000 -5.166418281172744E-017
         242           2  0.000000000000000E+000 -4.833581718828222E-017
         243           1  0.000000000000000E+000 -5.166418281172986E-017
         243           2  0.000000000000000E+000 -4.833581718828668E-017
         244           1  0.000000000000000E+000 -5.166418281173109E-017
         244           2  0.000000000000000E+000 -4.833581718828711E-017
         245           1  0.000000000000000E+000 -5.166418281172977E-017
         245           2  0.000000000000000E+000 -4.833581718828574E-017
         246           1  0.000000000000000E+000 -5.166418281173438E-017
         246           2  0.000000000000000E+000 -4.833581718829434E-017
         247           1  0.000000000000000E+000 -5.166418281172533E-017
         247           2  0.000000000000000E+000 -4.833581718828059E-017
         248           1  0.000000000000000E+000 -5.166418281171918E-017
         248           2  0.000000000000000E+000 -4.833581718826790E-017
         249           1  0.000000000000000E+000 -5.166418281171421E-017
         249           2  0.000000000000000E+000 -4.833581718825764E-017
         250           1  0.000000000000000E+000 -5.166418281171308E-017
         250           2  0.000000000000000E+000 -4.833581718825424E-017
         251           1  0.000000000000000E+000 -5.166418281171520E-017
         251           2  0.000000000000000E+000 -4.833581718825805E-017
         252           1  0.000000000000000E+000 -5.166418281171653E-017
         252           2  0.000000000000000E+000 -4.833581718826179E-017
         253           1  0.000000000000000E+000 -5.166418281171787E-017
         253           2  0.000000000000000E+000 -4.833581718825823E-017
         254           1  0.000000000000000E+000 -5.166418281171980E-017
         254           2  0.000000000000000E+000 -4.833581718826655E-017
         255           1  0.000000000000000E+000 -5.166418281172294E-017
         255           2  0.000000000000000E+000 -4.833581718827174E-017
         256           1  0.000000000000000E+000 -5.166418281172454E-017
         256           2  0.000000000000000E+000 -4.833581718828018E-017
         257           1  0.000000000000000E+000 -5.166418281172851E-017
         257           2  0.000000000000000E+000 -4.833581718828438E-017
         258           1  0.000000000000000E+000 -5.166418281173113E-017
         258           2  0.000000000000000E+000 -4.833581718829313E-017
         259           1  0.000000000000000E+000 -5.166418281172994E-017
         259           2  0.000000000000000E+000 -4.833581718828928E-017
         260           1  0.000000000000000E+000 -5.166418281173456E-017
         260           2  0.000000000000000E+000 -4.833581718829991E-017
         261           1  0.000000000000000E+000 -5.166418281172458E-017
         261           2  0.000000000000000E+000 -4.833581718827864E-017
         262           1  0.000000000000000E+000 -5.166418281172755E-017
         262           2  0.000000000000000E+000 -4.833581718828542E-017
         263           1  0.000000000000000E+000 -5.166418281173173E-017
         263           2  0.000000000000000E+000 -4.833581718828795E-017
         264           1  0.000000000000000E+000 -5.166418281173076E-017
         264           2  0.000000000000000E+000 -4.833581718829051E-017
         265           1  0.000000000000000E+000 -5.166418281172986E-017
         265           2  0.000000000000000E+000 -4.833581718828631E-017
         266           1  0.000000000000000E+000 -5.166418281172650E-017
         266           2  0.000000000000000E+000 -4.833581718828175E-017
         267           1  0.000000000000000E+000 -5.166418281172113E-017
         267           2  0.000000000000000E+000 -4.833581718827599E-017
         268           1  0.000000000000000E+000 -5.166418281171392E-017
         268           2  0.000000000000000E+000 -4.833581718825712E-017
         269           1  0.000000000000000E+000 -5.166418281170908E-017
         269           2  0.000000000000000E+000 -4.833581718824684E-017
         270           1  0.000000000000000E+000 -5.166418281170813E-017
         270           2  0.000000000000000E+000 -4.833581718824311E-017
         271           1  0.000000000000000E+000 -5.166418281171093E-017
         271           2  0.000000000000000E+000 -4.833581718824807E-017
         272           1  0.000000000000000E+000 -5.166418281171250E-017
         272           2  0.000000000000000E+000 -4.833581718824984E-017
         273           1  0.000000000000000E+000 -5.166418281171079E-017
         273           2  0.000000000000000E+000 -4.833581718824868E-017
         274           1  0.000000000000000E+000 -5.166418281171460E-017
         274           2  0.000000000000000E+000 -4.833581718825931E-017
         275           1  0.000000000000000E+000 -5.166418281172066E-017
         275           2  0.000000000000000E+000 -4.833581718826693E-017
         276           1  0.000000000000000E+000 -5.166418281172310E-017
         276           2  0.000000000000000E+000 -4.833581718827671E-017
         277           1  0.000000000000000E+000 -5.166418281172909E-017
         277           2  0.000000000000000E+000 -4.833581718828529E-017
         278           1  0.000000000000000E+000 -5.166418281172982E-017
         278           2  0.000000000000000E+000 -4.833581718829185E-017
         279           1  0.000000000000000E+000 -5.166418281172458E-017
         279           2  0.000000000000000E+000 -4.833581718827964E-017
         280           1  0.000000000000000E+000 -5.166418281172599E-017
         280           2  0.000000000000000E+000 -4.833581718827591E-017
         281           1  0.000000000000000E+000 -5.166418281172150E-017
         281           2  0.000000000000000E+000 -4.833581718827360E-017
         282           1  0.000000000000000E+000 -5.166418281172490E-017
         282           2  0.000000000000000E+000 -4.833581718827972E-017
         283           1  0.000000000000000E+000 -5.166418281172852E-017
         283           2  0.000000000000000E+000 -4.833581718828671E-017
         284           1  0.000000000000000E+000 -5.166418281173011E-017
         284           2  0.000000000000000E+000 -4.833581718829101E-017
         285           1  0.000000000000000E+000 -5.166418281172911E-017
         285           2  0.000000000000000E+000 -4.833581718828428E-017
         286           1  0.000000000000000E+000 -5.166418281172780E-017
         286           2  0.000000000000000E+000 -4.833581718827732E-017
         287           1  0.000000000000000E+000 -5.166418281171521E-017
         287           2  0.000000000000000E+000 -4.833581718825521E-017
         288           1  0.000000000000000E+000 -5.166418281170965E-017
         288           2  0.000000000000000E+000 -4.833581718824030E-017
         289           1  0.000000000000000E+000 -5.166418281170984E-017
         289           2  0.000000000000000E+000 -4.833581718824279E-017
         290           1  0.000000000000000E+000 -5.166418281170661E-017
         290           2  0.000000000000000E+000 -4.833581718823988E-017
         291           1  0.000000000000000E+000 -5.166418281170968E-017
         291           2  0.000000000000000E+000 -4.833581718824202E-017
         292           1  0.000000000000000E+000 -5.166418281170838E-017
         292           2  0.000000000000000E+000 -4.833581718824016E-017
         293           1  0.000000000000000E+000 -5.166418281170563E-017
         293           2  0.000000000000000E+000 -4.833581718823990E-017
         294           1  0.000000000000000E+000 -5.166418281171064E-017
         294           2  0.000000000000000E+000 -4.833581718825124E-017
         295           1  0.000000000000000E+000 -5.166418281171520E-017
         295           2  0.000000000000000E+000 -4.833581718825901E-017
         296           1  0.000000000000000E+000 -5.166418281172050E-017
         296           2  0.000000000000000E+000 -4.833581718826677E-017
         297           1  0.000000000000000E+000 -5.166418281172680E-017
         297           2  0.000000000000000E+000 -4.833581718828033E-017
         298           1  0.000000000000000E+000 -5.166418281172675E-017
         298           2  0.000000000000000E+000 -4.833581718828585E-017
         299           1  0.000000000000000E+000 -5.166418281171965E-017
         299           2  0.000000000000000E+000 -4.833581718826993E-017
         300           1  0.000000000000000E+000 -5.166418281171995E-017
         300           2  0.000000000000000E+000 -4.833581718826554E-017
         301           1  0.000000000000000E+000 -5.166418281171894E-017
         301           2  0.000000000000000E+000 -4.833581718827015E-017
         302           1  0.000000000000000E+000 -5.166418281172787E-017
         302           2  0.000000000000000E+000 -4.833581718828358E-017
         303           1  0.000000000000000E+000 -5.166418281172596E-017
         303           2  0.000000000000000E+000 -4.833581718827942E-017
         304           1  0.000000000000000E+000 -5.166418281172879E-017
         304           2  0.000000000000000E+000 -4.833581718828822E-017
         305           1  0.000000000000000E+000 -5.166418281172731E-017
         305           2  0.000000000000000E+000 -4.833581718828514E-017
         306           1  0.000000000000000E+000 -5.166418281172333E-017
         306           2  0.000000000000000E+000 -4.833581718826944E-017
         307           1  0.000000000000000E+000 -5.166418281171166E-017
         307           2  0.000000000000000E+000 -4.833581718824920E-017
         308           1  0.000000000000000E+000 -5.166418281170826E-017
         308           2  0.000000000000000E+000 -4.833581718823936E-017
         309           1  0.000000000000000E+000 -5.166418281171466E-017
         309           2  0.000000000000000E+000 -4.833581718825104E-017
         310           1  0.000000000000000E+000 -5.166418281171726E-017
         310           2  0.000000000000000E+000 -4.833581718825750E-017
         311           1  0.000000000000000E+000 -5.166418281171737E-017
         311           2  0.000000000000000E+000 -4.833581718825670E-017
         312           1  0.000000000000000E+000 -5.166418281171011E-017
         312           2  0.000000000000000E+000 -4.833581718824347E-017
         313           1  0.000000000000000E+000 -5.166418281170869E-017
         313           2  0.000000000000000E+000 -4.833581718823918E-017
         314           1  0.000000000000000E+000 -5.166418281170982E-017
         314           2  0.000000000000000E+000 -4.833581718824380E-017
         315           1  0.000000000000000E+000 -5.166418281171208E-017
         315           2  0.000000000000000E+000 -4.833581718824927E-017
         316           1  0.000000000000000E+000 -5.166418281171605E-017
         316           2  0.000000000000000E+000 -4.833581718825292E-017
         317           1  0.000000000000000E+000 -5.166418281172159E-017
         317           2  0.000000000000000E+000 -4.833581718826492E-017
         318           1  0.000000000000000E+000 -5.166418281172450E-017
         318           2  0.000000000000000E+000 -4.833581718827809E-017
         319           1  0.000000000000000E+000 -5.166418281172193E-017
         319           2  0.000000000000000E+000 -4.833581718827240E-017
         320           1  0.000000000000000E+000 -5.166418281170996E-017
         320           2  0.000000000000000E+000 -4.833581718825120E-017
         321           1  0.000000000000000E+000 -5.166418281172142E-017
         321           2  0.000000000000000E+000 -4.833581718827114E-017
         322           1  0.000000000000000E+000 -5.166418281172436E-017
         322           2  0.000000000000000E+000 -4.833581718827614E-017
         323           1  0.000000000000000E+000 -5.166418281172097E-017
         323           2  0.000000000000000E+000 -4.833581718827085E-017
         324           1  0.000000000000000E+000 -5.166418281172420E-017
         324           2  0.000000000000000E+000 -4.833581718828034E-017
         325           1  0.000000000000000E+000 -5.166418281172518E-017
         325           2  0.000000000000000E+000 -4.833581718828214E-017
         326           1  0.000000000000000E+000 -5.166418281172458E-017
         326           2  0.000000000000000E+000 -4.833581718827361E-017
         327           1  0.000000000000000E+000 -5.166418281171774E-017
         327           2  0.000000000000000E+000 -4.833581718825926E-017
         328           1  0.000000000000000E+000 -5.166418281172596E-017
         328           2  0.000000000000000E+000 -4.833581718827769E-017
         329           1  0.000000000000000E+000 -5.166418281173028E-017
         329           2  0.000000000000000E+000 -4.833581718828532E-017
         330           1  0.000000000000000E+000 -5.166418281172768E-017
         330           2  0.000000000000000E+000 -4.833581718828454E-017
         331           1  0.000000000000000E+000 -5.166418281172315E-017
         331           2  0.000000000000000E+000 -4.833581718827888E-017
         332           1  0.000000000000000E+000 -5.166418281171493E-017
         332           2  0.000000000000000E+000 -4.833581718826186E-017
         333           1  0.000000000000000E+000 -5.166418281171244E-017
         333           2  0.000000000000000E+000 -4.833581718825130E-017
         334           1  0.000000000000000E+000 -5.166418281171032E-017
         334           2  0.000000000000000E+000 -4.833581718824644E-017
         335           1  0.000000000000000E+000 -5.166418281170964E-017
         335           2  0.000000000000000E+000 -4.833581718824379E-017
         336           1  0.000000000000000E+000 -5.166418281171303E-017
         336           2  0.000000000000000E+000 -4.833581718824815E-017
         337           1  0.000000000000000E+000 -5.166418281171425E-017
         337           2  0.000000000000000E+000 -4.833581718824896E-017
         338           1  0.000000000000000E+000 -5.166418281171071E-017
         338           2  0.000000000000000E+000 -4.833581718825108E-017
         339           1  0.000000000000000E+000 -5.166418281170666E-017
         339           2  0.000000000000000E+000 -4.833581718824063E-017
         340           1  0.000000000000000E+000 -5.166418281169800E-017
         340           2  0.000000000000000E+000 -4.833581718822856E-017
         341           1  0.000000000000000E+000 -5.166418281171555E-017
         341           2  0.000000000000000E+000 -4.833581718825881E-017
         342           1  0.000000000000000E+000 -5.166418281171160E-017
         342           2  0.000000000000000E+000 -4.833581718825497E-017
         343           1  0.000000000000000E+000 -5.166418281171944E-017
         343           2  0.000000000000000E+000 -4.833581718827016E-017
         344           1  0.000000000000000E+000 -5.166418281172126E-017
         344           2  0.000000000000000E+000 -4.833581718827751E-017
         345           1  0.000000000000000E+000 -5.166418281173317E-017
         345           2  0.000000000000000E+000 -4.833581718830183E-017
         346           1  0.000000000000000E+000 -5.166418281173578E-017
         346           2  0.000000000000000E+000 -4.833581718829931E-017
         347           1  0.000000000000000E+000 -5.166418281173868E-017
         347           2  0.000000000000000E+000 -4.833581718829874E-017
         348           1  0.000000000000000E+000 -5.166418281172863E-017
         348           2  0.000000000000000E+000 -4.833581718828652E-017
         349           1  0.000000000000000E+000 -5.166418281173925E-017
         349           2  0.000000000000000E+000 -4.833581718830767E-017
         350           1  0.000000000000000E+000 -5.166418281173318E-017
         350           2  0.000000000000000E+000 -4.833581718829800E-017
         351           1  0.000000000000000E+000 -5.166418281172419E-017
         351           2  0.000000000000000E+000 -4.833581718827668E-017
         352           1  0.000000000000000E+000 -5.166418281172238E-017
         352           2  0.000000000000000E+000 -4.833581718827702E-017
         353           1  0.000000000000000E+000 -5.166418281171171E-017
         353           2  0.000000000000000E+000 -4.833581718825736E-017
         354           1  0.000000000000000E+000 -5.166418281171328E-017
         354           2  0.000000000000000E+000 -4.833581718825972E-017
         355           1  0.000000000000000E+000 -5.166418281171518E-017
         355           2  0.000000000000000E+000 -4.833581718826239E-017
         356           1  0.000000000000000E+000 -5.166418281171624E-017
         356           2  0.000000000000000E+000 -4.833581718825858E-017
         357           1  0.000000000000000E+000 -5.166418281171321E-017
         357           2  0.000000000000000E+000 -4.833581718825262E-017
         358           1  0.000000000000000E+000 -5.166418281169782E-017
         358           2  0.000000000000000E+000 -4.833581718822861E-017
         359           1  0.000000000000000E+000 -5.166418281170491E-017
         359           2  0.000000000000000E+000 -4.833581718824309E-017
         360           1  0.000000000000000E+000 -5.166418281171011E-017
         360           2  0.000000000000000E+000 -4.833581718824804E-017
         361           1  0.000000000000000E+000 -5.166418281172352E-017
         361           2  0.000000000000000E+000 -4.833581718827374E-017
         362           1  0.000000000000000E+000 -5.166418281172317E-017
         362           2  0.000000000000000E+000 -4.833581718827741E-017
         363           1  0.000000000000000E+000 -5.166418281171382E-017
         363           2  0.000000000000000E+000 -4.833581718826045E-017
         364           1  0.000000000000000E+000 -5.166418281172535E-017
         364           2  0.000000000000000E+000 -4.833581718828395E-017
         365           1  0.000000000000000E+000 -5.166418281172699E-017
         365           2  0.000000000000000E+000 -4.833581718828412E-017
         366           1  0.000000000000000E+000 -5.166418281172953E-017
         366           2  0.000000000000000E+000 -4.833581718828568E-017
         367           1  0.000000000000000E+000 -5.166418281174162E-017
         367           2  0.000000000000000E+000 -4.833581718830360E-017
         368           1  0.000000000000000E+000 -5.166418281173058E-017
         368           2  0.000000000000000E+000 -4.833581718828791E-017
         369           1  0.000000000000000E+000 -5.166418281174413E-017
         369           2  0.000000000000000E+000 -4.833581718831247E-017
         370           1  0.000000000000000E+000 -5.166418281172751E-017
         370           2  0.000000000000000E+000 -4.833581718827901E-017
         371           1  0.000000000000000E+000 -5.166418281172400E-017
         371           2  0.000000000000000E+000 -4.833581718827529E-017
         372           1  0.000000000000000E+000 -5.166418281172362E-017
         372           2  0.000000000000000E+000 -4.833581718827532E-017
         373           1  0.000000000000000E+000 -5.166418281171671E-017
         373           2  0.000000000000000E+000 -4.833581718826382E-017
         374           1  0.000000000000000E+000 -5.166418281171343E-017
         374           2  0.000000000000000E+000 -4.833581718826102E-017
         375           1  0.000000000000000E+000 -5.166418281170790E-017
         375           2  0.000000000000000E+000 -4.833581718825394E-017
         376           1  0.000000000000000E+000 -5.166418281171443E-017
         376           2  0.000000000000000E+000 -4.833581718826246E-017
         377           1  0.000000000000000E+000 -5.166418281172260E-017
         377           2  0.000000000000000E+000 -4.833581718827366E-017
         378           1  0.000000000000000E+000 -5.166418281170070E-017
         378           2  0.000000000000000E+000 -4.833581718823887E-017
         379           1  0.000000000000000E+000 -5.166418281171118E-017
         379           2  0.000000000000000E+000 -4.833581718826007E-017
         380           1  0.000000000000000E+000 -5.166418281170380E-017
         380           2  0.000000000000000E+000 -4.833581718825126E-017
         381           1  0.000000000000000E+000 -5.166418281172016E-017
         381           2  0.000000000000000E+000 -4.833581718827418E-017
         382           1  0.000000000000000E+000 -5.166418281172577E-017
         382           2  0.000000000000000E+000 -4.833581718827868E-017
         383           1  0.000000000000000E+000 -5.166418281172077E-017
         383           2  0.000000000000000E+000 -4.833581718827274E-017
         384           1  0.000000000000000E+000 -5.166418281172784E-017
         384           2  0.000000000000000E+000 -4.833581718828483E-017
         385           1  0.000000000000000E+000 -5.166418281172927E-017
         385           2  0.000000000000000E+000 -4.833581718828643E-017
         386           1  0.000000000000000E+000 -5.166418281172966E-017
         386           2  0.000000000000000E+000 -4.833581718828693E-017
         387           1  0.000000000000000E+000 -5.166418281172869E-017
         387           2  0.000000000000000E+000 -4.833581718828569E-017
         388           1  0.000000000000000E+000 -5.166418281173330E-017
         388           2  0.000000000000000E+000 -4.833581718828992E-017
         389           1  0.000000000000000E+000 -5.166418281172765E-017
         389           2  0.000000000000000E+000 -4.833581718828044E-017
         390           1  0.000000000000000E+000 -5.166418281172452E-017
         390           2  0.000000000000000E+000 -4.833581718828001E-017
         391           1  0.000000000000000E+000 -5.166418281172348E-017
         391           2  0.000000000000000E+000 -4.833581718827610E-017
         392           1  0.000000000000000E+000 -5.166418281172426E-017
         392           2  0.000000000000000E+000 -4.833581718827644E-017
         393           1  0.000000000000000E+000 -5.166418281172285E-017
         393           2  0.000000000000000E+000 -4.833581718827344E-017
         394           1  0.000000000000000E+000 -5.166418281171160E-017
         394           2  0.000000000000000E+000 -4.833581718825579E-017
         395           1  0.000000000000000E+000 -5.166418281170916E-017
         395           2  0.000000000000000E+000 -4.833581718825288E-017
         396           1  0.000000000000000E+000 -5.166418281171526E-017
         396           2  0.000000000000000E+000 -4.833581718826396E-017
         397           1  0.000000000000000E+000 -5.166418281172459E-017
         397           2  0.000000000000000E+000 -4.833581718828023E-017
         398           1  0.000000000000000E+000 -5.166418281169912E-017
         398           2  0.000000000000000E+000 -4.833581718823515E-017
         399           1  0.000000000000000E+000 -5.166418281171988E-017
         399           2  0.000000000000000E+000 -4.833581718827956E-017
         400           1  0.000000000000000E+000 -5.166418281170561E-017
         400           2  0.000000000000000E+000 -4.833581718825436E-017
