           1           1  0.000000000000000E+000 -1.562499999999784E-017
           1           2  0.000000000000000E+000 -9.374999999998211E-018
           2           1  0.000000000000000E+000 -1.562499999999859E-017
           2           2  0.000000000000000E+000 -9.374999999999188E-018
           3           1  0.000000000000000E+000 -1.562499999999946E-017
           3           2  0.000000000000000E+000 -9.374999999999795E-018
           4           1  0.000000000000000E+000 -1.562499999999863E-017
           4           2  0.000000000000000E+000 -9.374999999998809E-018
           5           1  0.000000000000000E+000 -1.562499999999979E-017
           5           2  0.000000000000000E+000 -9.374999999998949E-018
           6           1  0.000000000000000E+000 -1.562499999999981E-017
           6           2  0.000000000000000E+000 -9.374999999999256E-018
           7           1  0.000000000000000E+000 -1.562499999999813E-017
           7           2  0.000000000000000E+000 -9.374999999998832E-018
           8           1  0.000000000000000E+000 -1.562499999998709E-017
           8           2  0.000000000000000E+000 -9.374999999989905E-018
           9           1  0.000000000000000E+000 -1.562499999999162E-017
           9           2  0.000000000000000E+000 -9.374999999992909E-018
          10           1  0.000000000000000E+000 -1.562499999999233E-017
          10           2  0.000000000000000E+000 -9.374999999992516E-018
          11           1  0.000000000000000E+000 -1.562499999999818E-017
          11           2  0.000000000000000E+000 -9.374999999998707E-018
          12           1  0.000000000000000E+000 -1.562499999999829E-017
          12           2  0.000000000000000E+000 -9.374999999998917E-018
          13           1  0.000000000000000E+000 -1.562500000000068E-017
          13           2  0.000000000000000E+000 -9.375000000000114E-018
          14           1  0.000000000000000E+000 -1.562499999999493E-017
          14           2  0.000000000000000E+000 -9.374999999994268E-018
          15           1  0.000000000000000E+000 -1.562499999999788E-017
          15           2  0.000000000000000E+000 -9.374999999994318E-018
          16           1  0.000000000000000E+000 -1.562499999999944E-017
          16           2  0.000000000000000E+000 -9.374999999999135E-018
          17           1  0.000000000000000E+000 -1.562499999998845E-017
          17           2  0.000000000000000E+000 -9.374999999990288E-018
          18           1  0.000000000000000E+000 -1.562499999998823E-017
          18           2  0.000000000000000E+000 -9.374999999990244E-018
          19           1  0.000000000000000E+000 -1.562499999998881E-017
          19           2  0.000000000000000E+000 -9.374999999992265E-018
          20           1  0.000000000000000E+000 -1.562499999999046E-017
          20           2  0.000000000000000E+000 -9.374999999992125E-018
          21           1  0.000000000000000E+000 -1.562500000000001E-017
          21           2  0.000000000000000E+000 -9.374999999999807E-018
          22           1  0.000000000000000E+000 -1.562499999999973E-017
          22           2  0.000000000000000E+000 -9.375000000000038E-018
          23           1  0.000000000000000E+000 -1.562499999999860E-017
          23           2  0.000000000000000E+000 -9.374999999999063E-018
          24           1  0.000000000000000E+000 -1.562499999999892E-017
          24           2  0.000000000000000E+000 -9.374999999999291E-018
          25           1  0.000000000000000E+000 -1.562499999999904E-017
          25           2  0.000000000000000E+000 -9.374999999999115E-018
          26           1  0.000000000000000E+000 -1.562499999999920E-017
          26           2  0.000000000000000E+000 -9.374999999998900E-018
          27           1  0.000000000000000E+000 -1.562499999999858E-017
          27           2  0.000000000000000E+000 -9.374999999998397E-018
          28           1  0.000000000000000E+000 -1.562499999999810E-017
          28           2  0.000000000000000E+000 -9.374999999998817E-018
          29           1  0.000000000000000E+000 -1.562499999998824E-017
          29           2  0.000000000000000E+000 -9.374999999988386E-018
          30           1  0.000000000000000E+000 -1.562499999998999E-017
          30           2  0.000000000000000E+000 -9.374999999990225E-018
          31           1  0.000000000000000E+000 -1.562500000000033E-017
          31           2  0.000000000000000E+000 -9.374999999999724E-018
          32           1  0.000000000000000E+000 -1.562499999999938E-017
          32           2  0.000000000000000E+000 -9.374999999999541E-018
          33           1  0.000000000000000E+000 -1.562499999999867E-017
          33           2  0.000000000000000E+000 -9.374999999999636E-018
          34           1  0.000000000000000E+000 -1.562499999999907E-017
          34           2  0.000000000000000E+000 -9.374999999999154E-018
          35           1  0.000000000000000E+000 -1.562499999999906E-017
          35           2  0.000000000000000E+000 -9.374999999999347E-018
          36           1  0.000000000000000E+000 -1.562499999999855E-017
          36           2  0.000000000000000E+000 -9.374999999999242E-018
          37           1  0.000000000000000E+000 -1.562499999999877E-017
          37           2  0.000000000000000E+000 -9.374999999999331E-018
          38           1  0.000000000000000E+000 -1.562499999999880E-017
          38           2  0.000000000000000E+000 -9.374999999999253E-018
          39           1  0.000000000000000E+000 -1.562499999999034E-017
          39           2  0.000000000000000E+000 -9.374999999992452E-018
          40           1  0.000000000000000E+000 -1.562499999999841E-017
          40           2  0.000000000000000E+000 -9.374999999998846E-018
          41           1  0.000000000000000E+000 -1.562499999999936E-017
          41           2  0.000000000000000E+000 -9.374999999999681E-018
          42           1  0.000000000000000E+000 -1.562499999999936E-017
          42           2  0.000000000000000E+000 -9.374999999999872E-018
          43           1  0.000000000000000E+000 -1.562499999999849E-017
          43           2  0.000000000000000E+000 -9.374999999998935E-018
          44           1  0.000000000000000E+000 -1.562499999999953E-017
          44           2  0.000000000000000E+000 -9.374999999999602E-018
          45           1  0.000000000000000E+000 -1.562499999999995E-017
          45           2  0.000000000000000E+000 -9.374999999999957E-018
          46           1  0.000000000000000E+000 -1.562500000000005E-017
          46           2  0.000000000000000E+000 -9.374999999999730E-018
          47           1  0.000000000000000E+000 -1.562499999999895E-017
          47           2  0.000000000000000E+000 -9.374999999999397E-018
          48           1  0.000000000000000E+000 -1.562499999999924E-017
          48           2  0.000000000000000E+000 -9.374999999999404E-018
          49           1  0.000000000000000E+000 -1.562499999999865E-017
          49           2  0.000000000000000E+000 -9.374999999999345E-018
          50           1  0.000000000000000E+000 -1.562499999999897E-017
          50           2  0.000000000000000E+000 -9.374999999999091E-018
          51           1  0.000000000000000E+000 -1.562499999999866E-017
          51           2  0.000000000000000E+000 -9.374999999999542E-018
          52           1  0.000000000000000E+000 -1.562499999999894E-017
          52           2  0.000000000000000E+000 -9.374999999999126E-018
          53           1  0.000000000000000E+000 -1.562499999999894E-017
          53           2  0.000000000000000E+000 -9.374999999999066E-018
          54           1  0.000000000000000E+000 -1.562499999999988E-017
          54           2  0.000000000000000E+000 -9.374999999999986E-018
          55           1  0.000000000000000E+000 -1.562500000000033E-017
          55           2  0.000000000000000E+000 -9.375000000000550E-018
          56           1  0.000000000000000E+000 -1.562499999999938E-017
          56           2  0.000000000000000E+000 -9.374999999999763E-018
          57           1  0.000000000000000E+000 -1.562499999999977E-017
          57           2  0.000000000000000E+000 -9.374999999999360E-018
          58           1  0.000000000000000E+000 -1.562499999999907E-017
          58           2  0.000000000000000E+000 -9.374999999999531E-018
          59           1  0.000000000000000E+000 -1.562499999999879E-017
          59           2  0.000000000000000E+000 -9.374999999998815E-018
          60           1  0.000000000000000E+000 -1.562500000000028E-017
          60           2  0.000000000000000E+000 -9.374999999999498E-018
          61           1  0.000000000000000E+000 -1.562499999999818E-017
          61           2  0.000000000000000E+000 -9.374999999998988E-018
          62           1  0.000000000000000E+000 -1.562499999999868E-017
          62           2  0.000000000000000E+000 -9.374999999998824E-018
          63           1  0.000000000000000E+000 -1.562499999999857E-017
          63           2  0.000000000000000E+000 -9.374999999999293E-018
          64           1  0.000000000000000E+000 -1.562500000000164E-017
          64           2  0.000000000000000E+000 -9.375000000000843E-018
          65           1  0.000000000000000E+000 -1.562500000000064E-017
          65           2  0.000000000000000E+000 -9.375000000000140E-018
          66           1  0.000000000000000E+000 -1.562500000000126E-017
          66           2  0.000000000000000E+000 -9.375000000002376E-018
          67           1  0.000000000000000E+000 -1.562499999999937E-017
          67           2  0.000000000000000E+000 -9.374999999999767E-018
          68           1  0.000000000000000E+000 -1.562499999999965E-017
          68           2  0.000000000000000E+000 -9.374999999999593E-018
          69           1  0.000000000000000E+000 -1.562499999999890E-017
          69           2  0.000000000000000E+000 -9.374999999999085E-018
          70           1  0.000000000000000E+000 -1.562499999999993E-017
          70           2  0.000000000000000E+000 -9.374999999999477E-018
          71           1  0.000000000000000E+000 -1.562499999999966E-017
          71           2  0.000000000000000E+000 -9.374999999999773E-018
          72           1  0.000000000000000E+000 -1.562499999998700E-017
          72           2  0.000000000000000E+000 -9.374999999988463E-018
          73           1  0.000000000000000E+000 -1.562499999999918E-017
          73           2  0.000000000000000E+000 -9.374999999999300E-018
          74           1  0.000000000000000E+000 -1.562499999999228E-017
          74           2  0.000000000000000E+000 -9.374999999993846E-018
          75           1  0.000000000000000E+000 -1.562500000000006E-017
          75           2  0.000000000000000E+000 -9.375000000000017E-018
          76           1  0.000000000000000E+000 -1.562499999999942E-017
          76           2  0.000000000000000E+000 -9.374999999999334E-018
          77           1  0.000000000000000E+000 -1.562500000000063E-017
          77           2  0.000000000000000E+000 -9.374999999999434E-018
          78           1  0.000000000000000E+000 -1.562500000000017E-017
          78           2  0.000000000000000E+000 -9.375000000000024E-018
          79           1  0.000000000000000E+000 -1.562499999999968E-017
          79           2  0.000000000000000E+000 -9.374999999999638E-018
          80           1  0.000000000000000E+000 -1.562499999999927E-017
          80           2  0.000000000000000E+000 -9.374999999999179E-018
          81           1  0.000000000000000E+000 -1.562499999999829E-017
          81           2  0.000000000000000E+000 -9.374999999998083E-018
          82           1  0.000000000000000E+000 -1.562499999999869E-017
          82           2  0.000000000000000E+000 -9.374999999998840E-018
          83           1  0.000000000000000E+000 -1.562499999999933E-017
          83           2  0.000000000000000E+000 -9.374999999998781E-018
          84           1  0.000000000000000E+000 -1.562499999999888E-017
          84           2  0.000000000000000E+000 -9.374999999998602E-018
          85           1  0.000000000000000E+000 -1.562499999999898E-017
          85           2  0.000000000000000E+000 -9.374999999999260E-018
          86           1  0.000000000000000E+000 -1.562500000000044E-017
          86           2  0.000000000000000E+000 -9.375000000000302E-018
          87           1  0.000000000000000E+000 -1.562500000000097E-017
          87           2  0.000000000000000E+000 -9.374999999999776E-018
          88           1  0.000000000000000E+000 -1.562499999999938E-017
          88           2  0.000000000000000E+000 -9.374999999999715E-018
          89           1  0.000000000000000E+000 -1.562499999999982E-017
          89           2  0.000000000000000E+000 -9.374999999999434E-018
          90           1  0.000000000000000E+000 -1.562499999999868E-017
          90           2  0.000000000000000E+000 -9.374999999999152E-018
          91           1  0.000000000000000E+000 -1.562500000000033E-017
          91           2  0.000000000000000E+000 -9.375000000000447E-018
          92           1  0.000000000000000E+000 -1.562499999999917E-017
          92           2  0.000000000000000E+000 -9.374999999998867E-018
          93           1  0.000000000000000E+000 -1.562499999999794E-017
          93           2  0.000000000000000E+000 -9.374999999998320E-018
          94           1  0.000000000000000E+000 -1.562499999999797E-017
          94           2  0.000000000000000E+000 -9.374999999998490E-018
          95           1  0.000000000000000E+000 -1.562499999999882E-017
          95           2  0.000000000000000E+000 -9.374999999999091E-018
          96           1  0.000000000000000E+000 -1.562500000000118E-017
          96           2  0.000000000000000E+000 -9.375000000000561E-018
          97           1  0.000000000000000E+000 -1.562500000000030E-017
          97           2  0.000000000000000E+000 -9.374999999999271E-018
          98           1  0.000000000000000E+000 -1.562499999999919E-017
          98           2  0.000000000000000E+000 -9.374999999998877E-018
          99           1  0.000000000000000E+000 -1.562499999999908E-017
          99           2  0.000000000000000E+000 -9.374999999999120E-018
         100           1  0.000000000000000E+000 -1.562499999999941E-017
         100           2  0.000000000000000E+000 -9.374999999998832E-018
