           1           1  0.000000000000000E+000 -1.406249999998207E-016
           1           2  0.000000000000000E+000 -8.437499999998949E-017
           2           1  0.000000000000000E+000 -1.406249999998362E-016
           2           2  0.000000000000000E+000 -8.437499999999351E-017
           3           1  0.000000000000000E+000 -1.406249999998641E-016
           3           2  0.000000000000000E+000 -8.437499999999444E-017
           4           1  0.000000000000000E+000 -1.406249999998719E-016
           4           2  0.000000000000000E+000 -8.437499999999258E-017
           5           1  0.000000000000000E+000 -1.406249999998759E-016
           5           2  0.000000000000000E+000 -8.437499999999840E-017
           6           1  0.000000000000000E+000 -1.406249999998779E-016
           6           2  0.000000000000000E+000 -8.437500000000265E-017
           7           1  0.000000000000000E+000 -1.406249999998902E-016
           7           2  0.000000000000000E+000 -8.437500000000850E-017
           8           1  0.000000000000000E+000 -1.406249999998599E-016
           8           2  0.000000000000000E+000 -8.437499999998674E-017
           9           1  0.000000000000000E+000 -1.406249999998477E-016
           9           2  0.000000000000000E+000 -8.437500000000089E-017
          10           1  0.000000000000000E+000 -1.406249999998309E-016
          10           2  0.000000000000000E+000 -8.437499999999598E-017
          11           1  0.000000000000000E+000 -1.406249999998328E-016
          11           2  0.000000000000000E+000 -8.437499999999290E-017
          12           1  0.000000000000000E+000 -1.406249999998645E-016
          12           2  0.000000000000000E+000 -8.437499999999187E-017
          13           1  0.000000000000000E+000 -1.406249999999112E-016
          13           2  0.000000000000000E+000 -8.437499999999711E-017
          14           1  0.000000000000000E+000 -1.406249999999069E-016
          14           2  0.000000000000000E+000 -8.437499999999534E-017
          15           1  0.000000000000000E+000 -1.406249999999073E-016
          15           2  0.000000000000000E+000 -8.437499999999607E-017
          16           1  0.000000000000000E+000 -1.406249999999150E-016
          16           2  0.000000000000000E+000 -8.437500000000064E-017
          17           1  0.000000000000000E+000 -1.406249999999061E-016
          17           2  0.000000000000000E+000 -8.437499999999453E-017
          18           1  0.000000000000000E+000 -1.406249999998935E-016
          18           2  0.000000000000000E+000 -8.437499999998616E-017
          19           1  0.000000000000000E+000 -1.406249999998738E-016
          19           2  0.000000000000000E+000 -8.437500000000329E-017
          20           1  0.000000000000000E+000 -1.406249999998484E-016
          20           2  0.000000000000000E+000 -8.437499999999310E-017
          21           1  0.000000000000000E+000 -1.406249999998767E-016
          21           2  0.000000000000000E+000 -8.437500000000052E-017
          22           1  0.000000000000000E+000 -1.406249999999092E-016
          22           2  0.000000000000000E+000 -8.437499999999969E-017
          23           1  0.000000000000000E+000 -1.406249999999394E-016
          23           2  0.000000000000000E+000 -8.437499999999679E-017
          24           1  0.000000000000000E+000 -1.406249999999713E-016
          24           2  0.000000000000000E+000 -8.437499999999792E-017
          25           1  0.000000000000000E+000 -1.406249999999895E-016
          25           2  0.000000000000000E+000 -8.437499999999817E-017
          26           1  0.000000000000000E+000 -1.406249999999858E-016
          26           2  0.000000000000000E+000 -8.437499999999840E-017
          27           1  0.000000000000000E+000 -1.406249999999615E-016
          27           2  0.000000000000000E+000 -8.437499999999412E-017
          28           1  0.000000000000000E+000 -1.406249999999509E-016
          28           2  0.000000000000000E+000 -8.437500000000977E-017
          29           1  0.000000000000000E+000 -1.406249999999041E-016
          29           2  0.000000000000000E+000 -8.437500000000919E-017
          30           1  0.000000000000000E+000 -1.406249999998738E-016
          30           2  0.000000000000000E+000 -8.437499999999862E-017
          31           1  0.000000000000000E+000 -1.406249999998651E-016
          31           2  0.000000000000000E+000 -8.437499999999361E-017
          32           1  0.000000000000000E+000 -1.406249999999203E-016
          32           2  0.000000000000000E+000 -8.437500000000348E-017
          33           1  0.000000000000000E+000 -1.406249999999658E-016
          33           2  0.000000000000000E+000 -8.437499999999730E-017
          34           1  0.000000000000000E+000 -1.406249999999802E-016
          34           2  0.000000000000000E+000 -8.437499999999109E-017
          35           1  0.000000000000000E+000 -1.406249999999816E-016
          35           2  0.000000000000000E+000 -8.437499999999208E-017
          36           1  0.000000000000000E+000 -1.406249999999966E-016
          36           2  0.000000000000000E+000 -8.437499999999056E-017
          37           1  0.000000000000000E+000 -1.406249999999906E-016
          37           2  0.000000000000000E+000 -8.437500000000216E-017
          38           1  0.000000000000000E+000 -1.406249999999867E-016
          38           2  0.000000000000000E+000 -8.437500000001307E-017
          39           1  0.000000000000000E+000 -1.406249999999256E-016
          39           2  0.000000000000000E+000 -8.437500000001605E-017
          40           1  0.000000000000000E+000 -1.406249999998992E-016
          40           2  0.000000000000000E+000 -8.437500000001721E-017
          41           1  0.000000000000000E+000 -1.406249999998582E-016
          41           2  0.000000000000000E+000 -8.437499999999326E-017
          42           1  0.000000000000000E+000 -1.406249999999129E-016
          42           2  0.000000000000000E+000 -8.437499999999617E-017
          43           1  0.000000000000000E+000 -1.406249999999781E-016
          43           2  0.000000000000000E+000 -8.437499999999590E-017
          44           1  0.000000000000000E+000 -1.406249999999880E-016
          44           2  0.000000000000000E+000 -8.437499999998913E-017
          45           1  0.000000000000000E+000 -1.406249999999792E-016
          45           2  0.000000000000000E+000 -8.437499999999040E-017
          46           1  0.000000000000000E+000 -1.406249999999888E-016
          46           2  0.000000000000000E+000 -8.437499999998987E-017
          47           1  0.000000000000000E+000 -1.406250000000029E-016
          47           2  0.000000000000000E+000 -8.437500000000038E-017
          48           1  0.000000000000000E+000 -1.406249999999954E-016
          48           2  0.000000000000000E+000 -8.437500000000477E-017
          49           1  0.000000000000000E+000 -1.406249999999012E-016
          49           2  0.000000000000000E+000 -8.437499999999516E-017
          50           1  0.000000000000000E+000 -1.406249999999199E-016
          50           2  0.000000000000000E+000 -8.437500000003050E-017
          51           1  0.000000000000000E+000 -1.406249999998559E-016
          51           2  0.000000000000000E+000 -8.437499999998901E-017
          52           1  0.000000000000000E+000 -1.406249999999117E-016
          52           2  0.000000000000000E+000 -8.437499999999582E-017
          53           1  0.000000000000000E+000 -1.406249999999726E-016
          53           2  0.000000000000000E+000 -8.437499999999331E-017
          54           1  0.000000000000000E+000 -1.406249999999949E-016
          54           2  0.000000000000000E+000 -8.437499999998938E-017
          55           1  0.000000000000000E+000 -1.406249999999901E-016
          55           2  0.000000000000000E+000 -8.437499999999174E-017
          56           1  0.000000000000000E+000 -1.406249999999922E-016
          56           2  0.000000000000000E+000 -8.437499999999038E-017
          57           1  0.000000000000000E+000 -1.406249999999949E-016
          57           2  0.000000000000000E+000 -8.437499999999027E-017
          58           1  0.000000000000000E+000 -1.406249999999822E-016
          58           2  0.000000000000000E+000 -8.437499999999660E-017
          59           1  0.000000000000000E+000 -1.406249999998898E-016
          59           2  0.000000000000000E+000 -8.437499999998978E-017
          60           1  0.000000000000000E+000 -1.406249999998625E-016
          60           2  0.000000000000000E+000 -8.437499999997960E-017
          61           1  0.000000000000000E+000 -1.406249999998585E-016
          61           2  0.000000000000000E+000 -8.437499999998991E-017
          62           1  0.000000000000000E+000 -1.406249999999135E-016
          62           2  0.000000000000000E+000 -8.437499999999777E-017
          63           1  0.000000000000000E+000 -1.406249999999566E-016
          63           2  0.000000000000000E+000 -8.437499999999820E-017
          64           1  0.000000000000000E+000 -1.406249999999742E-016
          64           2  0.000000000000000E+000 -8.437499999999150E-017
          65           1  0.000000000000000E+000 -1.406249999999903E-016
          65           2  0.000000000000000E+000 -8.437499999999203E-017
          66           1  0.000000000000000E+000 -1.406250000000002E-016
          66           2  0.000000000000000E+000 -8.437499999999330E-017
          67           1  0.000000000000000E+000 -1.406249999999766E-016
          67           2  0.000000000000000E+000 -8.437499999999168E-017
          68           1  0.000000000000000E+000 -1.406249999999590E-016
          68           2  0.000000000000000E+000 -8.437499999999182E-017
          69           1  0.000000000000000E+000 -1.406249999998823E-016
          69           2  0.000000000000000E+000 -8.437499999997374E-017
          70           1  0.000000000000000E+000 -1.406249999998618E-016
          70           2  0.000000000000000E+000 -8.437499999998744E-017
          71           1  0.000000000000000E+000 -1.406249999998684E-016
          71           2  0.000000000000000E+000 -8.437499999999603E-017
          72           1  0.000000000000000E+000 -1.406249999999044E-016
          72           2  0.000000000000000E+000 -8.437499999999877E-017
          73           1  0.000000000000000E+000 -1.406249999999517E-016
          73           2  0.000000000000000E+000 -8.437499999999664E-017
          74           1  0.000000000000000E+000 -1.406249999999609E-016
          74           2  0.000000000000000E+000 -8.437499999999817E-017
          75           1  0.000000000000000E+000 -1.406249999999946E-016
          75           2  0.000000000000000E+000 -8.437500000000057E-017
          76           1  0.000000000000000E+000 -1.406249999999914E-016
          76           2  0.000000000000000E+000 -8.437500000000652E-017
          77           1  0.000000000000000E+000 -1.406249999999734E-016
          77           2  0.000000000000000E+000 -8.437499999999955E-017
          78           1  0.000000000000000E+000 -1.406249999999502E-016
          78           2  0.000000000000000E+000 -8.437499999999762E-017
          79           1  0.000000000000000E+000 -1.406249999998991E-016
          79           2  0.000000000000000E+000 -8.437499999999809E-017
          80           1  0.000000000000000E+000 -1.406249999998751E-016
          80           2  0.000000000000000E+000 -8.437500000000119E-017
          81           1  0.000000000000000E+000 -1.406249999998471E-016
          81           2  0.000000000000000E+000 -8.437499999999056E-017
          82           1  0.000000000000000E+000 -1.406249999998846E-016
          82           2  0.000000000000000E+000 -8.437500000000848E-017
          83           1  0.000000000000000E+000 -1.406249999999146E-016
          83           2  0.000000000000000E+000 -8.437500000000381E-017
          84           1  0.000000000000000E+000 -1.406249999999101E-016
          84           2  0.000000000000000E+000 -8.437499999999506E-017
          85           1  0.000000000000000E+000 -1.406249999999115E-016
          85           2  0.000000000000000E+000 -8.437499999999162E-017
          86           1  0.000000000000000E+000 -1.406249999999163E-016
          86           2  0.000000000000000E+000 -8.437500000000093E-017
          87           1  0.000000000000000E+000 -1.406249999998980E-016
          87           2  0.000000000000000E+000 -8.437499999999492E-017
          88           1  0.000000000000000E+000 -1.406249999998925E-016
          88           2  0.000000000000000E+000 -8.437499999999121E-017
          89           1  0.000000000000000E+000 -1.406249999998769E-016
          89           2  0.000000000000000E+000 -8.437500000000412E-017
          90           1  0.000000000000000E+000 -1.406249999998706E-016
          90           2  0.000000000000000E+000 -8.437500000000957E-017
          91           1  0.000000000000000E+000 -1.406249999998313E-016
          91           2  0.000000000000000E+000 -8.437499999999385E-017
          92           1  0.000000000000000E+000 -1.406249999998576E-016
          92           2  0.000000000000000E+000 -8.437500000000137E-017
          93           1  0.000000000000000E+000 -1.406249999998722E-016
          93           2  0.000000000000000E+000 -8.437500000000136E-017
          94           1  0.000000000000000E+000 -1.406249999998616E-016
          94           2  0.000000000000000E+000 -8.437499999999158E-017
          95           1  0.000000000000000E+000 -1.406249999998773E-016
          95           2  0.000000000000000E+000 -8.437499999999618E-017
          96           1  0.000000000000000E+000 -1.406249999998883E-016
          96           2  0.000000000000000E+000 -8.437500000000079E-017
          97           1  0.000000000000000E+000 -1.406249999998729E-016
          97           2  0.000000000000000E+000 -8.437499999999326E-017
          98           1  0.000000000000000E+000 -1.406249999998728E-016
          98           2  0.000000000000000E+000 -8.437499999999521E-017
          99           1  0.000000000000000E+000 -1.406249999998721E-016
          99           2  0.000000000000000E+000 -8.437500000001244E-017
         100           1  0.000000000000000E+000 -1.406249999998118E-016
         100           2  0.000000000000000E+000 -8.437499999998656E-017
