           1           1  0.000000000000000E+000 -1.575041647735497E-017
           1           2  0.000000000000000E+000 -9.249583522640437E-018
           2           1  0.000000000000000E+000 -1.575041647735604E-017
           2           2  0.000000000000000E+000 -9.249583522639621E-018
           3           1  0.000000000000000E+000 -1.575041647735575E-017
           3           2  0.000000000000000E+000 -9.249583522639077E-018
           4           1  0.000000000000000E+000 -1.575041647735612E-017
           4           2  0.000000000000000E+000 -9.249583522636855E-018
           5           1  0.000000000000000E+000 -1.575041647735535E-017
           5           2  0.000000000000000E+000 -9.249583522638516E-018
           6           1  0.000000000000000E+000 -1.575041647735371E-017
           6           2  0.000000000000000E+000 -9.249583522639889E-018
           7           1  0.000000000000000E+000 -1.575041647735380E-017
           7           2  0.000000000000000E+000 -9.249583522637206E-018
           8           1  0.000000000000000E+000 -1.575041647735275E-017
           8           2  0.000000000000000E+000 -9.249583522636995E-018
           9           1  0.000000000000000E+000 -1.575041647735005E-017
           9           2  0.000000000000000E+000 -9.249583522635290E-018
          10           1  0.000000000000000E+000 -1.575041647734941E-017
          10           2  0.000000000000000E+000 -9.249583522635623E-018
          11           1  0.000000000000000E+000 -1.575041647734770E-017
          11           2  0.000000000000000E+000 -9.249583522634242E-018
          12           1  0.000000000000000E+000 -1.575041647734613E-017
          12           2  0.000000000000000E+000 -9.249583522633124E-018
          13           1  0.000000000000000E+000 -1.575041647734485E-017
          13           2  0.000000000000000E+000 -9.249583522633130E-018
          14           1  0.000000000000000E+000 -1.575041647734769E-017
          14           2  0.000000000000000E+000 -9.249583522633247E-018
          15           1  0.000000000000000E+000 -1.575041647735090E-017
          15           2  0.000000000000000E+000 -9.249583522635507E-018
          16           1  0.000000000000000E+000 -1.575041647734967E-017
          16           2  0.000000000000000E+000 -9.249583522634638E-018
          17           1  0.000000000000000E+000 -1.575041647735072E-017
          17           2  0.000000000000000E+000 -9.249583522636945E-018
          18           1  0.000000000000000E+000 -1.575041647735048E-017
          18           2  0.000000000000000E+000 -9.249583522637267E-018
          19           1  0.000000000000000E+000 -1.575041647735265E-017
          19           2  0.000000000000000E+000 -9.249583522637180E-018
          20           1  0.000000000000000E+000 -1.575041647735077E-017
          20           2  0.000000000000000E+000 -9.249583522635279E-018
          21           1  0.000000000000000E+000 -1.575041647735764E-017
          21           2  0.000000000000000E+000 -9.249583522641377E-018
          22           1  0.000000000000000E+000 -1.575041647735882E-017
          22           2  0.000000000000000E+000 -9.249583522640461E-018
          23           1  0.000000000000000E+000 -1.575041647735830E-017
          23           2  0.000000000000000E+000 -9.249583522641236E-018
          24           1  0.000000000000000E+000 -1.575041647735728E-017
          24           2  0.000000000000000E+000 -9.249583522639820E-018
          25           1  0.000000000000000E+000 -1.575041647735589E-017
          25           2  0.000000000000000E+000 -9.249583522639250E-018
          26           1  0.000000000000000E+000 -1.575041647735584E-017
          26           2  0.000000000000000E+000 -9.249583522640273E-018
          27           1  0.000000000000000E+000 -1.575041647735518E-017
          27           2  0.000000000000000E+000 -9.249583522638758E-018
          28           1  0.000000000000000E+000 -1.575041647735334E-017
          28           2  0.000000000000000E+000 -9.249583522636941E-018
          29           1  0.000000000000000E+000 -1.575041647735215E-017
          29           2  0.000000000000000E+000 -9.249583522634703E-018
          30           1  0.000000000000000E+000 -1.575041647735057E-017
          30           2  0.000000000000000E+000 -9.249583522634732E-018
          31           1  0.000000000000000E+000 -1.575041647734877E-017
          31           2  0.000000000000000E+000 -9.249583522635636E-018
          32           1  0.000000000000000E+000 -1.575041647734787E-017
          32           2  0.000000000000000E+000 -9.249583522633641E-018
          33           1  0.000000000000000E+000 -1.575041647734728E-017
          33           2  0.000000000000000E+000 -9.249583522634866E-018
          34           1  0.000000000000000E+000 -1.575041647734887E-017
          34           2  0.000000000000000E+000 -9.249583522635552E-018
          35           1  0.000000000000000E+000 -1.575041647735158E-017
          35           2  0.000000000000000E+000 -9.249583522638029E-018
          36           1  0.000000000000000E+000 -1.575041647735237E-017
          36           2  0.000000000000000E+000 -9.249583522636368E-018
          37           1  0.000000000000000E+000 -1.575041647735391E-017
          37           2  0.000000000000000E+000 -9.249583522636485E-018
          38           1  0.000000000000000E+000 -1.575041647735315E-017
          38           2  0.000000000000000E+000 -9.249583522637441E-018
          39           1  0.000000000000000E+000 -1.575041647735464E-017
          39           2  0.000000000000000E+000 -9.249583522639094E-018
          40           1  0.000000000000000E+000 -1.575041647735343E-017
          40           2  0.000000000000000E+000 -9.249583522638057E-018
          41           1  0.000000000000000E+000 -1.575041647736147E-017
          41           2  0.000000000000000E+000 -9.249583522643272E-018
          42           1  0.000000000000000E+000 -1.575041647736187E-017
          42           2  0.000000000000000E+000 -9.249583522641852E-018
          43           1  0.000000000000000E+000 -1.575041647736263E-017
          43           2  0.000000000000000E+000 -9.249583522643550E-018
          44           1  0.000000000000000E+000 -1.575041647736101E-017
          44           2  0.000000000000000E+000 -9.249583522642816E-018
          45           1  0.000000000000000E+000 -1.575041647736016E-017
          45           2  0.000000000000000E+000 -9.249583522641641E-018
          46           1  0.000000000000000E+000 -1.575041647735898E-017
          46           2  0.000000000000000E+000 -9.249583522639675E-018
          47           1  0.000000000000000E+000 -1.575041647735782E-017
          47           2  0.000000000000000E+000 -9.249583522638243E-018
          48           1  0.000000000000000E+000 -1.575041647735517E-017
          48           2  0.000000000000000E+000 -9.249583522637914E-018
          49           1  0.000000000000000E+000 -1.575041647735244E-017
          49           2  0.000000000000000E+000 -9.249583522637752E-018
          50           1  0.000000000000000E+000 -1.575041647735061E-017
          50           2  0.000000000000000E+000 -9.249583522635532E-018
          51           1  0.000000000000000E+000 -1.575041647734863E-017
          51           2  0.000000000000000E+000 -9.249583522635227E-018
          52           1  0.000000000000000E+000 -1.575041647734846E-017
          52           2  0.000000000000000E+000 -9.249583522633781E-018
          53           1  0.000000000000000E+000 -1.575041647734743E-017
          53           2  0.000000000000000E+000 -9.249583522632828E-018
          54           1  0.000000000000000E+000 -1.575041647734974E-017
          54           2  0.000000000000000E+000 -9.249583522635453E-018
          55           1  0.000000000000000E+000 -1.575041647735397E-017
          55           2  0.000000000000000E+000 -9.249583522639000E-018
          56           1  0.000000000000000E+000 -1.575041647735453E-017
          56           2  0.000000000000000E+000 -9.249583522638508E-018
          57           1  0.000000000000000E+000 -1.575041647735499E-017
          57           2  0.000000000000000E+000 -9.249583522638299E-018
          58           1  0.000000000000000E+000 -1.575041647735562E-017
          58           2  0.000000000000000E+000 -9.249583522638852E-018
          59           1  0.000000000000000E+000 -1.575041647735678E-017
          59           2  0.000000000000000E+000 -9.249583522640265E-018
          60           1  0.000000000000000E+000 -1.575041647735779E-017
          60           2  0.000000000000000E+000 -9.249583522641118E-018
          61           1  0.000000000000000E+000 -1.575041647736747E-017
          61           2  0.000000000000000E+000 -9.249583522646835E-018
          62           1  0.000000000000000E+000 -1.575041647736641E-017
          62           2  0.000000000000000E+000 -9.249583522646587E-018
          63           1  0.000000000000000E+000 -1.575041647736601E-017
          63           2  0.000000000000000E+000 -9.249583522645744E-018
          64           1  0.000000000000000E+000 -1.575041647736472E-017
          64           2  0.000000000000000E+000 -9.249583522644479E-018
          65           1  0.000000000000000E+000 -1.575041647736351E-017
          65           2  0.000000000000000E+000 -9.249583522645349E-018
          66           1  0.000000000000000E+000 -1.575041647736177E-017
          66           2  0.000000000000000E+000 -9.249583522643725E-018
          67           1  0.000000000000000E+000 -1.575041647735934E-017
          67           2  0.000000000000000E+000 -9.249583522640425E-018
          68           1  0.000000000000000E+000 -1.575041647735600E-017
          68           2  0.000000000000000E+000 -9.249583522639892E-018
          69           1  0.000000000000000E+000 -1.575041647735213E-017
          69           2  0.000000000000000E+000 -9.249583522637416E-018
          70           1  0.000000000000000E+000 -1.575041647734990E-017
          70           2  0.000000000000000E+000 -9.249583522636096E-018
          71           1  0.000000000000000E+000 -1.575041647734812E-017
          71           2  0.000000000000000E+000 -9.249583522634194E-018
          72           1  0.000000000000000E+000 -1.575041647734711E-017
          72           2  0.000000000000000E+000 -9.249583522631963E-018
          73           1  0.000000000000000E+000 -1.575041647734654E-017
          73           2  0.000000000000000E+000 -9.249583522634034E-018
          74           1  0.000000000000000E+000 -1.575041647734893E-017
          74           2  0.000000000000000E+000 -9.249583522635163E-018
          75           1  0.000000000000000E+000 -1.575041647735484E-017
          75           2  0.000000000000000E+000 -9.249583522638282E-018
          76           1  0.000000000000000E+000 -1.575041647735800E-017
          76           2  0.000000000000000E+000 -9.249583522641069E-018
          77           1  0.000000000000000E+000 -1.575041647735623E-017
          77           2  0.000000000000000E+000 -9.249583522639515E-018
          78           1  0.000000000000000E+000 -1.575041647735902E-017
          78           2  0.000000000000000E+000 -9.249583522639783E-018
          79           1  0.000000000000000E+000 -1.575041647736198E-017
          79           2  0.000000000000000E+000 -9.249583522641912E-018
          80           1  0.000000000000000E+000 -1.575041647736400E-017
          80           2  0.000000000000000E+000 -9.249583522643665E-018
          81           1  0.000000000000000E+000 -1.575041647737082E-017
          81           2  0.000000000000000E+000 -9.249583522647563E-018
          82           1  0.000000000000000E+000 -1.575041647737011E-017
          82           2  0.000000000000000E+000 -9.249583522647932E-018
          83           1  0.000000000000000E+000 -1.575041647736989E-017
          83           2  0.000000000000000E+000 -9.249583522648260E-018
          84           1  0.000000000000000E+000 -1.575041647736947E-017
          84           2  0.000000000000000E+000 -9.249583522648437E-018
          85           1  0.000000000000000E+000 -1.575041647736836E-017
          85           2  0.000000000000000E+000 -9.249583522649101E-018
          86           1  0.000000000000000E+000 -1.575041647736558E-017
          86           2  0.000000000000000E+000 -9.249583522646355E-018
          87           1  0.000000000000000E+000 -1.575041647736191E-017
          87           2  0.000000000000000E+000 -9.249583522643631E-018
          88           1  0.000000000000000E+000 -1.575041647735836E-017
          88           2  0.000000000000000E+000 -9.249583522641712E-018
          89           1  0.000000000000000E+000 -1.575041647735347E-017
          89           2  0.000000000000000E+000 -9.249583522637789E-018
          90           1  0.000000000000000E+000 -1.575041647735031E-017
          90           2  0.000000000000000E+000 -9.249583522636623E-018
          91           1  0.000000000000000E+000 -1.575041647734820E-017
          91           2  0.000000000000000E+000 -9.249583522634957E-018
          92           1  0.000000000000000E+000 -1.575041647734706E-017
          92           2  0.000000000000000E+000 -9.249583522632578E-018
          93           1  0.000000000000000E+000 -1.575041647734521E-017
          93           2  0.000000000000000E+000 -9.249583522633513E-018
          94           1  0.000000000000000E+000 -1.575041647734589E-017
          94           2  0.000000000000000E+000 -9.249583522634604E-018
          95           1  0.000000000000000E+000 -1.575041647735220E-017
          95           2  0.000000000000000E+000 -9.249583522637413E-018
          96           1  0.000000000000000E+000 -1.575041647736299E-017
          96           2  0.000000000000000E+000 -9.249583522641975E-018
          97           1  0.000000000000000E+000 -1.575041647736479E-017
          97           2  0.000000000000000E+000 -9.249583522643930E-018
          98           1  0.000000000000000E+000 -1.575041647736478E-017
          98           2  0.000000000000000E+000 -9.249583522643251E-018
          99           1  0.000000000000000E+000 -1.575041647736575E-017
          99           2  0.000000000000000E+000 -9.249583522642719E-018
         100           1  0.000000000000000E+000 -1.575041647736329E-017
         100           2  0.000000000000000E+000 -9.249583522642020E-018
         101           1  0.000000000000000E+000 -1.575041647737413E-017
         101           2  0.000000000000000E+000 -9.249583522651317E-018
         102           1  0.000000000000000E+000 -1.575041647737264E-017
         102           2  0.000000000000000E+000 -9.249583522650646E-018
         103           1  0.000000000000000E+000 -1.575041647737140E-017
         103           2  0.000000000000000E+000 -9.249583522649443E-018
         104           1  0.000000000000000E+000 -1.575041647737240E-017
         104           2  0.000000000000000E+000 -9.249583522650183E-018
         105           1  0.000000000000000E+000 -1.575041647737193E-017
         105           2  0.000000000000000E+000 -9.249583522649642E-018
         106           1  0.000000000000000E+000 -1.575041647736945E-017
         106           2  0.000000000000000E+000 -9.249583522647990E-018
         107           1  0.000000000000000E+000 -1.575041647736686E-017
         107           2  0.000000000000000E+000 -9.249583522644809E-018
         108           1  0.000000000000000E+000 -1.575041647736148E-017
         108           2  0.000000000000000E+000 -9.249583522642762E-018
         109           1  0.000000000000000E+000 -1.575041647735593E-017
         109           2  0.000000000000000E+000 -9.249583522638040E-018
         110           1  0.000000000000000E+000 -1.575041647735118E-017
         110           2  0.000000000000000E+000 -9.249583522636314E-018
         111           1  0.000000000000000E+000 -1.575041647734887E-017
         111           2  0.000000000000000E+000 -9.249583522634290E-018
         112           1  0.000000000000000E+000 -1.575041647734675E-017
         112           2  0.000000000000000E+000 -9.249583522631700E-018
         113           1  0.000000000000000E+000 -1.575041647734568E-017
         113           2  0.000000000000000E+000 -9.249583522632510E-018
         114           1  0.000000000000000E+000 -1.575041647734493E-017
         114           2  0.000000000000000E+000 -9.249583522634013E-018
         115           1  0.000000000000000E+000 -1.575041647734834E-017
         115           2  0.000000000000000E+000 -9.249583522635311E-018
         116           1  0.000000000000000E+000 -1.575041647735246E-017
         116           2  0.000000000000000E+000 -9.249583522636952E-018
         117           1  0.000000000000000E+000 -1.575041647735422E-017
         117           2  0.000000000000000E+000 -9.249583522638860E-018
         118           1  0.000000000000000E+000 -1.575041647735573E-017
         118           2  0.000000000000000E+000 -9.249583522638498E-018
         119           1  0.000000000000000E+000 -1.575041647735734E-017
         119           2  0.000000000000000E+000 -9.249583522639018E-018
         120           1  0.000000000000000E+000 -1.575041647735706E-017
         120           2  0.000000000000000E+000 -9.249583522640655E-018
         121           1  0.000000000000000E+000 -1.575041647737454E-017
         121           2  0.000000000000000E+000 -9.249583522649435E-018
         122           1  0.000000000000000E+000 -1.575041647737126E-017
         122           2  0.000000000000000E+000 -9.249583522650720E-018
         123           1  0.000000000000000E+000 -1.575041647737215E-017
         123           2  0.000000000000000E+000 -9.249583522649985E-018
         124           1  0.000000000000000E+000 -1.575041647737311E-017
         124           2  0.000000000000000E+000 -9.249583522650754E-018
         125           1  0.000000000000000E+000 -1.575041647737159E-017
         125           2  0.000000000000000E+000 -9.249583522649468E-018
         126           1  0.000000000000000E+000 -1.575041647737147E-017
         126           2  0.000000000000000E+000 -9.249583522648617E-018
         127           1  0.000000000000000E+000 -1.575041647736919E-017
         127           2  0.000000000000000E+000 -9.249583522644369E-018
         128           1  0.000000000000000E+000 -1.575041647736415E-017
         128           2  0.000000000000000E+000 -9.249583522643537E-018
         129           1  0.000000000000000E+000 -1.575041647735822E-017
         129           2  0.000000000000000E+000 -9.249583522640135E-018
         130           1  0.000000000000000E+000 -1.575041647735417E-017
         130           2  0.000000000000000E+000 -9.249583522637445E-018
         131           1  0.000000000000000E+000 -1.575041647735057E-017
         131           2  0.000000000000000E+000 -9.249583522635227E-018
         132           1  0.000000000000000E+000 -1.575041647735016E-017
         132           2  0.000000000000000E+000 -9.249583522633218E-018
         133           1  0.000000000000000E+000 -1.575041647734748E-017
         133           2  0.000000000000000E+000 -9.249583522633239E-018
         134           1  0.000000000000000E+000 -1.575041647734766E-017
         134           2  0.000000000000000E+000 -9.249583522634367E-018
         135           1  0.000000000000000E+000 -1.575041647734951E-017
         135           2  0.000000000000000E+000 -9.249583522634704E-018
         136           1  0.000000000000000E+000 -1.575041647735138E-017
         136           2  0.000000000000000E+000 -9.249583522635969E-018
         137           1  0.000000000000000E+000 -1.575041647735252E-017
         137           2  0.000000000000000E+000 -9.249583522638128E-018
         138           1  0.000000000000000E+000 -1.575041647735256E-017
         138           2  0.000000000000000E+000 -9.249583522638812E-018
         139           1  0.000000000000000E+000 -1.575041647735460E-017
         139           2  0.000000000000000E+000 -9.249583522639445E-018
         140           1  0.000000000000000E+000 -1.575041647735514E-017
         140           2  0.000000000000000E+000 -9.249583522638664E-018
         141           1  0.000000000000000E+000 -1.575041647737622E-017
         141           2  0.000000000000000E+000 -9.249583522648636E-018
         142           1  0.000000000000000E+000 -1.575041647737360E-017
         142           2  0.000000000000000E+000 -9.249583522647434E-018
         143           1  0.000000000000000E+000 -1.575041647737371E-017
         143           2  0.000000000000000E+000 -9.249583522649275E-018
         144           1  0.000000000000000E+000 -1.575041647737395E-017
         144           2  0.000000000000000E+000 -9.249583522650948E-018
         145           1  0.000000000000000E+000 -1.575041647737386E-017
         145           2  0.000000000000000E+000 -9.249583522650374E-018
         146           1  0.000000000000000E+000 -1.575041647737229E-017
         146           2  0.000000000000000E+000 -9.249583522650292E-018
         147           1  0.000000000000000E+000 -1.575041647736955E-017
         147           2  0.000000000000000E+000 -9.249583522647167E-018
         148           1  0.000000000000000E+000 -1.575041647736639E-017
         148           2  0.000000000000000E+000 -9.249583522644282E-018
         149           1  0.000000000000000E+000 -1.575041647736135E-017
         149           2  0.000000000000000E+000 -9.249583522639157E-018
         150           1  0.000000000000000E+000 -1.575041647735742E-017
         150           2  0.000000000000000E+000 -9.249583522639246E-018
         151           1  0.000000000000000E+000 -1.575041647735292E-017
         151           2  0.000000000000000E+000 -9.249583522637744E-018
         152           1  0.000000000000000E+000 -1.575041647734997E-017
         152           2  0.000000000000000E+000 -9.249583522636774E-018
         153           1  0.000000000000000E+000 -1.575041647734950E-017
         153           2  0.000000000000000E+000 -9.249583522636034E-018
         154           1  0.000000000000000E+000 -1.575041647735009E-017
         154           2  0.000000000000000E+000 -9.249583522634281E-018
         155           1  0.000000000000000E+000 -1.575041647735175E-017
         155           2  0.000000000000000E+000 -9.249583522636472E-018
         156           1  0.000000000000000E+000 -1.575041647735223E-017
         156           2  0.000000000000000E+000 -9.249583522637838E-018
         157           1  0.000000000000000E+000 -1.575041647735404E-017
         157           2  0.000000000000000E+000 -9.249583522638619E-018
         158           1  0.000000000000000E+000 -1.575041647735522E-017
         158           2  0.000000000000000E+000 -9.249583522637344E-018
         159           1  0.000000000000000E+000 -1.575041647735665E-017
         159           2  0.000000000000000E+000 -9.249583522640143E-018
         160           1  0.000000000000000E+000 -1.575041647735658E-017
         160           2  0.000000000000000E+000 -9.249583522640914E-018
         161           1  0.000000000000000E+000 -1.575041647737664E-017
         161           2  0.000000000000000E+000 -9.249583522651555E-018
         162           1  0.000000000000000E+000 -1.575041647737572E-017
         162           2  0.000000000000000E+000 -9.249583522646283E-018
         163           1  0.000000000000000E+000 -1.575041647737664E-017
         163           2  0.000000000000000E+000 -9.249583522649562E-018
         164           1  0.000000000000000E+000 -1.575041647737586E-017
         164           2  0.000000000000000E+000 -9.249583522649697E-018
         165           1  0.000000000000000E+000 -1.575041647737456E-017
         165           2  0.000000000000000E+000 -9.249583522649736E-018
         166           1  0.000000000000000E+000 -1.575041647737259E-017
         166           2  0.000000000000000E+000 -9.249583522650565E-018
         167           1  0.000000000000000E+000 -1.575041647737095E-017
         167           2  0.000000000000000E+000 -9.249583522648805E-018
         168           1  0.000000000000000E+000 -1.575041647736892E-017
         168           2  0.000000000000000E+000 -9.249583522645907E-018
         169           1  0.000000000000000E+000 -1.575041647736381E-017
         169           2  0.000000000000000E+000 -9.249583522642329E-018
         170           1  0.000000000000000E+000 -1.575041647735808E-017
         170           2  0.000000000000000E+000 -9.249583522640385E-018
         171           1  0.000000000000000E+000 -1.575041647735359E-017
         171           2  0.000000000000000E+000 -9.249583522638123E-018
         172           1  0.000000000000000E+000 -1.575041647735033E-017
         172           2  0.000000000000000E+000 -9.249583522636945E-018
         173           1  0.000000000000000E+000 -1.575041647734959E-017
         173           2  0.000000000000000E+000 -9.249583522637029E-018
         174           1  0.000000000000000E+000 -1.575041647735072E-017
         174           2  0.000000000000000E+000 -9.249583522635538E-018
         175           1  0.000000000000000E+000 -1.575041647735217E-017
         175           2  0.000000000000000E+000 -9.249583522637898E-018
         176           1  0.000000000000000E+000 -1.575041647735362E-017
         176           2  0.000000000000000E+000 -9.249583522639419E-018
         177           1  0.000000000000000E+000 -1.575041647735638E-017
         177           2  0.000000000000000E+000 -9.249583522638609E-018
         178           1  0.000000000000000E+000 -1.575041647735751E-017
         178           2  0.000000000000000E+000 -9.249583522638085E-018
         179           1  0.000000000000000E+000 -1.575041647735881E-017
         179           2  0.000000000000000E+000 -9.249583522639442E-018
         180           1  0.000000000000000E+000 -1.575041647735840E-017
         180           2  0.000000000000000E+000 -9.249583522641741E-018
         181           1  0.000000000000000E+000 -1.575041647737561E-017
         181           2  0.000000000000000E+000 -9.249583522654227E-018
         182           1  0.000000000000000E+000 -1.575041647737197E-017
         182           2  0.000000000000000E+000 -9.249583522648455E-018
         183           1  0.000000000000000E+000 -1.575041647737348E-017
         183           2  0.000000000000000E+000 -9.249583522651864E-018
         184           1  0.000000000000000E+000 -1.575041647737395E-017
         184           2  0.000000000000000E+000 -9.249583522651267E-018
         185           1  0.000000000000000E+000 -1.575041647737457E-017
         185           2  0.000000000000000E+000 -9.249583522650035E-018
         186           1  0.000000000000000E+000 -1.575041647737354E-017
         186           2  0.000000000000000E+000 -9.249583522651255E-018
         187           1  0.000000000000000E+000 -1.575041647737203E-017
         187           2  0.000000000000000E+000 -9.249583522650842E-018
         188           1  0.000000000000000E+000 -1.575041647737122E-017
         188           2  0.000000000000000E+000 -9.249583522648001E-018
         189           1  0.000000000000000E+000 -1.575041647736584E-017
         189           2  0.000000000000000E+000 -9.249583522645300E-018
         190           1  0.000000000000000E+000 -1.575041647735970E-017
         190           2  0.000000000000000E+000 -9.249583522640934E-018
         191           1  0.000000000000000E+000 -1.575041647735426E-017
         191           2  0.000000000000000E+000 -9.249583522636219E-018
         192           1  0.000000000000000E+000 -1.575041647734921E-017
         192           2  0.000000000000000E+000 -9.249583522634524E-018
         193           1  0.000000000000000E+000 -1.575041647734507E-017
         193           2  0.000000000000000E+000 -9.249583522634365E-018
         194           1  0.000000000000000E+000 -1.575041647734732E-017
         194           2  0.000000000000000E+000 -9.249583522634242E-018
         195           1  0.000000000000000E+000 -1.575041647735015E-017
         195           2  0.000000000000000E+000 -9.249583522636301E-018
         196           1  0.000000000000000E+000 -1.575041647735361E-017
         196           2  0.000000000000000E+000 -9.249583522638003E-018
         197           1  0.000000000000000E+000 -1.575041647735617E-017
         197           2  0.000000000000000E+000 -9.249583522638414E-018
         198           1  0.000000000000000E+000 -1.575041647735827E-017
         198           2  0.000000000000000E+000 -9.249583522641833E-018
         199           1  0.000000000000000E+000 -1.575041647736072E-017
         199           2  0.000000000000000E+000 -9.249583522641544E-018
         200           1  0.000000000000000E+000 -1.575041647736004E-017
         200           2  0.000000000000000E+000 -9.249583522641491E-018
         201           1  0.000000000000000E+000 -1.575041647737730E-017
         201           2  0.000000000000000E+000 -9.249583522651864E-018
         202           1  0.000000000000000E+000 -1.575041647737383E-017
         202           2  0.000000000000000E+000 -9.249583522650189E-018
         203           1  0.000000000000000E+000 -1.575041647737336E-017
         203           2  0.000000000000000E+000 -9.249583522649797E-018
         204           1  0.000000000000000E+000 -1.575041647737464E-017
         204           2  0.000000000000000E+000 -9.249583522650267E-018
         205           1  0.000000000000000E+000 -1.575041647737532E-017
         205           2  0.000000000000000E+000 -9.249583522647875E-018
         206           1  0.000000000000000E+000 -1.575041647737506E-017
         206           2  0.000000000000000E+000 -9.249583522649033E-018
         207           1  0.000000000000000E+000 -1.575041647737453E-017
         207           2  0.000000000000000E+000 -9.249583522650155E-018
         208           1  0.000000000000000E+000 -1.575041647737129E-017
         208           2  0.000000000000000E+000 -9.249583522647805E-018
         209           1  0.000000000000000E+000 -1.575041647736755E-017
         209           2  0.000000000000000E+000 -9.249583522644691E-018
         210           1  0.000000000000000E+000 -1.575041647736289E-017
         210           2  0.000000000000000E+000 -9.249583522642898E-018
         211           1  0.000000000000000E+000 -1.575041647735582E-017
         211           2  0.000000000000000E+000 -9.249583522637046E-018
         212           1  0.000000000000000E+000 -1.575041647734660E-017
         212           2  0.000000000000000E+000 -9.249583522633701E-018
         213           1  0.000000000000000E+000 -1.575041647734224E-017
         213           2  0.000000000000000E+000 -9.249583522631899E-018
         214           1  0.000000000000000E+000 -1.575041647734342E-017
         214           2  0.000000000000000E+000 -9.249583522631936E-018
         215           1  0.000000000000000E+000 -1.575041647734694E-017
         215           2  0.000000000000000E+000 -9.249583522633538E-018
         216           1  0.000000000000000E+000 -1.575041647735146E-017
         216           2  0.000000000000000E+000 -9.249583522638322E-018
         217           1  0.000000000000000E+000 -1.575041647735490E-017
         217           2  0.000000000000000E+000 -9.249583522640642E-018
         218           1  0.000000000000000E+000 -1.575041647735741E-017
         218           2  0.000000000000000E+000 -9.249583522642023E-018
         219           1  0.000000000000000E+000 -1.575041647736037E-017
         219           2  0.000000000000000E+000 -9.249583522642702E-018
         220           1  0.000000000000000E+000 -1.575041647736051E-017
         220           2  0.000000000000000E+000 -9.249583522643124E-018
         221           1  0.000000000000000E+000 -1.575041647737986E-017
         221           2  0.000000000000000E+000 -9.249583522652731E-018
         222           1  0.000000000000000E+000 -1.575041647737703E-017
         222           2  0.000000000000000E+000 -9.249583522651384E-018
         223           1  0.000000000000000E+000 -1.575041647737549E-017
         223           2  0.000000000000000E+000 -9.249583522649887E-018
         224           1  0.000000000000000E+000 -1.575041647737442E-017
         224           2  0.000000000000000E+000 -9.249583522648389E-018
         225           1  0.000000000000000E+000 -1.575041647737400E-017
         225           2  0.000000000000000E+000 -9.249583522646368E-018
         226           1  0.000000000000000E+000 -1.575041647737477E-017
         226           2  0.000000000000000E+000 -9.249583522648676E-018
         227           1  0.000000000000000E+000 -1.575041647737228E-017
         227           2  0.000000000000000E+000 -9.249583522649267E-018
         228           1  0.000000000000000E+000 -1.575041647737150E-017
         228           2  0.000000000000000E+000 -9.249583522645197E-018
         229           1  0.000000000000000E+000 -1.575041647736859E-017
         229           2  0.000000000000000E+000 -9.249583522642648E-018
         230           1  0.000000000000000E+000 -1.575041647736448E-017
         230           2  0.000000000000000E+000 -9.249583522641411E-018
         231           1  0.000000000000000E+000 -1.575041647735500E-017
         231           2  0.000000000000000E+000 -9.249583522636724E-018
         232           1  0.000000000000000E+000 -1.575041647734443E-017
         232           2  0.000000000000000E+000 -9.249583522632831E-018
         233           1  0.000000000000000E+000 -1.575041647733875E-017
         233           2  0.000000000000000E+000 -9.249583522629213E-018
         234           1  0.000000000000000E+000 -1.575041647733947E-017
         234           2  0.000000000000000E+000 -9.249583522629021E-018
         235           1  0.000000000000000E+000 -1.575041647734516E-017
         235           2  0.000000000000000E+000 -9.249583522632854E-018
         236           1  0.000000000000000E+000 -1.575041647735036E-017
         236           2  0.000000000000000E+000 -9.249583522636501E-018
         237           1  0.000000000000000E+000 -1.575041647735462E-017
         237           2  0.000000000000000E+000 -9.249583522639612E-018
         238           1  0.000000000000000E+000 -1.575041647735885E-017
         238           2  0.000000000000000E+000 -9.249583522640422E-018
         239           1  0.000000000000000E+000 -1.575041647735902E-017
         239           2  0.000000000000000E+000 -9.249583522639833E-018
         240           1  0.000000000000000E+000 -1.575041647735748E-017
         240           2  0.000000000000000E+000 -9.249583522642459E-018
         241           1  0.000000000000000E+000 -1.575041647737900E-017
         241           2  0.000000000000000E+000 -9.249583522653481E-018
         242           1  0.000000000000000E+000 -1.575041647737568E-017
         242           2  0.000000000000000E+000 -9.249583522650776E-018
         243           1  0.000000000000000E+000 -1.575041647737671E-017
         243           2  0.000000000000000E+000 -9.249583522652022E-018
         244           1  0.000000000000000E+000 -1.575041647737535E-017
         244           2  0.000000000000000E+000 -9.249583522652169E-018
         245           1  0.000000000000000E+000 -1.575041647737480E-017
         245           2  0.000000000000000E+000 -9.249583522649529E-018
         246           1  0.000000000000000E+000 -1.575041647737318E-017
         246           2  0.000000000000000E+000 -9.249583522649292E-018
         247           1  0.000000000000000E+000 -1.575041647737107E-017
         247           2  0.000000000000000E+000 -9.249583522649787E-018
         248           1  0.000000000000000E+000 -1.575041647736941E-017
         248           2  0.000000000000000E+000 -9.249583522644430E-018
         249           1  0.000000000000000E+000 -1.575041647736541E-017
         249           2  0.000000000000000E+000 -9.249583522640974E-018
         250           1  0.000000000000000E+000 -1.575041647735924E-017
         250           2  0.000000000000000E+000 -9.249583522642237E-018
         251           1  0.000000000000000E+000 -1.575041647734938E-017
         251           2  0.000000000000000E+000 -9.249583522638663E-018
         252           1  0.000000000000000E+000 -1.575041647734018E-017
         252           2  0.000000000000000E+000 -9.249583522634151E-018
         253           1  0.000000000000000E+000 -1.575041647733680E-017
         253           2  0.000000000000000E+000 -9.249583522629460E-018
         254           1  0.000000000000000E+000 -1.575041647733846E-017
         254           2  0.000000000000000E+000 -9.249583522631013E-018
         255           1  0.000000000000000E+000 -1.575041647734266E-017
         255           2  0.000000000000000E+000 -9.249583522633667E-018
         256           1  0.000000000000000E+000 -1.575041647734818E-017
         256           2  0.000000000000000E+000 -9.249583522633324E-018
         257           1  0.000000000000000E+000 -1.575041647735217E-017
         257           2  0.000000000000000E+000 -9.249583522636373E-018
         258           1  0.000000000000000E+000 -1.575041647735125E-017
         258           2  0.000000000000000E+000 -9.249583522636059E-018
         259           1  0.000000000000000E+000 -1.575041647735020E-017
         259           2  0.000000000000000E+000 -9.249583522635200E-018
         260           1  0.000000000000000E+000 -1.575041647735176E-017
         260           2  0.000000000000000E+000 -9.249583522639995E-018
         261           1  0.000000000000000E+000 -1.575041647738263E-017
         261           2  0.000000000000000E+000 -9.249583522653689E-018
         262           1  0.000000000000000E+000 -1.575041647737706E-017
         262           2  0.000000000000000E+000 -9.249583522651719E-018
         263           1  0.000000000000000E+000 -1.575041647737478E-017
         263           2  0.000000000000000E+000 -9.249583522651545E-018
         264           1  0.000000000000000E+000 -1.575041647737549E-017
         264           2  0.000000000000000E+000 -9.249583522652089E-018
         265           1  0.000000000000000E+000 -1.575041647737644E-017
         265           2  0.000000000000000E+000 -9.249583522648073E-018
         266           1  0.000000000000000E+000 -1.575041647737334E-017
         266           2  0.000000000000000E+000 -9.249583522648010E-018
         267           1  0.000000000000000E+000 -1.575041647736897E-017
         267           2  0.000000000000000E+000 -9.249583522647748E-018
         268           1  0.000000000000000E+000 -1.575041647736522E-017
         268           2  0.000000000000000E+000 -9.249583522644707E-018
         269           1  0.000000000000000E+000 -1.575041647735940E-017
         269           2  0.000000000000000E+000 -9.249583522643240E-018
         270           1  0.000000000000000E+000 -1.575041647735496E-017
         270           2  0.000000000000000E+000 -9.249583522640229E-018
         271           1  0.000000000000000E+000 -1.575041647734839E-017
         271           2  0.000000000000000E+000 -9.249583522635083E-018
         272           1  0.000000000000000E+000 -1.575041647734213E-017
         272           2  0.000000000000000E+000 -9.249583522635265E-018
         273           1  0.000000000000000E+000 -1.575041647733914E-017
         273           2  0.000000000000000E+000 -9.249583522629236E-018
         274           1  0.000000000000000E+000 -1.575041647733896E-017
         274           2  0.000000000000000E+000 -9.249583522632433E-018
         275           1  0.000000000000000E+000 -1.575041647734277E-017
         275           2  0.000000000000000E+000 -9.249583522634774E-018
         276           1  0.000000000000000E+000 -1.575041647734898E-017
         276           2  0.000000000000000E+000 -9.249583522635509E-018
         277           1  0.000000000000000E+000 -1.575041647735072E-017
         277           2  0.000000000000000E+000 -9.249583522636504E-018
         278           1  0.000000000000000E+000 -1.575041647735040E-017
         278           2  0.000000000000000E+000 -9.249583522638789E-018
         279           1  0.000000000000000E+000 -1.575041647734870E-017
         279           2  0.000000000000000E+000 -9.249583522636217E-018
         280           1  0.000000000000000E+000 -1.575041647734527E-017
         280           2  0.000000000000000E+000 -9.249583522634703E-018
         281           1  0.000000000000000E+000 -1.575041647737691E-017
         281           2  0.000000000000000E+000 -9.249583522650734E-018
         282           1  0.000000000000000E+000 -1.575041647737456E-017
         282           2  0.000000000000000E+000 -9.249583522649258E-018
         283           1  0.000000000000000E+000 -1.575041647737042E-017
         283           2  0.000000000000000E+000 -9.249583522645286E-018
         284           1  0.000000000000000E+000 -1.575041647737464E-017
         284           2  0.000000000000000E+000 -9.249583522649827E-018
         285           1  0.000000000000000E+000 -1.575041647737677E-017
         285           2  0.000000000000000E+000 -9.249583522650445E-018
         286           1  0.000000000000000E+000 -1.575041647737586E-017
         286           2  0.000000000000000E+000 -9.249583522649016E-018
         287           1  0.000000000000000E+000 -1.575041647736822E-017
         287           2  0.000000000000000E+000 -9.249583522644973E-018
         288           1  0.000000000000000E+000 -1.575041647736331E-017
         288           2  0.000000000000000E+000 -9.249583522641966E-018
         289           1  0.000000000000000E+000 -1.575041647735804E-017
         289           2  0.000000000000000E+000 -9.249583522640612E-018
         290           1  0.000000000000000E+000 -1.575041647735391E-017
         290           2  0.000000000000000E+000 -9.249583522635601E-018
         291           1  0.000000000000000E+000 -1.575041647734844E-017
         291           2  0.000000000000000E+000 -9.249583522632296E-018
         292           1  0.000000000000000E+000 -1.575041647734380E-017
         292           2  0.000000000000000E+000 -9.249583522633224E-018
         293           1  0.000000000000000E+000 -1.575041647733949E-017
         293           2  0.000000000000000E+000 -9.249583522630971E-018
         294           1  0.000000000000000E+000 -1.575041647734014E-017
         294           2  0.000000000000000E+000 -9.249583522631899E-018
         295           1  0.000000000000000E+000 -1.575041647734343E-017
         295           2  0.000000000000000E+000 -9.249583522633629E-018
         296           1  0.000000000000000E+000 -1.575041647735008E-017
         296           2  0.000000000000000E+000 -9.249583522636553E-018
         297           1  0.000000000000000E+000 -1.575041647735459E-017
         297           2  0.000000000000000E+000 -9.249583522640162E-018
         298           1  0.000000000000000E+000 -1.575041647735592E-017
         298           2  0.000000000000000E+000 -9.249583522639280E-018
         299           1  0.000000000000000E+000 -1.575041647735410E-017
         299           2  0.000000000000000E+000 -9.249583522638733E-018
         300           1  0.000000000000000E+000 -1.575041647735530E-017
         300           2  0.000000000000000E+000 -9.249583522642816E-018
         301           1  0.000000000000000E+000 -1.575041647737801E-017
         301           2  0.000000000000000E+000 -9.249583522650930E-018
         302           1  0.000000000000000E+000 -1.575041647737700E-017
         302           2  0.000000000000000E+000 -9.249583522651787E-018
         303           1  0.000000000000000E+000 -1.575041647737489E-017
         303           2  0.000000000000000E+000 -9.249583522649144E-018
         304           1  0.000000000000000E+000 -1.575041647737935E-017
         304           2  0.000000000000000E+000 -9.249583522653203E-018
         305           1  0.000000000000000E+000 -1.575041647738081E-017
         305           2  0.000000000000000E+000 -9.249583522654925E-018
         306           1  0.000000000000000E+000 -1.575041647737561E-017
         306           2  0.000000000000000E+000 -9.249583522653275E-018
         307           1  0.000000000000000E+000 -1.575041647736970E-017
         307           2  0.000000000000000E+000 -9.249583522646753E-018
         308           1  0.000000000000000E+000 -1.575041647736463E-017
         308           2  0.000000000000000E+000 -9.249583522641308E-018
         309           1  0.000000000000000E+000 -1.575041647735806E-017
         309           2  0.000000000000000E+000 -9.249583522640750E-018
         310           1  0.000000000000000E+000 -1.575041647735200E-017
         310           2  0.000000000000000E+000 -9.249583522637488E-018
         311           1  0.000000000000000E+000 -1.575041647734628E-017
         311           2  0.000000000000000E+000 -9.249583522634338E-018
         312           1  0.000000000000000E+000 -1.575041647734242E-017
         312           2  0.000000000000000E+000 -9.249583522633556E-018
         313           1  0.000000000000000E+000 -1.575041647734059E-017
         313           2  0.000000000000000E+000 -9.249583522631238E-018
         314           1  0.000000000000000E+000 -1.575041647734157E-017
         314           2  0.000000000000000E+000 -9.249583522630379E-018
         315           1  0.000000000000000E+000 -1.575041647734777E-017
         315           2  0.000000000000000E+000 -9.249583522634096E-018
         316           1  0.000000000000000E+000 -1.575041647736194E-017
         316           2  0.000000000000000E+000 -9.249583522641043E-018
         317           1  0.000000000000000E+000 -1.575041647736509E-017
         317           2  0.000000000000000E+000 -9.249583522643522E-018
         318           1  0.000000000000000E+000 -1.575041647736420E-017
         318           2  0.000000000000000E+000 -9.249583522644014E-018
         319           1  0.000000000000000E+000 -1.575041647736235E-017
         319           2  0.000000000000000E+000 -9.249583522643255E-018
         320           1  0.000000000000000E+000 -1.575041647735613E-017
         320           2  0.000000000000000E+000 -9.249583522639926E-018
         321           1  0.000000000000000E+000 -1.575041647734395E-017
         321           2  0.000000000000000E+000 -9.249583522634353E-018
         322           1  0.000000000000000E+000 -1.575041647734778E-017
         322           2  0.000000000000000E+000 -9.249583522634869E-018
         323           1  0.000000000000000E+000 -1.575041647737069E-017
         323           2  0.000000000000000E+000 -9.249583522647684E-018
         324           1  0.000000000000000E+000 -1.575041647737922E-017
         324           2  0.000000000000000E+000 -9.249583522654756E-018
         325           1  0.000000000000000E+000 -1.575041647738427E-017
         325           2  0.000000000000000E+000 -9.249583522656124E-018
         326           1  0.000000000000000E+000 -1.575041647737827E-017
         326           2  0.000000000000000E+000 -9.249583522654298E-018
         327           1  0.000000000000000E+000 -1.575041647737041E-017
         327           2  0.000000000000000E+000 -9.249583522649053E-018
         328           1  0.000000000000000E+000 -1.575041647736511E-017
         328           2  0.000000000000000E+000 -9.249583522644918E-018
         329           1  0.000000000000000E+000 -1.575041647736035E-017
         329           2  0.000000000000000E+000 -9.249583522643765E-018
         330           1  0.000000000000000E+000 -1.575041647735327E-017
         330           2  0.000000000000000E+000 -9.249583522638599E-018
         331           1  0.000000000000000E+000 -1.575041647734853E-017
         331           2  0.000000000000000E+000 -9.249583522637333E-018
         332           1  0.000000000000000E+000 -1.575041647734549E-017
         332           2  0.000000000000000E+000 -9.249583522635088E-018
         333           1  0.000000000000000E+000 -1.575041647734507E-017
         333           2  0.000000000000000E+000 -9.249583522631566E-018
         334           1  0.000000000000000E+000 -1.575041647734496E-017
         334           2  0.000000000000000E+000 -9.249583522632034E-018
         335           1  0.000000000000000E+000 -1.575041647735411E-017
         335           2  0.000000000000000E+000 -9.249583522638709E-018
         336           1  0.000000000000000E+000 -1.575041647736380E-017
         336           2  0.000000000000000E+000 -9.249583522643245E-018
         337           1  0.000000000000000E+000 -1.575041647736327E-017
         337           2  0.000000000000000E+000 -9.249583522641521E-018
         338           1  0.000000000000000E+000 -1.575041647736711E-017
         338           2  0.000000000000000E+000 -9.249583522643785E-018
         339           1  0.000000000000000E+000 -1.575041647736289E-017
         339           2  0.000000000000000E+000 -9.249583522642060E-018
         340           1  0.000000000000000E+000 -1.575041647736289E-017
         340           2  0.000000000000000E+000 -9.249583522641946E-018
         341           1  0.000000000000000E+000 -1.575041647738539E-017
         341           2  0.000000000000000E+000 -9.249583522655697E-018
         342           1  0.000000000000000E+000 -1.575041647734948E-017
         342           2  0.000000000000000E+000 -9.249583522635766E-018
         343           1  0.000000000000000E+000 -1.575041647736457E-017
         343           2  0.000000000000000E+000 -9.249583522645046E-018
         344           1  0.000000000000000E+000 -1.575041647738071E-017
         344           2  0.000000000000000E+000 -9.249583522655877E-018
         345           1  0.000000000000000E+000 -1.575041647737986E-017
         345           2  0.000000000000000E+000 -9.249583522653776E-018
         346           1  0.000000000000000E+000 -1.575041647737938E-017
         346           2  0.000000000000000E+000 -9.249583522652372E-018
         347           1  0.000000000000000E+000 -1.575041647737020E-017
         347           2  0.000000000000000E+000 -9.249583522649030E-018
         348           1  0.000000000000000E+000 -1.575041647736620E-017
         348           2  0.000000000000000E+000 -9.249583522648714E-018
         349           1  0.000000000000000E+000 -1.575041647736206E-017
         349           2  0.000000000000000E+000 -9.249583522643813E-018
         350           1  0.000000000000000E+000 -1.575041647735702E-017
         350           2  0.000000000000000E+000 -9.249583522638966E-018
         351           1  0.000000000000000E+000 -1.575041647735191E-017
         351           2  0.000000000000000E+000 -9.249583522636012E-018
         352           1  0.000000000000000E+000 -1.575041647734882E-017
         352           2  0.000000000000000E+000 -9.249583522635322E-018
         353           1  0.000000000000000E+000 -1.575041647734918E-017
         353           2  0.000000000000000E+000 -9.249583522633834E-018
         354           1  0.000000000000000E+000 -1.575041647735177E-017
         354           2  0.000000000000000E+000 -9.249583522634469E-018
         355           1  0.000000000000000E+000 -1.575041647735758E-017
         355           2  0.000000000000000E+000 -9.249583522640425E-018
         356           1  0.000000000000000E+000 -1.575041647736514E-017
         356           2  0.000000000000000E+000 -9.249583522643704E-018
         357           1  0.000000000000000E+000 -1.575041647736338E-017
         357           2  0.000000000000000E+000 -9.249583522642212E-018
         358           1  0.000000000000000E+000 -1.575041647736293E-017
         358           2  0.000000000000000E+000 -9.249583522640625E-018
         359           1  0.000000000000000E+000 -1.575041647735840E-017
         359           2  0.000000000000000E+000 -9.249583522638783E-018
         360           1  0.000000000000000E+000 -1.575041647735579E-017
         360           2  0.000000000000000E+000 -9.249583522638541E-018
         361           1  0.000000000000000E+000 -1.575041647738080E-017
         361           2  0.000000000000000E+000 -9.249583522651386E-018
         362           1  0.000000000000000E+000 -1.575041647738056E-017
         362           2  0.000000000000000E+000 -9.249583522654583E-018
         363           1  0.000000000000000E+000 -1.575041647736417E-017
         363           2  0.000000000000000E+000 -9.249583522643876E-018
         364           1  0.000000000000000E+000 -1.575041647734039E-017
         364           2  0.000000000000000E+000 -9.249583522632481E-018
         365           1  0.000000000000000E+000 -1.575041647738292E-017
         365           2  0.000000000000000E+000 -9.249583522657410E-018
         366           1  0.000000000000000E+000 -1.575041647737583E-017
         366           2  0.000000000000000E+000 -9.249583522654571E-018
         367           1  0.000000000000000E+000 -1.575041647737124E-017
         367           2  0.000000000000000E+000 -9.249583522649673E-018
         368           1  0.000000000000000E+000 -1.575041647736838E-017
         368           2  0.000000000000000E+000 -9.249583522648593E-018
         369           1  0.000000000000000E+000 -1.575041647736315E-017
         369           2  0.000000000000000E+000 -9.249583522644488E-018
         370           1  0.000000000000000E+000 -1.575041647735741E-017
         370           2  0.000000000000000E+000 -9.249583522638213E-018
         371           1  0.000000000000000E+000 -1.575041647735283E-017
         371           2  0.000000000000000E+000 -9.249583522636920E-018
         372           1  0.000000000000000E+000 -1.575041647734917E-017
         372           2  0.000000000000000E+000 -9.249583522637111E-018
         373           1  0.000000000000000E+000 -1.575041647734835E-017
         373           2  0.000000000000000E+000 -9.249583522636761E-018
         374           1  0.000000000000000E+000 -1.575041647735303E-017
         374           2  0.000000000000000E+000 -9.249583522638707E-018
         375           1  0.000000000000000E+000 -1.575041647736062E-017
         375           2  0.000000000000000E+000 -9.249583522642688E-018
         376           1  0.000000000000000E+000 -1.575041647736356E-017
         376           2  0.000000000000000E+000 -9.249583522643504E-018
         377           1  0.000000000000000E+000 -1.575041647736171E-017
         377           2  0.000000000000000E+000 -9.249583522642131E-018
         378           1  0.000000000000000E+000 -1.575041647735889E-017
         378           2  0.000000000000000E+000 -9.249583522641721E-018
         379           1  0.000000000000000E+000 -1.575041647735684E-017
         379           2  0.000000000000000E+000 -9.249583522639323E-018
         380           1  0.000000000000000E+000 -1.575041647735216E-017
         380           2  0.000000000000000E+000 -9.249583522635612E-018
         381           1  0.000000000000000E+000 -1.575041647738330E-017
         381           2  0.000000000000000E+000 -9.249583522658082E-018
         382           1  0.000000000000000E+000 -1.575041647738105E-017
         382           2  0.000000000000000E+000 -9.249583522653645E-018
         383           1  0.000000000000000E+000 -1.575041647740326E-017
         383           2  0.000000000000000E+000 -9.249583522666243E-018
         384           1  0.000000000000000E+000 -1.575041647735002E-017
         384           2  0.000000000000000E+000 -9.249583522637313E-018
         385           1  0.000000000000000E+000 -1.575041647738742E-017
         385           2  0.000000000000000E+000 -9.249583522657318E-018
         386           1  0.000000000000000E+000 -1.575041647737834E-017
         386           2  0.000000000000000E+000 -9.249583522655056E-018
         387           1  0.000000000000000E+000 -1.575041647738042E-017
         387           2  0.000000000000000E+000 -9.249583522653036E-018
         388           1  0.000000000000000E+000 -1.575041647737256E-017
         388           2  0.000000000000000E+000 -9.249583522648371E-018
         389           1  0.000000000000000E+000 -1.575041647736519E-017
         389           2  0.000000000000000E+000 -9.249583522645080E-018
         390           1  0.000000000000000E+000 -1.575041647735683E-017
         390           2  0.000000000000000E+000 -9.249583522640746E-018
         391           1  0.000000000000000E+000 -1.575041647735579E-017
         391           2  0.000000000000000E+000 -9.249583522639890E-018
         392           1  0.000000000000000E+000 -1.575041647735621E-017
         392           2  0.000000000000000E+000 -9.249583522639826E-018
         393           1  0.000000000000000E+000 -1.575041647734994E-017
         393           2  0.000000000000000E+000 -9.249583522637142E-018
         394           1  0.000000000000000E+000 -1.575041647735745E-017
         394           2  0.000000000000000E+000 -9.249583522640835E-018
         395           1  0.000000000000000E+000 -1.575041647736082E-017
         395           2  0.000000000000000E+000 -9.249583522641103E-018
         396           1  0.000000000000000E+000 -1.575041647736138E-017
         396           2  0.000000000000000E+000 -9.249583522643326E-018
         397           1  0.000000000000000E+000 -1.575041647735922E-017
         397           2  0.000000000000000E+000 -9.249583522640955E-018
         398           1  0.000000000000000E+000 -1.575041647735747E-017
         398           2  0.000000000000000E+000 -9.249583522641254E-018
         399           1  0.000000000000000E+000 -1.575041647735322E-017
         399           2  0.000000000000000E+000 -9.249583522638455E-018
         400           1  0.000000000000000E+000 -1.575041647735522E-017
         400           2  0.000000000000000E+000 -9.249583522638330E-018
