           1           1  0.000000000000000E+000 -4.545943041370989E-017
           1           2  0.000000000000000E+000 -1.795405695861537E-016
           2           1  0.000000000000000E+000 -4.545943041371710E-017
           2           2  0.000000000000000E+000 -1.795405695861502E-016
           3           1  0.000000000000000E+000 -4.545943041374831E-017
           3           2  0.000000000000000E+000 -1.795405695862093E-016
           4           1  0.000000000000000E+000 -4.545943041373994E-017
           4           2  0.000000000000000E+000 -1.795405695862100E-016
           5           1  0.000000000000000E+000 -4.545943041371890E-017
           5           2  0.000000000000000E+000 -1.795405695861651E-016
           6           1  0.000000000000000E+000 -4.545943041370244E-017
           6           2  0.000000000000000E+000 -1.795405695861567E-016
           7           1  0.000000000000000E+000 -4.545943041368698E-017
           7           2  0.000000000000000E+000 -1.795405695861394E-016
           8           1  0.000000000000000E+000 -4.545943041369860E-017
           8           2  0.000000000000000E+000 -1.795405695861507E-016
           9           1  0.000000000000000E+000 -4.545943041370351E-017
           9           2  0.000000000000000E+000 -1.795405695861577E-016
          10           1  0.000000000000000E+000 -4.545943041370555E-017
          10           2  0.000000000000000E+000 -1.795405695861521E-016
          11           1  0.000000000000000E+000 -4.545943041372393E-017
          11           2  0.000000000000000E+000 -1.795405695861728E-016
          12           1  0.000000000000000E+000 -4.545943041372181E-017
          12           2  0.000000000000000E+000 -1.795405695861729E-016
          13           1  0.000000000000000E+000 -4.545943041371921E-017
          13           2  0.000000000000000E+000 -1.795405695861716E-016
          14           1  0.000000000000000E+000 -4.545943041373075E-017
          14           2  0.000000000000000E+000 -1.795405695861809E-016
          15           1  0.000000000000000E+000 -4.545943041373633E-017
          15           2  0.000000000000000E+000 -1.795405695861915E-016
          16           1  0.000000000000000E+000 -4.545943041372721E-017
          16           2  0.000000000000000E+000 -1.795405695861876E-016
          17           1  0.000000000000000E+000 -4.545943041372174E-017
          17           2  0.000000000000000E+000 -1.795405695861836E-016
          18           1  0.000000000000000E+000 -4.545943041372408E-017
          18           2  0.000000000000000E+000 -1.795405695861842E-016
          19           1  0.000000000000000E+000 -4.545943041371589E-017
          19           2  0.000000000000000E+000 -1.795405695861746E-016
          20           1  0.000000000000000E+000 -4.545943041372684E-017
          20           2  0.000000000000000E+000 -1.795405695861802E-016
          21           1  0.000000000000000E+000 -4.545943041374133E-017
          21           2  0.000000000000000E+000 -1.795405695861996E-016
          22           1  0.000000000000000E+000 -4.545943041374496E-017
          22           2  0.000000000000000E+000 -1.795405695862099E-016
          23           1  0.000000000000000E+000 -4.545943041373418E-017
          23           2  0.000000000000000E+000 -1.795405695861871E-016
          24           1  0.000000000000000E+000 -4.545943041372900E-017
          24           2  0.000000000000000E+000 -1.795405695861855E-016
          25           1  0.000000000000000E+000 -4.545943041371430E-017
          25           2  0.000000000000000E+000 -1.795405695861657E-016
          26           1  0.000000000000000E+000 -4.545943041370770E-017
          26           2  0.000000000000000E+000 -1.795405695861623E-016
          27           1  0.000000000000000E+000 -4.545943041371093E-017
          27           2  0.000000000000000E+000 -1.795405695861530E-016
          28           1  0.000000000000000E+000 -4.545943041369833E-017
          28           2  0.000000000000000E+000 -1.795405695861421E-016
          29           1  0.000000000000000E+000 -4.545943041369594E-017
          29           2  0.000000000000000E+000 -1.795405695861265E-016
          30           1  0.000000000000000E+000 -4.545943041370164E-017
          30           2  0.000000000000000E+000 -1.795405695861272E-016
          31           1  0.000000000000000E+000 -4.545943041371307E-017
          31           2  0.000000000000000E+000 -1.795405695861550E-016
          32           1  0.000000000000000E+000 -4.545943041372618E-017
          32           2  0.000000000000000E+000 -1.795405695861662E-016
          33           1  0.000000000000000E+000 -4.545943041374018E-017
          33           2  0.000000000000000E+000 -1.795405695861879E-016
          34           1  0.000000000000000E+000 -4.545943041374822E-017
          34           2  0.000000000000000E+000 -1.795405695861840E-016
          35           1  0.000000000000000E+000 -4.545943041375149E-017
          35           2  0.000000000000000E+000 -1.795405695861959E-016
          36           1  0.000000000000000E+000 -4.545943041373357E-017
          36           2  0.000000000000000E+000 -1.795405695861963E-016
          37           1  0.000000000000000E+000 -4.545943041372317E-017
          37           2  0.000000000000000E+000 -1.795405695861820E-016
          38           1  0.000000000000000E+000 -4.545943041372988E-017
          38           2  0.000000000000000E+000 -1.795405695861923E-016
          39           1  0.000000000000000E+000 -4.545943041372755E-017
          39           2  0.000000000000000E+000 -1.795405695861880E-016
          40           1  0.000000000000000E+000 -4.545943041372094E-017
          40           2  0.000000000000000E+000 -1.795405695861775E-016
          41           1  0.000000000000000E+000 -4.545943041373659E-017
          41           2  0.000000000000000E+000 -1.795405695861780E-016
          42           1  0.000000000000000E+000 -4.545943041375207E-017
          42           2  0.000000000000000E+000 -1.795405695861909E-016
          43           1  0.000000000000000E+000 -4.545943041373894E-017
          43           2  0.000000000000000E+000 -1.795405695861868E-016
          44           1  0.000000000000000E+000 -4.545943041373684E-017
          44           2  0.000000000000000E+000 -1.795405695861605E-016
          45           1  0.000000000000000E+000 -4.545943041371344E-017
          45           2  0.000000000000000E+000 -1.795405695861516E-016
          46           1  0.000000000000000E+000 -4.545943041371285E-017
          46           2  0.000000000000000E+000 -1.795405695861374E-016
          47           1  0.000000000000000E+000 -4.545943041370507E-017
          47           2  0.000000000000000E+000 -1.795405695861384E-016
          48           1  0.000000000000000E+000 -4.545943041371093E-017
          48           2  0.000000000000000E+000 -1.795405695861494E-016
          49           1  0.000000000000000E+000 -4.545943041371787E-017
          49           2  0.000000000000000E+000 -1.795405695861430E-016
          50           1  0.000000000000000E+000 -4.545943041372030E-017
          50           2  0.000000000000000E+000 -1.795405695861689E-016
          51           1  0.000000000000000E+000 -4.545943041372557E-017
          51           2  0.000000000000000E+000 -1.795405695861770E-016
          52           1  0.000000000000000E+000 -4.545943041373826E-017
          52           2  0.000000000000000E+000 -1.795405695861716E-016
          53           1  0.000000000000000E+000 -4.545943041373872E-017
          53           2  0.000000000000000E+000 -1.795405695861972E-016
          54           1  0.000000000000000E+000 -4.545943041375697E-017
          54           2  0.000000000000000E+000 -1.795405695862061E-016
          55           1  0.000000000000000E+000 -4.545943041374767E-017
          55           2  0.000000000000000E+000 -1.795405695861910E-016
          56           1  0.000000000000000E+000 -4.545943041373851E-017
          56           2  0.000000000000000E+000 -1.795405695861840E-016
          57           1  0.000000000000000E+000 -4.545943041373681E-017
          57           2  0.000000000000000E+000 -1.795405695862003E-016
          58           1  0.000000000000000E+000 -4.545943041374243E-017
          58           2  0.000000000000000E+000 -1.795405695862131E-016
          59           1  0.000000000000000E+000 -4.545943041375175E-017
          59           2  0.000000000000000E+000 -1.795405695862149E-016
          60           1  0.000000000000000E+000 -4.545943041373934E-017
          60           2  0.000000000000000E+000 -1.795405695862158E-016
          61           1  0.000000000000000E+000 -4.545943041371821E-017
          61           2  0.000000000000000E+000 -1.795405695861535E-016
          62           1  0.000000000000000E+000 -4.545943041372303E-017
          62           2  0.000000000000000E+000 -1.795405695861498E-016
          63           1  0.000000000000000E+000 -4.545943041373946E-017
          63           2  0.000000000000000E+000 -1.795405695861835E-016
          64           1  0.000000000000000E+000 -4.545943041374033E-017
          64           2  0.000000000000000E+000 -1.795405695861853E-016
          65           1  0.000000000000000E+000 -4.545943041372902E-017
          65           2  0.000000000000000E+000 -1.795405695861692E-016
          66           1  0.000000000000000E+000 -4.545943041374116E-017
          66           2  0.000000000000000E+000 -1.795405695861947E-016
          67           1  0.000000000000000E+000 -4.545943041374900E-017
          67           2  0.000000000000000E+000 -1.795405695862103E-016
          68           1  0.000000000000000E+000 -4.545943041375266E-017
          68           2  0.000000000000000E+000 -1.795405695862160E-016
          69           1  0.000000000000000E+000 -4.545943041374251E-017
          69           2  0.000000000000000E+000 -1.795405695862045E-016
          70           1  0.000000000000000E+000 -4.545943041374010E-017
          70           2  0.000000000000000E+000 -1.795405695861918E-016
          71           1  0.000000000000000E+000 -4.545943041374160E-017
          71           2  0.000000000000000E+000 -1.795405695862079E-016
          72           1  0.000000000000000E+000 -4.545943041376023E-017
          72           2  0.000000000000000E+000 -1.795405695862153E-016
          73           1  0.000000000000000E+000 -4.545943041374411E-017
          73           2  0.000000000000000E+000 -1.795405695861994E-016
          74           1  0.000000000000000E+000 -4.545943041374753E-017
          74           2  0.000000000000000E+000 -1.795405695862199E-016
          75           1  0.000000000000000E+000 -4.545943041374804E-017
          75           2  0.000000000000000E+000 -1.795405695862231E-016
          76           1  0.000000000000000E+000 -4.545943041372615E-017
          76           2  0.000000000000000E+000 -1.795405695861790E-016
          77           1  0.000000000000000E+000 -4.545943041372647E-017
          77           2  0.000000000000000E+000 -1.795405695861895E-016
          78           1  0.000000000000000E+000 -4.545943041374645E-017
          78           2  0.000000000000000E+000 -1.795405695862052E-016
          79           1  0.000000000000000E+000 -4.545943041375300E-017
          79           2  0.000000000000000E+000 -1.795405695862231E-016
          80           1  0.000000000000000E+000 -4.545943041375556E-017
          80           2  0.000000000000000E+000 -1.795405695862257E-016
          81           1  0.000000000000000E+000 -4.545943041369410E-017
          81           2  0.000000000000000E+000 -1.795405695861425E-016
          82           1  0.000000000000000E+000 -4.545943041371164E-017
          82           2  0.000000000000000E+000 -1.795405695861423E-016
          83           1  0.000000000000000E+000 -4.545943041373624E-017
          83           2  0.000000000000000E+000 -1.795405695861534E-016
          84           1  0.000000000000000E+000 -4.545943041375025E-017
          84           2  0.000000000000000E+000 -1.795405695861968E-016
          85           1  0.000000000000000E+000 -4.545943041374811E-017
          85           2  0.000000000000000E+000 -1.795405695861943E-016
          86           1  0.000000000000000E+000 -4.545943041372933E-017
          86           2  0.000000000000000E+000 -1.795405695861820E-016
          87           1  0.000000000000000E+000 -4.545943041374093E-017
          87           2  0.000000000000000E+000 -1.795405695862004E-016
          88           1  0.000000000000000E+000 -4.545943041374154E-017
          88           2  0.000000000000000E+000 -1.795405695861974E-016
          89           1  0.000000000000000E+000 -4.545943041373426E-017
          89           2  0.000000000000000E+000 -1.795405695861829E-016
          90           1  0.000000000000000E+000 -4.545943041372318E-017
          90           2  0.000000000000000E+000 -1.795405695861615E-016
          91           1  0.000000000000000E+000 -4.545943041372169E-017
          91           2  0.000000000000000E+000 -1.795405695861830E-016
          92           1  0.000000000000000E+000 -4.545943041373954E-017
          92           2  0.000000000000000E+000 -1.795405695861768E-016
          93           1  0.000000000000000E+000 -4.545943041372157E-017
          93           2  0.000000000000000E+000 -1.795405695861633E-016
          94           1  0.000000000000000E+000 -4.545943041371420E-017
          94           2  0.000000000000000E+000 -1.795405695861753E-016
          95           1  0.000000000000000E+000 -4.545943041370555E-017
          95           2  0.000000000000000E+000 -1.795405695861551E-016
          96           1  0.000000000000000E+000 -4.545943041370568E-017
          96           2  0.000000000000000E+000 -1.795405695861470E-016
          97           1  0.000000000000000E+000 -4.545943041371274E-017
          97           2  0.000000000000000E+000 -1.795405695861676E-016
          98           1  0.000000000000000E+000 -4.545943041371289E-017
          98           2  0.000000000000000E+000 -1.795405695861562E-016
          99           1  0.000000000000000E+000 -4.545943041372945E-017
          99           2  0.000000000000000E+000 -1.795405695861785E-016
         100           1  0.000000000000000E+000 -4.545943041374172E-017
         100           2  0.000000000000000E+000 -1.795405695861932E-016
         101           1  0.000000000000000E+000 -4.545943041372072E-017
         101           2  0.000000000000000E+000 -1.795405695861553E-016
         102           1  0.000000000000000E+000 -4.545943041372417E-017
         102           2  0.000000000000000E+000 -1.795405695861439E-016
         103           1  0.000000000000000E+000 -4.545943041373427E-017
         103           2  0.000000000000000E+000 -1.795405695861701E-016
         104           1  0.000000000000000E+000 -4.545943041374751E-017
         104           2  0.000000000000000E+000 -1.795405695862026E-016
         105           1  0.000000000000000E+000 -4.545943041371553E-017
         105           2  0.000000000000000E+000 -1.795405695861471E-016
         106           1  0.000000000000000E+000 -4.545943041369887E-017
         106           2  0.000000000000000E+000 -1.795405695861252E-016
         107           1  0.000000000000000E+000 -4.545943041370237E-017
         107           2  0.000000000000000E+000 -1.795405695861367E-016
         108           1  0.000000000000000E+000 -4.545943041373021E-017
         108           2  0.000000000000000E+000 -1.795405695861643E-016
         109           1  0.000000000000000E+000 -4.545943041374064E-017
         109           2  0.000000000000000E+000 -1.795405695861733E-016
         110           1  0.000000000000000E+000 -4.545943041373710E-017
         110           2  0.000000000000000E+000 -1.795405695861923E-016
         111           1  0.000000000000000E+000 -4.545943041373055E-017
         111           2  0.000000000000000E+000 -1.795405695861892E-016
         112           1  0.000000000000000E+000 -4.545943041373155E-017
         112           2  0.000000000000000E+000 -1.795405695861737E-016
         113           1  0.000000000000000E+000 -4.545943041371783E-017
         113           2  0.000000000000000E+000 -1.795405695861550E-016
         114           1  0.000000000000000E+000 -4.545943041371434E-017
         114           2  0.000000000000000E+000 -1.795405695861517E-016
         115           1  0.000000000000000E+000 -4.545943041369981E-017
         115           2  0.000000000000000E+000 -1.795405695861191E-016
         116           1  0.000000000000000E+000 -4.545943041369108E-017
         116           2  0.000000000000000E+000 -1.795405695861161E-016
         117           1  0.000000000000000E+000 -4.545943041371074E-017
         117           2  0.000000000000000E+000 -1.795405695861555E-016
         118           1  0.000000000000000E+000 -4.545943041371929E-017
         118           2  0.000000000000000E+000 -1.795405695861512E-016
         119           1  0.000000000000000E+000 -4.545943041372735E-017
         119           2  0.000000000000000E+000 -1.795405695861739E-016
         120           1  0.000000000000000E+000 -4.545943041373579E-017
         120           2  0.000000000000000E+000 -1.795405695861795E-016
         121           1  0.000000000000000E+000 -4.545943041371785E-017
         121           2  0.000000000000000E+000 -1.795405695861583E-016
         122           1  0.000000000000000E+000 -4.545943041371859E-017
         122           2  0.000000000000000E+000 -1.795405695861722E-016
         123           1  0.000000000000000E+000 -4.545943041374772E-017
         123           2  0.000000000000000E+000 -1.795405695861859E-016
         124           1  0.000000000000000E+000 -4.545943041377823E-017
         124           2  0.000000000000000E+000 -1.795405695862428E-016
         125           1  0.000000000000000E+000 -4.545943041373946E-017
         125           2  0.000000000000000E+000 -1.795405695861849E-016
         126           1  0.000000000000000E+000 -4.545943041371082E-017
         126           2  0.000000000000000E+000 -1.795405695861380E-016
         127           1  0.000000000000000E+000 -4.545943041373215E-017
         127           2  0.000000000000000E+000 -1.795405695861495E-016
         128           1  0.000000000000000E+000 -4.545943041373094E-017
         128           2  0.000000000000000E+000 -1.795405695861648E-016
         129           1  0.000000000000000E+000 -4.545943041373653E-017
         129           2  0.000000000000000E+000 -1.795405695861794E-016
         130           1  0.000000000000000E+000 -4.545943041374927E-017
         130           2  0.000000000000000E+000 -1.795405695862019E-016
         131           1  0.000000000000000E+000 -4.545943041373180E-017
         131           2  0.000000000000000E+000 -1.795405695861811E-016
         132           1  0.000000000000000E+000 -4.545943041372243E-017
         132           2  0.000000000000000E+000 -1.795405695861621E-016
         133           1  0.000000000000000E+000 -4.545943041372080E-017
         133           2  0.000000000000000E+000 -1.795405695861609E-016
         134           1  0.000000000000000E+000 -4.545943041372953E-017
         134           2  0.000000000000000E+000 -1.795405695861724E-016
         135           1  0.000000000000000E+000 -4.545943041369563E-017
         135           2  0.000000000000000E+000 -1.795405695861212E-016
         136           1  0.000000000000000E+000 -4.545943041370381E-017
         136           2  0.000000000000000E+000 -1.795405695861341E-016
         137           1  0.000000000000000E+000 -4.545943041371752E-017
         137           2  0.000000000000000E+000 -1.795405695861573E-016
         138           1  0.000000000000000E+000 -4.545943041373398E-017
         138           2  0.000000000000000E+000 -1.795405695861821E-016
         139           1  0.000000000000000E+000 -4.545943041373970E-017
         139           2  0.000000000000000E+000 -1.795405695862011E-016
         140           1  0.000000000000000E+000 -4.545943041374046E-017
         140           2  0.000000000000000E+000 -1.795405695862136E-016
         141           1  0.000000000000000E+000 -4.545943041369713E-017
         141           2  0.000000000000000E+000 -1.795405695861309E-016
         142           1  0.000000000000000E+000 -4.545943041374350E-017
         142           2  0.000000000000000E+000 -1.795405695861877E-016
         143           1  0.000000000000000E+000 -4.545943041374593E-017
         143           2  0.000000000000000E+000 -1.795405695862088E-016
         144           1  0.000000000000000E+000 -4.545943041378420E-017
         144           2  0.000000000000000E+000 -1.795405695862542E-016
         145           1  0.000000000000000E+000 -4.545943041375596E-017
         145           2  0.000000000000000E+000 -1.795405695862309E-016
         146           1  0.000000000000000E+000 -4.545943041370801E-017
         146           2  0.000000000000000E+000 -1.795405695861605E-016
         147           1  0.000000000000000E+000 -4.545943041371450E-017
         147           2  0.000000000000000E+000 -1.795405695861802E-016
         148           1  0.000000000000000E+000 -4.545943041372248E-017
         148           2  0.000000000000000E+000 -1.795405695861687E-016
         149           1  0.000000000000000E+000 -4.545943041374383E-017
         149           2  0.000000000000000E+000 -1.795405695861748E-016
         150           1  0.000000000000000E+000 -4.545943041374423E-017
         150           2  0.000000000000000E+000 -1.795405695861969E-016
         151           1  0.000000000000000E+000 -4.545943041372319E-017
         151           2  0.000000000000000E+000 -1.795405695861797E-016
         152           1  0.000000000000000E+000 -4.545943041371352E-017
         152           2  0.000000000000000E+000 -1.795405695861428E-016
         153           1  0.000000000000000E+000 -4.545943041372253E-017
         153           2  0.000000000000000E+000 -1.795405695861567E-016
         154           1  0.000000000000000E+000 -4.545943041372828E-017
         154           2  0.000000000000000E+000 -1.795405695861819E-016
         155           1  0.000000000000000E+000 -4.545943041372425E-017
         155           2  0.000000000000000E+000 -1.795405695861497E-016
         156           1  0.000000000000000E+000 -4.545943041372324E-017
         156           2  0.000000000000000E+000 -1.795405695861603E-016
         157           1  0.000000000000000E+000 -4.545943041373675E-017
         157           2  0.000000000000000E+000 -1.795405695861854E-016
         158           1  0.000000000000000E+000 -4.545943041374711E-017
         158           2  0.000000000000000E+000 -1.795405695861884E-016
         159           1  0.000000000000000E+000 -4.545943041374380E-017
         159           2  0.000000000000000E+000 -1.795405695862029E-016
         160           1  0.000000000000000E+000 -4.545943041375620E-017
         160           2  0.000000000000000E+000 -1.795405695862127E-016
         161           1  0.000000000000000E+000 -4.545943041374429E-017
         161           2  0.000000000000000E+000 -1.795405695862151E-016
         162           1  0.000000000000000E+000 -4.545943041377883E-017
         162           2  0.000000000000000E+000 -1.795405695862693E-016
         163           1  0.000000000000000E+000 -4.545943041372756E-017
         163           2  0.000000000000000E+000 -1.795405695861948E-016
         164           1  0.000000000000000E+000 -4.545943041376318E-017
         164           2  0.000000000000000E+000 -1.795405695862304E-016
         165           1  0.000000000000000E+000 -4.545943041376330E-017
         165           2  0.000000000000000E+000 -1.795405695862377E-016
         166           1  0.000000000000000E+000 -4.545943041371601E-017
         166           2  0.000000000000000E+000 -1.795405695861572E-016
         167           1  0.000000000000000E+000 -4.545943041372104E-017
         167           2  0.000000000000000E+000 -1.795405695861797E-016
         168           1  0.000000000000000E+000 -4.545943041372526E-017
         168           2  0.000000000000000E+000 -1.795405695861792E-016
         169           1  0.000000000000000E+000 -4.545943041374100E-017
         169           2  0.000000000000000E+000 -1.795405695861839E-016
         170           1  0.000000000000000E+000 -4.545943041376694E-017
         170           2  0.000000000000000E+000 -1.795405695862433E-016
         171           1  0.000000000000000E+000 -4.545943041372191E-017
         171           2  0.000000000000000E+000 -1.795405695861832E-016
         172           1  0.000000000000000E+000 -4.545943041370509E-017
         172           2  0.000000000000000E+000 -1.795405695861230E-016
         173           1  0.000000000000000E+000 -4.545943041372654E-017
         173           2  0.000000000000000E+000 -1.795405695861324E-016
         174           1  0.000000000000000E+000 -4.545943041374279E-017
         174           2  0.000000000000000E+000 -1.795405695861705E-016
         175           1  0.000000000000000E+000 -4.545943041372053E-017
         175           2  0.000000000000000E+000 -1.795405695861550E-016
         176           1  0.000000000000000E+000 -4.545943041373029E-017
         176           2  0.000000000000000E+000 -1.795405695861796E-016
         177           1  0.000000000000000E+000 -4.545943041375223E-017
         177           2  0.000000000000000E+000 -1.795405695862015E-016
         178           1  0.000000000000000E+000 -4.545943041374534E-017
         178           2  0.000000000000000E+000 -1.795405695861886E-016
         179           1  0.000000000000000E+000 -4.545943041374339E-017
         179           2  0.000000000000000E+000 -1.795405695862112E-016
         180           1  0.000000000000000E+000 -4.545943041375899E-017
         180           2  0.000000000000000E+000 -1.795405695862378E-016
         181           1  0.000000000000000E+000 -4.545943041371088E-017
         181           2  0.000000000000000E+000 -1.795405695861465E-016
         182           1  0.000000000000000E+000 -4.545943041373710E-017
         182           2  0.000000000000000E+000 -1.795405695861805E-016
         183           1  0.000000000000000E+000 -4.545943041374008E-017
         183           2  0.000000000000000E+000 -1.795405695862033E-016
         184           1  0.000000000000000E+000 -4.545943041378590E-017
         184           2  0.000000000000000E+000 -1.795405695862669E-016
         185           1  0.000000000000000E+000 -4.545943041377008E-017
         185           2  0.000000000000000E+000 -1.795405695862595E-016
         186           1  0.000000000000000E+000 -4.545943041372491E-017
         186           2  0.000000000000000E+000 -1.795405695861659E-016
         187           1  0.000000000000000E+000 -4.545943041373344E-017
         187           2  0.000000000000000E+000 -1.795405695862013E-016
         188           1  0.000000000000000E+000 -4.545943041373351E-017
         188           2  0.000000000000000E+000 -1.795405695861912E-016
         189           1  0.000000000000000E+000 -4.545943041373084E-017
         189           2  0.000000000000000E+000 -1.795405695861347E-016
         190           1  0.000000000000000E+000 -4.545943041371829E-017
         190           2  0.000000000000000E+000 -1.795405695861336E-016
         191           1  0.000000000000000E+000 -4.545943041371324E-017
         191           2  0.000000000000000E+000 -1.795405695861485E-016
         192           1  0.000000000000000E+000 -4.545943041371167E-017
         192           2  0.000000000000000E+000 -1.795405695861413E-016
         193           1  0.000000000000000E+000 -4.545943041373365E-017
         193           2  0.000000000000000E+000 -1.795405695861589E-016
         194           1  0.000000000000000E+000 -4.545943041374932E-017
         194           2  0.000000000000000E+000 -1.795405695861894E-016
         195           1  0.000000000000000E+000 -4.545943041372897E-017
         195           2  0.000000000000000E+000 -1.795405695861694E-016
         196           1  0.000000000000000E+000 -4.545943041374337E-017
         196           2  0.000000000000000E+000 -1.795405695861967E-016
         197           1  0.000000000000000E+000 -4.545943041375069E-017
         197           2  0.000000000000000E+000 -1.795405695862224E-016
         198           1  0.000000000000000E+000 -4.545943041374148E-017
         198           2  0.000000000000000E+000 -1.795405695861933E-016
         199           1  0.000000000000000E+000 -4.545943041375771E-017
         199           2  0.000000000000000E+000 -1.795405695862077E-016
         200           1  0.000000000000000E+000 -4.545943041375769E-017
         200           2  0.000000000000000E+000 -1.795405695862193E-016
         201           1  0.000000000000000E+000 -4.545943041375864E-017
         201           2  0.000000000000000E+000 -1.795405695861937E-016
         202           1  0.000000000000000E+000 -4.545943041375146E-017
         202           2  0.000000000000000E+000 -1.795405695861883E-016
         203           1  0.000000000000000E+000 -4.545943041374172E-017
         203           2  0.000000000000000E+000 -1.795405695862128E-016
         204           1  0.000000000000000E+000 -4.545943041377432E-017
         204           2  0.000000000000000E+000 -1.795405695862657E-016
         205           1  0.000000000000000E+000 -4.545943041376997E-017
         205           2  0.000000000000000E+000 -1.795405695862559E-016
         206           1  0.000000000000000E+000 -4.545943041372436E-017
         206           2  0.000000000000000E+000 -1.795405695861481E-016
         207           1  0.000000000000000E+000 -4.545943041373039E-017
         207           2  0.000000000000000E+000 -1.795405695861606E-016
         208           1  0.000000000000000E+000 -4.545943041375040E-017
         208           2  0.000000000000000E+000 -1.795405695862069E-016
         209           1  0.000000000000000E+000 -4.545943041373866E-017
         209           2  0.000000000000000E+000 -1.795405695861769E-016
         210           1  0.000000000000000E+000 -4.545943041374320E-017
         210           2  0.000000000000000E+000 -1.795405695861898E-016
         211           1  0.000000000000000E+000 -4.545943041373262E-017
         211           2  0.000000000000000E+000 -1.795405695862082E-016
         212           1  0.000000000000000E+000 -4.545943041373788E-017
         212           2  0.000000000000000E+000 -1.795405695861766E-016
         213           1  0.000000000000000E+000 -4.545943041373773E-017
         213           2  0.000000000000000E+000 -1.795405695861629E-016
         214           1  0.000000000000000E+000 -4.545943041374369E-017
         214           2  0.000000000000000E+000 -1.795405695861919E-016
         215           1  0.000000000000000E+000 -4.545943041373107E-017
         215           2  0.000000000000000E+000 -1.795405695861745E-016
         216           1  0.000000000000000E+000 -4.545943041374873E-017
         216           2  0.000000000000000E+000 -1.795405695862086E-016
         217           1  0.000000000000000E+000 -4.545943041375061E-017
         217           2  0.000000000000000E+000 -1.795405695862108E-016
         218           1  0.000000000000000E+000 -4.545943041374447E-017
         218           2  0.000000000000000E+000 -1.795405695861885E-016
         219           1  0.000000000000000E+000 -4.545943041376093E-017
         219           2  0.000000000000000E+000 -1.795405695862294E-016
         220           1  0.000000000000000E+000 -4.545943041373856E-017
         220           2  0.000000000000000E+000 -1.795405695861963E-016
         221           1  0.000000000000000E+000 -4.545943041374094E-017
         221           2  0.000000000000000E+000 -1.795405695861966E-016
         222           1  0.000000000000000E+000 -4.545943041372415E-017
         222           2  0.000000000000000E+000 -1.795405695861505E-016
         223           1  0.000000000000000E+000 -4.545943041373700E-017
         223           2  0.000000000000000E+000 -1.795405695861801E-016
         224           1  0.000000000000000E+000 -4.545943041376429E-017
         224           2  0.000000000000000E+000 -1.795405695862412E-016
         225           1  0.000000000000000E+000 -4.545943041375579E-017
         225           2  0.000000000000000E+000 -1.795405695862167E-016
         226           1  0.000000000000000E+000 -4.545943041369292E-017
         226           2  0.000000000000000E+000 -1.795405695861207E-016
         227           1  0.000000000000000E+000 -4.545943041369494E-017
         227           2  0.000000000000000E+000 -1.795405695860972E-016
         228           1  0.000000000000000E+000 -4.545943041372893E-017
         228           2  0.000000000000000E+000 -1.795405695861565E-016
         229           1  0.000000000000000E+000 -4.545943041373691E-017
         229           2  0.000000000000000E+000 -1.795405695861854E-016
         230           1  0.000000000000000E+000 -4.545943041374841E-017
         230           2  0.000000000000000E+000 -1.795405695861762E-016
         231           1  0.000000000000000E+000 -4.545943041375442E-017
         231           2  0.000000000000000E+000 -1.795405695861837E-016
         232           1  0.000000000000000E+000 -4.545943041372407E-017
         232           2  0.000000000000000E+000 -1.795405695861604E-016
         233           1  0.000000000000000E+000 -4.545943041371767E-017
         233           2  0.000000000000000E+000 -1.795405695861156E-016
         234           1  0.000000000000000E+000 -4.545943041371642E-017
         234           2  0.000000000000000E+000 -1.795405695861436E-016
         235           1  0.000000000000000E+000 -4.545943041371933E-017
         235           2  0.000000000000000E+000 -1.795405695861408E-016
         236           1  0.000000000000000E+000 -4.545943041374905E-017
         236           2  0.000000000000000E+000 -1.795405695862089E-016
         237           1  0.000000000000000E+000 -4.545943041374760E-017
         237           2  0.000000000000000E+000 -1.795405695862007E-016
         238           1  0.000000000000000E+000 -4.545943041374091E-017
         238           2  0.000000000000000E+000 -1.795405695861864E-016
         239           1  0.000000000000000E+000 -4.545943041372778E-017
         239           2  0.000000000000000E+000 -1.795405695861629E-016
         240           1  0.000000000000000E+000 -4.545943041372395E-017
         240           2  0.000000000000000E+000 -1.795405695861659E-016
         241           1  0.000000000000000E+000 -4.545943041374332E-017
         241           2  0.000000000000000E+000 -1.795405695861897E-016
         242           1  0.000000000000000E+000 -4.545943041370733E-017
         242           2  0.000000000000000E+000 -1.795405695861192E-016
         243           1  0.000000000000000E+000 -4.545943041373481E-017
         243           2  0.000000000000000E+000 -1.795405695861590E-016
         244           1  0.000000000000000E+000 -4.545943041375470E-017
         244           2  0.000000000000000E+000 -1.795405695862120E-016
         245           1  0.000000000000000E+000 -4.545943041372665E-017
         245           2  0.000000000000000E+000 -1.795405695861873E-016
         246           1  0.000000000000000E+000 -4.545943041370493E-017
         246           2  0.000000000000000E+000 -1.795405695861244E-016
         247           1  0.000000000000000E+000 -4.545943041368403E-017
         247           2  0.000000000000000E+000 -1.795405695861014E-016
         248           1  0.000000000000000E+000 -4.545943041370501E-017
         248           2  0.000000000000000E+000 -1.795405695861212E-016
         249           1  0.000000000000000E+000 -4.545943041370376E-017
         249           2  0.000000000000000E+000 -1.795405695861418E-016
         250           1  0.000000000000000E+000 -4.545943041372389E-017
         250           2  0.000000000000000E+000 -1.795405695861514E-016
         251           1  0.000000000000000E+000 -4.545943041371663E-017
         251           2  0.000000000000000E+000 -1.795405695861580E-016
         252           1  0.000000000000000E+000 -4.545943041371074E-017
         252           2  0.000000000000000E+000 -1.795405695861365E-016
         253           1  0.000000000000000E+000 -4.545943041370731E-017
         253           2  0.000000000000000E+000 -1.795405695861102E-016
         254           1  0.000000000000000E+000 -4.545943041371200E-017
         254           2  0.000000000000000E+000 -1.795405695861359E-016
         255           1  0.000000000000000E+000 -4.545943041370259E-017
         255           2  0.000000000000000E+000 -1.795405695861361E-016
         256           1  0.000000000000000E+000 -4.545943041372337E-017
         256           2  0.000000000000000E+000 -1.795405695861661E-016
         257           1  0.000000000000000E+000 -4.545943041375711E-017
         257           2  0.000000000000000E+000 -1.795405695862103E-016
         258           1  0.000000000000000E+000 -4.545943041374042E-017
         258           2  0.000000000000000E+000 -1.795405695862069E-016
         259           1  0.000000000000000E+000 -4.545943041372885E-017
         259           2  0.000000000000000E+000 -1.795405695861766E-016
         260           1  0.000000000000000E+000 -4.545943041372801E-017
         260           2  0.000000000000000E+000 -1.795405695861733E-016
         261           1  0.000000000000000E+000 -4.545943041372235E-017
         261           2  0.000000000000000E+000 -1.795405695861431E-016
         262           1  0.000000000000000E+000 -4.545943041371611E-017
         262           2  0.000000000000000E+000 -1.795405695861267E-016
         263           1  0.000000000000000E+000 -4.545943041373099E-017
         263           2  0.000000000000000E+000 -1.795405695861723E-016
         264           1  0.000000000000000E+000 -4.545943041373828E-017
         264           2  0.000000000000000E+000 -1.795405695862066E-016
         265           1  0.000000000000000E+000 -4.545943041372068E-017
         265           2  0.000000000000000E+000 -1.795405695861705E-016
         266           1  0.000000000000000E+000 -4.545943041370354E-017
         266           2  0.000000000000000E+000 -1.795405695861213E-016
         267           1  0.000000000000000E+000 -4.545943041368456E-017
         267           2  0.000000000000000E+000 -1.795405695860930E-016
         268           1  0.000000000000000E+000 -4.545943041370735E-017
         268           2  0.000000000000000E+000 -1.795405695861113E-016
         269           1  0.000000000000000E+000 -4.545943041369358E-017
         269           2  0.000000000000000E+000 -1.795405695861152E-016
         270           1  0.000000000000000E+000 -4.545943041371778E-017
         270           2  0.000000000000000E+000 -1.795405695861206E-016
         271           1  0.000000000000000E+000 -4.545943041371217E-017
         271           2  0.000000000000000E+000 -1.795405695861599E-016
         272           1  0.000000000000000E+000 -4.545943041371656E-017
         272           2  0.000000000000000E+000 -1.795405695861211E-016
         273           1  0.000000000000000E+000 -4.545943041369256E-017
         273           2  0.000000000000000E+000 -1.795405695861003E-016
         274           1  0.000000000000000E+000 -4.545943041371558E-017
         274           2  0.000000000000000E+000 -1.795405695861350E-016
         275           1  0.000000000000000E+000 -4.545943041371113E-017
         275           2  0.000000000000000E+000 -1.795405695861473E-016
         276           1  0.000000000000000E+000 -4.545943041371568E-017
         276           2  0.000000000000000E+000 -1.795405695861473E-016
         277           1  0.000000000000000E+000 -4.545943041373532E-017
         277           2  0.000000000000000E+000 -1.795405695861819E-016
         278           1  0.000000000000000E+000 -4.545943041373473E-017
         278           2  0.000000000000000E+000 -1.795405695861917E-016
         279           1  0.000000000000000E+000 -4.545943041373448E-017
         279           2  0.000000000000000E+000 -1.795405695861874E-016
         280           1  0.000000000000000E+000 -4.545943041374227E-017
         280           2  0.000000000000000E+000 -1.795405695861839E-016
         281           1  0.000000000000000E+000 -4.545943041371654E-017
         281           2  0.000000000000000E+000 -1.795405695861568E-016
         282           1  0.000000000000000E+000 -4.545943041371906E-017
         282           2  0.000000000000000E+000 -1.795405695861279E-016
         283           1  0.000000000000000E+000 -4.545943041373037E-017
         283           2  0.000000000000000E+000 -1.795405695861627E-016
         284           1  0.000000000000000E+000 -4.545943041374531E-017
         284           2  0.000000000000000E+000 -1.795405695862013E-016
         285           1  0.000000000000000E+000 -4.545943041372614E-017
         285           2  0.000000000000000E+000 -1.795405695861802E-016
         286           1  0.000000000000000E+000 -4.545943041370332E-017
         286           2  0.000000000000000E+000 -1.795405695861340E-016
         287           1  0.000000000000000E+000 -4.545943041369720E-017
         287           2  0.000000000000000E+000 -1.795405695861196E-016
         288           1  0.000000000000000E+000 -4.545943041370656E-017
         288           2  0.000000000000000E+000 -1.795405695861356E-016
         289           1  0.000000000000000E+000 -4.545943041370193E-017
         289           2  0.000000000000000E+000 -1.795405695861055E-016
         290           1  0.000000000000000E+000 -4.545943041370368E-017
         290           2  0.000000000000000E+000 -1.795405695861272E-016
         291           1  0.000000000000000E+000 -4.545943041371802E-017
         291           2  0.000000000000000E+000 -1.795405695861460E-016
         292           1  0.000000000000000E+000 -4.545943041371773E-017
         292           2  0.000000000000000E+000 -1.795405695861208E-016
         293           1  0.000000000000000E+000 -4.545943041369790E-017
         293           2  0.000000000000000E+000 -1.795405695861218E-016
         294           1  0.000000000000000E+000 -4.545943041372078E-017
         294           2  0.000000000000000E+000 -1.795405695861361E-016
         295           1  0.000000000000000E+000 -4.545943041371865E-017
         295           2  0.000000000000000E+000 -1.795405695861465E-016
         296           1  0.000000000000000E+000 -4.545943041371898E-017
         296           2  0.000000000000000E+000 -1.795405695861608E-016
         297           1  0.000000000000000E+000 -4.545943041374085E-017
         297           2  0.000000000000000E+000 -1.795405695861969E-016
         298           1  0.000000000000000E+000 -4.545943041373556E-017
         298           2  0.000000000000000E+000 -1.795405695861880E-016
         299           1  0.000000000000000E+000 -4.545943041373219E-017
         299           2  0.000000000000000E+000 -1.795405695861743E-016
         300           1  0.000000000000000E+000 -4.545943041374246E-017
         300           2  0.000000000000000E+000 -1.795405695861998E-016
         301           1  0.000000000000000E+000 -4.545943041373707E-017
         301           2  0.000000000000000E+000 -1.795405695862036E-016
         302           1  0.000000000000000E+000 -4.545943041372334E-017
         302           2  0.000000000000000E+000 -1.795405695861567E-016
         303           1  0.000000000000000E+000 -4.545943041371781E-017
         303           2  0.000000000000000E+000 -1.795405695861642E-016
         304           1  0.000000000000000E+000 -4.545943041374022E-017
         304           2  0.000000000000000E+000 -1.795405695861927E-016
         305           1  0.000000000000000E+000 -4.545943041371114E-017
         305           2  0.000000000000000E+000 -1.795405695861717E-016
         306           1  0.000000000000000E+000 -4.545943041370128E-017
         306           2  0.000000000000000E+000 -1.795405695861326E-016
         307           1  0.000000000000000E+000 -4.545943041370432E-017
         307           2  0.000000000000000E+000 -1.795405695861245E-016
         308           1  0.000000000000000E+000 -4.545943041371776E-017
         308           2  0.000000000000000E+000 -1.795405695861307E-016
         309           1  0.000000000000000E+000 -4.545943041371506E-017
         309           2  0.000000000000000E+000 -1.795405695861397E-016
         310           1  0.000000000000000E+000 -4.545943041371363E-017
         310           2  0.000000000000000E+000 -1.795405695861443E-016
         311           1  0.000000000000000E+000 -4.545943041374261E-017
         311           2  0.000000000000000E+000 -1.795405695861760E-016
         312           1  0.000000000000000E+000 -4.545943041371598E-017
         312           2  0.000000000000000E+000 -1.795405695861300E-016
         313           1  0.000000000000000E+000 -4.545943041370839E-017
         313           2  0.000000000000000E+000 -1.795405695861388E-016
         314           1  0.000000000000000E+000 -4.545943041371807E-017
         314           2  0.000000000000000E+000 -1.795405695861508E-016
         315           1  0.000000000000000E+000 -4.545943041371538E-017
         315           2  0.000000000000000E+000 -1.795405695861428E-016
         316           1  0.000000000000000E+000 -4.545943041371834E-017
         316           2  0.000000000000000E+000 -1.795405695861628E-016
         317           1  0.000000000000000E+000 -4.545943041373386E-017
         317           2  0.000000000000000E+000 -1.795405695861745E-016
         318           1  0.000000000000000E+000 -4.545943041372796E-017
         318           2  0.000000000000000E+000 -1.795405695861731E-016
         319           1  0.000000000000000E+000 -4.545943041373141E-017
         319           2  0.000000000000000E+000 -1.795405695861862E-016
         320           1  0.000000000000000E+000 -4.545943041373425E-017
         320           2  0.000000000000000E+000 -1.795405695861856E-016
         321           1  0.000000000000000E+000 -4.545943041379382E-017
         321           2  0.000000000000000E+000 -1.795405695862540E-016
         322           1  0.000000000000000E+000 -4.545943041375398E-017
         322           2  0.000000000000000E+000 -1.795405695862104E-016
         323           1  0.000000000000000E+000 -4.545943041374091E-017
         323           2  0.000000000000000E+000 -1.795405695861754E-016
         324           1  0.000000000000000E+000 -4.545943041374437E-017
         324           2  0.000000000000000E+000 -1.795405695861931E-016
         325           1  0.000000000000000E+000 -4.545943041373954E-017
         325           2  0.000000000000000E+000 -1.795405695861860E-016
         326           1  0.000000000000000E+000 -4.545943041371335E-017
         326           2  0.000000000000000E+000 -1.795405695861591E-016
         327           1  0.000000000000000E+000 -4.545943041371447E-017
         327           2  0.000000000000000E+000 -1.795405695861514E-016
         328           1  0.000000000000000E+000 -4.545943041372663E-017
         328           2  0.000000000000000E+000 -1.795405695861613E-016
         329           1  0.000000000000000E+000 -4.545943041371949E-017
         329           2  0.000000000000000E+000 -1.795405695861357E-016
         330           1  0.000000000000000E+000 -4.545943041371525E-017
         330           2  0.000000000000000E+000 -1.795405695861297E-016
         331           1  0.000000000000000E+000 -4.545943041371832E-017
         331           2  0.000000000000000E+000 -1.795405695861474E-016
         332           1  0.000000000000000E+000 -4.545943041372043E-017
         332           2  0.000000000000000E+000 -1.795405695861419E-016
         333           1  0.000000000000000E+000 -4.545943041371521E-017
         333           2  0.000000000000000E+000 -1.795405695861465E-016
         334           1  0.000000000000000E+000 -4.545943041371121E-017
         334           2  0.000000000000000E+000 -1.795405695861552E-016
         335           1  0.000000000000000E+000 -4.545943041372876E-017
         335           2  0.000000000000000E+000 -1.795405695861720E-016
         336           1  0.000000000000000E+000 -4.545943041373119E-017
         336           2  0.000000000000000E+000 -1.795405695861834E-016
         337           1  0.000000000000000E+000 -4.545943041372843E-017
         337           2  0.000000000000000E+000 -1.795405695861687E-016
         338           1  0.000000000000000E+000 -4.545943041373331E-017
         338           2  0.000000000000000E+000 -1.795405695861812E-016
         339           1  0.000000000000000E+000 -4.545943041373059E-017
         339           2  0.000000000000000E+000 -1.795405695861897E-016
         340           1  0.000000000000000E+000 -4.545943041373725E-017
         340           2  0.000000000000000E+000 -1.795405695861961E-016
         341           1  0.000000000000000E+000 -4.545943041378164E-017
         341           2  0.000000000000000E+000 -1.795405695862560E-016
         342           1  0.000000000000000E+000 -4.545943041375907E-017
         342           2  0.000000000000000E+000 -1.795405695862097E-016
         343           1  0.000000000000000E+000 -4.545943041375149E-017
         343           2  0.000000000000000E+000 -1.795405695861918E-016
         344           1  0.000000000000000E+000 -4.545943041375203E-017
         344           2  0.000000000000000E+000 -1.795405695862079E-016
         345           1  0.000000000000000E+000 -4.545943041374749E-017
         345           2  0.000000000000000E+000 -1.795405695861887E-016
         346           1  0.000000000000000E+000 -4.545943041372514E-017
         346           2  0.000000000000000E+000 -1.795405695861649E-016
         347           1  0.000000000000000E+000 -4.545943041373009E-017
         347           2  0.000000000000000E+000 -1.795405695861785E-016
         348           1  0.000000000000000E+000 -4.545943041373159E-017
         348           2  0.000000000000000E+000 -1.795405695861789E-016
         349           1  0.000000000000000E+000 -4.545943041372124E-017
         349           2  0.000000000000000E+000 -1.795405695861586E-016
         350           1  0.000000000000000E+000 -4.545943041371529E-017
         350           2  0.000000000000000E+000 -1.795405695861500E-016
         351           1  0.000000000000000E+000 -4.545943041371375E-017
         351           2  0.000000000000000E+000 -1.795405695861473E-016
         352           1  0.000000000000000E+000 -4.545943041372372E-017
         352           2  0.000000000000000E+000 -1.795405695861514E-016
         353           1  0.000000000000000E+000 -4.545943041371679E-017
         353           2  0.000000000000000E+000 -1.795405695861512E-016
         354           1  0.000000000000000E+000 -4.545943041372417E-017
         354           2  0.000000000000000E+000 -1.795405695861481E-016
         355           1  0.000000000000000E+000 -4.545943041372602E-017
         355           2  0.000000000000000E+000 -1.795405695861741E-016
         356           1  0.000000000000000E+000 -4.545943041373886E-017
         356           2  0.000000000000000E+000 -1.795405695862028E-016
         357           1  0.000000000000000E+000 -4.545943041374832E-017
         357           2  0.000000000000000E+000 -1.795405695861989E-016
         358           1  0.000000000000000E+000 -4.545943041375124E-017
         358           2  0.000000000000000E+000 -1.795405695862142E-016
         359           1  0.000000000000000E+000 -4.545943041373856E-017
         359           2  0.000000000000000E+000 -1.795405695862072E-016
         360           1  0.000000000000000E+000 -4.545943041374185E-017
         360           2  0.000000000000000E+000 -1.795405695861997E-016
         361           1  0.000000000000000E+000 -4.545943041377603E-017
         361           2  0.000000000000000E+000 -1.795405695862429E-016
         362           1  0.000000000000000E+000 -4.545943041377946E-017
         362           2  0.000000000000000E+000 -1.795405695862349E-016
         363           1  0.000000000000000E+000 -4.545943041376566E-017
         363           2  0.000000000000000E+000 -1.795405695862213E-016
         364           1  0.000000000000000E+000 -4.545943041375024E-017
         364           2  0.000000000000000E+000 -1.795405695862229E-016
         365           1  0.000000000000000E+000 -4.545943041376172E-017
         365           2  0.000000000000000E+000 -1.795405695862152E-016
         366           1  0.000000000000000E+000 -4.545943041373503E-017
         366           2  0.000000000000000E+000 -1.795405695861841E-016
         367           1  0.000000000000000E+000 -4.545943041371921E-017
         367           2  0.000000000000000E+000 -1.795405695861492E-016
         368           1  0.000000000000000E+000 -4.545943041372051E-017
         368           2  0.000000000000000E+000 -1.795405695861625E-016
         369           1  0.000000000000000E+000 -4.545943041371457E-017
         369           2  0.000000000000000E+000 -1.795405695861458E-016
         370           1  0.000000000000000E+000 -4.545943041371878E-017
         370           2  0.000000000000000E+000 -1.795405695861453E-016
         371           1  0.000000000000000E+000 -4.545943041371476E-017
         371           2  0.000000000000000E+000 -1.795405695861514E-016
         372           1  0.000000000000000E+000 -4.545943041372570E-017
         372           2  0.000000000000000E+000 -1.795405695861512E-016
         373           1  0.000000000000000E+000 -4.545943041371291E-017
         373           2  0.000000000000000E+000 -1.795405695861640E-016
         374           1  0.000000000000000E+000 -4.545943041372428E-017
         374           2  0.000000000000000E+000 -1.795405695861566E-016
         375           1  0.000000000000000E+000 -4.545943041373008E-017
         375           2  0.000000000000000E+000 -1.795405695861688E-016
         376           1  0.000000000000000E+000 -4.545943041371861E-017
         376           2  0.000000000000000E+000 -1.795405695861691E-016
         377           1  0.000000000000000E+000 -4.545943041372684E-017
         377           2  0.000000000000000E+000 -1.795405695861753E-016
         378           1  0.000000000000000E+000 -4.545943041372489E-017
         378           2  0.000000000000000E+000 -1.795405695861664E-016
         379           1  0.000000000000000E+000 -4.545943041373484E-017
         379           2  0.000000000000000E+000 -1.795405695862042E-016
         380           1  0.000000000000000E+000 -4.545943041373248E-017
         380           2  0.000000000000000E+000 -1.795405695861954E-016
         381           1  0.000000000000000E+000 -4.545943041373930E-017
         381           2  0.000000000000000E+000 -1.795405695862268E-016
         382           1  0.000000000000000E+000 -4.545943041378246E-017
         382           2  0.000000000000000E+000 -1.795405695862630E-016
         383           1  0.000000000000000E+000 -4.545943041376786E-017
         383           2  0.000000000000000E+000 -1.795405695862432E-016
         384           1  0.000000000000000E+000 -4.545943041379637E-017
         384           2  0.000000000000000E+000 -1.795405695862714E-016
         385           1  0.000000000000000E+000 -4.545943041377476E-017
         385           2  0.000000000000000E+000 -1.795405695862450E-016
         386           1  0.000000000000000E+000 -4.545943041374816E-017
         386           2  0.000000000000000E+000 -1.795405695862150E-016
         387           1  0.000000000000000E+000 -4.545943041371487E-017
         387           2  0.000000000000000E+000 -1.795405695861616E-016
         388           1  0.000000000000000E+000 -4.545943041371063E-017
         388           2  0.000000000000000E+000 -1.795405695861501E-016
         389           1  0.000000000000000E+000 -4.545943041370743E-017
         389           2  0.000000000000000E+000 -1.795405695861360E-016
         390           1  0.000000000000000E+000 -4.545943041371486E-017
         390           2  0.000000000000000E+000 -1.795405695861566E-016
         391           1  0.000000000000000E+000 -4.545943041370433E-017
         391           2  0.000000000000000E+000 -1.795405695861390E-016
         392           1  0.000000000000000E+000 -4.545943041371528E-017
         392           2  0.000000000000000E+000 -1.795405695861604E-016
         393           1  0.000000000000000E+000 -4.545943041373036E-017
         393           2  0.000000000000000E+000 -1.795405695861872E-016
         394           1  0.000000000000000E+000 -4.545943041372722E-017
         394           2  0.000000000000000E+000 -1.795405695861731E-016
         395           1  0.000000000000000E+000 -4.545943041373035E-017
         395           2  0.000000000000000E+000 -1.795405695861790E-016
         396           1  0.000000000000000E+000 -4.545943041373786E-017
         396           2  0.000000000000000E+000 -1.795405695862007E-016
         397           1  0.000000000000000E+000 -4.545943041374140E-017
         397           2  0.000000000000000E+000 -1.795405695861907E-016
         398           1  0.000000000000000E+000 -4.545943041372456E-017
         398           2  0.000000000000000E+000 -1.795405695861612E-016
         399           1  0.000000000000000E+000 -4.545943041373301E-017
         399           2  0.000000000000000E+000 -1.795405695861846E-016
         400           1  0.000000000000000E+000 -4.545943041373546E-017
         400           2  0.000000000000000E+000 -1.795405695861937E-016
