           1           1  0.000000000000000E+000 -2.247191011235622E-017
           1           2  0.000000000000000E+000 -2.528089887639800E-018
           2           1  0.000000000000000E+000 -2.247191011235322E-017
           2           2  0.000000000000000E+000 -2.528089887639175E-018
           3           1  0.000000000000000E+000 -2.247191011235522E-017
           3           2  0.000000000000000E+000 -2.528089887639889E-018
           4           1  0.000000000000000E+000 -2.247191011235572E-017
           4           2  0.000000000000000E+000 -2.528089887639972E-018
           5           1  0.000000000000000E+000 -2.247191011236194E-017
           5           2  0.000000000000000E+000 -2.528089887640907E-018
           6           1  0.000000000000000E+000 -2.247191011236036E-017
           6           2  0.000000000000000E+000 -2.528089887641196E-018
           7           1  0.000000000000000E+000 -2.247191011235858E-017
           7           2  0.000000000000000E+000 -2.528089887640468E-018
           8           1  0.000000000000000E+000 -2.247191011235969E-017
           8           2  0.000000000000000E+000 -2.528089887640465E-018
           9           1  0.000000000000000E+000 -2.247191011235941E-017
           9           2  0.000000000000000E+000 -2.528089887640203E-018
          10           1  0.000000000000000E+000 -2.247191011235978E-017
          10           2  0.000000000000000E+000 -2.528089887640316E-018
          11           1  0.000000000000000E+000 -2.247191011236068E-017
          11           2  0.000000000000000E+000 -2.528089887640693E-018
          12           1  0.000000000000000E+000 -2.247191011235900E-017
          12           2  0.000000000000000E+000 -2.528089887640539E-018
          13           1  0.000000000000000E+000 -2.247191011235885E-017
          13           2  0.000000000000000E+000 -2.528089887640462E-018
          14           1  0.000000000000000E+000 -2.247191011235742E-017
          14           2  0.000000000000000E+000 -2.528089887640205E-018
          15           1  0.000000000000000E+000 -2.247191011235546E-017
          15           2  0.000000000000000E+000 -2.528089887640435E-018
          16           1  0.000000000000000E+000 -2.247191011235777E-017
          16           2  0.000000000000000E+000 -2.528089887641006E-018
          17           1  0.000000000000000E+000 -2.247191011236460E-017
          17           2  0.000000000000000E+000 -2.528089887641566E-018
          18           1  0.000000000000000E+000 -2.247191011235809E-017
          18           2  0.000000000000000E+000 -2.528089887640201E-018
          19           1  0.000000000000000E+000 -2.247191011235290E-017
          19           2  0.000000000000000E+000 -2.528089887639802E-018
          20           1  0.000000000000000E+000 -2.247191011235417E-017
          20           2  0.000000000000000E+000 -2.528089887639340E-018
          21           1  0.000000000000000E+000 -2.247191011235628E-017
          21           2  0.000000000000000E+000 -2.528089887639966E-018
          22           1  0.000000000000000E+000 -2.247191011235599E-017
          22           2  0.000000000000000E+000 -2.528089887639829E-018
          23           1  0.000000000000000E+000 -2.247191011236002E-017
          23           2  0.000000000000000E+000 -2.528089887640473E-018
          24           1  0.000000000000000E+000 -2.247191011235819E-017
          24           2  0.000000000000000E+000 -2.528089887640151E-018
          25           1  0.000000000000000E+000 -2.247191011236129E-017
          25           2  0.000000000000000E+000 -2.528089887641121E-018
          26           1  0.000000000000000E+000 -2.247191011236018E-017
          26           2  0.000000000000000E+000 -2.528089887640568E-018
          27           1  0.000000000000000E+000 -2.247191011235954E-017
          27           2  0.000000000000000E+000 -2.528089887640313E-018
          28           1  0.000000000000000E+000 -2.247191011235985E-017
          28           2  0.000000000000000E+000 -2.528089887640190E-018
          29           1  0.000000000000000E+000 -2.247191011236038E-017
          29           2  0.000000000000000E+000 -2.528089887640354E-018
          30           1  0.000000000000000E+000 -2.247191011236061E-017
          30           2  0.000000000000000E+000 -2.528089887640648E-018
          31           1  0.000000000000000E+000 -2.247191011236100E-017
          31           2  0.000000000000000E+000 -2.528089887640839E-018
          32           1  0.000000000000000E+000 -2.247191011235991E-017
          32           2  0.000000000000000E+000 -2.528089887640352E-018
          33           1  0.000000000000000E+000 -2.247191011235867E-017
          33           2  0.000000000000000E+000 -2.528089887640533E-018
          34           1  0.000000000000000E+000 -2.247191011235892E-017
          34           2  0.000000000000000E+000 -2.528089887640369E-018
          35           1  0.000000000000000E+000 -2.247191011235380E-017
          35           2  0.000000000000000E+000 -2.528089887639385E-018
          36           1  0.000000000000000E+000 -2.247191011235772E-017
          36           2  0.000000000000000E+000 -2.528089887640351E-018
          37           1  0.000000000000000E+000 -2.247191011236013E-017
          37           2  0.000000000000000E+000 -2.528089887641291E-018
          38           1  0.000000000000000E+000 -2.247191011235522E-017
          38           2  0.000000000000000E+000 -2.528089887639876E-018
          39           1  0.000000000000000E+000 -2.247191011235125E-017
          39           2  0.000000000000000E+000 -2.528089887639152E-018
          40           1  0.000000000000000E+000 -2.247191011235349E-017
          40           2  0.000000000000000E+000 -2.528089887639526E-018
          41           1  0.000000000000000E+000 -2.247191011235752E-017
          41           2  0.000000000000000E+000 -2.528089887640139E-018
          42           1  0.000000000000000E+000 -2.247191011235750E-017
          42           2  0.000000000000000E+000 -2.528089887640320E-018
          43           1  0.000000000000000E+000 -2.247191011235966E-017
          43           2  0.000000000000000E+000 -2.528089887640485E-018
          44           1  0.000000000000000E+000 -2.247191011235617E-017
          44           2  0.000000000000000E+000 -2.528089887640033E-018
          45           1  0.000000000000000E+000 -2.247191011236236E-017
          45           2  0.000000000000000E+000 -2.528089887640987E-018
          46           1  0.000000000000000E+000 -2.247191011236026E-017
          46           2  0.000000000000000E+000 -2.528089887640405E-018
          47           1  0.000000000000000E+000 -2.247191011236020E-017
          47           2  0.000000000000000E+000 -2.528089887640061E-018
          48           1  0.000000000000000E+000 -2.247191011236019E-017
          48           2  0.000000000000000E+000 -2.528089887640351E-018
          49           1  0.000000000000000E+000 -2.247191011235926E-017
          49           2  0.000000000000000E+000 -2.528089887640361E-018
          50           1  0.000000000000000E+000 -2.247191011236027E-017
          50           2  0.000000000000000E+000 -2.528089887640546E-018
          51           1  0.000000000000000E+000 -2.247191011236065E-017
          51           2  0.000000000000000E+000 -2.528089887640471E-018
          52           1  0.000000000000000E+000 -2.247191011236011E-017
          52           2  0.000000000000000E+000 -2.528089887640411E-018
          53           1  0.000000000000000E+000 -2.247191011235846E-017
          53           2  0.000000000000000E+000 -2.528089887640224E-018
          54           1  0.000000000000000E+000 -2.247191011235853E-017
          54           2  0.000000000000000E+000 -2.528089887640279E-018
          55           1  0.000000000000000E+000 -2.247191011235272E-017
          55           2  0.000000000000000E+000 -2.528089887639899E-018
          56           1  0.000000000000000E+000 -2.247191011235888E-017
          56           2  0.000000000000000E+000 -2.528089887640425E-018
          57           1  0.000000000000000E+000 -2.247191011235776E-017
          57           2  0.000000000000000E+000 -2.528089887640457E-018
          58           1  0.000000000000000E+000 -2.247191011235176E-017
          58           2  0.000000000000000E+000 -2.528089887638850E-018
          59           1  0.000000000000000E+000 -2.247191011234994E-017
          59           2  0.000000000000000E+000 -2.528089887639242E-018
          60           1  0.000000000000000E+000 -2.247191011235105E-017
          60           2  0.000000000000000E+000 -2.528089887638852E-018
          61           1  0.000000000000000E+000 -2.247191011235955E-017
          61           2  0.000000000000000E+000 -2.528089887640628E-018
          62           1  0.000000000000000E+000 -2.247191011235499E-017
          62           2  0.000000000000000E+000 -2.528089887640131E-018
          63           1  0.000000000000000E+000 -2.247191011235971E-017
          63           2  0.000000000000000E+000 -2.528089887640499E-018
          64           1  0.000000000000000E+000 -2.247191011235754E-017
          64           2  0.000000000000000E+000 -2.528089887640230E-018
          65           1  0.000000000000000E+000 -2.247191011236064E-017
          65           2  0.000000000000000E+000 -2.528089887640697E-018
          66           1  0.000000000000000E+000 -2.247191011236142E-017
          66           2  0.000000000000000E+000 -2.528089887640711E-018
          67           1  0.000000000000000E+000 -2.247191011236129E-017
          67           2  0.000000000000000E+000 -2.528089887639677E-018
          68           1  0.000000000000000E+000 -2.247191011236043E-017
          68           2  0.000000000000000E+000 -2.528089887640731E-018
          69           1  0.000000000000000E+000 -2.247191011235995E-017
          69           2  0.000000000000000E+000 -2.528089887640657E-018
          70           1  0.000000000000000E+000 -2.247191011235949E-017
          70           2  0.000000000000000E+000 -2.528089887640404E-018
          71           1  0.000000000000000E+000 -2.247191011236093E-017
          71           2  0.000000000000000E+000 -2.528089887640435E-018
          72           1  0.000000000000000E+000 -2.247191011235631E-017
          72           2  0.000000000000000E+000 -2.528089887639747E-018
          73           1  0.000000000000000E+000 -2.247191011235100E-017
          73           2  0.000000000000000E+000 -2.528089887639829E-018
          74           1  0.000000000000000E+000 -2.247191011234907E-017
          74           2  0.000000000000000E+000 -2.528089887639465E-018
          75           1  0.000000000000000E+000 -2.247191011235381E-017
          75           2  0.000000000000000E+000 -2.528089887639764E-018
          76           1  0.000000000000000E+000 -2.247191011235674E-017
          76           2  0.000000000000000E+000 -2.528089887639660E-018
          77           1  0.000000000000000E+000 -2.247191011235225E-017
          77           2  0.000000000000000E+000 -2.528089887638742E-018
          78           1  0.000000000000000E+000 -2.247191011235511E-017
          78           2  0.000000000000000E+000 -2.528089887639861E-018
          79           1  0.000000000000000E+000 -2.247191011235248E-017
          79           2  0.000000000000000E+000 -2.528089887639385E-018
          80           1  0.000000000000000E+000 -2.247191011235274E-017
          80           2  0.000000000000000E+000 -2.528089887639541E-018
          81           1  0.000000000000000E+000 -2.247191011235961E-017
          81           2  0.000000000000000E+000 -2.528089887640364E-018
          82           1  0.000000000000000E+000 -2.247191011235585E-017
          82           2  0.000000000000000E+000 -2.528089887639920E-018
          83           1  0.000000000000000E+000 -2.247191011235795E-017
          83           2  0.000000000000000E+000 -2.528089887640223E-018
          84           1  0.000000000000000E+000 -2.247191011235868E-017
          84           2  0.000000000000000E+000 -2.528089887640277E-018
          85           1  0.000000000000000E+000 -2.247191011236046E-017
          85           2  0.000000000000000E+000 -2.528089887640635E-018
          86           1  0.000000000000000E+000 -2.247191011236103E-017
          86           2  0.000000000000000E+000 -2.528089887640471E-018
          87           1  0.000000000000000E+000 -2.247191011236405E-017
          87           2  0.000000000000000E+000 -2.528089887640795E-018
          88           1  0.000000000000000E+000 -2.247191011236055E-017
          88           2  0.000000000000000E+000 -2.528089887640682E-018
          89           1  0.000000000000000E+000 -2.247191011235750E-017
          89           2  0.000000000000000E+000 -2.528089887639711E-018
          90           1  0.000000000000000E+000 -2.247191011235943E-017
          90           2  0.000000000000000E+000 -2.528089887640623E-018
          91           1  0.000000000000000E+000 -2.247191011235064E-017
          91           2  0.000000000000000E+000 -2.528089887639165E-018
          92           1  0.000000000000000E+000 -2.247191011235313E-017
          92           2  0.000000000000000E+000 -2.528089887639436E-018
          93           1  0.000000000000000E+000 -2.247191011235342E-017
          93           2  0.000000000000000E+000 -2.528089887639680E-018
          94           1  0.000000000000000E+000 -2.247191011235167E-017
          94           2  0.000000000000000E+000 -2.528089887639402E-018
          95           1  0.000000000000000E+000 -2.247191011235238E-017
          95           2  0.000000000000000E+000 -2.528089887639395E-018
          96           1  0.000000000000000E+000 -2.247191011235270E-017
          96           2  0.000000000000000E+000 -2.528089887639994E-018
          97           1  0.000000000000000E+000 -2.247191011235478E-017
          97           2  0.000000000000000E+000 -2.528089887639700E-018
          98           1  0.000000000000000E+000 -2.247191011235551E-017
          98           2  0.000000000000000E+000 -2.528089887640251E-018
          99           1  0.000000000000000E+000 -2.247191011235276E-017
          99           2  0.000000000000000E+000 -2.528089887639199E-018
         100           1  0.000000000000000E+000 -2.247191011235363E-017
         100           2  0.000000000000000E+000 -2.528089887639373E-018
         101           1  0.000000000000000E+000 -2.247191011235758E-017
         101           2  0.000000000000000E+000 -2.528089887640097E-018
         102           1  0.000000000000000E+000 -2.247191011235782E-017
         102           2  0.000000000000000E+000 -2.528089887640026E-018
         103           1  0.000000000000000E+000 -2.247191011235854E-017
         103           2  0.000000000000000E+000 -2.528089887640204E-018
         104           1  0.000000000000000E+000 -2.247191011235893E-017
         104           2  0.000000000000000E+000 -2.528089887640466E-018
         105           1  0.000000000000000E+000 -2.247191011235998E-017
         105           2  0.000000000000000E+000 -2.528089887640487E-018
         106           1  0.000000000000000E+000 -2.247191011236050E-017
         106           2  0.000000000000000E+000 -2.528089887640300E-018
         107           1  0.000000000000000E+000 -2.247191011235877E-017
         107           2  0.000000000000000E+000 -2.528089887640470E-018
         108           1  0.000000000000000E+000 -2.247191011235204E-017
         108           2  0.000000000000000E+000 -2.528089887640074E-018
         109           1  0.000000000000000E+000 -2.247191011235285E-017
         109           2  0.000000000000000E+000 -2.528089887639448E-018
         110           1  0.000000000000000E+000 -2.247191011235243E-017
         110           2  0.000000000000000E+000 -2.528089887640239E-018
         111           1  0.000000000000000E+000 -2.247191011235057E-017
         111           2  0.000000000000000E+000 -2.528089887639744E-018
         112           1  0.000000000000000E+000 -2.247191011235253E-017
         112           2  0.000000000000000E+000 -2.528089887639495E-018
         113           1  0.000000000000000E+000 -2.247191011235424E-017
         113           2  0.000000000000000E+000 -2.528089887639502E-018
         114           1  0.000000000000000E+000 -2.247191011235194E-017
         114           2  0.000000000000000E+000 -2.528089887638982E-018
         115           1  0.000000000000000E+000 -2.247191011234633E-017
         115           2  0.000000000000000E+000 -2.528089887637750E-018
         116           1  0.000000000000000E+000 -2.247191011235096E-017
         116           2  0.000000000000000E+000 -2.528089887639236E-018
         117           1  0.000000000000000E+000 -2.247191011235876E-017
         117           2  0.000000000000000E+000 -2.528089887640249E-018
         118           1  0.000000000000000E+000 -2.247191011236590E-017
         118           2  0.000000000000000E+000 -2.528089887641158E-018
         119           1  0.000000000000000E+000 -2.247191011235248E-017
         119           2  0.000000000000000E+000 -2.528089887638997E-018
         120           1  0.000000000000000E+000 -2.247191011234932E-017
         120           2  0.000000000000000E+000 -2.528089887638720E-018
         121           1  0.000000000000000E+000 -2.247191011235899E-017
         121           2  0.000000000000000E+000 -2.528089887640336E-018
         122           1  0.000000000000000E+000 -2.247191011235778E-017
         122           2  0.000000000000000E+000 -2.528089887640235E-018
         123           1  0.000000000000000E+000 -2.247191011235864E-017
         123           2  0.000000000000000E+000 -2.528089887640455E-018
         124           1  0.000000000000000E+000 -2.247191011235985E-017
         124           2  0.000000000000000E+000 -2.528089887640645E-018
         125           1  0.000000000000000E+000 -2.247191011236026E-017
         125           2  0.000000000000000E+000 -2.528089887640555E-018
         126           1  0.000000000000000E+000 -2.247191011235975E-017
         126           2  0.000000000000000E+000 -2.528089887640480E-018
         127           1  0.000000000000000E+000 -2.247191011234827E-017
         127           2  0.000000000000000E+000 -2.528089887638607E-018
         128           1  0.000000000000000E+000 -2.247191011234832E-017
         128           2  0.000000000000000E+000 -2.528089887638794E-018
         129           1  0.000000000000000E+000 -2.247191011235232E-017
         129           2  0.000000000000000E+000 -2.528089887639905E-018
         130           1  0.000000000000000E+000 -2.247191011235001E-017
         130           2  0.000000000000000E+000 -2.528089887638818E-018
         131           1  0.000000000000000E+000 -2.247191011235335E-017
         131           2  0.000000000000000E+000 -2.528089887639646E-018
         132           1  0.000000000000000E+000 -2.247191011235561E-017
         132           2  0.000000000000000E+000 -2.528089887640025E-018
         133           1  0.000000000000000E+000 -2.247191011235444E-017
         133           2  0.000000000000000E+000 -2.528089887639631E-018
         134           1  0.000000000000000E+000 -2.247191011235392E-017
         134           2  0.000000000000000E+000 -2.528089887639761E-018
         135           1  0.000000000000000E+000 -2.247191011235215E-017
         135           2  0.000000000000000E+000 -2.528089887639214E-018
         136           1  0.000000000000000E+000 -2.247191011235720E-017
         136           2  0.000000000000000E+000 -2.528089887640123E-018
         137           1  0.000000000000000E+000 -2.247191011234945E-017
         137           2  0.000000000000000E+000 -2.528089887639187E-018
         138           1  0.000000000000000E+000 -2.247191011235263E-017
         138           2  0.000000000000000E+000 -2.528089887639626E-018
         139           1  0.000000000000000E+000 -2.247191011235093E-017
         139           2  0.000000000000000E+000 -2.528089887639669E-018
         140           1  0.000000000000000E+000 -2.247191011234742E-017
         140           2  0.000000000000000E+000 -2.528089887638367E-018
         141           1  0.000000000000000E+000 -2.247191011235840E-017
         141           2  0.000000000000000E+000 -2.528089887640254E-018
         142           1  0.000000000000000E+000 -2.247191011235105E-017
         142           2  0.000000000000000E+000 -2.528089887639130E-018
         143           1  0.000000000000000E+000 -2.247191011235350E-017
         143           2  0.000000000000000E+000 -2.528089887639297E-018
         144           1  0.000000000000000E+000 -2.247191011236052E-017
         144           2  0.000000000000000E+000 -2.528089887640602E-018
         145           1  0.000000000000000E+000 -2.247191011235939E-017
         145           2  0.000000000000000E+000 -2.528089887640576E-018
         146           1  0.000000000000000E+000 -2.247191011235464E-017
         146           2  0.000000000000000E+000 -2.528089887640073E-018
         147           1  0.000000000000000E+000 -2.247191011235633E-017
         147           2  0.000000000000000E+000 -2.528089887640004E-018
         148           1  0.000000000000000E+000 -2.247191011235093E-017
         148           2  0.000000000000000E+000 -2.528089887639653E-018
         149           1  0.000000000000000E+000 -2.247191011235198E-017
         149           2  0.000000000000000E+000 -2.528089887639141E-018
         150           1  0.000000000000000E+000 -2.247191011235383E-017
         150           2  0.000000000000000E+000 -2.528089887639733E-018
         151           1  0.000000000000000E+000 -2.247191011235451E-017
         151           2  0.000000000000000E+000 -2.528089887639762E-018
         152           1  0.000000000000000E+000 -2.247191011235714E-017
         152           2  0.000000000000000E+000 -2.528089887640039E-018
         153           1  0.000000000000000E+000 -2.247191011235164E-017
         153           2  0.000000000000000E+000 -2.528089887639031E-018
         154           1  0.000000000000000E+000 -2.247191011235252E-017
         154           2  0.000000000000000E+000 -2.528089887639040E-018
         155           1  0.000000000000000E+000 -2.247191011235126E-017
         155           2  0.000000000000000E+000 -2.528089887639020E-018
         156           1  0.000000000000000E+000 -2.247191011234927E-017
         156           2  0.000000000000000E+000 -2.528089887638514E-018
         157           1  0.000000000000000E+000 -2.247191011234906E-017
         157           2  0.000000000000000E+000 -2.528089887638680E-018
         158           1  0.000000000000000E+000 -2.247191011234975E-017
         158           2  0.000000000000000E+000 -2.528089887638651E-018
         159           1  0.000000000000000E+000 -2.247191011235189E-017
         159           2  0.000000000000000E+000 -2.528089887639680E-018
         160           1  0.000000000000000E+000 -2.247191011235685E-017
         160           2  0.000000000000000E+000 -2.528089887640458E-018
         161           1  0.000000000000000E+000 -2.247191011234904E-017
         161           2  0.000000000000000E+000 -2.528089887639404E-018
         162           1  0.000000000000000E+000 -2.247191011235089E-017
         162           2  0.000000000000000E+000 -2.528089887639597E-018
         163           1  0.000000000000000E+000 -2.247191011236351E-017
         163           2  0.000000000000000E+000 -2.528089887640435E-018
         164           1  0.000000000000000E+000 -2.247191011236505E-017
         164           2  0.000000000000000E+000 -2.528089887640464E-018
         165           1  0.000000000000000E+000 -2.247191011236292E-017
         165           2  0.000000000000000E+000 -2.528089887640813E-018
         166           1  0.000000000000000E+000 -2.247191011235899E-017
         166           2  0.000000000000000E+000 -2.528089887640421E-018
         167           1  0.000000000000000E+000 -2.247191011235436E-017
         167           2  0.000000000000000E+000 -2.528089887640164E-018
         168           1  0.000000000000000E+000 -2.247191011235277E-017
         168           2  0.000000000000000E+000 -2.528089887639724E-018
         169           1  0.000000000000000E+000 -2.247191011235307E-017
         169           2  0.000000000000000E+000 -2.528089887639350E-018
         170           1  0.000000000000000E+000 -2.247191011235570E-017
         170           2  0.000000000000000E+000 -2.528089887639826E-018
         171           1  0.000000000000000E+000 -2.247191011235553E-017
         171           2  0.000000000000000E+000 -2.528089887639902E-018
         172           1  0.000000000000000E+000 -2.247191011235408E-017
         172           2  0.000000000000000E+000 -2.528089887639818E-018
         173           1  0.000000000000000E+000 -2.247191011235131E-017
         173           2  0.000000000000000E+000 -2.528089887639367E-018
         174           1  0.000000000000000E+000 -2.247191011235106E-017
         174           2  0.000000000000000E+000 -2.528089887639237E-018
         175           1  0.000000000000000E+000 -2.247191011235138E-017
         175           2  0.000000000000000E+000 -2.528089887639116E-018
         176           1  0.000000000000000E+000 -2.247191011235027E-017
         176           2  0.000000000000000E+000 -2.528089887639113E-018
         177           1  0.000000000000000E+000 -2.247191011235652E-017
         177           2  0.000000000000000E+000 -2.528089887640147E-018
         178           1  0.000000000000000E+000 -2.247191011235117E-017
         178           2  0.000000000000000E+000 -2.528089887639416E-018
         179           1  0.000000000000000E+000 -2.247191011235869E-017
         179           2  0.000000000000000E+000 -2.528089887640486E-018
         180           1  0.000000000000000E+000 -2.247191011235965E-017
         180           2  0.000000000000000E+000 -2.528089887640514E-018
         181           1  0.000000000000000E+000 -2.247191011235881E-017
         181           2  0.000000000000000E+000 -2.528089887640258E-018
         182           1  0.000000000000000E+000 -2.247191011235599E-017
         182           2  0.000000000000000E+000 -2.528089887640886E-018
         183           1  0.000000000000000E+000 -2.247191011236189E-017
         183           2  0.000000000000000E+000 -2.528089887641768E-018
         184           1  0.000000000000000E+000 -2.247191011235921E-017
         184           2  0.000000000000000E+000 -2.528089887641054E-018
         185           1  0.000000000000000E+000 -2.247191011236448E-017
         185           2  0.000000000000000E+000 -2.528089887640957E-018
         186           1  0.000000000000000E+000 -2.247191011235769E-017
         186           2  0.000000000000000E+000 -2.528089887640159E-018
         187           1  0.000000000000000E+000 -2.247191011235541E-017
         187           2  0.000000000000000E+000 -2.528089887640027E-018
         188           1  0.000000000000000E+000 -2.247191011235491E-017
         188           2  0.000000000000000E+000 -2.528089887639863E-018
         189           1  0.000000000000000E+000 -2.247191011235335E-017
         189           2  0.000000000000000E+000 -2.528089887639527E-018
         190           1  0.000000000000000E+000 -2.247191011235241E-017
         190           2  0.000000000000000E+000 -2.528089887639383E-018
         191           1  0.000000000000000E+000 -2.247191011235187E-017
         191           2  0.000000000000000E+000 -2.528089887639170E-018
         192           1  0.000000000000000E+000 -2.247191011235151E-017
         192           2  0.000000000000000E+000 -2.528089887639589E-018
         193           1  0.000000000000000E+000 -2.247191011235194E-017
         193           2  0.000000000000000E+000 -2.528089887639778E-018
         194           1  0.000000000000000E+000 -2.247191011235378E-017
         194           2  0.000000000000000E+000 -2.528089887639224E-018
         195           1  0.000000000000000E+000 -2.247191011234962E-017
         195           2  0.000000000000000E+000 -2.528089887640015E-018
         196           1  0.000000000000000E+000 -2.247191011235251E-017
         196           2  0.000000000000000E+000 -2.528089887640254E-018
         197           1  0.000000000000000E+000 -2.247191011235906E-017
         197           2  0.000000000000000E+000 -2.528089887640697E-018
         198           1  0.000000000000000E+000 -2.247191011235394E-017
         198           2  0.000000000000000E+000 -2.528089887640971E-018
         199           1  0.000000000000000E+000 -2.247191011235966E-017
         199           2  0.000000000000000E+000 -2.528089887640431E-018
         200           1  0.000000000000000E+000 -2.247191011236000E-017
         200           2  0.000000000000000E+000 -2.528089887640567E-018
         201           1  0.000000000000000E+000 -2.247191011236020E-017
         201           2  0.000000000000000E+000 -2.528089887640615E-018
         202           1  0.000000000000000E+000 -2.247191011236098E-017
         202           2  0.000000000000000E+000 -2.528089887640618E-018
         203           1  0.000000000000000E+000 -2.247191011235909E-017
         203           2  0.000000000000000E+000 -2.528089887641282E-018
         204           1  0.000000000000000E+000 -2.247191011236007E-017
         204           2  0.000000000000000E+000 -2.528089887641086E-018
         205           1  0.000000000000000E+000 -2.247191011235316E-017
         205           2  0.000000000000000E+000 -2.528089887639586E-018
         206           1  0.000000000000000E+000 -2.247191011235953E-017
         206           2  0.000000000000000E+000 -2.528089887640795E-018
         207           1  0.000000000000000E+000 -2.247191011236083E-017
         207           2  0.000000000000000E+000 -2.528089887640643E-018
         208           1  0.000000000000000E+000 -2.247191011235912E-017
         208           2  0.000000000000000E+000 -2.528089887640547E-018
         209           1  0.000000000000000E+000 -2.247191011235461E-017
         209           2  0.000000000000000E+000 -2.528089887640197E-018
         210           1  0.000000000000000E+000 -2.247191011234835E-017
         210           2  0.000000000000000E+000 -2.528089887638729E-018
         211           1  0.000000000000000E+000 -2.247191011235174E-017
         211           2  0.000000000000000E+000 -2.528089887639414E-018
         212           1  0.000000000000000E+000 -2.247191011235704E-017
         212           2  0.000000000000000E+000 -2.528089887640660E-018
         213           1  0.000000000000000E+000 -2.247191011235856E-017
         213           2  0.000000000000000E+000 -2.528089887641079E-018
         214           1  0.000000000000000E+000 -2.247191011235639E-017
         214           2  0.000000000000000E+000 -2.528089887640774E-018
         215           1  0.000000000000000E+000 -2.247191011235680E-017
         215           2  0.000000000000000E+000 -2.528089887640205E-018
         216           1  0.000000000000000E+000 -2.247191011235659E-017
         216           2  0.000000000000000E+000 -2.528089887640844E-018
         217           1  0.000000000000000E+000 -2.247191011235958E-017
         217           2  0.000000000000000E+000 -2.528089887640495E-018
         218           1  0.000000000000000E+000 -2.247191011235951E-017
         218           2  0.000000000000000E+000 -2.528089887640420E-018
         219           1  0.000000000000000E+000 -2.247191011235961E-017
         219           2  0.000000000000000E+000 -2.528089887640272E-018
         220           1  0.000000000000000E+000 -2.247191011235995E-017
         220           2  0.000000000000000E+000 -2.528089887640446E-018
         221           1  0.000000000000000E+000 -2.247191011235978E-017
         221           2  0.000000000000000E+000 -2.528089887640427E-018
         222           1  0.000000000000000E+000 -2.247191011236049E-017
         222           2  0.000000000000000E+000 -2.528089887640522E-018
         223           1  0.000000000000000E+000 -2.247191011236052E-017
         223           2  0.000000000000000E+000 -2.528089887640479E-018
         224           1  0.000000000000000E+000 -2.247191011236259E-017
         224           2  0.000000000000000E+000 -2.528089887641401E-018
         225           1  0.000000000000000E+000 -2.247191011235988E-017
         225           2  0.000000000000000E+000 -2.528089887640409E-018
         226           1  0.000000000000000E+000 -2.247191011236098E-017
         226           2  0.000000000000000E+000 -2.528089887640603E-018
         227           1  0.000000000000000E+000 -2.247191011235636E-017
         227           2  0.000000000000000E+000 -2.528089887640097E-018
         228           1  0.000000000000000E+000 -2.247191011236415E-017
         228           2  0.000000000000000E+000 -2.528089887641048E-018
         229           1  0.000000000000000E+000 -2.247191011236557E-017
         229           2  0.000000000000000E+000 -2.528089887641447E-018
         230           1  0.000000000000000E+000 -2.247191011235951E-017
         230           2  0.000000000000000E+000 -2.528089887640454E-018
         231           1  0.000000000000000E+000 -2.247191011236064E-017
         231           2  0.000000000000000E+000 -2.528089887640467E-018
         232           1  0.000000000000000E+000 -2.247191011236139E-017
         232           2  0.000000000000000E+000 -2.528089887641473E-018
         233           1  0.000000000000000E+000 -2.247191011236077E-017
         233           2  0.000000000000000E+000 -2.528089887641515E-018
         234           1  0.000000000000000E+000 -2.247191011235945E-017
         234           2  0.000000000000000E+000 -2.528089887640904E-018
         235           1  0.000000000000000E+000 -2.247191011236025E-017
         235           2  0.000000000000000E+000 -2.528089887640505E-018
         236           1  0.000000000000000E+000 -2.247191011235900E-017
         236           2  0.000000000000000E+000 -2.528089887641110E-018
         237           1  0.000000000000000E+000 -2.247191011235302E-017
         237           2  0.000000000000000E+000 -2.528089887639262E-018
         238           1  0.000000000000000E+000 -2.247191011235259E-017
         238           2  0.000000000000000E+000 -2.528089887639514E-018
         239           1  0.000000000000000E+000 -2.247191011235774E-017
         239           2  0.000000000000000E+000 -2.528089887640260E-018
         240           1  0.000000000000000E+000 -2.247191011235878E-017
         240           2  0.000000000000000E+000 -2.528089887640370E-018
         241           1  0.000000000000000E+000 -2.247191011236079E-017
         241           2  0.000000000000000E+000 -2.528089887640553E-018
         242           1  0.000000000000000E+000 -2.247191011236083E-017
         242           2  0.000000000000000E+000 -2.528089887640502E-018
         243           1  0.000000000000000E+000 -2.247191011236692E-017
         243           2  0.000000000000000E+000 -2.528089887641510E-018
         244           1  0.000000000000000E+000 -2.247191011236288E-017
         244           2  0.000000000000000E+000 -2.528089887640430E-018
         245           1  0.000000000000000E+000 -2.247191011235942E-017
         245           2  0.000000000000000E+000 -2.528089887640478E-018
         246           1  0.000000000000000E+000 -2.247191011235956E-017
         246           2  0.000000000000000E+000 -2.528089887640215E-018
         247           1  0.000000000000000E+000 -2.247191011235954E-017
         247           2  0.000000000000000E+000 -2.528089887640546E-018
         248           1  0.000000000000000E+000 -2.247191011235766E-017
         248           2  0.000000000000000E+000 -2.528089887640129E-018
         249           1  0.000000000000000E+000 -2.247191011235979E-017
         249           2  0.000000000000000E+000 -2.528089887640389E-018
         250           1  0.000000000000000E+000 -2.247191011236091E-017
         250           2  0.000000000000000E+000 -2.528089887640271E-018
         251           1  0.000000000000000E+000 -2.247191011235889E-017
         251           2  0.000000000000000E+000 -2.528089887640440E-018
         252           1  0.000000000000000E+000 -2.247191011235953E-017
         252           2  0.000000000000000E+000 -2.528089887640588E-018
         253           1  0.000000000000000E+000 -2.247191011236279E-017
         253           2  0.000000000000000E+000 -2.528089887641302E-018
         254           1  0.000000000000000E+000 -2.247191011235971E-017
         254           2  0.000000000000000E+000 -2.528089887640643E-018
         255           1  0.000000000000000E+000 -2.247191011235726E-017
         255           2  0.000000000000000E+000 -2.528089887640090E-018
         256           1  0.000000000000000E+000 -2.247191011235173E-017
         256           2  0.000000000000000E+000 -2.528089887639742E-018
         257           1  0.000000000000000E+000 -2.247191011235735E-017
         257           2  0.000000000000000E+000 -2.528089887640003E-018
         258           1  0.000000000000000E+000 -2.247191011234974E-017
         258           2  0.000000000000000E+000 -2.528089887638698E-018
         259           1  0.000000000000000E+000 -2.247191011235815E-017
         259           2  0.000000000000000E+000 -2.528089887640225E-018
         260           1  0.000000000000000E+000 -2.247191011235782E-017
         260           2  0.000000000000000E+000 -2.528089887640527E-018
         261           1  0.000000000000000E+000 -2.247191011236918E-017
         261           2  0.000000000000000E+000 -2.528089887641993E-018
         262           1  0.000000000000000E+000 -2.247191011236004E-017
         262           2  0.000000000000000E+000 -2.528089887641026E-018
         263           1  0.000000000000000E+000 -2.247191011235325E-017
         263           2  0.000000000000000E+000 -2.528089887639953E-018
         264           1  0.000000000000000E+000 -2.247191011236047E-017
         264           2  0.000000000000000E+000 -2.528089887640420E-018
         265           1  0.000000000000000E+000 -2.247191011235796E-017
         265           2  0.000000000000000E+000 -2.528089887639930E-018
         266           1  0.000000000000000E+000 -2.247191011235959E-017
         266           2  0.000000000000000E+000 -2.528089887640446E-018
         267           1  0.000000000000000E+000 -2.247191011235454E-017
         267           2  0.000000000000000E+000 -2.528089887639755E-018
         268           1  0.000000000000000E+000 -2.247191011235127E-017
         268           2  0.000000000000000E+000 -2.528089887639481E-018
         269           1  0.000000000000000E+000 -2.247191011235143E-017
         269           2  0.000000000000000E+000 -2.528089887639568E-018
         270           1  0.000000000000000E+000 -2.247191011234891E-017
         270           2  0.000000000000000E+000 -2.528089887638992E-018
         271           1  0.000000000000000E+000 -2.247191011235140E-017
         271           2  0.000000000000000E+000 -2.528089887639470E-018
         272           1  0.000000000000000E+000 -2.247191011235456E-017
         272           2  0.000000000000000E+000 -2.528089887639967E-018
         273           1  0.000000000000000E+000 -2.247191011235877E-017
         273           2  0.000000000000000E+000 -2.528089887640445E-018
         274           1  0.000000000000000E+000 -2.247191011235405E-017
         274           2  0.000000000000000E+000 -2.528089887639611E-018
         275           1  0.000000000000000E+000 -2.247191011234876E-017
         275           2  0.000000000000000E+000 -2.528089887639100E-018
         276           1  0.000000000000000E+000 -2.247191011234869E-017
         276           2  0.000000000000000E+000 -2.528089887638777E-018
         277           1  0.000000000000000E+000 -2.247191011235820E-017
         277           2  0.000000000000000E+000 -2.528089887640126E-018
         278           1  0.000000000000000E+000 -2.247191011235783E-017
         278           2  0.000000000000000E+000 -2.528089887640205E-018
         279           1  0.000000000000000E+000 -2.247191011235784E-017
         279           2  0.000000000000000E+000 -2.528089887640395E-018
         280           1  0.000000000000000E+000 -2.247191011235807E-017
         280           2  0.000000000000000E+000 -2.528089887640278E-018
         281           1  0.000000000000000E+000 -2.247191011235680E-017
         281           2  0.000000000000000E+000 -2.528089887640033E-018
         282           1  0.000000000000000E+000 -2.247191011235725E-017
         282           2  0.000000000000000E+000 -2.528089887640135E-018
         283           1  0.000000000000000E+000 -2.247191011235037E-017
         283           2  0.000000000000000E+000 -2.528089887639394E-018
         284           1  0.000000000000000E+000 -2.247191011235233E-017
         284           2  0.000000000000000E+000 -2.528089887639814E-018
         285           1  0.000000000000000E+000 -2.247191011235587E-017
         285           2  0.000000000000000E+000 -2.528089887639933E-018
         286           1  0.000000000000000E+000 -2.247191011235141E-017
         286           2  0.000000000000000E+000 -2.528089887639438E-018
         287           1  0.000000000000000E+000 -2.247191011234474E-017
         287           2  0.000000000000000E+000 -2.528089887638431E-018
         288           1  0.000000000000000E+000 -2.247191011234724E-017
         288           2  0.000000000000000E+000 -2.528089887638911E-018
         289           1  0.000000000000000E+000 -2.247191011234704E-017
         289           2  0.000000000000000E+000 -2.528089887638979E-018
         290           1  0.000000000000000E+000 -2.247191011234999E-017
         290           2  0.000000000000000E+000 -2.528089887639521E-018
         291           1  0.000000000000000E+000 -2.247191011235558E-017
         291           2  0.000000000000000E+000 -2.528089887639705E-018
         292           1  0.000000000000000E+000 -2.247191011235496E-017
         292           2  0.000000000000000E+000 -2.528089887640311E-018
         293           1  0.000000000000000E+000 -2.247191011235855E-017
         293           2  0.000000000000000E+000 -2.528089887640616E-018
         294           1  0.000000000000000E+000 -2.247191011235517E-017
         294           2  0.000000000000000E+000 -2.528089887639916E-018
         295           1  0.000000000000000E+000 -2.247191011234685E-017
         295           2  0.000000000000000E+000 -2.528089887638735E-018
         296           1  0.000000000000000E+000 -2.247191011235880E-017
         296           2  0.000000000000000E+000 -2.528089887640522E-018
         297           1  0.000000000000000E+000 -2.247191011235808E-017
         297           2  0.000000000000000E+000 -2.528089887640306E-018
         298           1  0.000000000000000E+000 -2.247191011235758E-017
         298           2  0.000000000000000E+000 -2.528089887640428E-018
         299           1  0.000000000000000E+000 -2.247191011235856E-017
         299           2  0.000000000000000E+000 -2.528089887640417E-018
         300           1  0.000000000000000E+000 -2.247191011235892E-017
         300           2  0.000000000000000E+000 -2.528089887640365E-018
         301           1  0.000000000000000E+000 -2.247191011235830E-017
         301           2  0.000000000000000E+000 -2.528089887639987E-018
         302           1  0.000000000000000E+000 -2.247191011235868E-017
         302           2  0.000000000000000E+000 -2.528089887640322E-018
         303           1  0.000000000000000E+000 -2.247191011235824E-017
         303           2  0.000000000000000E+000 -2.528089887640274E-018
         304           1  0.000000000000000E+000 -2.247191011235776E-017
         304           2  0.000000000000000E+000 -2.528089887640223E-018
         305           1  0.000000000000000E+000 -2.247191011235808E-017
         305           2  0.000000000000000E+000 -2.528089887640236E-018
         306           1  0.000000000000000E+000 -2.247191011235727E-017
         306           2  0.000000000000000E+000 -2.528089887640051E-018
         307           1  0.000000000000000E+000 -2.247191011234764E-017
         307           2  0.000000000000000E+000 -2.528089887638903E-018
         308           1  0.000000000000000E+000 -2.247191011234848E-017
         308           2  0.000000000000000E+000 -2.528089887639192E-018
         309           1  0.000000000000000E+000 -2.247191011234603E-017
         309           2  0.000000000000000E+000 -2.528089887638402E-018
         310           1  0.000000000000000E+000 -2.247191011234920E-017
         310           2  0.000000000000000E+000 -2.528089887638885E-018
         311           1  0.000000000000000E+000 -2.247191011235354E-017
         311           2  0.000000000000000E+000 -2.528089887640249E-018
         312           1  0.000000000000000E+000 -2.247191011234920E-017
         312           2  0.000000000000000E+000 -2.528089887639424E-018
         313           1  0.000000000000000E+000 -2.247191011235691E-017
         313           2  0.000000000000000E+000 -2.528089887640089E-018
         314           1  0.000000000000000E+000 -2.247191011235748E-017
         314           2  0.000000000000000E+000 -2.528089887640188E-018
         315           1  0.000000000000000E+000 -2.247191011235382E-017
         315           2  0.000000000000000E+000 -2.528089887639844E-018
         316           1  0.000000000000000E+000 -2.247191011235949E-017
         316           2  0.000000000000000E+000 -2.528089887640617E-018
         317           1  0.000000000000000E+000 -2.247191011235846E-017
         317           2  0.000000000000000E+000 -2.528089887640425E-018
         318           1  0.000000000000000E+000 -2.247191011234875E-017
         318           2  0.000000000000000E+000 -2.528089887639191E-018
         319           1  0.000000000000000E+000 -2.247191011235077E-017
         319           2  0.000000000000000E+000 -2.528089887639994E-018
         320           1  0.000000000000000E+000 -2.247191011235937E-017
         320           2  0.000000000000000E+000 -2.528089887640415E-018
         321           1  0.000000000000000E+000 -2.247191011236120E-017
         321           2  0.000000000000000E+000 -2.528089887640640E-018
         322           1  0.000000000000000E+000 -2.247191011235979E-017
         322           2  0.000000000000000E+000 -2.528089887640275E-018
         323           1  0.000000000000000E+000 -2.247191011235929E-017
         323           2  0.000000000000000E+000 -2.528089887640276E-018
         324           1  0.000000000000000E+000 -2.247191011235746E-017
         324           2  0.000000000000000E+000 -2.528089887640126E-018
         325           1  0.000000000000000E+000 -2.247191011235886E-017
         325           2  0.000000000000000E+000 -2.528089887640345E-018
         326           1  0.000000000000000E+000 -2.247191011235723E-017
         326           2  0.000000000000000E+000 -2.528089887640102E-018
         327           1  0.000000000000000E+000 -2.247191011235739E-017
         327           2  0.000000000000000E+000 -2.528089887640072E-018
         328           1  0.000000000000000E+000 -2.247191011234917E-017
         328           2  0.000000000000000E+000 -2.528089887639410E-018
         329           1  0.000000000000000E+000 -2.247191011234481E-017
         329           2  0.000000000000000E+000 -2.528089887638585E-018
         330           1  0.000000000000000E+000 -2.247191011235698E-017
         330           2  0.000000000000000E+000 -2.528089887639954E-018
         331           1  0.000000000000000E+000 -2.247191011235409E-017
         331           2  0.000000000000000E+000 -2.528089887640118E-018
         332           1  0.000000000000000E+000 -2.247191011234911E-017
         332           2  0.000000000000000E+000 -2.528089887639175E-018
         333           1  0.000000000000000E+000 -2.247191011234812E-017
         333           2  0.000000000000000E+000 -2.528089887638785E-018
         334           1  0.000000000000000E+000 -2.247191011235893E-017
         334           2  0.000000000000000E+000 -2.528089887640569E-018
         335           1  0.000000000000000E+000 -2.247191011235978E-017
         335           2  0.000000000000000E+000 -2.528089887640672E-018
         336           1  0.000000000000000E+000 -2.247191011235939E-017
         336           2  0.000000000000000E+000 -2.528089887640514E-018
         337           1  0.000000000000000E+000 -2.247191011235799E-017
         337           2  0.000000000000000E+000 -2.528089887640285E-018
         338           1  0.000000000000000E+000 -2.247191011235735E-017
         338           2  0.000000000000000E+000 -2.528089887640236E-018
         339           1  0.000000000000000E+000 -2.247191011235016E-017
         339           2  0.000000000000000E+000 -2.528089887639335E-018
         340           1  0.000000000000000E+000 -2.247191011235919E-017
         340           2  0.000000000000000E+000 -2.528089887640305E-018
         341           1  0.000000000000000E+000 -2.247191011235839E-017
         341           2  0.000000000000000E+000 -2.528089887640432E-018
         342           1  0.000000000000000E+000 -2.247191011236072E-017
         342           2  0.000000000000000E+000 -2.528089887640795E-018
         343           1  0.000000000000000E+000 -2.247191011235766E-017
         343           2  0.000000000000000E+000 -2.528089887640243E-018
         344           1  0.000000000000000E+000 -2.247191011235773E-017
         344           2  0.000000000000000E+000 -2.528089887640028E-018
         345           1  0.000000000000000E+000 -2.247191011235915E-017
         345           2  0.000000000000000E+000 -2.528089887640460E-018
         346           1  0.000000000000000E+000 -2.247191011235797E-017
         346           2  0.000000000000000E+000 -2.528089887640104E-018
         347           1  0.000000000000000E+000 -2.247191011235888E-017
         347           2  0.000000000000000E+000 -2.528089887640117E-018
         348           1  0.000000000000000E+000 -2.247191011235702E-017
         348           2  0.000000000000000E+000 -2.528089887639904E-018
         349           1  0.000000000000000E+000 -2.247191011234756E-017
         349           2  0.000000000000000E+000 -2.528089887638713E-018
         350           1  0.000000000000000E+000 -2.247191011235682E-017
         350           2  0.000000000000000E+000 -2.528089887640004E-018
         351           1  0.000000000000000E+000 -2.247191011235234E-017
         351           2  0.000000000000000E+000 -2.528089887639384E-018
         352           1  0.000000000000000E+000 -2.247191011235104E-017
         352           2  0.000000000000000E+000 -2.528089887639074E-018
         353           1  0.000000000000000E+000 -2.247191011236035E-017
         353           2  0.000000000000000E+000 -2.528089887640548E-018
         354           1  0.000000000000000E+000 -2.247191011235970E-017
         354           2  0.000000000000000E+000 -2.528089887640596E-018
         355           1  0.000000000000000E+000 -2.247191011236050E-017
         355           2  0.000000000000000E+000 -2.528089887640621E-018
         356           1  0.000000000000000E+000 -2.247191011235929E-017
         356           2  0.000000000000000E+000 -2.528089887640467E-018
         357           1  0.000000000000000E+000 -2.247191011235883E-017
         357           2  0.000000000000000E+000 -2.528089887640432E-018
         358           1  0.000000000000000E+000 -2.247191011235862E-017
         358           2  0.000000000000000E+000 -2.528089887640473E-018
         359           1  0.000000000000000E+000 -2.247191011235728E-017
         359           2  0.000000000000000E+000 -2.528089887640213E-018
         360           1  0.000000000000000E+000 -2.247191011235731E-017
         360           2  0.000000000000000E+000 -2.528089887640185E-018
         361           1  0.000000000000000E+000 -2.247191011235525E-017
         361           2  0.000000000000000E+000 -2.528089887639965E-018
         362           1  0.000000000000000E+000 -2.247191011235483E-017
         362           2  0.000000000000000E+000 -2.528089887640025E-018
         363           1  0.000000000000000E+000 -2.247191011235740E-017
         363           2  0.000000000000000E+000 -2.528089887640117E-018
         364           1  0.000000000000000E+000 -2.247191011235826E-017
         364           2  0.000000000000000E+000 -2.528089887640165E-018
         365           1  0.000000000000000E+000 -2.247191011235841E-017
         365           2  0.000000000000000E+000 -2.528089887640389E-018
         366           1  0.000000000000000E+000 -2.247191011236374E-017
         366           2  0.000000000000000E+000 -2.528089887641023E-018
         367           1  0.000000000000000E+000 -2.247191011235910E-017
         367           2  0.000000000000000E+000 -2.528089887640457E-018
         368           1  0.000000000000000E+000 -2.247191011235677E-017
         368           2  0.000000000000000E+000 -2.528089887640036E-018
         369           1  0.000000000000000E+000 -2.247191011235591E-017
         369           2  0.000000000000000E+000 -2.528089887639898E-018
         370           1  0.000000000000000E+000 -2.247191011235810E-017
         370           2  0.000000000000000E+000 -2.528089887640199E-018
         371           1  0.000000000000000E+000 -2.247191011235883E-017
         371           2  0.000000000000000E+000 -2.528089887640378E-018
         372           1  0.000000000000000E+000 -2.247191011235798E-017
         372           2  0.000000000000000E+000 -2.528089887640479E-018
         373           1  0.000000000000000E+000 -2.247191011235756E-017
         373           2  0.000000000000000E+000 -2.528089887640446E-018
         374           1  0.000000000000000E+000 -2.247191011235756E-017
         374           2  0.000000000000000E+000 -2.528089887640253E-018
         375           1  0.000000000000000E+000 -2.247191011235693E-017
         375           2  0.000000000000000E+000 -2.528089887640172E-018
         376           1  0.000000000000000E+000 -2.247191011235733E-017
         376           2  0.000000000000000E+000 -2.528089887640307E-018
         377           1  0.000000000000000E+000 -2.247191011235721E-017
         377           2  0.000000000000000E+000 -2.528089887640130E-018
         378           1  0.000000000000000E+000 -2.247191011235704E-017
         378           2  0.000000000000000E+000 -2.528089887639987E-018
         379           1  0.000000000000000E+000 -2.247191011235649E-017
         379           2  0.000000000000000E+000 -2.528089887640029E-018
         380           1  0.000000000000000E+000 -2.247191011235710E-017
         380           2  0.000000000000000E+000 -2.528089887640089E-018
         381           1  0.000000000000000E+000 -2.247191011235705E-017
         381           2  0.000000000000000E+000 -2.528089887639977E-018
         382           1  0.000000000000000E+000 -2.247191011235316E-017
         382           2  0.000000000000000E+000 -2.528089887639848E-018
         383           1  0.000000000000000E+000 -2.247191011235690E-017
         383           2  0.000000000000000E+000 -2.528089887640136E-018
         384           1  0.000000000000000E+000 -2.247191011235676E-017
         384           2  0.000000000000000E+000 -2.528089887639969E-018
         385           1  0.000000000000000E+000 -2.247191011236012E-017
         385           2  0.000000000000000E+000 -2.528089887640474E-018
         386           1  0.000000000000000E+000 -2.247191011235855E-017
         386           2  0.000000000000000E+000 -2.528089887640454E-018
         387           1  0.000000000000000E+000 -2.247191011236226E-017
         387           2  0.000000000000000E+000 -2.528089887641113E-018
         388           1  0.000000000000000E+000 -2.247191011235964E-017
         388           2  0.000000000000000E+000 -2.528089887640421E-018
         389           1  0.000000000000000E+000 -2.247191011235584E-017
         389           2  0.000000000000000E+000 -2.528089887639775E-018
         390           1  0.000000000000000E+000 -2.247191011235863E-017
         390           2  0.000000000000000E+000 -2.528089887640168E-018
         391           1  0.000000000000000E+000 -2.247191011235819E-017
         391           2  0.000000000000000E+000 -2.528089887640160E-018
         392           1  0.000000000000000E+000 -2.247191011235816E-017
         392           2  0.000000000000000E+000 -2.528089887640160E-018
         393           1  0.000000000000000E+000 -2.247191011235932E-017
         393           2  0.000000000000000E+000 -2.528089887640427E-018
         394           1  0.000000000000000E+000 -2.247191011235607E-017
         394           2  0.000000000000000E+000 -2.528089887640304E-018
         395           1  0.000000000000000E+000 -2.247191011235657E-017
         395           2  0.000000000000000E+000 -2.528089887640114E-018
         396           1  0.000000000000000E+000 -2.247191011235739E-017
         396           2  0.000000000000000E+000 -2.528089887640222E-018
         397           1  0.000000000000000E+000 -2.247191011235623E-017
         397           2  0.000000000000000E+000 -2.528089887639903E-018
         398           1  0.000000000000000E+000 -2.247191011235608E-017
         398           2  0.000000000000000E+000 -2.528089887639739E-018
         399           1  0.000000000000000E+000 -2.247191011235727E-017
         399           2  0.000000000000000E+000 -2.528089887639784E-018
         400           1  0.000000000000000E+000 -2.247191011235681E-017
         400           2  0.000000000000000E+000 -2.528089887639773E-018
