           1           1  0.000000000000000E+000 -2.025316455696477E-017
           1           2  0.000000000000000E+000 -4.746835443038588E-018
           2           1  0.000000000000000E+000 -2.025316455696481E-017
           2           2  0.000000000000000E+000 -4.746835443038712E-018
           3           1  0.000000000000000E+000 -2.025316455696458E-017
           3           2  0.000000000000000E+000 -4.746835443038518E-018
           4           1  0.000000000000000E+000 -2.025316455696933E-017
           4           2  0.000000000000000E+000 -4.746835443039640E-018
           5           1  0.000000000000000E+000 -2.025316455695994E-017
           5           2  0.000000000000000E+000 -4.746835443038093E-018
           6           1  0.000000000000000E+000 -2.025316455695805E-017
           6           2  0.000000000000000E+000 -4.746835443037426E-018
           7           1  0.000000000000000E+000 -2.025316455696135E-017
           7           2  0.000000000000000E+000 -4.746835443037820E-018
           8           1  0.000000000000000E+000 -2.025316455696277E-017
           8           2  0.000000000000000E+000 -4.746835443038061E-018
           9           1  0.000000000000000E+000 -2.025316455695870E-017
           9           2  0.000000000000000E+000 -4.746835443037145E-018
          10           1  0.000000000000000E+000 -2.025316455697221E-017
          10           2  0.000000000000000E+000 -4.746835443040428E-018
          11           1  0.000000000000000E+000 -2.025316455696693E-017
          11           2  0.000000000000000E+000 -4.746835443039686E-018
          12           1  0.000000000000000E+000 -2.025316455696479E-017
          12           2  0.000000000000000E+000 -4.746835443038345E-018
          13           1  0.000000000000000E+000 -2.025316455696396E-017
          13           2  0.000000000000000E+000 -4.746835443038529E-018
          14           1  0.000000000000000E+000 -2.025316455696581E-017
          14           2  0.000000000000000E+000 -4.746835443038835E-018
          15           1  0.000000000000000E+000 -2.025316455695932E-017
          15           2  0.000000000000000E+000 -4.746835443037461E-018
          16           1  0.000000000000000E+000 -2.025316455695873E-017
          16           2  0.000000000000000E+000 -4.746835443037106E-018
          17           1  0.000000000000000E+000 -2.025316455696051E-017
          17           2  0.000000000000000E+000 -4.746835443037453E-018
          18           1  0.000000000000000E+000 -2.025316455696200E-017
          18           2  0.000000000000000E+000 -4.746835443038016E-018
          19           1  0.000000000000000E+000 -2.025316455696121E-017
          19           2  0.000000000000000E+000 -4.746835443037612E-018
          20           1  0.000000000000000E+000 -2.025316455695749E-017
          20           2  0.000000000000000E+000 -4.746835443037327E-018
          21           1  0.000000000000000E+000 -2.025316455696446E-017
          21           2  0.000000000000000E+000 -4.746835443038603E-018
          22           1  0.000000000000000E+000 -2.025316455697856E-017
          22           2  0.000000000000000E+000 -4.746835443041234E-018
          23           1  0.000000000000000E+000 -2.025316455696322E-017
          23           2  0.000000000000000E+000 -4.746835443038141E-018
          24           1  0.000000000000000E+000 -2.025316455696326E-017
          24           2  0.000000000000000E+000 -4.746835443038259E-018
          25           1  0.000000000000000E+000 -2.025316455695919E-017
          25           2  0.000000000000000E+000 -4.746835443037259E-018
          26           1  0.000000000000000E+000 -2.025316455695961E-017
          26           2  0.000000000000000E+000 -4.746835443037390E-018
          27           1  0.000000000000000E+000 -2.025316455696045E-017
          27           2  0.000000000000000E+000 -4.746835443037788E-018
          28           1  0.000000000000000E+000 -2.025316455696171E-017
          28           2  0.000000000000000E+000 -4.746835443037669E-018
          29           1  0.000000000000000E+000 -2.025316455696005E-017
          29           2  0.000000000000000E+000 -4.746835443037633E-018
          30           1  0.000000000000000E+000 -2.025316455695871E-017
          30           2  0.000000000000000E+000 -4.746835443037233E-018
          31           1  0.000000000000000E+000 -2.025316455696313E-017
          31           2  0.000000000000000E+000 -4.746835443038053E-018
          32           1  0.000000000000000E+000 -2.025316455696295E-017
          32           2  0.000000000000000E+000 -4.746835443038171E-018
          33           1  0.000000000000000E+000 -2.025316455696405E-017
          33           2  0.000000000000000E+000 -4.746835443038329E-018
          34           1  0.000000000000000E+000 -2.025316455696261E-017
          34           2  0.000000000000000E+000 -4.746835443038032E-018
          35           1  0.000000000000000E+000 -2.025316455695992E-017
          35           2  0.000000000000000E+000 -4.746835443037656E-018
          36           1  0.000000000000000E+000 -2.025316455696104E-017
          36           2  0.000000000000000E+000 -4.746835443037796E-018
          37           1  0.000000000000000E+000 -2.025316455696116E-017
          37           2  0.000000000000000E+000 -4.746835443037827E-018
          38           1  0.000000000000000E+000 -2.025316455696302E-017
          38           2  0.000000000000000E+000 -4.746835443037993E-018
          39           1  0.000000000000000E+000 -2.025316455696281E-017
          39           2  0.000000000000000E+000 -4.746835443038071E-018
          40           1  0.000000000000000E+000 -2.025316455696037E-017
          40           2  0.000000000000000E+000 -4.746835443037866E-018
          41           1  0.000000000000000E+000 -2.025316455696116E-017
          41           2  0.000000000000000E+000 -4.746835443037795E-018
          42           1  0.000000000000000E+000 -2.025316455696247E-017
          42           2  0.000000000000000E+000 -4.746835443038113E-018
          43           1  0.000000000000000E+000 -2.025316455696357E-017
          43           2  0.000000000000000E+000 -4.746835443038259E-018
          44           1  0.000000000000000E+000 -2.025316455696280E-017
          44           2  0.000000000000000E+000 -4.746835443038031E-018
          45           1  0.000000000000000E+000 -2.025316455696104E-017
          45           2  0.000000000000000E+000 -4.746835443037752E-018
          46           1  0.000000000000000E+000 -2.025316455696153E-017
          46           2  0.000000000000000E+000 -4.746835443038110E-018
          47           1  0.000000000000000E+000 -2.025316455696187E-017
          47           2  0.000000000000000E+000 -4.746835443038156E-018
          48           1  0.000000000000000E+000 -2.025316455696306E-017
          48           2  0.000000000000000E+000 -4.746835443038522E-018
          49           1  0.000000000000000E+000 -2.025316455696379E-017
          49           2  0.000000000000000E+000 -4.746835443038146E-018
          50           1  0.000000000000000E+000 -2.025316455696337E-017
          50           2  0.000000000000000E+000 -4.746835443038246E-018
          51           1  0.000000000000000E+000 -2.025316455696344E-017
          51           2  0.000000000000000E+000 -4.746835443038242E-018
          52           1  0.000000000000000E+000 -2.025316455696235E-017
          52           2  0.000000000000000E+000 -4.746835443038040E-018
          53           1  0.000000000000000E+000 -2.025316455696228E-017
          53           2  0.000000000000000E+000 -4.746835443038149E-018
          54           1  0.000000000000000E+000 -2.025316455696135E-017
          54           2  0.000000000000000E+000 -4.746835443038028E-018
          55           1  0.000000000000000E+000 -2.025316455696098E-017
          55           2  0.000000000000000E+000 -4.746835443037919E-018
          56           1  0.000000000000000E+000 -2.025316455696144E-017
          56           2  0.000000000000000E+000 -4.746835443038018E-018
          57           1  0.000000000000000E+000 -2.025316455696212E-017
          57           2  0.000000000000000E+000 -4.746835443038175E-018
          58           1  0.000000000000000E+000 -2.025316455696297E-017
          58           2  0.000000000000000E+000 -4.746835443038543E-018
          59           1  0.000000000000000E+000 -2.025316455696505E-017
          59           2  0.000000000000000E+000 -4.746835443038662E-018
          60           1  0.000000000000000E+000 -2.025316455697307E-017
          60           2  0.000000000000000E+000 -4.746835443040278E-018
          61           1  0.000000000000000E+000 -2.025316455696279E-017
          61           2  0.000000000000000E+000 -4.746835443037832E-018
          62           1  0.000000000000000E+000 -2.025316455696307E-017
          62           2  0.000000000000000E+000 -4.746835443037879E-018
          63           1  0.000000000000000E+000 -2.025316455696235E-017
          63           2  0.000000000000000E+000 -4.746835443038027E-018
          64           1  0.000000000000000E+000 -2.025316455696093E-017
          64           2  0.000000000000000E+000 -4.746835443038023E-018
          65           1  0.000000000000000E+000 -2.025316455696034E-017
          65           2  0.000000000000000E+000 -4.746835443037799E-018
          66           1  0.000000000000000E+000 -2.025316455696092E-017
          66           2  0.000000000000000E+000 -4.746835443037844E-018
          67           1  0.000000000000000E+000 -2.025316455696211E-017
          67           2  0.000000000000000E+000 -4.746835443038126E-018
          68           1  0.000000000000000E+000 -2.025316455696322E-017
          68           2  0.000000000000000E+000 -4.746835443038422E-018
          69           1  0.000000000000000E+000 -2.025316455696381E-017
          69           2  0.000000000000000E+000 -4.746835443038548E-018
          70           1  0.000000000000000E+000 -2.025316455696411E-017
          70           2  0.000000000000000E+000 -4.746835443038444E-018
          71           1  0.000000000000000E+000 -2.025316455696401E-017
          71           2  0.000000000000000E+000 -4.746835443038361E-018
          72           1  0.000000000000000E+000 -2.025316455696354E-017
          72           2  0.000000000000000E+000 -4.746835443038223E-018
          73           1  0.000000000000000E+000 -2.025316455696197E-017
          73           2  0.000000000000000E+000 -4.746835443038123E-018
          74           1  0.000000000000000E+000 -2.025316455695992E-017
          74           2  0.000000000000000E+000 -4.746835443037522E-018
          75           1  0.000000000000000E+000 -2.025316455695959E-017
          75           2  0.000000000000000E+000 -4.746835443037495E-018
          76           1  0.000000000000000E+000 -2.025316455696054E-017
          76           2  0.000000000000000E+000 -4.746835443037667E-018
          77           1  0.000000000000000E+000 -2.025316455696214E-017
          77           2  0.000000000000000E+000 -4.746835443038103E-018
          78           1  0.000000000000000E+000 -2.025316455696291E-017
          78           2  0.000000000000000E+000 -4.746835443038113E-018
          79           1  0.000000000000000E+000 -2.025316455696306E-017
          79           2  0.000000000000000E+000 -4.746835443038149E-018
          80           1  0.000000000000000E+000 -2.025316455696147E-017
          80           2  0.000000000000000E+000 -4.746835443037852E-018
          81           1  0.000000000000000E+000 -2.025316455695495E-017
          81           2  0.000000000000000E+000 -4.746835443037856E-018
          82           1  0.000000000000000E+000 -2.025316455694651E-017
          82           2  0.000000000000000E+000 -4.746835443034246E-018
          83           1  0.000000000000000E+000 -2.025316455695981E-017
          83           2  0.000000000000000E+000 -4.746835443037324E-018
          84           1  0.000000000000000E+000 -2.025316455696078E-017
          84           2  0.000000000000000E+000 -4.746835443037769E-018
          85           1  0.000000000000000E+000 -2.025316455696141E-017
          85           2  0.000000000000000E+000 -4.746835443037884E-018
          86           1  0.000000000000000E+000 -2.025316455696087E-017
          86           2  0.000000000000000E+000 -4.746835443038037E-018
          87           1  0.000000000000000E+000 -2.025316455696172E-017
          87           2  0.000000000000000E+000 -4.746835443038032E-018
          88           1  0.000000000000000E+000 -2.025316455696084E-017
          88           2  0.000000000000000E+000 -4.746835443037663E-018
          89           1  0.000000000000000E+000 -2.025316455695973E-017
          89           2  0.000000000000000E+000 -4.746835443037404E-018
          90           1  0.000000000000000E+000 -2.025316455696005E-017
          90           2  0.000000000000000E+000 -4.746835443037677E-018
          91           1  0.000000000000000E+000 -2.025316455695965E-017
          91           2  0.000000000000000E+000 -4.746835443037300E-018
          92           1  0.000000000000000E+000 -2.025316455696146E-017
          92           2  0.000000000000000E+000 -4.746835443037948E-018
          93           1  0.000000000000000E+000 -2.025316455696117E-017
          93           2  0.000000000000000E+000 -4.746835443037851E-018
          94           1  0.000000000000000E+000 -2.025316455696133E-017
          94           2  0.000000000000000E+000 -4.746835443038006E-018
          95           1  0.000000000000000E+000 -2.025316455696196E-017
          95           2  0.000000000000000E+000 -4.746835443037930E-018
          96           1  0.000000000000000E+000 -2.025316455696134E-017
          96           2  0.000000000000000E+000 -4.746835443038021E-018
          97           1  0.000000000000000E+000 -2.025316455696217E-017
          97           2  0.000000000000000E+000 -4.746835443038153E-018
          98           1  0.000000000000000E+000 -2.025316455696088E-017
          98           2  0.000000000000000E+000 -4.746835443037775E-018
          99           1  0.000000000000000E+000 -2.025316455696006E-017
          99           2  0.000000000000000E+000 -4.746835443037649E-018
         100           1  0.000000000000000E+000 -2.025316455696135E-017
         100           2  0.000000000000000E+000 -4.746835443037737E-018
