           1           1  0.000000000000000E+000 -7.792746113989305E-016
           1           2  0.000000000000000E+000 -8.207253886010897E-016
           2           1  0.000000000000000E+000 -7.792746113989023E-016
           2           2  0.000000000000000E+000 -8.207253886010044E-016
           3           1  0.000000000000000E+000 -7.792746113989469E-016
           3           2  0.000000000000000E+000 -8.207253886010726E-016
           4           1  0.000000000000000E+000 -7.792746113986269E-016
           4           2  0.000000000000000E+000 -8.207253886006600E-016
           5           1  0.000000000000000E+000 -7.792746113989250E-016
           5           2  0.000000000000000E+000 -8.207253886009643E-016
           6           1  0.000000000000000E+000 -7.792746113988495E-016
           6           2  0.000000000000000E+000 -8.207253886009139E-016
           7           1  0.000000000000000E+000 -7.792746113987615E-016
           7           2  0.000000000000000E+000 -8.207253886009679E-016
           8           1  0.000000000000000E+000 -7.792746113989134E-016
           8           2  0.000000000000000E+000 -8.207253886010010E-016
           9           1  0.000000000000000E+000 -7.792746113988287E-016
           9           2  0.000000000000000E+000 -8.207253886008514E-016
          10           1  0.000000000000000E+000 -7.792746113988107E-016
          10           2  0.000000000000000E+000 -8.207253886009128E-016
          11           1  0.000000000000000E+000 -7.792746113989131E-016
          11           2  0.000000000000000E+000 -8.207253886010794E-016
          12           1  0.000000000000000E+000 -7.792746113988015E-016
          12           2  0.000000000000000E+000 -8.207253886008390E-016
          13           1  0.000000000000000E+000 -7.792746113989655E-016
          13           2  0.000000000000000E+000 -8.207253886012187E-016
          14           1  0.000000000000000E+000 -7.792746113988916E-016
          14           2  0.000000000000000E+000 -8.207253886009740E-016
          15           1  0.000000000000000E+000 -7.792746113988752E-016
          15           2  0.000000000000000E+000 -8.207253886008238E-016
          16           1  0.000000000000000E+000 -7.792746113989432E-016
          16           2  0.000000000000000E+000 -8.207253886010486E-016
          17           1  0.000000000000000E+000 -7.792746113988548E-016
          17           2  0.000000000000000E+000 -8.207253886009360E-016
          18           1  0.000000000000000E+000 -7.792746113991149E-016
          18           2  0.000000000000000E+000 -8.207253886010768E-016
          19           1  0.000000000000000E+000 -7.792746113990090E-016
          19           2  0.000000000000000E+000 -8.207253886012399E-016
          20           1  0.000000000000000E+000 -7.792746113989558E-016
          20           2  0.000000000000000E+000 -8.207253886009999E-016
          21           1  0.000000000000000E+000 -7.792746113988503E-016
          21           2  0.000000000000000E+000 -8.207253886008245E-016
          22           1  0.000000000000000E+000 -7.792746113990498E-016
          22           2  0.000000000000000E+000 -8.207253886010977E-016
          23           1  0.000000000000000E+000 -7.792746113991394E-016
          23           2  0.000000000000000E+000 -8.207253886013188E-016
          24           1  0.000000000000000E+000 -7.792746113988883E-016
          24           2  0.000000000000000E+000 -8.207253886009426E-016
          25           1  0.000000000000000E+000 -7.792746113988613E-016
          25           2  0.000000000000000E+000 -8.207253886008869E-016
          26           1  0.000000000000000E+000 -7.792746113989246E-016
          26           2  0.000000000000000E+000 -8.207253886009766E-016
          27           1  0.000000000000000E+000 -7.792746113987032E-016
          27           2  0.000000000000000E+000 -8.207253886004554E-016
          28           1  0.000000000000000E+000 -7.792746113988571E-016
          28           2  0.000000000000000E+000 -8.207253886006182E-016
          29           1  0.000000000000000E+000 -7.792746113990170E-016
          29           2  0.000000000000000E+000 -8.207253886011854E-016
          30           1  0.000000000000000E+000 -7.792746113988112E-016
          30           2  0.000000000000000E+000 -8.207253886008753E-016
          31           1  0.000000000000000E+000 -7.792746113991235E-016
          31           2  0.000000000000000E+000 -8.207253886012959E-016
          32           1  0.000000000000000E+000 -7.792746113989322E-016
          32           2  0.000000000000000E+000 -8.207253886009837E-016
          33           1  0.000000000000000E+000 -7.792746113989549E-016
          33           2  0.000000000000000E+000 -8.207253886010879E-016
          34           1  0.000000000000000E+000 -7.792746113989337E-016
          34           2  0.000000000000000E+000 -8.207253886010378E-016
          35           1  0.000000000000000E+000 -7.792746113989488E-016
          35           2  0.000000000000000E+000 -8.207253886010075E-016
          36           1  0.000000000000000E+000 -7.792746113988942E-016
          36           2  0.000000000000000E+000 -8.207253886008301E-016
          37           1  0.000000000000000E+000 -7.792746113988796E-016
          37           2  0.000000000000000E+000 -8.207253886009292E-016
          38           1  0.000000000000000E+000 -7.792746113991197E-016
          38           2  0.000000000000000E+000 -8.207253886013344E-016
          39           1  0.000000000000000E+000 -7.792746113989113E-016
          39           2  0.000000000000000E+000 -8.207253886009714E-016
          40           1  0.000000000000000E+000 -7.792746113988650E-016
          40           2  0.000000000000000E+000 -8.207253886009644E-016
          41           1  0.000000000000000E+000 -7.792746113990537E-016
          41           2  0.000000000000000E+000 -8.207253886011407E-016
          42           1  0.000000000000000E+000 -7.792746113988352E-016
          42           2  0.000000000000000E+000 -8.207253886008864E-016
          43           1  0.000000000000000E+000 -7.792746113990119E-016
          43           2  0.000000000000000E+000 -8.207253886011091E-016
          44           1  0.000000000000000E+000 -7.792746113990655E-016
          44           2  0.000000000000000E+000 -8.207253886011631E-016
          45           1  0.000000000000000E+000 -7.792746113988982E-016
          45           2  0.000000000000000E+000 -8.207253886009564E-016
          46           1  0.000000000000000E+000 -7.792746113990370E-016
          46           2  0.000000000000000E+000 -8.207253886012042E-016
          47           1  0.000000000000000E+000 -7.792746113989185E-016
          47           2  0.000000000000000E+000 -8.207253886010186E-016
          48           1  0.000000000000000E+000 -7.792746113988059E-016
          48           2  0.000000000000000E+000 -8.207253886008086E-016
          49           1  0.000000000000000E+000 -7.792746113986433E-016
          49           2  0.000000000000000E+000 -8.207253886006176E-016
          50           1  0.000000000000000E+000 -7.792746113987914E-016
          50           2  0.000000000000000E+000 -8.207253886008579E-016
          51           1  0.000000000000000E+000 -7.792746113989552E-016
          51           2  0.000000000000000E+000 -8.207253886010538E-016
          52           1  0.000000000000000E+000 -7.792746113988400E-016
          52           2  0.000000000000000E+000 -8.207253886008500E-016
          53           1  0.000000000000000E+000 -7.792746113988300E-016
          53           2  0.000000000000000E+000 -8.207253886009714E-016
          54           1  0.000000000000000E+000 -7.792746113989144E-016
          54           2  0.000000000000000E+000 -8.207253886010869E-016
          55           1  0.000000000000000E+000 -7.792746113989808E-016
          55           2  0.000000000000000E+000 -8.207253886010448E-016
          56           1  0.000000000000000E+000 -7.792746113988762E-016
          56           2  0.000000000000000E+000 -8.207253886008233E-016
          57           1  0.000000000000000E+000 -7.792746113988069E-016
          57           2  0.000000000000000E+000 -8.207253886006286E-016
          58           1  0.000000000000000E+000 -7.792746113990060E-016
          58           2  0.000000000000000E+000 -8.207253886011938E-016
          59           1  0.000000000000000E+000 -7.792746113990071E-016
          59           2  0.000000000000000E+000 -8.207253886012077E-016
          60           1  0.000000000000000E+000 -7.792746113987596E-016
          60           2  0.000000000000000E+000 -8.207253886008426E-016
          61           1  0.000000000000000E+000 -7.792746113992004E-016
          61           2  0.000000000000000E+000 -8.207253886014451E-016
          62           1  0.000000000000000E+000 -7.792746113990028E-016
          62           2  0.000000000000000E+000 -8.207253886011769E-016
          63           1  0.000000000000000E+000 -7.792746113988349E-016
          63           2  0.000000000000000E+000 -8.207253886008468E-016
          64           1  0.000000000000000E+000 -7.792746113987947E-016
          64           2  0.000000000000000E+000 -8.207253886007159E-016
          65           1  0.000000000000000E+000 -7.792746113988017E-016
          65           2  0.000000000000000E+000 -8.207253886007879E-016
          66           1  0.000000000000000E+000 -7.792746113988522E-016
          66           2  0.000000000000000E+000 -8.207253886009415E-016
          67           1  0.000000000000000E+000 -7.792746113990057E-016
          67           2  0.000000000000000E+000 -8.207253886011129E-016
          68           1  0.000000000000000E+000 -7.792746113990228E-016
          68           2  0.000000000000000E+000 -8.207253886011180E-016
          69           1  0.000000000000000E+000 -7.792746113988558E-016
          69           2  0.000000000000000E+000 -8.207253886008994E-016
          70           1  0.000000000000000E+000 -7.792746113989986E-016
          70           2  0.000000000000000E+000 -8.207253886010979E-016
          71           1  0.000000000000000E+000 -7.792746113987026E-016
          71           2  0.000000000000000E+000 -8.207253886007188E-016
          72           1  0.000000000000000E+000 -7.792746113987903E-016
          72           2  0.000000000000000E+000 -8.207253886008921E-016
          73           1  0.000000000000000E+000 -7.792746113988680E-016
          73           2  0.000000000000000E+000 -8.207253886009069E-016
          74           1  0.000000000000000E+000 -7.792746113987993E-016
          74           2  0.000000000000000E+000 -8.207253886009292E-016
          75           1  0.000000000000000E+000 -7.792746113989168E-016
          75           2  0.000000000000000E+000 -8.207253886008868E-016
          76           1  0.000000000000000E+000 -7.792746113989883E-016
          76           2  0.000000000000000E+000 -8.207253886008870E-016
          77           1  0.000000000000000E+000 -7.792746113988301E-016
          77           2  0.000000000000000E+000 -8.207253886009276E-016
          78           1  0.000000000000000E+000 -7.792746113988152E-016
          78           2  0.000000000000000E+000 -8.207253886006346E-016
          79           1  0.000000000000000E+000 -7.792746113989070E-016
          79           2  0.000000000000000E+000 -8.207253886009283E-016
          80           1  0.000000000000000E+000 -7.792746113989395E-016
          80           2  0.000000000000000E+000 -8.207253886010296E-016
          81           1  0.000000000000000E+000 -7.792746113989203E-016
          81           2  0.000000000000000E+000 -8.207253886009804E-016
          82           1  0.000000000000000E+000 -7.792746113988174E-016
          82           2  0.000000000000000E+000 -8.207253886008299E-016
          83           1  0.000000000000000E+000 -7.792746113990269E-016
          83           2  0.000000000000000E+000 -8.207253886011591E-016
          84           1  0.000000000000000E+000 -7.792746113988659E-016
          84           2  0.000000000000000E+000 -8.207253886009226E-016
          85           1  0.000000000000000E+000 -7.792746113989760E-016
          85           2  0.000000000000000E+000 -8.207253886010520E-016
          86           1  0.000000000000000E+000 -7.792746113988603E-016
          86           2  0.000000000000000E+000 -8.207253886009060E-016
          87           1  0.000000000000000E+000 -7.792746113989655E-016
          87           2  0.000000000000000E+000 -8.207253886010478E-016
          88           1  0.000000000000000E+000 -7.792746113987760E-016
          88           2  0.000000000000000E+000 -8.207253886008177E-016
          89           1  0.000000000000000E+000 -7.792746113989286E-016
          89           2  0.000000000000000E+000 -8.207253886010685E-016
          90           1  0.000000000000000E+000 -7.792746113989541E-016
          90           2  0.000000000000000E+000 -8.207253886009861E-016
          91           1  0.000000000000000E+000 -7.792746113989030E-016
          91           2  0.000000000000000E+000 -8.207253886009406E-016
          92           1  0.000000000000000E+000 -7.792746113988757E-016
          92           2  0.000000000000000E+000 -8.207253886009561E-016
          93           1  0.000000000000000E+000 -7.792746113989336E-016
          93           2  0.000000000000000E+000 -8.207253886011646E-016
          94           1  0.000000000000000E+000 -7.792746113987990E-016
          94           2  0.000000000000000E+000 -8.207253886008846E-016
          95           1  0.000000000000000E+000 -7.792746113989477E-016
          95           2  0.000000000000000E+000 -8.207253886012129E-016
          96           1  0.000000000000000E+000 -7.792746113989606E-016
          96           2  0.000000000000000E+000 -8.207253886012011E-016
          97           1  0.000000000000000E+000 -7.792746113989105E-016
          97           2  0.000000000000000E+000 -8.207253886009240E-016
          98           1  0.000000000000000E+000 -7.792746113990662E-016
          98           2  0.000000000000000E+000 -8.207253886012143E-016
          99           1  0.000000000000000E+000 -7.792746113990010E-016
          99           2  0.000000000000000E+000 -8.207253886011043E-016
         100           1  0.000000000000000E+000 -7.792746113988999E-016
         100           2  0.000000000000000E+000 -8.207253886009686E-016
         101           1  0.000000000000000E+000 -7.792746113989472E-016
         101           2  0.000000000000000E+000 -8.207253886010489E-016
         102           1  0.000000000000000E+000 -7.792746113989281E-016
         102           2  0.000000000000000E+000 -8.207253886009599E-016
         103           1  0.000000000000000E+000 -7.792746113988580E-016
         103           2  0.000000000000000E+000 -8.207253886008221E-016
         104           1  0.000000000000000E+000 -7.792746113988114E-016
         104           2  0.000000000000000E+000 -8.207253886007989E-016
         105           1  0.000000000000000E+000 -7.792746113989502E-016
         105           2  0.000000000000000E+000 -8.207253886010470E-016
         106           1  0.000000000000000E+000 -7.792746113988990E-016
         106           2  0.000000000000000E+000 -8.207253886010361E-016
         107           1  0.000000000000000E+000 -7.792746113989032E-016
         107           2  0.000000000000000E+000 -8.207253886009807E-016
         108           1  0.000000000000000E+000 -7.792746113987804E-016
         108           2  0.000000000000000E+000 -8.207253886008046E-016
         109           1  0.000000000000000E+000 -7.792746113987985E-016
         109           2  0.000000000000000E+000 -8.207253886008794E-016
         110           1  0.000000000000000E+000 -7.792746113989190E-016
         110           2  0.000000000000000E+000 -8.207253886010542E-016
         111           1  0.000000000000000E+000 -7.792746113989099E-016
         111           2  0.000000000000000E+000 -8.207253886010471E-016
         112           1  0.000000000000000E+000 -7.792746113989520E-016
         112           2  0.000000000000000E+000 -8.207253886010767E-016
         113           1  0.000000000000000E+000 -7.792746113988677E-016
         113           2  0.000000000000000E+000 -8.207253886009476E-016
         114           1  0.000000000000000E+000 -7.792746113989922E-016
         114           2  0.000000000000000E+000 -8.207253886010771E-016
         115           1  0.000000000000000E+000 -7.792746113989161E-016
         115           2  0.000000000000000E+000 -8.207253886010140E-016
         116           1  0.000000000000000E+000 -7.792746113988652E-016
         116           2  0.000000000000000E+000 -8.207253886009550E-016
         117           1  0.000000000000000E+000 -7.792746113989177E-016
         117           2  0.000000000000000E+000 -8.207253886009875E-016
         118           1  0.000000000000000E+000 -7.792746113987890E-016
         118           2  0.000000000000000E+000 -8.207253886007730E-016
         119           1  0.000000000000000E+000 -7.792746113990109E-016
         119           2  0.000000000000000E+000 -8.207253886011670E-016
         120           1  0.000000000000000E+000 -7.792746113989282E-016
         120           2  0.000000000000000E+000 -8.207253886009686E-016
         121           1  0.000000000000000E+000 -7.792746113988898E-016
         121           2  0.000000000000000E+000 -8.207253886009814E-016
         122           1  0.000000000000000E+000 -7.792746113989147E-016
         122           2  0.000000000000000E+000 -8.207253886010221E-016
         123           1  0.000000000000000E+000 -7.792746113987975E-016
         123           2  0.000000000000000E+000 -8.207253886008952E-016
         124           1  0.000000000000000E+000 -7.792746113988775E-016
         124           2  0.000000000000000E+000 -8.207253886009574E-016
         125           1  0.000000000000000E+000 -7.792746113988776E-016
         125           2  0.000000000000000E+000 -8.207253886009743E-016
         126           1  0.000000000000000E+000 -7.792746113989444E-016
         126           2  0.000000000000000E+000 -8.207253886010523E-016
         127           1  0.000000000000000E+000 -7.792746113988978E-016
         127           2  0.000000000000000E+000 -8.207253886009933E-016
         128           1  0.000000000000000E+000 -7.792746113988324E-016
         128           2  0.000000000000000E+000 -8.207253886008371E-016
         129           1  0.000000000000000E+000 -7.792746113988074E-016
         129           2  0.000000000000000E+000 -8.207253886008595E-016
         130           1  0.000000000000000E+000 -7.792746113988711E-016
         130           2  0.000000000000000E+000 -8.207253886009988E-016
         131           1  0.000000000000000E+000 -7.792746113987884E-016
         131           2  0.000000000000000E+000 -8.207253886008614E-016
         132           1  0.000000000000000E+000 -7.792746113988073E-016
         132           2  0.000000000000000E+000 -8.207253886007617E-016
         133           1  0.000000000000000E+000 -7.792746113988395E-016
         133           2  0.000000000000000E+000 -8.207253886009003E-016
         134           1  0.000000000000000E+000 -7.792746113989310E-016
         134           2  0.000000000000000E+000 -8.207253886011210E-016
         135           1  0.000000000000000E+000 -7.792746113988993E-016
         135           2  0.000000000000000E+000 -8.207253886009091E-016
         136           1  0.000000000000000E+000 -7.792746113989221E-016
         136           2  0.000000000000000E+000 -8.207253886009163E-016
         137           1  0.000000000000000E+000 -7.792746113989370E-016
         137           2  0.000000000000000E+000 -8.207253886010074E-016
         138           1  0.000000000000000E+000 -7.792746113989147E-016
         138           2  0.000000000000000E+000 -8.207253886009673E-016
         139           1  0.000000000000000E+000 -7.792746113989175E-016
         139           2  0.000000000000000E+000 -8.207253886009895E-016
         140           1  0.000000000000000E+000 -7.792746113988920E-016
         140           2  0.000000000000000E+000 -8.207253886009751E-016
         141           1  0.000000000000000E+000 -7.792746113989899E-016
         141           2  0.000000000000000E+000 -8.207253886010717E-016
         142           1  0.000000000000000E+000 -7.792746113988500E-016
         142           2  0.000000000000000E+000 -8.207253886010478E-016
         143           1  0.000000000000000E+000 -7.792746113989957E-016
         143           2  0.000000000000000E+000 -8.207253886011580E-016
         144           1  0.000000000000000E+000 -7.792746113986677E-016
         144           2  0.000000000000000E+000 -8.207253886007562E-016
         145           1  0.000000000000000E+000 -7.792746113988384E-016
         145           2  0.000000000000000E+000 -8.207253886009341E-016
         146           1  0.000000000000000E+000 -7.792746113989229E-016
         146           2  0.000000000000000E+000 -8.207253886010311E-016
         147           1  0.000000000000000E+000 -7.792746113989826E-016
         147           2  0.000000000000000E+000 -8.207253886011346E-016
         148           1  0.000000000000000E+000 -7.792746113988204E-016
         148           2  0.000000000000000E+000 -8.207253886008284E-016
         149           1  0.000000000000000E+000 -7.792746113987985E-016
         149           2  0.000000000000000E+000 -8.207253886008701E-016
         150           1  0.000000000000000E+000 -7.792746113988219E-016
         150           2  0.000000000000000E+000 -8.207253886008950E-016
         151           1  0.000000000000000E+000 -7.792746113988175E-016
         151           2  0.000000000000000E+000 -8.207253886009269E-016
         152           1  0.000000000000000E+000 -7.792746113988333E-016
         152           2  0.000000000000000E+000 -8.207253886009291E-016
         153           1  0.000000000000000E+000 -7.792746113988893E-016
         153           2  0.000000000000000E+000 -8.207253886009734E-016
         154           1  0.000000000000000E+000 -7.792746113988680E-016
         154           2  0.000000000000000E+000 -8.207253886009553E-016
         155           1  0.000000000000000E+000 -7.792746113988601E-016
         155           2  0.000000000000000E+000 -8.207253886009541E-016
         156           1  0.000000000000000E+000 -7.792746113989289E-016
         156           2  0.000000000000000E+000 -8.207253886010728E-016
         157           1  0.000000000000000E+000 -7.792746113987175E-016
         157           2  0.000000000000000E+000 -8.207253886006964E-016
         158           1  0.000000000000000E+000 -7.792746113989425E-016
         158           2  0.000000000000000E+000 -8.207253886010687E-016
         159           1  0.000000000000000E+000 -7.792746113989287E-016
         159           2  0.000000000000000E+000 -8.207253886010058E-016
         160           1  0.000000000000000E+000 -7.792746113988108E-016
         160           2  0.000000000000000E+000 -8.207253886008124E-016
         161           1  0.000000000000000E+000 -7.792746113988601E-016
         161           2  0.000000000000000E+000 -8.207253886009277E-016
         162           1  0.000000000000000E+000 -7.792746113987910E-016
         162           2  0.000000000000000E+000 -8.207253886008133E-016
         163           1  0.000000000000000E+000 -7.792746113988648E-016
         163           2  0.000000000000000E+000 -8.207253886009441E-016
         164           1  0.000000000000000E+000 -7.792746113987581E-016
         164           2  0.000000000000000E+000 -8.207253886007999E-016
         165           1  0.000000000000000E+000 -7.792746113988334E-016
         165           2  0.000000000000000E+000 -8.207253886009154E-016
         166           1  0.000000000000000E+000 -7.792746113989254E-016
         166           2  0.000000000000000E+000 -8.207253886010149E-016
         167           1  0.000000000000000E+000 -7.792746113988836E-016
         167           2  0.000000000000000E+000 -8.207253886011282E-016
         168           1  0.000000000000000E+000 -7.792746113987867E-016
         168           2  0.000000000000000E+000 -8.207253886008350E-016
         169           1  0.000000000000000E+000 -7.792746113988585E-016
         169           2  0.000000000000000E+000 -8.207253886009882E-016
         170           1  0.000000000000000E+000 -7.792746113988092E-016
         170           2  0.000000000000000E+000 -8.207253886008429E-016
         171           1  0.000000000000000E+000 -7.792746113987504E-016
         171           2  0.000000000000000E+000 -8.207253886007891E-016
         172           1  0.000000000000000E+000 -7.792746113988046E-016
         172           2  0.000000000000000E+000 -8.207253886008466E-016
         173           1  0.000000000000000E+000 -7.792746113988800E-016
         173           2  0.000000000000000E+000 -8.207253886009782E-016
         174           1  0.000000000000000E+000 -7.792746113989464E-016
         174           2  0.000000000000000E+000 -8.207253886010201E-016
         175           1  0.000000000000000E+000 -7.792746113989012E-016
         175           2  0.000000000000000E+000 -8.207253886010423E-016
         176           1  0.000000000000000E+000 -7.792746113988565E-016
         176           2  0.000000000000000E+000 -8.207253886009072E-016
         177           1  0.000000000000000E+000 -7.792746113989060E-016
         177           2  0.000000000000000E+000 -8.207253886010404E-016
         178           1  0.000000000000000E+000 -7.792746113988702E-016
         178           2  0.000000000000000E+000 -8.207253886008991E-016
         179           1  0.000000000000000E+000 -7.792746113990296E-016
         179           2  0.000000000000000E+000 -8.207253886011156E-016
         180           1  0.000000000000000E+000 -7.792746113989124E-016
         180           2  0.000000000000000E+000 -8.207253886010070E-016
         181           1  0.000000000000000E+000 -7.792746113988583E-016
         181           2  0.000000000000000E+000 -8.207253886009024E-016
         182           1  0.000000000000000E+000 -7.792746113991469E-016
         182           2  0.000000000000000E+000 -8.207253886012556E-016
         183           1  0.000000000000000E+000 -7.792746113988000E-016
         183           2  0.000000000000000E+000 -8.207253886009482E-016
         184           1  0.000000000000000E+000 -7.792746113988449E-016
         184           2  0.000000000000000E+000 -8.207253886009496E-016
         185           1  0.000000000000000E+000 -7.792746113988301E-016
         185           2  0.000000000000000E+000 -8.207253886008731E-016
         186           1  0.000000000000000E+000 -7.792746113988913E-016
         186           2  0.000000000000000E+000 -8.207253886010257E-016
         187           1  0.000000000000000E+000 -7.792746113989180E-016
         187           2  0.000000000000000E+000 -8.207253886010713E-016
         188           1  0.000000000000000E+000 -7.792746113988240E-016
         188           2  0.000000000000000E+000 -8.207253886009795E-016
         189           1  0.000000000000000E+000 -7.792746113989138E-016
         189           2  0.000000000000000E+000 -8.207253886011000E-016
         190           1  0.000000000000000E+000 -7.792746113988117E-016
         190           2  0.000000000000000E+000 -8.207253886008492E-016
         191           1  0.000000000000000E+000 -7.792746113987102E-016
         191           2  0.000000000000000E+000 -8.207253886007555E-016
         192           1  0.000000000000000E+000 -7.792746113988578E-016
         192           2  0.000000000000000E+000 -8.207253886009185E-016
         193           1  0.000000000000000E+000 -7.792746113988889E-016
         193           2  0.000000000000000E+000 -8.207253886009805E-016
         194           1  0.000000000000000E+000 -7.792746113988494E-016
         194           2  0.000000000000000E+000 -8.207253886008957E-016
         195           1  0.000000000000000E+000 -7.792746113990342E-016
         195           2  0.000000000000000E+000 -8.207253886011981E-016
         196           1  0.000000000000000E+000 -7.792746113989004E-016
         196           2  0.000000000000000E+000 -8.207253886010030E-016
         197           1  0.000000000000000E+000 -7.792746113988500E-016
         197           2  0.000000000000000E+000 -8.207253886010436E-016
         198           1  0.000000000000000E+000 -7.792746113989651E-016
         198           2  0.000000000000000E+000 -8.207253886010602E-016
         199           1  0.000000000000000E+000 -7.792746113989710E-016
         199           2  0.000000000000000E+000 -8.207253886010413E-016
         200           1  0.000000000000000E+000 -7.792746113989616E-016
         200           2  0.000000000000000E+000 -8.207253886010974E-016
         201           1  0.000000000000000E+000 -7.792746113987232E-016
         201           2  0.000000000000000E+000 -8.207253886008018E-016
         202           1  0.000000000000000E+000 -7.792746113987676E-016
         202           2  0.000000000000000E+000 -8.207253886007837E-016
         203           1  0.000000000000000E+000 -7.792746113988468E-016
         203           2  0.000000000000000E+000 -8.207253886009715E-016
         204           1  0.000000000000000E+000 -7.792746113987861E-016
         204           2  0.000000000000000E+000 -8.207253886007742E-016
         205           1  0.000000000000000E+000 -7.792746113988455E-016
         205           2  0.000000000000000E+000 -8.207253886009718E-016
         206           1  0.000000000000000E+000 -7.792746113990463E-016
         206           2  0.000000000000000E+000 -8.207253886011860E-016
         207           1  0.000000000000000E+000 -7.792746113987970E-016
         207           2  0.000000000000000E+000 -8.207253886008687E-016
         208           1  0.000000000000000E+000 -7.792746113989751E-016
         208           2  0.000000000000000E+000 -8.207253886010526E-016
         209           1  0.000000000000000E+000 -7.792746113989427E-016
         209           2  0.000000000000000E+000 -8.207253886010708E-016
         210           1  0.000000000000000E+000 -7.792746113988156E-016
         210           2  0.000000000000000E+000 -8.207253886009873E-016
         211           1  0.000000000000000E+000 -7.792746113988652E-016
         211           2  0.000000000000000E+000 -8.207253886008982E-016
         212           1  0.000000000000000E+000 -7.792746113987211E-016
         212           2  0.000000000000000E+000 -8.207253886007670E-016
         213           1  0.000000000000000E+000 -7.792746113989400E-016
         213           2  0.000000000000000E+000 -8.207253886010793E-016
         214           1  0.000000000000000E+000 -7.792746113988814E-016
         214           2  0.000000000000000E+000 -8.207253886009880E-016
         215           1  0.000000000000000E+000 -7.792746113990163E-016
         215           2  0.000000000000000E+000 -8.207253886010922E-016
         216           1  0.000000000000000E+000 -7.792746113988786E-016
         216           2  0.000000000000000E+000 -8.207253886009841E-016
         217           1  0.000000000000000E+000 -7.792746113988233E-016
         217           2  0.000000000000000E+000 -8.207253886008991E-016
         218           1  0.000000000000000E+000 -7.792746113987138E-016
         218           2  0.000000000000000E+000 -8.207253886007377E-016
         219           1  0.000000000000000E+000 -7.792746113989253E-016
         219           2  0.000000000000000E+000 -8.207253886008964E-016
         220           1  0.000000000000000E+000 -7.792746113988369E-016
         220           2  0.000000000000000E+000 -8.207253886010051E-016
         221           1  0.000000000000000E+000 -7.792746113987205E-016
         221           2  0.000000000000000E+000 -8.207253886007096E-016
         222           1  0.000000000000000E+000 -7.792746113987949E-016
         222           2  0.000000000000000E+000 -8.207253886009386E-016
         223           1  0.000000000000000E+000 -7.792746113987680E-016
         223           2  0.000000000000000E+000 -8.207253886007787E-016
         224           1  0.000000000000000E+000 -7.792746113988080E-016
         224           2  0.000000000000000E+000 -8.207253886008204E-016
         225           1  0.000000000000000E+000 -7.792746113989745E-016
         225           2  0.000000000000000E+000 -8.207253886010937E-016
         226           1  0.000000000000000E+000 -7.792746113988201E-016
         226           2  0.000000000000000E+000 -8.207253886008859E-016
         227           1  0.000000000000000E+000 -7.792746113989084E-016
         227           2  0.000000000000000E+000 -8.207253886010559E-016
         228           1  0.000000000000000E+000 -7.792746113988619E-016
         228           2  0.000000000000000E+000 -8.207253886009265E-016
         229           1  0.000000000000000E+000 -7.792746113987459E-016
         229           2  0.000000000000000E+000 -8.207253886008356E-016
         230           1  0.000000000000000E+000 -7.792746113987571E-016
         230           2  0.000000000000000E+000 -8.207253886007978E-016
         231           1  0.000000000000000E+000 -7.792746113985875E-016
         231           2  0.000000000000000E+000 -8.207253886006437E-016
         232           1  0.000000000000000E+000 -7.792746113987256E-016
         232           2  0.000000000000000E+000 -8.207253886008547E-016
         233           1  0.000000000000000E+000 -7.792746113987306E-016
         233           2  0.000000000000000E+000 -8.207253886007341E-016
         234           1  0.000000000000000E+000 -7.792746113988186E-016
         234           2  0.000000000000000E+000 -8.207253886008136E-016
         235           1  0.000000000000000E+000 -7.792746113988901E-016
         235           2  0.000000000000000E+000 -8.207253886009820E-016
         236           1  0.000000000000000E+000 -7.792746113988143E-016
         236           2  0.000000000000000E+000 -8.207253886008861E-016
         237           1  0.000000000000000E+000 -7.792746113988453E-016
         237           2  0.000000000000000E+000 -8.207253886008558E-016
         238           1  0.000000000000000E+000 -7.792746113988581E-016
         238           2  0.000000000000000E+000 -8.207253886009341E-016
         239           1  0.000000000000000E+000 -7.792746113987923E-016
         239           2  0.000000000000000E+000 -8.207253886006491E-016
         240           1  0.000000000000000E+000 -7.792746113988731E-016
         240           2  0.000000000000000E+000 -8.207253886009396E-016
         241           1  0.000000000000000E+000 -7.792746113989166E-016
         241           2  0.000000000000000E+000 -8.207253886010285E-016
         242           1  0.000000000000000E+000 -7.792746113988725E-016
         242           2  0.000000000000000E+000 -8.207253886010702E-016
         243           1  0.000000000000000E+000 -7.792746113988320E-016
         243           2  0.000000000000000E+000 -8.207253886009144E-016
         244           1  0.000000000000000E+000 -7.792746113987902E-016
         244           2  0.000000000000000E+000 -8.207253886007522E-016
         245           1  0.000000000000000E+000 -7.792746113988840E-016
         245           2  0.000000000000000E+000 -8.207253886009319E-016
         246           1  0.000000000000000E+000 -7.792746113988140E-016
         246           2  0.000000000000000E+000 -8.207253886009018E-016
         247           1  0.000000000000000E+000 -7.792746113988363E-016
         247           2  0.000000000000000E+000 -8.207253886009192E-016
         248           1  0.000000000000000E+000 -7.792746113988149E-016
         248           2  0.000000000000000E+000 -8.207253886008503E-016
         249           1  0.000000000000000E+000 -7.792746113988692E-016
         249           2  0.000000000000000E+000 -8.207253886010012E-016
         250           1  0.000000000000000E+000 -7.792746113988771E-016
         250           2  0.000000000000000E+000 -8.207253886009174E-016
         251           1  0.000000000000000E+000 -7.792746113987339E-016
         251           2  0.000000000000000E+000 -8.207253886007789E-016
         252           1  0.000000000000000E+000 -7.792746113987008E-016
         252           2  0.000000000000000E+000 -8.207253886007275E-016
         253           1  0.000000000000000E+000 -7.792746113988864E-016
         253           2  0.000000000000000E+000 -8.207253886009642E-016
         254           1  0.000000000000000E+000 -7.792746113988619E-016
         254           2  0.000000000000000E+000 -8.207253886008581E-016
         255           1  0.000000000000000E+000 -7.792746113988877E-016
         255           2  0.000000000000000E+000 -8.207253886009355E-016
         256           1  0.000000000000000E+000 -7.792746113988490E-016
         256           2  0.000000000000000E+000 -8.207253886008548E-016
         257           1  0.000000000000000E+000 -7.792746113989548E-016
         257           2  0.000000000000000E+000 -8.207253886010055E-016
         258           1  0.000000000000000E+000 -7.792746113989106E-016
         258           2  0.000000000000000E+000 -8.207253886009534E-016
         259           1  0.000000000000000E+000 -7.792746113988608E-016
         259           2  0.000000000000000E+000 -8.207253886009007E-016
         260           1  0.000000000000000E+000 -7.792746113989363E-016
         260           2  0.000000000000000E+000 -8.207253886009400E-016
         261           1  0.000000000000000E+000 -7.792746113988987E-016
         261           2  0.000000000000000E+000 -8.207253886010039E-016
         262           1  0.000000000000000E+000 -7.792746113986965E-016
         262           2  0.000000000000000E+000 -8.207253886004976E-016
         263           1  0.000000000000000E+000 -7.792746113988890E-016
         263           2  0.000000000000000E+000 -8.207253886009074E-016
         264           1  0.000000000000000E+000 -7.792746113989781E-016
         264           2  0.000000000000000E+000 -8.207253886011557E-016
         265           1  0.000000000000000E+000 -7.792746113989306E-016
         265           2  0.000000000000000E+000 -8.207253886010483E-016
         266           1  0.000000000000000E+000 -7.792746113989586E-016
         266           2  0.000000000000000E+000 -8.207253886011776E-016
         267           1  0.000000000000000E+000 -7.792746113988415E-016
         267           2  0.000000000000000E+000 -8.207253886008237E-016
         268           1  0.000000000000000E+000 -7.792746113989212E-016
         268           2  0.000000000000000E+000 -8.207253886010214E-016
         269           1  0.000000000000000E+000 -7.792746113988381E-016
         269           2  0.000000000000000E+000 -8.207253886008357E-016
         270           1  0.000000000000000E+000 -7.792746113988225E-016
         270           2  0.000000000000000E+000 -8.207253886008353E-016
         271           1  0.000000000000000E+000 -7.792746113987964E-016
         271           2  0.000000000000000E+000 -8.207253886008175E-016
         272           1  0.000000000000000E+000 -7.792746113988576E-016
         272           2  0.000000000000000E+000 -8.207253886009464E-016
         273           1  0.000000000000000E+000 -7.792746113988730E-016
         273           2  0.000000000000000E+000 -8.207253886009555E-016
         274           1  0.000000000000000E+000 -7.792746113988907E-016
         274           2  0.000000000000000E+000 -8.207253886009354E-016
         275           1  0.000000000000000E+000 -7.792746113989089E-016
         275           2  0.000000000000000E+000 -8.207253886009792E-016
         276           1  0.000000000000000E+000 -7.792746113989916E-016
         276           2  0.000000000000000E+000 -8.207253886012421E-016
         277           1  0.000000000000000E+000 -7.792746113989397E-016
         277           2  0.000000000000000E+000 -8.207253886011752E-016
         278           1  0.000000000000000E+000 -7.792746113989657E-016
         278           2  0.000000000000000E+000 -8.207253886010593E-016
         279           1  0.000000000000000E+000 -7.792746113987827E-016
         279           2  0.000000000000000E+000 -8.207253886008093E-016
         280           1  0.000000000000000E+000 -7.792746113990018E-016
         280           2  0.000000000000000E+000 -8.207253886009691E-016
         281           1  0.000000000000000E+000 -7.792746113987759E-016
         281           2  0.000000000000000E+000 -8.207253886008550E-016
         282           1  0.000000000000000E+000 -7.792746113989043E-016
         282           2  0.000000000000000E+000 -8.207253886010215E-016
         283           1  0.000000000000000E+000 -7.792746113991334E-016
         283           2  0.000000000000000E+000 -8.207253886013713E-016
         284           1  0.000000000000000E+000 -7.792746113990523E-016
         284           2  0.000000000000000E+000 -8.207253886012010E-016
         285           1  0.000000000000000E+000 -7.792746113988671E-016
         285           2  0.000000000000000E+000 -8.207253886008995E-016
         286           1  0.000000000000000E+000 -7.792746113989348E-016
         286           2  0.000000000000000E+000 -8.207253886010195E-016
         287           1  0.000000000000000E+000 -7.792746113989107E-016
         287           2  0.000000000000000E+000 -8.207253886009824E-016
         288           1  0.000000000000000E+000 -7.792746113988326E-016
         288           2  0.000000000000000E+000 -8.207253886009124E-016
         289           1  0.000000000000000E+000 -7.792746113989017E-016
         289           2  0.000000000000000E+000 -8.207253886009845E-016
         290           1  0.000000000000000E+000 -7.792746113988677E-016
         290           2  0.000000000000000E+000 -8.207253886009058E-016
         291           1  0.000000000000000E+000 -7.792746113988662E-016
         291           2  0.000000000000000E+000 -8.207253886009514E-016
         292           1  0.000000000000000E+000 -7.792746113987898E-016
         292           2  0.000000000000000E+000 -8.207253886008243E-016
         293           1  0.000000000000000E+000 -7.792746113988658E-016
         293           2  0.000000000000000E+000 -8.207253886008214E-016
         294           1  0.000000000000000E+000 -7.792746113988964E-016
         294           2  0.000000000000000E+000 -8.207253886008672E-016
         295           1  0.000000000000000E+000 -7.792746113989208E-016
         295           2  0.000000000000000E+000 -8.207253886010175E-016
         296           1  0.000000000000000E+000 -7.792746113988424E-016
         296           2  0.000000000000000E+000 -8.207253886009045E-016
         297           1  0.000000000000000E+000 -7.792746113988727E-016
         297           2  0.000000000000000E+000 -8.207253886009056E-016
         298           1  0.000000000000000E+000 -7.792746113987360E-016
         298           2  0.000000000000000E+000 -8.207253886006922E-016
         299           1  0.000000000000000E+000 -7.792746113991010E-016
         299           2  0.000000000000000E+000 -8.207253886012379E-016
         300           1  0.000000000000000E+000 -7.792746113988797E-016
         300           2  0.000000000000000E+000 -8.207253886008860E-016
         301           1  0.000000000000000E+000 -7.792746113989021E-016
         301           2  0.000000000000000E+000 -8.207253886009539E-016
         302           1  0.000000000000000E+000 -7.792746113988689E-016
         302           2  0.000000000000000E+000 -8.207253886009398E-016
         303           1  0.000000000000000E+000 -7.792746113988792E-016
         303           2  0.000000000000000E+000 -8.207253886009227E-016
         304           1  0.000000000000000E+000 -7.792746113987972E-016
         304           2  0.000000000000000E+000 -8.207253886007266E-016
         305           1  0.000000000000000E+000 -7.792746113988919E-016
         305           2  0.000000000000000E+000 -8.207253886009930E-016
         306           1  0.000000000000000E+000 -7.792746113990139E-016
         306           2  0.000000000000000E+000 -8.207253886013406E-016
         307           1  0.000000000000000E+000 -7.792746113988344E-016
         307           2  0.000000000000000E+000 -8.207253886008904E-016
         308           1  0.000000000000000E+000 -7.792746113989673E-016
         308           2  0.000000000000000E+000 -8.207253886011235E-016
         309           1  0.000000000000000E+000 -7.792746113988462E-016
         309           2  0.000000000000000E+000 -8.207253886009209E-016
         310           1  0.000000000000000E+000 -7.792746113989061E-016
         310           2  0.000000000000000E+000 -8.207253886009312E-016
         311           1  0.000000000000000E+000 -7.792746113988555E-016
         311           2  0.000000000000000E+000 -8.207253886009062E-016
         312           1  0.000000000000000E+000 -7.792746113987693E-016
         312           2  0.000000000000000E+000 -8.207253886007822E-016
         313           1  0.000000000000000E+000 -7.792746113988869E-016
         313           2  0.000000000000000E+000 -8.207253886009249E-016
         314           1  0.000000000000000E+000 -7.792746113989303E-016
         314           2  0.000000000000000E+000 -8.207253886010516E-016
         315           1  0.000000000000000E+000 -7.792746113988903E-016
         315           2  0.000000000000000E+000 -8.207253886008931E-016
         316           1  0.000000000000000E+000 -7.792746113990505E-016
         316           2  0.000000000000000E+000 -8.207253886011682E-016
         317           1  0.000000000000000E+000 -7.792746113988823E-016
         317           2  0.000000000000000E+000 -8.207253886009618E-016
         318           1  0.000000000000000E+000 -7.792746113989971E-016
         318           2  0.000000000000000E+000 -8.207253886010164E-016
         319           1  0.000000000000000E+000 -7.792746113988696E-016
         319           2  0.000000000000000E+000 -8.207253886009501E-016
         320           1  0.000000000000000E+000 -7.792746113989247E-016
         320           2  0.000000000000000E+000 -8.207253886009964E-016
         321           1  0.000000000000000E+000 -7.792746113988713E-016
         321           2  0.000000000000000E+000 -8.207253886009597E-016
         322           1  0.000000000000000E+000 -7.792746113989477E-016
         322           2  0.000000000000000E+000 -8.207253886010542E-016
         323           1  0.000000000000000E+000 -7.792746113988460E-016
         323           2  0.000000000000000E+000 -8.207253886008621E-016
         324           1  0.000000000000000E+000 -7.792746113990159E-016
         324           2  0.000000000000000E+000 -8.207253886012759E-016
         325           1  0.000000000000000E+000 -7.792746113989517E-016
         325           2  0.000000000000000E+000 -8.207253886009901E-016
         326           1  0.000000000000000E+000 -7.792746113989979E-016
         326           2  0.000000000000000E+000 -8.207253886012084E-016
         327           1  0.000000000000000E+000 -7.792746113988493E-016
         327           2  0.000000000000000E+000 -8.207253886009820E-016
         328           1  0.000000000000000E+000 -7.792746113989075E-016
         328           2  0.000000000000000E+000 -8.207253886010226E-016
         329           1  0.000000000000000E+000 -7.792746113988384E-016
         329           2  0.000000000000000E+000 -8.207253886008794E-016
         330           1  0.000000000000000E+000 -7.792746113987507E-016
         330           2  0.000000000000000E+000 -8.207253886007691E-016
         331           1  0.000000000000000E+000 -7.792746113987302E-016
         331           2  0.000000000000000E+000 -8.207253886008014E-016
         332           1  0.000000000000000E+000 -7.792746113988437E-016
         332           2  0.000000000000000E+000 -8.207253886009251E-016
         333           1  0.000000000000000E+000 -7.792746113988980E-016
         333           2  0.000000000000000E+000 -8.207253886009288E-016
         334           1  0.000000000000000E+000 -7.792746113987849E-016
         334           2  0.000000000000000E+000 -8.207253886007187E-016
         335           1  0.000000000000000E+000 -7.792746113988383E-016
         335           2  0.000000000000000E+000 -8.207253886008976E-016
         336           1  0.000000000000000E+000 -7.792746113988940E-016
         336           2  0.000000000000000E+000 -8.207253886009578E-016
         337           1  0.000000000000000E+000 -7.792746113989294E-016
         337           2  0.000000000000000E+000 -8.207253886010478E-016
         338           1  0.000000000000000E+000 -7.792746113988988E-016
         338           2  0.000000000000000E+000 -8.207253886009331E-016
         339           1  0.000000000000000E+000 -7.792746113991272E-016
         339           2  0.000000000000000E+000 -8.207253886012226E-016
         340           1  0.000000000000000E+000 -7.792746113989102E-016
         340           2  0.000000000000000E+000 -8.207253886009764E-016
         341           1  0.000000000000000E+000 -7.792746113988952E-016
         341           2  0.000000000000000E+000 -8.207253886009791E-016
         342           1  0.000000000000000E+000 -7.792746113988596E-016
         342           2  0.000000000000000E+000 -8.207253886009145E-016
         343           1  0.000000000000000E+000 -7.792746113988278E-016
         343           2  0.000000000000000E+000 -8.207253886008854E-016
         344           1  0.000000000000000E+000 -7.792746113988823E-016
         344           2  0.000000000000000E+000 -8.207253886009487E-016
         345           1  0.000000000000000E+000 -7.792746113989987E-016
         345           2  0.000000000000000E+000 -8.207253886010031E-016
         346           1  0.000000000000000E+000 -7.792746113989208E-016
         346           2  0.000000000000000E+000 -8.207253886009145E-016
         347           1  0.000000000000000E+000 -7.792746113988864E-016
         347           2  0.000000000000000E+000 -8.207253886009171E-016
         348           1  0.000000000000000E+000 -7.792746113989295E-016
         348           2  0.000000000000000E+000 -8.207253886010135E-016
         349           1  0.000000000000000E+000 -7.792746113987898E-016
         349           2  0.000000000000000E+000 -8.207253886007773E-016
         350           1  0.000000000000000E+000 -7.792746113987938E-016
         350           2  0.000000000000000E+000 -8.207253886009258E-016
         351           1  0.000000000000000E+000 -7.792746113988652E-016
         351           2  0.000000000000000E+000 -8.207253886009790E-016
         352           1  0.000000000000000E+000 -7.792746113988816E-016
         352           2  0.000000000000000E+000 -8.207253886009442E-016
         353           1  0.000000000000000E+000 -7.792746113988556E-016
         353           2  0.000000000000000E+000 -8.207253886009506E-016
         354           1  0.000000000000000E+000 -7.792746113989649E-016
         354           2  0.000000000000000E+000 -8.207253886010169E-016
         355           1  0.000000000000000E+000 -7.792746113988893E-016
         355           2  0.000000000000000E+000 -8.207253886010035E-016
         356           1  0.000000000000000E+000 -7.792746113987520E-016
         356           2  0.000000000000000E+000 -8.207253886008887E-016
         357           1  0.000000000000000E+000 -7.792746113988125E-016
         357           2  0.000000000000000E+000 -8.207253886007582E-016
         358           1  0.000000000000000E+000 -7.792746113988985E-016
         358           2  0.000000000000000E+000 -8.207253886009999E-016
         359           1  0.000000000000000E+000 -7.792746113992039E-016
         359           2  0.000000000000000E+000 -8.207253886013116E-016
         360           1  0.000000000000000E+000 -7.792746113988439E-016
         360           2  0.000000000000000E+000 -8.207253886008931E-016
         361           1  0.000000000000000E+000 -7.792746113992531E-016
         361           2  0.000000000000000E+000 -8.207253886014897E-016
         362           1  0.000000000000000E+000 -7.792746113989858E-016
         362           2  0.000000000000000E+000 -8.207253886010690E-016
         363           1  0.000000000000000E+000 -7.792746113989714E-016
         363           2  0.000000000000000E+000 -8.207253886010411E-016
         364           1  0.000000000000000E+000 -7.792746113990238E-016
         364           2  0.000000000000000E+000 -8.207253886009184E-016
         365           1  0.000000000000000E+000 -7.792746113990594E-016
         365           2  0.000000000000000E+000 -8.207253886012029E-016
         366           1  0.000000000000000E+000 -7.792746113989836E-016
         366           2  0.000000000000000E+000 -8.207253886010730E-016
         367           1  0.000000000000000E+000 -7.792746113988402E-016
         367           2  0.000000000000000E+000 -8.207253886009187E-016
         368           1  0.000000000000000E+000 -7.792746113987968E-016
         368           2  0.000000000000000E+000 -8.207253886008903E-016
         369           1  0.000000000000000E+000 -7.792746113989011E-016
         369           2  0.000000000000000E+000 -8.207253886010676E-016
         370           1  0.000000000000000E+000 -7.792746113989492E-016
         370           2  0.000000000000000E+000 -8.207253886010399E-016
         371           1  0.000000000000000E+000 -7.792746113989213E-016
         371           2  0.000000000000000E+000 -8.207253886009488E-016
         372           1  0.000000000000000E+000 -7.792746113987648E-016
         372           2  0.000000000000000E+000 -8.207253886009178E-016
         373           1  0.000000000000000E+000 -7.792746113987936E-016
         373           2  0.000000000000000E+000 -8.207253886008457E-016
         374           1  0.000000000000000E+000 -7.792746113988699E-016
         374           2  0.000000000000000E+000 -8.207253886008641E-016
         375           1  0.000000000000000E+000 -7.792746113989506E-016
         375           2  0.000000000000000E+000 -8.207253886010458E-016
         376           1  0.000000000000000E+000 -7.792746113990163E-016
         376           2  0.000000000000000E+000 -8.207253886011247E-016
         377           1  0.000000000000000E+000 -7.792746113988931E-016
         377           2  0.000000000000000E+000 -8.207253886010184E-016
         378           1  0.000000000000000E+000 -7.792746113987612E-016
         378           2  0.000000000000000E+000 -8.207253886006735E-016
         379           1  0.000000000000000E+000 -7.792746113989118E-016
         379           2  0.000000000000000E+000 -8.207253886009568E-016
         380           1  0.000000000000000E+000 -7.792746113989709E-016
         380           2  0.000000000000000E+000 -8.207253886010113E-016
         381           1  0.000000000000000E+000 -7.792746113989413E-016
         381           2  0.000000000000000E+000 -8.207253886010955E-016
         382           1  0.000000000000000E+000 -7.792746113988237E-016
         382           2  0.000000000000000E+000 -8.207253886009461E-016
         383           1  0.000000000000000E+000 -7.792746113988877E-016
         383           2  0.000000000000000E+000 -8.207253886009626E-016
         384           1  0.000000000000000E+000 -7.792746113987825E-016
         384           2  0.000000000000000E+000 -8.207253886008054E-016
         385           1  0.000000000000000E+000 -7.792746113990078E-016
         385           2  0.000000000000000E+000 -8.207253886010911E-016
         386           1  0.000000000000000E+000 -7.792746113989376E-016
         386           2  0.000000000000000E+000 -8.207253886010276E-016
         387           1  0.000000000000000E+000 -7.792746113988718E-016
         387           2  0.000000000000000E+000 -8.207253886010500E-016
         388           1  0.000000000000000E+000 -7.792746113988092E-016
         388           2  0.000000000000000E+000 -8.207253886008718E-016
         389           1  0.000000000000000E+000 -7.792746113989141E-016
         389           2  0.000000000000000E+000 -8.207253886009998E-016
         390           1  0.000000000000000E+000 -7.792746113988421E-016
         390           2  0.000000000000000E+000 -8.207253886008985E-016
         391           1  0.000000000000000E+000 -7.792746113988777E-016
         391           2  0.000000000000000E+000 -8.207253886009580E-016
         392           1  0.000000000000000E+000 -7.792746113989216E-016
         392           2  0.000000000000000E+000 -8.207253886010055E-016
         393           1  0.000000000000000E+000 -7.792746113989040E-016
         393           2  0.000000000000000E+000 -8.207253886010030E-016
         394           1  0.000000000000000E+000 -7.792746113989282E-016
         394           2  0.000000000000000E+000 -8.207253886009922E-016
         395           1  0.000000000000000E+000 -7.792746113989953E-016
         395           2  0.000000000000000E+000 -8.207253886010818E-016
         396           1  0.000000000000000E+000 -7.792746113989181E-016
         396           2  0.000000000000000E+000 -8.207253886010078E-016
         397           1  0.000000000000000E+000 -7.792746113989592E-016
         397           2  0.000000000000000E+000 -8.207253886010376E-016
         398           1  0.000000000000000E+000 -7.792746113989506E-016
         398           2  0.000000000000000E+000 -8.207253886010723E-016
         399           1  0.000000000000000E+000 -7.792746113989469E-016
         399           2  0.000000000000000E+000 -8.207253886009903E-016
         400           1  0.000000000000000E+000 -7.792746113989307E-016
         400           2  0.000000000000000E+000 -8.207253886009760E-016
