           1           1  0.000000000000000E+000 -1.613475177304225E-017
           1           2  0.000000000000000E+000 -8.865248226946638E-018
           2           1  0.000000000000000E+000 -1.613475177305074E-017
           2           2  0.000000000000000E+000 -8.865248226950470E-018
           3           1  0.000000000000000E+000 -1.613475177304892E-017
           3           2  0.000000000000000E+000 -8.865248226950311E-018
           4           1  0.000000000000000E+000 -1.613475177304978E-017
           4           2  0.000000000000000E+000 -8.865248226950438E-018
           5           1  0.000000000000000E+000 -1.613475177305158E-017
           5           2  0.000000000000000E+000 -8.865248226951216E-018
           6           1  0.000000000000000E+000 -1.613475177305001E-017
           6           2  0.000000000000000E+000 -8.865248226950057E-018
           7           1  0.000000000000000E+000 -1.613475177305040E-017
           7           2  0.000000000000000E+000 -8.865248226950447E-018
           8           1  0.000000000000000E+000 -1.613475177304918E-017
           8           2  0.000000000000000E+000 -8.865248226950056E-018
           9           1  0.000000000000000E+000 -1.613475177304812E-017
           9           2  0.000000000000000E+000 -8.865248226949734E-018
          10           1  0.000000000000000E+000 -1.613475177304348E-017
          10           2  0.000000000000000E+000 -8.865248226945674E-018
          11           1  0.000000000000000E+000 -1.613475177304351E-017
          11           2  0.000000000000000E+000 -8.865248226946293E-018
          12           1  0.000000000000000E+000 -1.613475177304438E-017
          12           2  0.000000000000000E+000 -8.865248226947458E-018
          13           1  0.000000000000000E+000 -1.613475177304879E-017
          13           2  0.000000000000000E+000 -8.865248226949923E-018
          14           1  0.000000000000000E+000 -1.613475177304959E-017
          14           2  0.000000000000000E+000 -8.865248226950239E-018
          15           1  0.000000000000000E+000 -1.613475177304921E-017
          15           2  0.000000000000000E+000 -8.865248226950647E-018
          16           1  0.000000000000000E+000 -1.613475177304837E-017
          16           2  0.000000000000000E+000 -8.865248226949071E-018
          17           1  0.000000000000000E+000 -1.613475177304400E-017
          17           2  0.000000000000000E+000 -8.865248226947022E-018
          18           1  0.000000000000000E+000 -1.613475177304532E-017
          18           2  0.000000000000000E+000 -8.865248226946087E-018
          19           1  0.000000000000000E+000 -1.613475177304324E-017
          19           2  0.000000000000000E+000 -8.865248226945728E-018
          20           1  0.000000000000000E+000 -1.613475177304936E-017
          20           2  0.000000000000000E+000 -8.865248226949505E-018
          21           1  0.000000000000000E+000 -1.613475177304935E-017
          21           2  0.000000000000000E+000 -8.865248226950536E-018
          22           1  0.000000000000000E+000 -1.613475177304944E-017
          22           2  0.000000000000000E+000 -8.865248226950586E-018
          23           1  0.000000000000000E+000 -1.613475177304895E-017
          23           2  0.000000000000000E+000 -8.865248226950043E-018
          24           1  0.000000000000000E+000 -1.613475177305096E-017
          24           2  0.000000000000000E+000 -8.865248226950447E-018
          25           1  0.000000000000000E+000 -1.613475177304901E-017
          25           2  0.000000000000000E+000 -8.865248226950650E-018
          26           1  0.000000000000000E+000 -1.613475177304587E-017
          26           2  0.000000000000000E+000 -8.865248226947757E-018
          27           1  0.000000000000000E+000 -1.613475177304663E-017
          27           2  0.000000000000000E+000 -8.865248226946912E-018
          28           1  0.000000000000000E+000 -1.613475177304508E-017
          28           2  0.000000000000000E+000 -8.865248226946925E-018
          29           1  0.000000000000000E+000 -1.613475177304193E-017
          29           2  0.000000000000000E+000 -8.865248226945065E-018
          30           1  0.000000000000000E+000 -1.613475177304210E-017
          30           2  0.000000000000000E+000 -8.865248226944549E-018
          31           1  0.000000000000000E+000 -1.613475177304704E-017
          31           2  0.000000000000000E+000 -8.865248226948005E-018
          32           1  0.000000000000000E+000 -1.613475177304942E-017
          32           2  0.000000000000000E+000 -8.865248226950521E-018
          33           1  0.000000000000000E+000 -1.613475177304852E-017
          33           2  0.000000000000000E+000 -8.865248226948707E-018
          34           1  0.000000000000000E+000 -1.613475177305014E-017
          34           2  0.000000000000000E+000 -8.865248226950327E-018
          35           1  0.000000000000000E+000 -1.613475177304978E-017
          35           2  0.000000000000000E+000 -8.865248226950390E-018
          36           1  0.000000000000000E+000 -1.613475177304776E-017
          36           2  0.000000000000000E+000 -8.865248226947774E-018
          37           1  0.000000000000000E+000 -1.613475177304620E-017
          37           2  0.000000000000000E+000 -8.865248226948127E-018
          38           1  0.000000000000000E+000 -1.613475177304383E-017
          38           2  0.000000000000000E+000 -8.865248226945985E-018
          39           1  0.000000000000000E+000 -1.613475177304321E-017
          39           2  0.000000000000000E+000 -8.865248226945561E-018
          40           1  0.000000000000000E+000 -1.613475177304122E-017
          40           2  0.000000000000000E+000 -8.865248226944498E-018
          41           1  0.000000000000000E+000 -1.613475177304995E-017
          41           2  0.000000000000000E+000 -8.865248226950516E-018
          42           1  0.000000000000000E+000 -1.613475177304999E-017
          42           2  0.000000000000000E+000 -8.865248226950256E-018
          43           1  0.000000000000000E+000 -1.613475177304734E-017
          43           2  0.000000000000000E+000 -8.865248226949408E-018
          44           1  0.000000000000000E+000 -1.613475177304843E-017
          44           2  0.000000000000000E+000 -8.865248226949277E-018
          45           1  0.000000000000000E+000 -1.613475177304743E-017
          45           2  0.000000000000000E+000 -8.865248226948288E-018
          46           1  0.000000000000000E+000 -1.613475177304911E-017
          46           2  0.000000000000000E+000 -8.865248226950119E-018
          47           1  0.000000000000000E+000 -1.613475177304655E-017
          47           2  0.000000000000000E+000 -8.865248226948037E-018
          48           1  0.000000000000000E+000 -1.613475177304425E-017
          48           2  0.000000000000000E+000 -8.865248226946791E-018
          49           1  0.000000000000000E+000 -1.613475177304282E-017
          49           2  0.000000000000000E+000 -8.865248226945728E-018
          50           1  0.000000000000000E+000 -1.613475177304575E-017
          50           2  0.000000000000000E+000 -8.865248226946781E-018
          51           1  0.000000000000000E+000 -1.613475177304931E-017
          51           2  0.000000000000000E+000 -8.865248226950005E-018
          52           1  0.000000000000000E+000 -1.613475177304916E-017
          52           2  0.000000000000000E+000 -8.865248226949906E-018
          53           1  0.000000000000000E+000 -1.613475177304625E-017
          53           2  0.000000000000000E+000 -8.865248226947632E-018
          54           1  0.000000000000000E+000 -1.613475177304824E-017
          54           2  0.000000000000000E+000 -8.865248226950106E-018
          55           1  0.000000000000000E+000 -1.613475177304905E-017
          55           2  0.000000000000000E+000 -8.865248226950324E-018
          56           1  0.000000000000000E+000 -1.613475177304669E-017
          56           2  0.000000000000000E+000 -8.865248226948441E-018
          57           1  0.000000000000000E+000 -1.613475177304425E-017
          57           2  0.000000000000000E+000 -8.865248226947290E-018
          58           1  0.000000000000000E+000 -1.613475177304454E-017
          58           2  0.000000000000000E+000 -8.865248226945632E-018
          59           1  0.000000000000000E+000 -1.613475177305276E-017
          59           2  0.000000000000000E+000 -8.865248226951692E-018
          60           1  0.000000000000000E+000 -1.613475177305208E-017
          60           2  0.000000000000000E+000 -8.865248226951821E-018
          61           1  0.000000000000000E+000 -1.613475177304960E-017
          61           2  0.000000000000000E+000 -8.865248226950633E-018
          62           1  0.000000000000000E+000 -1.613475177304889E-017
          62           2  0.000000000000000E+000 -8.865248226950350E-018
          63           1  0.000000000000000E+000 -1.613475177304658E-017
          63           2  0.000000000000000E+000 -8.865248226948800E-018
          64           1  0.000000000000000E+000 -1.613475177304829E-017
          64           2  0.000000000000000E+000 -8.865248226949279E-018
          65           1  0.000000000000000E+000 -1.613475177304744E-017
          65           2  0.000000000000000E+000 -8.865248226949108E-018
          66           1  0.000000000000000E+000 -1.613475177304653E-017
          66           2  0.000000000000000E+000 -8.865248226948535E-018
          67           1  0.000000000000000E+000 -1.613475177304734E-017
          67           2  0.000000000000000E+000 -8.865248226947461E-018
          68           1  0.000000000000000E+000 -1.613475177304409E-017
          68           2  0.000000000000000E+000 -8.865248226946432E-018
          69           1  0.000000000000000E+000 -1.613475177304578E-017
          69           2  0.000000000000000E+000 -8.865248226946771E-018
          70           1  0.000000000000000E+000 -1.613475177304581E-017
          70           2  0.000000000000000E+000 -8.865248226947113E-018
          71           1  0.000000000000000E+000 -1.613475177304888E-017
          71           2  0.000000000000000E+000 -8.865248226949983E-018
          72           1  0.000000000000000E+000 -1.613475177304753E-017
          72           2  0.000000000000000E+000 -8.865248226947775E-018
          73           1  0.000000000000000E+000 -1.613475177304873E-017
          73           2  0.000000000000000E+000 -8.865248226950233E-018
          74           1  0.000000000000000E+000 -1.613475177304904E-017
          74           2  0.000000000000000E+000 -8.865248226949690E-018
          75           1  0.000000000000000E+000 -1.613475177304854E-017
          75           2  0.000000000000000E+000 -8.865248226949891E-018
          76           1  0.000000000000000E+000 -1.613475177304871E-017
          76           2  0.000000000000000E+000 -8.865248226949259E-018
          77           1  0.000000000000000E+000 -1.613475177304516E-017
          77           2  0.000000000000000E+000 -8.865248226948076E-018
          78           1  0.000000000000000E+000 -1.613475177304981E-017
          78           2  0.000000000000000E+000 -8.865248226949193E-018
          79           1  0.000000000000000E+000 -1.613475177305007E-017
          79           2  0.000000000000000E+000 -8.865248226949891E-018
          80           1  0.000000000000000E+000 -1.613475177304984E-017
          80           2  0.000000000000000E+000 -8.865248226950643E-018
          81           1  0.000000000000000E+000 -1.613475177305079E-017
          81           2  0.000000000000000E+000 -8.865248226950863E-018
          82           1  0.000000000000000E+000 -1.613475177304912E-017
          82           2  0.000000000000000E+000 -8.865248226950339E-018
          83           1  0.000000000000000E+000 -1.613475177304368E-017
          83           2  0.000000000000000E+000 -8.865248226946336E-018
          84           1  0.000000000000000E+000 -1.613475177304459E-017
          84           2  0.000000000000000E+000 -8.865248226947080E-018
          85           1  0.000000000000000E+000 -1.613475177304525E-017
          85           2  0.000000000000000E+000 -8.865248226946822E-018
          86           1  0.000000000000000E+000 -1.613475177304624E-017
          86           2  0.000000000000000E+000 -8.865248226947382E-018
          87           1  0.000000000000000E+000 -1.613475177304427E-017
          87           2  0.000000000000000E+000 -8.865248226946119E-018
          88           1  0.000000000000000E+000 -1.613475177304410E-017
          88           2  0.000000000000000E+000 -8.865248226946245E-018
          89           1  0.000000000000000E+000 -1.613475177304423E-017
          89           2  0.000000000000000E+000 -8.865248226946221E-018
          90           1  0.000000000000000E+000 -1.613475177304897E-017
          90           2  0.000000000000000E+000 -8.865248226949909E-018
          91           1  0.000000000000000E+000 -1.613475177304950E-017
          91           2  0.000000000000000E+000 -8.865248226949962E-018
          92           1  0.000000000000000E+000 -1.613475177305033E-017
          92           2  0.000000000000000E+000 -8.865248226950045E-018
          93           1  0.000000000000000E+000 -1.613475177304808E-017
          93           2  0.000000000000000E+000 -8.865248226950108E-018
          94           1  0.000000000000000E+000 -1.613475177305000E-017
          94           2  0.000000000000000E+000 -8.865248226950328E-018
          95           1  0.000000000000000E+000 -1.613475177304935E-017
          95           2  0.000000000000000E+000 -8.865248226950208E-018
          96           1  0.000000000000000E+000 -1.613475177305089E-017
          96           2  0.000000000000000E+000 -8.865248226950847E-018
          97           1  0.000000000000000E+000 -1.613475177304814E-017
          97           2  0.000000000000000E+000 -8.865248226949378E-018
          98           1  0.000000000000000E+000 -1.613475177304416E-017
          98           2  0.000000000000000E+000 -8.865248226946777E-018
          99           1  0.000000000000000E+000 -1.613475177305276E-017
          99           2  0.000000000000000E+000 -8.865248226952881E-018
         100           1  0.000000000000000E+000 -1.613475177305111E-017
         100           2  0.000000000000000E+000 -8.865248226951156E-018
         101           1  0.000000000000000E+000 -1.613475177305020E-017
         101           2  0.000000000000000E+000 -8.865248226950427E-018
         102           1  0.000000000000000E+000 -1.613475177304438E-017
         102           2  0.000000000000000E+000 -8.865248226947635E-018
         103           1  0.000000000000000E+000 -1.613475177304918E-017
         103           2  0.000000000000000E+000 -8.865248226950203E-018
         104           1  0.000000000000000E+000 -1.613475177304397E-017
         104           2  0.000000000000000E+000 -8.865248226946057E-018
         105           1  0.000000000000000E+000 -1.613475177304280E-017
         105           2  0.000000000000000E+000 -8.865248226945969E-018
         106           1  0.000000000000000E+000 -1.613475177304399E-017
         106           2  0.000000000000000E+000 -8.865248226945866E-018
         107           1  0.000000000000000E+000 -1.613475177304302E-017
         107           2  0.000000000000000E+000 -8.865248226945329E-018
         108           1  0.000000000000000E+000 -1.613475177304300E-017
         108           2  0.000000000000000E+000 -8.865248226946741E-018
         109           1  0.000000000000000E+000 -1.613475177304546E-017
         109           2  0.000000000000000E+000 -8.865248226947345E-018
         110           1  0.000000000000000E+000 -1.613475177304746E-017
         110           2  0.000000000000000E+000 -8.865248226947578E-018
         111           1  0.000000000000000E+000 -1.613475177304785E-017
         111           2  0.000000000000000E+000 -8.865248226948225E-018
         112           1  0.000000000000000E+000 -1.613475177304936E-017
         112           2  0.000000000000000E+000 -8.865248226949119E-018
         113           1  0.000000000000000E+000 -1.613475177305007E-017
         113           2  0.000000000000000E+000 -8.865248226949478E-018
         114           1  0.000000000000000E+000 -1.613475177305003E-017
         114           2  0.000000000000000E+000 -8.865248226949975E-018
         115           1  0.000000000000000E+000 -1.613475177305092E-017
         115           2  0.000000000000000E+000 -8.865248226950838E-018
         116           1  0.000000000000000E+000 -1.613475177305117E-017
         116           2  0.000000000000000E+000 -8.865248226951908E-018
         117           1  0.000000000000000E+000 -1.613475177304990E-017
         117           2  0.000000000000000E+000 -8.865248226950317E-018
         118           1  0.000000000000000E+000 -1.613475177304989E-017
         118           2  0.000000000000000E+000 -8.865248226950248E-018
         119           1  0.000000000000000E+000 -1.613475177305183E-017
         119           2  0.000000000000000E+000 -8.865248226952106E-018
         120           1  0.000000000000000E+000 -1.613475177304855E-017
         120           2  0.000000000000000E+000 -8.865248226949994E-018
         121           1  0.000000000000000E+000 -1.613475177304974E-017
         121           2  0.000000000000000E+000 -8.865248226950341E-018
         122           1  0.000000000000000E+000 -1.613475177304816E-017
         122           2  0.000000000000000E+000 -8.865248226949744E-018
         123           1  0.000000000000000E+000 -1.613475177304912E-017
         123           2  0.000000000000000E+000 -8.865248226950154E-018
         124           1  0.000000000000000E+000 -1.613475177304545E-017
         124           2  0.000000000000000E+000 -8.865248226946966E-018
         125           1  0.000000000000000E+000 -1.613475177304362E-017
         125           2  0.000000000000000E+000 -8.865248226946385E-018
         126           1  0.000000000000000E+000 -1.613475177304434E-017
         126           2  0.000000000000000E+000 -8.865248226945863E-018
         127           1  0.000000000000000E+000 -1.613475177304355E-017
         127           2  0.000000000000000E+000 -8.865248226945929E-018
         128           1  0.000000000000000E+000 -1.613475177304457E-017
         128           2  0.000000000000000E+000 -8.865248226946715E-018
         129           1  0.000000000000000E+000 -1.613475177304506E-017
         129           2  0.000000000000000E+000 -8.865248226947701E-018
         130           1  0.000000000000000E+000 -1.613475177304867E-017
         130           2  0.000000000000000E+000 -8.865248226948501E-018
         131           1  0.000000000000000E+000 -1.613475177304859E-017
         131           2  0.000000000000000E+000 -8.865248226949818E-018
         132           1  0.000000000000000E+000 -1.613475177304832E-017
         132           2  0.000000000000000E+000 -8.865248226950119E-018
         133           1  0.000000000000000E+000 -1.613475177305101E-017
         133           2  0.000000000000000E+000 -8.865248226950553E-018
         134           1  0.000000000000000E+000 -1.613475177304959E-017
         134           2  0.000000000000000E+000 -8.865248226950358E-018
         135           1  0.000000000000000E+000 -1.613475177305265E-017
         135           2  0.000000000000000E+000 -8.865248226951957E-018
         136           1  0.000000000000000E+000 -1.613475177305154E-017
         136           2  0.000000000000000E+000 -8.865248226951206E-018
         137           1  0.000000000000000E+000 -1.613475177304955E-017
         137           2  0.000000000000000E+000 -8.865248226951026E-018
         138           1  0.000000000000000E+000 -1.613475177304866E-017
         138           2  0.000000000000000E+000 -8.865248226949502E-018
         139           1  0.000000000000000E+000 -1.613475177304908E-017
         139           2  0.000000000000000E+000 -8.865248226949516E-018
         140           1  0.000000000000000E+000 -1.613475177305299E-017
         140           2  0.000000000000000E+000 -8.865248226953029E-018
         141           1  0.000000000000000E+000 -1.613475177304979E-017
         141           2  0.000000000000000E+000 -8.865248226950792E-018
         142           1  0.000000000000000E+000 -1.613475177304916E-017
         142           2  0.000000000000000E+000 -8.865248226950134E-018
         143           1  0.000000000000000E+000 -1.613475177304903E-017
         143           2  0.000000000000000E+000 -8.865248226949925E-018
         144           1  0.000000000000000E+000 -1.613475177304766E-017
         144           2  0.000000000000000E+000 -8.865248226949467E-018
         145           1  0.000000000000000E+000 -1.613475177304909E-017
         145           2  0.000000000000000E+000 -8.865248226950012E-018
         146           1  0.000000000000000E+000 -1.613475177304287E-017
         146           2  0.000000000000000E+000 -8.865248226945495E-018
         147           1  0.000000000000000E+000 -1.613475177304904E-017
         147           2  0.000000000000000E+000 -8.865248226949798E-018
         148           1  0.000000000000000E+000 -1.613475177304421E-017
         148           2  0.000000000000000E+000 -8.865248226946731E-018
         149           1  0.000000000000000E+000 -1.613475177304863E-017
         149           2  0.000000000000000E+000 -8.865248226950069E-018
         150           1  0.000000000000000E+000 -1.613475177304701E-017
         150           2  0.000000000000000E+000 -8.865248226948214E-018
         151           1  0.000000000000000E+000 -1.613475177304930E-017
         151           2  0.000000000000000E+000 -8.865248226949242E-018
         152           1  0.000000000000000E+000 -1.613475177305057E-017
         152           2  0.000000000000000E+000 -8.865248226950436E-018
         153           1  0.000000000000000E+000 -1.613475177305002E-017
         153           2  0.000000000000000E+000 -8.865248226950499E-018
         154           1  0.000000000000000E+000 -1.613475177305429E-017
         154           2  0.000000000000000E+000 -8.865248226952884E-018
         155           1  0.000000000000000E+000 -1.613475177305621E-017
         155           2  0.000000000000000E+000 -8.865248226954004E-018
         156           1  0.000000000000000E+000 -1.613475177305349E-017
         156           2  0.000000000000000E+000 -8.865248226952695E-018
         157           1  0.000000000000000E+000 -1.613475177305207E-017
         157           2  0.000000000000000E+000 -8.865248226951781E-018
         158           1  0.000000000000000E+000 -1.613475177305080E-017
         158           2  0.000000000000000E+000 -8.865248226949769E-018
         159           1  0.000000000000000E+000 -1.613475177304772E-017
         159           2  0.000000000000000E+000 -8.865248226948288E-018
         160           1  0.000000000000000E+000 -1.613475177304921E-017
         160           2  0.000000000000000E+000 -8.865248226950379E-018
         161           1  0.000000000000000E+000 -1.613475177305122E-017
         161           2  0.000000000000000E+000 -8.865248226951672E-018
         162           1  0.000000000000000E+000 -1.613475177304884E-017
         162           2  0.000000000000000E+000 -8.865248226950071E-018
         163           1  0.000000000000000E+000 -1.613475177304968E-017
         163           2  0.000000000000000E+000 -8.865248226950296E-018
         164           1  0.000000000000000E+000 -1.613475177304898E-017
         164           2  0.000000000000000E+000 -8.865248226950455E-018
         165           1  0.000000000000000E+000 -1.613475177304917E-017
         165           2  0.000000000000000E+000 -8.865248226950187E-018
         166           1  0.000000000000000E+000 -1.613475177304477E-017
         166           2  0.000000000000000E+000 -8.865248226946942E-018
         167           1  0.000000000000000E+000 -1.613475177304272E-017
         167           2  0.000000000000000E+000 -8.865248226944953E-018
         168           1  0.000000000000000E+000 -1.613475177304467E-017
         168           2  0.000000000000000E+000 -8.865248226946271E-018
         169           1  0.000000000000000E+000 -1.613475177304547E-017
         169           2  0.000000000000000E+000 -8.865248226946726E-018
         170           1  0.000000000000000E+000 -1.613475177304737E-017
         170           2  0.000000000000000E+000 -8.865248226948456E-018
         171           1  0.000000000000000E+000 -1.613475177304969E-017
         171           2  0.000000000000000E+000 -8.865248226949395E-018
         172           1  0.000000000000000E+000 -1.613475177305027E-017
         172           2  0.000000000000000E+000 -8.865248226949931E-018
         173           1  0.000000000000000E+000 -1.613475177305288E-017
         173           2  0.000000000000000E+000 -8.865248226952792E-018
         174           1  0.000000000000000E+000 -1.613475177305515E-017
         174           2  0.000000000000000E+000 -8.865248226953770E-018
         175           1  0.000000000000000E+000 -1.613475177305510E-017
         175           2  0.000000000000000E+000 -8.865248226953319E-018
         176           1  0.000000000000000E+000 -1.613475177305285E-017
         176           2  0.000000000000000E+000 -8.865248226952478E-018
         177           1  0.000000000000000E+000 -1.613475177305256E-017
         177           2  0.000000000000000E+000 -8.865248226952384E-018
         178           1  0.000000000000000E+000 -1.613475177305410E-017
         178           2  0.000000000000000E+000 -8.865248226952834E-018
         179           1  0.000000000000000E+000 -1.613475177304955E-017
         179           2  0.000000000000000E+000 -8.865248226949954E-018
         180           1  0.000000000000000E+000 -1.613475177305040E-017
         180           2  0.000000000000000E+000 -8.865248226951154E-018
         181           1  0.000000000000000E+000 -1.613475177305010E-017
         181           2  0.000000000000000E+000 -8.865248226950861E-018
         182           1  0.000000000000000E+000 -1.613475177305055E-017
         182           2  0.000000000000000E+000 -8.865248226949741E-018
         183           1  0.000000000000000E+000 -1.613475177305024E-017
         183           2  0.000000000000000E+000 -8.865248226950468E-018
         184           1  0.000000000000000E+000 -1.613475177305047E-017
         184           2  0.000000000000000E+000 -8.865248226950564E-018
         185           1  0.000000000000000E+000 -1.613475177304991E-017
         185           2  0.000000000000000E+000 -8.865248226950556E-018
         186           1  0.000000000000000E+000 -1.613475177304614E-017
         186           2  0.000000000000000E+000 -8.865248226948504E-018
         187           1  0.000000000000000E+000 -1.613475177304218E-017
         187           2  0.000000000000000E+000 -8.865248226944725E-018
         188           1  0.000000000000000E+000 -1.613475177304318E-017
         188           2  0.000000000000000E+000 -8.865248226946560E-018
         189           1  0.000000000000000E+000 -1.613475177304540E-017
         189           2  0.000000000000000E+000 -8.865248226947110E-018
         190           1  0.000000000000000E+000 -1.613475177304790E-017
         190           2  0.000000000000000E+000 -8.865248226948419E-018
         191           1  0.000000000000000E+000 -1.613475177304839E-017
         191           2  0.000000000000000E+000 -8.865248226949384E-018
         192           1  0.000000000000000E+000 -1.613475177304905E-017
         192           2  0.000000000000000E+000 -8.865248226950060E-018
         193           1  0.000000000000000E+000 -1.613475177304951E-017
         193           2  0.000000000000000E+000 -8.865248226950473E-018
         194           1  0.000000000000000E+000 -1.613475177305432E-017
         194           2  0.000000000000000E+000 -8.865248226953618E-018
         195           1  0.000000000000000E+000 -1.613475177305470E-017
         195           2  0.000000000000000E+000 -8.865248226953052E-018
         196           1  0.000000000000000E+000 -1.613475177305253E-017
         196           2  0.000000000000000E+000 -8.865248226951029E-018
         197           1  0.000000000000000E+000 -1.613475177305275E-017
         197           2  0.000000000000000E+000 -8.865248226951074E-018
         198           1  0.000000000000000E+000 -1.613475177305360E-017
         198           2  0.000000000000000E+000 -8.865248226952189E-018
         199           1  0.000000000000000E+000 -1.613475177304511E-017
         199           2  0.000000000000000E+000 -8.865248226947088E-018
         200           1  0.000000000000000E+000 -1.613475177304789E-017
         200           2  0.000000000000000E+000 -8.865248226949732E-018
         201           1  0.000000000000000E+000 -1.613475177304893E-017
         201           2  0.000000000000000E+000 -8.865248226949937E-018
         202           1  0.000000000000000E+000 -1.613475177304970E-017
         202           2  0.000000000000000E+000 -8.865248226950072E-018
         203           1  0.000000000000000E+000 -1.613475177305021E-017
         203           2  0.000000000000000E+000 -8.865248226950632E-018
         204           1  0.000000000000000E+000 -1.613475177304963E-017
         204           2  0.000000000000000E+000 -8.865248226950505E-018
         205           1  0.000000000000000E+000 -1.613475177305092E-017
         205           2  0.000000000000000E+000 -8.865248226951035E-018
         206           1  0.000000000000000E+000 -1.613475177304717E-017
         206           2  0.000000000000000E+000 -8.865248226948843E-018
         207           1  0.000000000000000E+000 -1.613475177304879E-017
         207           2  0.000000000000000E+000 -8.865248226949824E-018
         208           1  0.000000000000000E+000 -1.613475177304869E-017
         208           2  0.000000000000000E+000 -8.865248226949787E-018
         209           1  0.000000000000000E+000 -1.613475177304455E-017
         209           2  0.000000000000000E+000 -8.865248226947242E-018
         210           1  0.000000000000000E+000 -1.613475177304671E-017
         210           2  0.000000000000000E+000 -8.865248226947142E-018
         211           1  0.000000000000000E+000 -1.613475177304781E-017
         211           2  0.000000000000000E+000 -8.865248226948801E-018
         212           1  0.000000000000000E+000 -1.613475177304923E-017
         212           2  0.000000000000000E+000 -8.865248226950251E-018
         213           1  0.000000000000000E+000 -1.613475177304978E-017
         213           2  0.000000000000000E+000 -8.865248226950259E-018
         214           1  0.000000000000000E+000 -1.613475177305136E-017
         214           2  0.000000000000000E+000 -8.865248226950673E-018
         215           1  0.000000000000000E+000 -1.613475177304897E-017
         215           2  0.000000000000000E+000 -8.865248226950381E-018
         216           1  0.000000000000000E+000 -1.613475177304991E-017
         216           2  0.000000000000000E+000 -8.865248226950515E-018
         217           1  0.000000000000000E+000 -1.613475177304898E-017
         217           2  0.000000000000000E+000 -8.865248226949096E-018
         218           1  0.000000000000000E+000 -1.613475177304835E-017
         218           2  0.000000000000000E+000 -8.865248226949416E-018
         219           1  0.000000000000000E+000 -1.613475177304886E-017
         219           2  0.000000000000000E+000 -8.865248226949994E-018
         220           1  0.000000000000000E+000 -1.613475177304900E-017
         220           2  0.000000000000000E+000 -8.865248226949846E-018
         221           1  0.000000000000000E+000 -1.613475177304997E-017
         221           2  0.000000000000000E+000 -8.865248226949992E-018
         222           1  0.000000000000000E+000 -1.613475177304946E-017
         222           2  0.000000000000000E+000 -8.865248226949012E-018
         223           1  0.000000000000000E+000 -1.613475177304874E-017
         223           2  0.000000000000000E+000 -8.865248226950242E-018
         224           1  0.000000000000000E+000 -1.613475177304931E-017
         224           2  0.000000000000000E+000 -8.865248226950256E-018
         225           1  0.000000000000000E+000 -1.613475177305008E-017
         225           2  0.000000000000000E+000 -8.865248226950932E-018
         226           1  0.000000000000000E+000 -1.613475177304924E-017
         226           2  0.000000000000000E+000 -8.865248226950495E-018
         227           1  0.000000000000000E+000 -1.613475177304966E-017
         227           2  0.000000000000000E+000 -8.865248226950354E-018
         228           1  0.000000000000000E+000 -1.613475177304333E-017
         228           2  0.000000000000000E+000 -8.865248226946259E-018
         229           1  0.000000000000000E+000 -1.613475177304876E-017
         229           2  0.000000000000000E+000 -8.865248226949672E-018
         230           1  0.000000000000000E+000 -1.613475177304683E-017
         230           2  0.000000000000000E+000 -8.865248226947772E-018
         231           1  0.000000000000000E+000 -1.613475177304931E-017
         231           2  0.000000000000000E+000 -8.865248226950100E-018
         232           1  0.000000000000000E+000 -1.613475177305013E-017
         232           2  0.000000000000000E+000 -8.865248226950336E-018
         233           1  0.000000000000000E+000 -1.613475177304871E-017
         233           2  0.000000000000000E+000 -8.865248226950336E-018
         234           1  0.000000000000000E+000 -1.613475177304983E-017
         234           2  0.000000000000000E+000 -8.865248226950321E-018
         235           1  0.000000000000000E+000 -1.613475177304925E-017
         235           2  0.000000000000000E+000 -8.865248226950043E-018
         236           1  0.000000000000000E+000 -1.613475177304927E-017
         236           2  0.000000000000000E+000 -8.865248226949912E-018
         237           1  0.000000000000000E+000 -1.613475177304666E-017
         237           2  0.000000000000000E+000 -8.865248226949114E-018
         238           1  0.000000000000000E+000 -1.613475177304870E-017
         238           2  0.000000000000000E+000 -8.865248226950040E-018
         239           1  0.000000000000000E+000 -1.613475177304944E-017
         239           2  0.000000000000000E+000 -8.865248226950162E-018
         240           1  0.000000000000000E+000 -1.613475177304916E-017
         240           2  0.000000000000000E+000 -8.865248226949624E-018
         241           1  0.000000000000000E+000 -1.613475177304979E-017
         241           2  0.000000000000000E+000 -8.865248226950117E-018
         242           1  0.000000000000000E+000 -1.613475177305047E-017
         242           2  0.000000000000000E+000 -8.865248226950054E-018
         243           1  0.000000000000000E+000 -1.613475177304751E-017
         243           2  0.000000000000000E+000 -8.865248226948322E-018
         244           1  0.000000000000000E+000 -1.613475177304753E-017
         244           2  0.000000000000000E+000 -8.865248226948982E-018
         245           1  0.000000000000000E+000 -1.613475177304866E-017
         245           2  0.000000000000000E+000 -8.865248226950113E-018
         246           1  0.000000000000000E+000 -1.613475177305017E-017
         246           2  0.000000000000000E+000 -8.865248226951274E-018
         247           1  0.000000000000000E+000 -1.613475177304913E-017
         247           2  0.000000000000000E+000 -8.865248226950689E-018
         248           1  0.000000000000000E+000 -1.613475177304548E-017
         248           2  0.000000000000000E+000 -8.865248226947043E-018
         249           1  0.000000000000000E+000 -1.613475177304412E-017
         249           2  0.000000000000000E+000 -8.865248226946630E-018
         250           1  0.000000000000000E+000 -1.613475177304605E-017
         250           2  0.000000000000000E+000 -8.865248226947367E-018
         251           1  0.000000000000000E+000 -1.613475177304858E-017
         251           2  0.000000000000000E+000 -8.865248226949089E-018
         252           1  0.000000000000000E+000 -1.613475177304980E-017
         252           2  0.000000000000000E+000 -8.865248226950131E-018
         253           1  0.000000000000000E+000 -1.613475177304936E-017
         253           2  0.000000000000000E+000 -8.865248226950317E-018
         254           1  0.000000000000000E+000 -1.613475177305064E-017
         254           2  0.000000000000000E+000 -8.865248226950190E-018
         255           1  0.000000000000000E+000 -1.613475177304832E-017
         255           2  0.000000000000000E+000 -8.865248226949612E-018
         256           1  0.000000000000000E+000 -1.613475177304877E-017
         256           2  0.000000000000000E+000 -8.865248226949912E-018
         257           1  0.000000000000000E+000 -1.613475177304926E-017
         257           2  0.000000000000000E+000 -8.865248226950223E-018
         258           1  0.000000000000000E+000 -1.613475177304842E-017
         258           2  0.000000000000000E+000 -8.865248226949937E-018
         259           1  0.000000000000000E+000 -1.613475177304929E-017
         259           2  0.000000000000000E+000 -8.865248226949801E-018
         260           1  0.000000000000000E+000 -1.613475177304929E-017
         260           2  0.000000000000000E+000 -8.865248226949878E-018
         261           1  0.000000000000000E+000 -1.613475177304934E-017
         261           2  0.000000000000000E+000 -8.865248226950239E-018
         262           1  0.000000000000000E+000 -1.613475177304976E-017
         262           2  0.000000000000000E+000 -8.865248226949838E-018
         263           1  0.000000000000000E+000 -1.613475177304552E-017
         263           2  0.000000000000000E+000 -8.865248226948441E-018
         264           1  0.000000000000000E+000 -1.613475177304747E-017
         264           2  0.000000000000000E+000 -8.865248226949256E-018
         265           1  0.000000000000000E+000 -1.613475177304994E-017
         265           2  0.000000000000000E+000 -8.865248226950709E-018
         266           1  0.000000000000000E+000 -1.613475177304922E-017
         266           2  0.000000000000000E+000 -8.865248226950638E-018
         267           1  0.000000000000000E+000 -1.613475177305034E-017
         267           2  0.000000000000000E+000 -8.865248226950929E-018
         268           1  0.000000000000000E+000 -1.613475177304736E-017
         268           2  0.000000000000000E+000 -8.865248226948649E-018
         269           1  0.000000000000000E+000 -1.613475177304465E-017
         269           2  0.000000000000000E+000 -8.865248226946675E-018
         270           1  0.000000000000000E+000 -1.613475177304702E-017
         270           2  0.000000000000000E+000 -8.865248226947610E-018
         271           1  0.000000000000000E+000 -1.613475177304851E-017
         271           2  0.000000000000000E+000 -8.865248226948914E-018
         272           1  0.000000000000000E+000 -1.613475177305023E-017
         272           2  0.000000000000000E+000 -8.865248226949952E-018
         273           1  0.000000000000000E+000 -1.613475177305226E-017
         273           2  0.000000000000000E+000 -8.865248226951368E-018
         274           1  0.000000000000000E+000 -1.613475177305140E-017
         274           2  0.000000000000000E+000 -8.865248226951364E-018
         275           1  0.000000000000000E+000 -1.613475177304846E-017
         275           2  0.000000000000000E+000 -8.865248226949823E-018
         276           1  0.000000000000000E+000 -1.613475177304899E-017
         276           2  0.000000000000000E+000 -8.865248226950889E-018
         277           1  0.000000000000000E+000 -1.613475177305041E-017
         277           2  0.000000000000000E+000 -8.865248226950582E-018
         278           1  0.000000000000000E+000 -1.613475177305040E-017
         278           2  0.000000000000000E+000 -8.865248226950712E-018
         279           1  0.000000000000000E+000 -1.613475177305069E-017
         279           2  0.000000000000000E+000 -8.865248226950955E-018
         280           1  0.000000000000000E+000 -1.613475177305004E-017
         280           2  0.000000000000000E+000 -8.865248226950915E-018
         281           1  0.000000000000000E+000 -1.613475177305028E-017
         281           2  0.000000000000000E+000 -8.865248226950509E-018
         282           1  0.000000000000000E+000 -1.613475177305048E-017
         282           2  0.000000000000000E+000 -8.865248226950880E-018
         283           1  0.000000000000000E+000 -1.613475177304956E-017
         283           2  0.000000000000000E+000 -8.865248226950173E-018
         284           1  0.000000000000000E+000 -1.613475177304937E-017
         284           2  0.000000000000000E+000 -8.865248226950028E-018
         285           1  0.000000000000000E+000 -1.613475177305079E-017
         285           2  0.000000000000000E+000 -8.865248226951208E-018
         286           1  0.000000000000000E+000 -1.613475177304979E-017
         286           2  0.000000000000000E+000 -8.865248226951148E-018
         287           1  0.000000000000000E+000 -1.613475177305083E-017
         287           2  0.000000000000000E+000 -8.865248226950985E-018
         288           1  0.000000000000000E+000 -1.613475177304658E-017
         288           2  0.000000000000000E+000 -8.865248226948230E-018
         289           1  0.000000000000000E+000 -1.613475177304615E-017
         289           2  0.000000000000000E+000 -8.865248226947649E-018
         290           1  0.000000000000000E+000 -1.613475177304614E-017
         290           2  0.000000000000000E+000 -8.865248226948492E-018
         291           1  0.000000000000000E+000 -1.613475177305082E-017
         291           2  0.000000000000000E+000 -8.865248226949499E-018
         292           1  0.000000000000000E+000 -1.613475177305055E-017
         292           2  0.000000000000000E+000 -8.865248226950148E-018
         293           1  0.000000000000000E+000 -1.613475177305294E-017
         293           2  0.000000000000000E+000 -8.865248226952180E-018
         294           1  0.000000000000000E+000 -1.613475177305428E-017
         294           2  0.000000000000000E+000 -8.865248226953958E-018
         295           1  0.000000000000000E+000 -1.613475177305250E-017
         295           2  0.000000000000000E+000 -8.865248226952780E-018
         296           1  0.000000000000000E+000 -1.613475177305225E-017
         296           2  0.000000000000000E+000 -8.865248226953499E-018
         297           1  0.000000000000000E+000 -1.613475177305295E-017
         297           2  0.000000000000000E+000 -8.865248226953058E-018
         298           1  0.000000000000000E+000 -1.613475177305495E-017
         298           2  0.000000000000000E+000 -8.865248226953622E-018
         299           1  0.000000000000000E+000 -1.613475177305082E-017
         299           2  0.000000000000000E+000 -8.865248226951336E-018
         300           1  0.000000000000000E+000 -1.613475177304940E-017
         300           2  0.000000000000000E+000 -8.865248226950456E-018
         301           1  0.000000000000000E+000 -1.613475177304977E-017
         301           2  0.000000000000000E+000 -8.865248226950248E-018
         302           1  0.000000000000000E+000 -1.613475177304911E-017
         302           2  0.000000000000000E+000 -8.865248226950331E-018
         303           1  0.000000000000000E+000 -1.613475177304958E-017
         303           2  0.000000000000000E+000 -8.865248226950396E-018
         304           1  0.000000000000000E+000 -1.613475177304946E-017
         304           2  0.000000000000000E+000 -8.865248226950257E-018
         305           1  0.000000000000000E+000 -1.613475177305073E-017
         305           2  0.000000000000000E+000 -8.865248226951354E-018
         306           1  0.000000000000000E+000 -1.613475177305181E-017
         306           2  0.000000000000000E+000 -8.865248226952533E-018
         307           1  0.000000000000000E+000 -1.613475177305052E-017
         307           2  0.000000000000000E+000 -8.865248226951082E-018
         308           1  0.000000000000000E+000 -1.613475177304766E-017
         308           2  0.000000000000000E+000 -8.865248226948697E-018
         309           1  0.000000000000000E+000 -1.613475177304584E-017
         309           2  0.000000000000000E+000 -8.865248226947823E-018
         310           1  0.000000000000000E+000 -1.613475177304772E-017
         310           2  0.000000000000000E+000 -8.865248226948874E-018
         311           1  0.000000000000000E+000 -1.613475177304979E-017
         311           2  0.000000000000000E+000 -8.865248226950222E-018
         312           1  0.000000000000000E+000 -1.613475177305136E-017
         312           2  0.000000000000000E+000 -8.865248226951194E-018
         313           1  0.000000000000000E+000 -1.613475177304928E-017
         313           2  0.000000000000000E+000 -8.865248226950479E-018
         314           1  0.000000000000000E+000 -1.613475177305065E-017
         314           2  0.000000000000000E+000 -8.865248226950488E-018
         315           1  0.000000000000000E+000 -1.613475177304988E-017
         315           2  0.000000000000000E+000 -8.865248226951687E-018
         316           1  0.000000000000000E+000 -1.613475177304924E-017
         316           2  0.000000000000000E+000 -8.865248226950538E-018
         317           1  0.000000000000000E+000 -1.613475177305073E-017
         317           2  0.000000000000000E+000 -8.865248226950649E-018
         318           1  0.000000000000000E+000 -1.613475177305072E-017
         318           2  0.000000000000000E+000 -8.865248226951125E-018
         319           1  0.000000000000000E+000 -1.613475177305067E-017
         319           2  0.000000000000000E+000 -8.865248226951159E-018
         320           1  0.000000000000000E+000 -1.613475177305098E-017
         320           2  0.000000000000000E+000 -8.865248226951337E-018
         321           1  0.000000000000000E+000 -1.613475177305028E-017
         321           2  0.000000000000000E+000 -8.865248226950630E-018
         322           1  0.000000000000000E+000 -1.613475177304952E-017
         322           2  0.000000000000000E+000 -8.865248226950570E-018
         323           1  0.000000000000000E+000 -1.613475177304931E-017
         323           2  0.000000000000000E+000 -8.865248226950501E-018
         324           1  0.000000000000000E+000 -1.613475177304953E-017
         324           2  0.000000000000000E+000 -8.865248226950351E-018
         325           1  0.000000000000000E+000 -1.613475177305062E-017
         325           2  0.000000000000000E+000 -8.865248226951473E-018
         326           1  0.000000000000000E+000 -1.613475177305143E-017
         326           2  0.000000000000000E+000 -8.865248226952287E-018
         327           1  0.000000000000000E+000 -1.613475177304858E-017
         327           2  0.000000000000000E+000 -8.865248226950046E-018
         328           1  0.000000000000000E+000 -1.613475177304646E-017
         328           2  0.000000000000000E+000 -8.865248226948643E-018
         329           1  0.000000000000000E+000 -1.613475177304643E-017
         329           2  0.000000000000000E+000 -8.865248226947144E-018
         330           1  0.000000000000000E+000 -1.613475177304654E-017
         330           2  0.000000000000000E+000 -8.865248226948339E-018
         331           1  0.000000000000000E+000 -1.613475177304910E-017
         331           2  0.000000000000000E+000 -8.865248226949096E-018
         332           1  0.000000000000000E+000 -1.613475177304933E-017
         332           2  0.000000000000000E+000 -8.865248226949644E-018
         333           1  0.000000000000000E+000 -1.613475177304888E-017
         333           2  0.000000000000000E+000 -8.865248226949857E-018
         334           1  0.000000000000000E+000 -1.613475177304905E-017
         334           2  0.000000000000000E+000 -8.865248226950142E-018
         335           1  0.000000000000000E+000 -1.613475177304921E-017
         335           2  0.000000000000000E+000 -8.865248226950316E-018
         336           1  0.000000000000000E+000 -1.613475177304971E-017
         336           2  0.000000000000000E+000 -8.865248226950284E-018
         337           1  0.000000000000000E+000 -1.613475177304978E-017
         337           2  0.000000000000000E+000 -8.865248226950077E-018
         338           1  0.000000000000000E+000 -1.613475177304930E-017
         338           2  0.000000000000000E+000 -8.865248226950188E-018
         339           1  0.000000000000000E+000 -1.613475177304994E-017
         339           2  0.000000000000000E+000 -8.865248226950459E-018
         340           1  0.000000000000000E+000 -1.613475177304870E-017
         340           2  0.000000000000000E+000 -8.865248226950518E-018
         341           1  0.000000000000000E+000 -1.613475177305053E-017
         341           2  0.000000000000000E+000 -8.865248226951071E-018
         342           1  0.000000000000000E+000 -1.613475177304989E-017
         342           2  0.000000000000000E+000 -8.865248226950718E-018
         343           1  0.000000000000000E+000 -1.613475177304963E-017
         343           2  0.000000000000000E+000 -8.865248226950633E-018
         344           1  0.000000000000000E+000 -1.613475177305009E-017
         344           2  0.000000000000000E+000 -8.865248226950487E-018
         345           1  0.000000000000000E+000 -1.613475177305121E-017
         345           2  0.000000000000000E+000 -8.865248226951998E-018
         346           1  0.000000000000000E+000 -1.613475177305069E-017
         346           2  0.000000000000000E+000 -8.865248226951649E-018
         347           1  0.000000000000000E+000 -1.613475177304982E-017
         347           2  0.000000000000000E+000 -8.865248226950287E-018
         348           1  0.000000000000000E+000 -1.613475177304633E-017
         348           2  0.000000000000000E+000 -8.865248226948484E-018
         349           1  0.000000000000000E+000 -1.613475177304652E-017
         349           2  0.000000000000000E+000 -8.865248226947952E-018
         350           1  0.000000000000000E+000 -1.613475177304734E-017
         350           2  0.000000000000000E+000 -8.865248226948663E-018
         351           1  0.000000000000000E+000 -1.613475177304925E-017
         351           2  0.000000000000000E+000 -8.865248226950356E-018
         352           1  0.000000000000000E+000 -1.613475177304797E-017
         352           2  0.000000000000000E+000 -8.865248226950040E-018
         353           1  0.000000000000000E+000 -1.613475177304926E-017
         353           2  0.000000000000000E+000 -8.865248226950151E-018
         354           1  0.000000000000000E+000 -1.613475177304960E-017
         354           2  0.000000000000000E+000 -8.865248226950205E-018
         355           1  0.000000000000000E+000 -1.613475177304861E-017
         355           2  0.000000000000000E+000 -8.865248226950319E-018
         356           1  0.000000000000000E+000 -1.613475177304958E-017
         356           2  0.000000000000000E+000 -8.865248226950522E-018
         357           1  0.000000000000000E+000 -1.613475177304911E-017
         357           2  0.000000000000000E+000 -8.865248226949663E-018
         358           1  0.000000000000000E+000 -1.613475177304838E-017
         358           2  0.000000000000000E+000 -8.865248226950029E-018
         359           1  0.000000000000000E+000 -1.613475177304952E-017
         359           2  0.000000000000000E+000 -8.865248226950256E-018
         360           1  0.000000000000000E+000 -1.613475177305015E-017
         360           2  0.000000000000000E+000 -8.865248226950575E-018
         361           1  0.000000000000000E+000 -1.613475177304991E-017
         361           2  0.000000000000000E+000 -8.865248226950647E-018
         362           1  0.000000000000000E+000 -1.613475177304929E-017
         362           2  0.000000000000000E+000 -8.865248226950758E-018
         363           1  0.000000000000000E+000 -1.613475177305043E-017
         363           2  0.000000000000000E+000 -8.865248226950603E-018
         364           1  0.000000000000000E+000 -1.613475177304972E-017
         364           2  0.000000000000000E+000 -8.865248226950676E-018
         365           1  0.000000000000000E+000 -1.613475177305033E-017
         365           2  0.000000000000000E+000 -8.865248226950812E-018
         366           1  0.000000000000000E+000 -1.613475177305002E-017
         366           2  0.000000000000000E+000 -8.865248226950991E-018
         367           1  0.000000000000000E+000 -1.613475177304912E-017
         367           2  0.000000000000000E+000 -8.865248226950225E-018
         368           1  0.000000000000000E+000 -1.613475177304695E-017
         368           2  0.000000000000000E+000 -8.865248226949264E-018
         369           1  0.000000000000000E+000 -1.613475177304781E-017
         369           2  0.000000000000000E+000 -8.865248226949499E-018
         370           1  0.000000000000000E+000 -1.613475177304681E-017
         370           2  0.000000000000000E+000 -8.865248226947942E-018
         371           1  0.000000000000000E+000 -1.613475177304711E-017
         371           2  0.000000000000000E+000 -8.865248226950361E-018
         372           1  0.000000000000000E+000 -1.613475177304958E-017
         372           2  0.000000000000000E+000 -8.865248226950450E-018
         373           1  0.000000000000000E+000 -1.613475177304908E-017
         373           2  0.000000000000000E+000 -8.865248226950390E-018
         374           1  0.000000000000000E+000 -1.613475177304903E-017
         374           2  0.000000000000000E+000 -8.865248226950166E-018
         375           1  0.000000000000000E+000 -1.613475177305010E-017
         375           2  0.000000000000000E+000 -8.865248226950370E-018
         376           1  0.000000000000000E+000 -1.613475177304932E-017
         376           2  0.000000000000000E+000 -8.865248226950330E-018
         377           1  0.000000000000000E+000 -1.613475177305007E-017
         377           2  0.000000000000000E+000 -8.865248226950817E-018
         378           1  0.000000000000000E+000 -1.613475177304974E-017
         378           2  0.000000000000000E+000 -8.865248226949955E-018
         379           1  0.000000000000000E+000 -1.613475177305020E-017
         379           2  0.000000000000000E+000 -8.865248226950458E-018
         380           1  0.000000000000000E+000 -1.613475177305011E-017
         380           2  0.000000000000000E+000 -8.865248226950334E-018
         381           1  0.000000000000000E+000 -1.613475177304963E-017
         381           2  0.000000000000000E+000 -8.865248226951111E-018
         382           1  0.000000000000000E+000 -1.613475177304880E-017
         382           2  0.000000000000000E+000 -8.865248226949464E-018
         383           1  0.000000000000000E+000 -1.613475177305076E-017
         383           2  0.000000000000000E+000 -8.865248226950726E-018
         384           1  0.000000000000000E+000 -1.613475177305032E-017
         384           2  0.000000000000000E+000 -8.865248226950684E-018
         385           1  0.000000000000000E+000 -1.613475177305088E-017
         385           2  0.000000000000000E+000 -8.865248226951139E-018
         386           1  0.000000000000000E+000 -1.613475177304969E-017
         386           2  0.000000000000000E+000 -8.865248226950897E-018
         387           1  0.000000000000000E+000 -1.613475177304931E-017
         387           2  0.000000000000000E+000 -8.865248226950202E-018
         388           1  0.000000000000000E+000 -1.613475177304882E-017
         388           2  0.000000000000000E+000 -8.865248226949774E-018
         389           1  0.000000000000000E+000 -1.613475177304935E-017
         389           2  0.000000000000000E+000 -8.865248226949982E-018
         390           1  0.000000000000000E+000 -1.613475177304963E-017
         390           2  0.000000000000000E+000 -8.865248226949886E-018
         391           1  0.000000000000000E+000 -1.613475177304960E-017
         391           2  0.000000000000000E+000 -8.865248226950216E-018
         392           1  0.000000000000000E+000 -1.613475177305005E-017
         392           2  0.000000000000000E+000 -8.865248226950881E-018
         393           1  0.000000000000000E+000 -1.613475177304877E-017
         393           2  0.000000000000000E+000 -8.865248226949481E-018
         394           1  0.000000000000000E+000 -1.613475177305066E-017
         394           2  0.000000000000000E+000 -8.865248226950609E-018
         395           1  0.000000000000000E+000 -1.613475177305019E-017
         395           2  0.000000000000000E+000 -8.865248226950268E-018
         396           1  0.000000000000000E+000 -1.613475177305052E-017
         396           2  0.000000000000000E+000 -8.865248226949963E-018
         397           1  0.000000000000000E+000 -1.613475177304947E-017
         397           2  0.000000000000000E+000 -8.865248226949717E-018
         398           1  0.000000000000000E+000 -1.613475177305005E-017
         398           2  0.000000000000000E+000 -8.865248226950586E-018
         399           1  0.000000000000000E+000 -1.613475177305012E-017
         399           2  0.000000000000000E+000 -8.865248226950402E-018
         400           1  0.000000000000000E+000 -1.613475177305134E-017
         400           2  0.000000000000000E+000 -8.865248226951541E-018
