           1           1  0.000000000000000E+000 -4.695825932503277E-017
           1           2  0.000000000000000E+000 -1.780417406749223E-016
           2           1  0.000000000000000E+000 -4.695825932499371E-017
           2           2  0.000000000000000E+000 -1.780417406748664E-016
           3           1  0.000000000000000E+000 -4.695825932498227E-017
           3           2  0.000000000000000E+000 -1.780417406748510E-016
           4           1  0.000000000000000E+000 -4.695825932502985E-017
           4           2  0.000000000000000E+000 -1.780417406749203E-016
           5           1  0.000000000000000E+000 -4.695825932500972E-017
           5           2  0.000000000000000E+000 -1.780417406749303E-016
           6           1  0.000000000000000E+000 -4.695825932502724E-017
           6           2  0.000000000000000E+000 -1.780417406749090E-016
           7           1  0.000000000000000E+000 -4.695825932502807E-017
           7           2  0.000000000000000E+000 -1.780417406749090E-016
           8           1  0.000000000000000E+000 -4.695825932503479E-017
           8           2  0.000000000000000E+000 -1.780417406749179E-016
           9           1  0.000000000000000E+000 -4.695825932502454E-017
           9           2  0.000000000000000E+000 -1.780417406749075E-016
          10           1  0.000000000000000E+000 -4.695825932501485E-017
          10           2  0.000000000000000E+000 -1.780417406749025E-016
          11           1  0.000000000000000E+000 -4.695825932502250E-017
          11           2  0.000000000000000E+000 -1.780417406749022E-016
          12           1  0.000000000000000E+000 -4.695825932502514E-017
          12           2  0.000000000000000E+000 -1.780417406749008E-016
          13           1  0.000000000000000E+000 -4.695825932502180E-017
          13           2  0.000000000000000E+000 -1.780417406748949E-016
          14           1  0.000000000000000E+000 -4.695825932502128E-017
          14           2  0.000000000000000E+000 -1.780417406749016E-016
          15           1  0.000000000000000E+000 -4.695825932502069E-017
          15           2  0.000000000000000E+000 -1.780417406749049E-016
          16           1  0.000000000000000E+000 -4.695825932502730E-017
          16           2  0.000000000000000E+000 -1.780417406749130E-016
          17           1  0.000000000000000E+000 -4.695825932502134E-017
          17           2  0.000000000000000E+000 -1.780417406749053E-016
          18           1  0.000000000000000E+000 -4.695825932502673E-017
          18           2  0.000000000000000E+000 -1.780417406749088E-016
          19           1  0.000000000000000E+000 -4.695825932503158E-017
          19           2  0.000000000000000E+000 -1.780417406749170E-016
          20           1  0.000000000000000E+000 -4.695825932503169E-017
          20           2  0.000000000000000E+000 -1.780417406749280E-016
          21           1  0.000000000000000E+000 -4.695825932502995E-017
          21           2  0.000000000000000E+000 -1.780417406749225E-016
          22           1  0.000000000000000E+000 -4.695825932502921E-017
          22           2  0.000000000000000E+000 -1.780417406749176E-016
          23           1  0.000000000000000E+000 -4.695825932497148E-017
          23           2  0.000000000000000E+000 -1.780417406748414E-016
          24           1  0.000000000000000E+000 -4.695825932502953E-017
          24           2  0.000000000000000E+000 -1.780417406749170E-016
          25           1  0.000000000000000E+000 -4.695825932503009E-017
          25           2  0.000000000000000E+000 -1.780417406749239E-016
          26           1  0.000000000000000E+000 -4.695825932502905E-017
          26           2  0.000000000000000E+000 -1.780417406749094E-016
          27           1  0.000000000000000E+000 -4.695825932501757E-017
          27           2  0.000000000000000E+000 -1.780417406748957E-016
          28           1  0.000000000000000E+000 -4.695825932503061E-017
          28           2  0.000000000000000E+000 -1.780417406749155E-016
          29           1  0.000000000000000E+000 -4.695825932502191E-017
          29           2  0.000000000000000E+000 -1.780417406749019E-016
          30           1  0.000000000000000E+000 -4.695825932502811E-017
          30           2  0.000000000000000E+000 -1.780417406749113E-016
          31           1  0.000000000000000E+000 -4.695825932502981E-017
          31           2  0.000000000000000E+000 -1.780417406749239E-016
          32           1  0.000000000000000E+000 -4.695825932503163E-017
          32           2  0.000000000000000E+000 -1.780417406749202E-016
          33           1  0.000000000000000E+000 -4.695825932502861E-017
          33           2  0.000000000000000E+000 -1.780417406749149E-016
          34           1  0.000000000000000E+000 -4.695825932502029E-017
          34           2  0.000000000000000E+000 -1.780417406749067E-016
          35           1  0.000000000000000E+000 -4.695825932502391E-017
          35           2  0.000000000000000E+000 -1.780417406749042E-016
          36           1  0.000000000000000E+000 -4.695825932502741E-017
          36           2  0.000000000000000E+000 -1.780417406749096E-016
          37           1  0.000000000000000E+000 -4.695825932502288E-017
          37           2  0.000000000000000E+000 -1.780417406749015E-016
          38           1  0.000000000000000E+000 -4.695825932495920E-017
          38           2  0.000000000000000E+000 -1.780417406747979E-016
          39           1  0.000000000000000E+000 -4.695825932503318E-017
          39           2  0.000000000000000E+000 -1.780417406749187E-016
          40           1  0.000000000000000E+000 -4.695825932503176E-017
          40           2  0.000000000000000E+000 -1.780417406749270E-016
          41           1  0.000000000000000E+000 -4.695825932502977E-017
          41           2  0.000000000000000E+000 -1.780417406749202E-016
          42           1  0.000000000000000E+000 -4.695825932501071E-017
          42           2  0.000000000000000E+000 -1.780417406748920E-016
          43           1  0.000000000000000E+000 -4.695825932497505E-017
          43           2  0.000000000000000E+000 -1.780417406748594E-016
          44           1  0.000000000000000E+000 -4.695825932499964E-017
          44           2  0.000000000000000E+000 -1.780417406748646E-016
          45           1  0.000000000000000E+000 -4.695825932503375E-017
          45           2  0.000000000000000E+000 -1.780417406748952E-016
          46           1  0.000000000000000E+000 -4.695825932502998E-017
          46           2  0.000000000000000E+000 -1.780417406749097E-016
          47           1  0.000000000000000E+000 -4.695825932502486E-017
          47           2  0.000000000000000E+000 -1.780417406748970E-016
          48           1  0.000000000000000E+000 -4.695825932502550E-017
          48           2  0.000000000000000E+000 -1.780417406748987E-016
          49           1  0.000000000000000E+000 -4.695825932495540E-017
          49           2  0.000000000000000E+000 -1.780417406747572E-016
          50           1  0.000000000000000E+000 -4.695825932503059E-017
          50           2  0.000000000000000E+000 -1.780417406749150E-016
          51           1  0.000000000000000E+000 -4.695825932503636E-017
          51           2  0.000000000000000E+000 -1.780417406749237E-016
          52           1  0.000000000000000E+000 -4.695825932503348E-017
          52           2  0.000000000000000E+000 -1.780417406749124E-016
          53           1  0.000000000000000E+000 -4.695825932502427E-017
          53           2  0.000000000000000E+000 -1.780417406749043E-016
          54           1  0.000000000000000E+000 -4.695825932502280E-017
          54           2  0.000000000000000E+000 -1.780417406749069E-016
          55           1  0.000000000000000E+000 -4.695825932502203E-017
          55           2  0.000000000000000E+000 -1.780417406748979E-016
          56           1  0.000000000000000E+000 -4.695825932498064E-017
          56           2  0.000000000000000E+000 -1.780417406747859E-016
          57           1  0.000000000000000E+000 -4.695825932500294E-017
          57           2  0.000000000000000E+000 -1.780417406748421E-016
          58           1  0.000000000000000E+000 -4.695825932498477E-017
          58           2  0.000000000000000E+000 -1.780417406748254E-016
          59           1  0.000000000000000E+000 -4.695825932503490E-017
          59           2  0.000000000000000E+000 -1.780417406749183E-016
          60           1  0.000000000000000E+000 -4.695825932502920E-017
          60           2  0.000000000000000E+000 -1.780417406749102E-016
          61           1  0.000000000000000E+000 -4.695825932503572E-017
          61           2  0.000000000000000E+000 -1.780417406749297E-016
          62           1  0.000000000000000E+000 -4.695825932504092E-017
          62           2  0.000000000000000E+000 -1.780417406749640E-016
          63           1  0.000000000000000E+000 -4.695825932502751E-017
          63           2  0.000000000000000E+000 -1.780417406748886E-016
          64           1  0.000000000000000E+000 -4.695825932504596E-017
          64           2  0.000000000000000E+000 -1.780417406749346E-016
          65           1  0.000000000000000E+000 -4.695825932504363E-017
          65           2  0.000000000000000E+000 -1.780417406749468E-016
          66           1  0.000000000000000E+000 -4.695825932503506E-017
          66           2  0.000000000000000E+000 -1.780417406749256E-016
          67           1  0.000000000000000E+000 -4.695825932504267E-017
          67           2  0.000000000000000E+000 -1.780417406749045E-016
          68           1  0.000000000000000E+000 -4.695825932502517E-017
          68           2  0.000000000000000E+000 -1.780417406749374E-016
          69           1  0.000000000000000E+000 -4.695825932503369E-017
          69           2  0.000000000000000E+000 -1.780417406749252E-016
          70           1  0.000000000000000E+000 -4.695825932498502E-017
          70           2  0.000000000000000E+000 -1.780417406748945E-016
          71           1  0.000000000000000E+000 -4.695825932503649E-017
          71           2  0.000000000000000E+000 -1.780417406749302E-016
          72           1  0.000000000000000E+000 -4.695825932503443E-017
          72           2  0.000000000000000E+000 -1.780417406749243E-016
          73           1  0.000000000000000E+000 -4.695825932499464E-017
          73           2  0.000000000000000E+000 -1.780417406748551E-016
          74           1  0.000000000000000E+000 -4.695825932500738E-017
          74           2  0.000000000000000E+000 -1.780417406748851E-016
          75           1  0.000000000000000E+000 -4.695825932501565E-017
          75           2  0.000000000000000E+000 -1.780417406748457E-016
          76           1  0.000000000000000E+000 -4.695825932502939E-017
          76           2  0.000000000000000E+000 -1.780417406749173E-016
          77           1  0.000000000000000E+000 -4.695825932503417E-017
          77           2  0.000000000000000E+000 -1.780417406749566E-016
          78           1  0.000000000000000E+000 -4.695825932500250E-017
          78           2  0.000000000000000E+000 -1.780417406748994E-016
          79           1  0.000000000000000E+000 -4.695825932502779E-017
          79           2  0.000000000000000E+000 -1.780417406749168E-016
          80           1  0.000000000000000E+000 -4.695825932502780E-017
          80           2  0.000000000000000E+000 -1.780417406749158E-016
          81           1  0.000000000000000E+000 -4.695825932502532E-017
          81           2  0.000000000000000E+000 -1.780417406749094E-016
          82           1  0.000000000000000E+000 -4.695825932499530E-017
          82           2  0.000000000000000E+000 -1.780417406748274E-016
          83           1  0.000000000000000E+000 -4.695825932506101E-017
          83           2  0.000000000000000E+000 -1.780417406749179E-016
          84           1  0.000000000000000E+000 -4.695825932505750E-017
          84           2  0.000000000000000E+000 -1.780417406749688E-016
          85           1  0.000000000000000E+000 -4.695825932500430E-017
          85           2  0.000000000000000E+000 -1.780417406748892E-016
          86           1  0.000000000000000E+000 -4.695825932501366E-017
          86           2  0.000000000000000E+000 -1.780417406748774E-016
          87           1  0.000000000000000E+000 -4.695825932503238E-017
          87           2  0.000000000000000E+000 -1.780417406748841E-016
          88           1  0.000000000000000E+000 -4.695825932501920E-017
          88           2  0.000000000000000E+000 -1.780417406748966E-016
          89           1  0.000000000000000E+000 -4.695825932497880E-017
          89           2  0.000000000000000E+000 -1.780417406748195E-016
          90           1  0.000000000000000E+000 -4.695825932503762E-017
          90           2  0.000000000000000E+000 -1.780417406749331E-016
          91           1  0.000000000000000E+000 -4.695825932503949E-017
          91           2  0.000000000000000E+000 -1.780417406749331E-016
          92           1  0.000000000000000E+000 -4.695825932503466E-017
          92           2  0.000000000000000E+000 -1.780417406749263E-016
          93           1  0.000000000000000E+000 -4.695825932503152E-017
          93           2  0.000000000000000E+000 -1.780417406749175E-016
          94           1  0.000000000000000E+000 -4.695825932499787E-017
          94           2  0.000000000000000E+000 -1.780417406748684E-016
          95           1  0.000000000000000E+000 -4.695825932501301E-017
          95           2  0.000000000000000E+000 -1.780417406748890E-016
          96           1  0.000000000000000E+000 -4.695825932502797E-017
          96           2  0.000000000000000E+000 -1.780417406749092E-016
          97           1  0.000000000000000E+000 -4.695825932505429E-017
          97           2  0.000000000000000E+000 -1.780417406749352E-016
          98           1  0.000000000000000E+000 -4.695825932500496E-017
          98           2  0.000000000000000E+000 -1.780417406749020E-016
          99           1  0.000000000000000E+000 -4.695825932498133E-017
          99           2  0.000000000000000E+000 -1.780417406748409E-016
         100           1  0.000000000000000E+000 -4.695825932497977E-017
         100           2  0.000000000000000E+000 -1.780417406748661E-016
         101           1  0.000000000000000E+000 -4.695825932503701E-017
         101           2  0.000000000000000E+000 -1.780417406749286E-016
         102           1  0.000000000000000E+000 -4.695825932503379E-017
         102           2  0.000000000000000E+000 -1.780417406749255E-016
         103           1  0.000000000000000E+000 -4.695825932501225E-017
         103           2  0.000000000000000E+000 -1.780417406749065E-016
         104           1  0.000000000000000E+000 -4.695825932503751E-017
         104           2  0.000000000000000E+000 -1.780417406749232E-016
         105           1  0.000000000000000E+000 -4.695825932501631E-017
         105           2  0.000000000000000E+000 -1.780417406748858E-016
         106           1  0.000000000000000E+000 -4.695825932497173E-017
         106           2  0.000000000000000E+000 -1.780417406748085E-016
         107           1  0.000000000000000E+000 -4.695825932495989E-017
         107           2  0.000000000000000E+000 -1.780417406747798E-016
         108           1  0.000000000000000E+000 -4.695825932497189E-017
         108           2  0.000000000000000E+000 -1.780417406747859E-016
         109           1  0.000000000000000E+000 -4.695825932502026E-017
         109           2  0.000000000000000E+000 -1.780417406748953E-016
         110           1  0.000000000000000E+000 -4.695825932503218E-017
         110           2  0.000000000000000E+000 -1.780417406749224E-016
         111           1  0.000000000000000E+000 -4.695825932503665E-017
         111           2  0.000000000000000E+000 -1.780417406749224E-016
         112           1  0.000000000000000E+000 -4.695825932502960E-017
         112           2  0.000000000000000E+000 -1.780417406749109E-016
         113           1  0.000000000000000E+000 -4.695825932502850E-017
         113           2  0.000000000000000E+000 -1.780417406749075E-016
         114           1  0.000000000000000E+000 -4.695825932497733E-017
         114           2  0.000000000000000E+000 -1.780417406748156E-016
         115           1  0.000000000000000E+000 -4.695825932496622E-017
         115           2  0.000000000000000E+000 -1.780417406747918E-016
         116           1  0.000000000000000E+000 -4.695825932502696E-017
         116           2  0.000000000000000E+000 -1.780417406749094E-016
         117           1  0.000000000000000E+000 -4.695825932498048E-017
         117           2  0.000000000000000E+000 -1.780417406748423E-016
         118           1  0.000000000000000E+000 -4.695825932499324E-017
         118           2  0.000000000000000E+000 -1.780417406748564E-016
         119           1  0.000000000000000E+000 -4.695825932496844E-017
         119           2  0.000000000000000E+000 -1.780417406748433E-016
         120           1  0.000000000000000E+000 -4.695825932499325E-017
         120           2  0.000000000000000E+000 -1.780417406748471E-016
         121           1  0.000000000000000E+000 -4.695825932503261E-017
         121           2  0.000000000000000E+000 -1.780417406749299E-016
         122           1  0.000000000000000E+000 -4.695825932503401E-017
         122           2  0.000000000000000E+000 -1.780417406749209E-016
         123           1  0.000000000000000E+000 -4.695825932503292E-017
         123           2  0.000000000000000E+000 -1.780417406749148E-016
         124           1  0.000000000000000E+000 -4.695825932504025E-017
         124           2  0.000000000000000E+000 -1.780417406749232E-016
         125           1  0.000000000000000E+000 -4.695825932501610E-017
         125           2  0.000000000000000E+000 -1.780417406748990E-016
         126           1  0.000000000000000E+000 -4.695825932495309E-017
         126           2  0.000000000000000E+000 -1.780417406747758E-016
         127           1  0.000000000000000E+000 -4.695825932496437E-017
         127           2  0.000000000000000E+000 -1.780417406747708E-016
         128           1  0.000000000000000E+000 -4.695825932494053E-017
         128           2  0.000000000000000E+000 -1.780417406747406E-016
         129           1  0.000000000000000E+000 -4.695825932502112E-017
         129           2  0.000000000000000E+000 -1.780417406748998E-016
         130           1  0.000000000000000E+000 -4.695825932502812E-017
         130           2  0.000000000000000E+000 -1.780417406749149E-016
         131           1  0.000000000000000E+000 -4.695825932502918E-017
         131           2  0.000000000000000E+000 -1.780417406749126E-016
         132           1  0.000000000000000E+000 -4.695825932502838E-017
         132           2  0.000000000000000E+000 -1.780417406748972E-016
         133           1  0.000000000000000E+000 -4.695825932502523E-017
         133           2  0.000000000000000E+000 -1.780417406748945E-016
         134           1  0.000000000000000E+000 -4.695825932497046E-017
         134           2  0.000000000000000E+000 -1.780417406747954E-016
         135           1  0.000000000000000E+000 -4.695825932493907E-017
         135           2  0.000000000000000E+000 -1.780417406747533E-016
         136           1  0.000000000000000E+000 -4.695825932492817E-017
         136           2  0.000000000000000E+000 -1.780417406747205E-016
         137           1  0.000000000000000E+000 -4.695825932499008E-017
         137           2  0.000000000000000E+000 -1.780417406748401E-016
         138           1  0.000000000000000E+000 -4.695825932501337E-017
         138           2  0.000000000000000E+000 -1.780417406748870E-016
         139           1  0.000000000000000E+000 -4.695825932502832E-017
         139           2  0.000000000000000E+000 -1.780417406749084E-016
         140           1  0.000000000000000E+000 -4.695825932502688E-017
         140           2  0.000000000000000E+000 -1.780417406749126E-016
         141           1  0.000000000000000E+000 -4.695825932503552E-017
         141           2  0.000000000000000E+000 -1.780417406749194E-016
         142           1  0.000000000000000E+000 -4.695825932500639E-017
         142           2  0.000000000000000E+000 -1.780417406749163E-016
         143           1  0.000000000000000E+000 -4.695825932502342E-017
         143           2  0.000000000000000E+000 -1.780417406748949E-016
         144           1  0.000000000000000E+000 -4.695825932502671E-017
         144           2  0.000000000000000E+000 -1.780417406749104E-016
         145           1  0.000000000000000E+000 -4.695825932499561E-017
         145           2  0.000000000000000E+000 -1.780417406748464E-016
         146           1  0.000000000000000E+000 -4.695825932496228E-017
         146           2  0.000000000000000E+000 -1.780417406748162E-016
         147           1  0.000000000000000E+000 -4.695825932496933E-017
         147           2  0.000000000000000E+000 -1.780417406748216E-016
         148           1  0.000000000000000E+000 -4.695825932497467E-017
         148           2  0.000000000000000E+000 -1.780417406748072E-016
         149           1  0.000000000000000E+000 -4.695825932502524E-017
         149           2  0.000000000000000E+000 -1.780417406748929E-016
         150           1  0.000000000000000E+000 -4.695825932503430E-017
         150           2  0.000000000000000E+000 -1.780417406749177E-016
         151           1  0.000000000000000E+000 -4.695825932502993E-017
         151           2  0.000000000000000E+000 -1.780417406749079E-016
         152           1  0.000000000000000E+000 -4.695825932502396E-017
         152           2  0.000000000000000E+000 -1.780417406749010E-016
         153           1  0.000000000000000E+000 -4.695825932495064E-017
         153           2  0.000000000000000E+000 -1.780417406748025E-016
         154           1  0.000000000000000E+000 -4.695825932497727E-017
         154           2  0.000000000000000E+000 -1.780417406748097E-016
         155           1  0.000000000000000E+000 -4.695825932496426E-017
         155           2  0.000000000000000E+000 -1.780417406747585E-016
         156           1  0.000000000000000E+000 -4.695825932492539E-017
         156           2  0.000000000000000E+000 -1.780417406747304E-016
         157           1  0.000000000000000E+000 -4.695825932499807E-017
         157           2  0.000000000000000E+000 -1.780417406748651E-016
         158           1  0.000000000000000E+000 -4.695825932503986E-017
         158           2  0.000000000000000E+000 -1.780417406749317E-016
         159           1  0.000000000000000E+000 -4.695825932498770E-017
         159           2  0.000000000000000E+000 -1.780417406748278E-016
         160           1  0.000000000000000E+000 -4.695825932495631E-017
         160           2  0.000000000000000E+000 -1.780417406747888E-016
         161           1  0.000000000000000E+000 -4.695825932501738E-017
         161           2  0.000000000000000E+000 -1.780417406749209E-016
         162           1  0.000000000000000E+000 -4.695825932501085E-017
         162           2  0.000000000000000E+000 -1.780417406748816E-016
         163           1  0.000000000000000E+000 -4.695825932503723E-017
         163           2  0.000000000000000E+000 -1.780417406748625E-016
         164           1  0.000000000000000E+000 -4.695825932498938E-017
         164           2  0.000000000000000E+000 -1.780417406748489E-016
         165           1  0.000000000000000E+000 -4.695825932496954E-017
         165           2  0.000000000000000E+000 -1.780417406748211E-016
         166           1  0.000000000000000E+000 -4.695825932496491E-017
         166           2  0.000000000000000E+000 -1.780417406748257E-016
         167           1  0.000000000000000E+000 -4.695825932498862E-017
         167           2  0.000000000000000E+000 -1.780417406748408E-016
         168           1  0.000000000000000E+000 -4.695825932499019E-017
         168           2  0.000000000000000E+000 -1.780417406747990E-016
         169           1  0.000000000000000E+000 -4.695825932496463E-017
         169           2  0.000000000000000E+000 -1.780417406748114E-016
         170           1  0.000000000000000E+000 -4.695825932495677E-017
         170           2  0.000000000000000E+000 -1.780417406747992E-016
         171           1  0.000000000000000E+000 -4.695825932495300E-017
         171           2  0.000000000000000E+000 -1.780417406747824E-016
         172           1  0.000000000000000E+000 -4.695825932499347E-017
         172           2  0.000000000000000E+000 -1.780417406747714E-016
         173           1  0.000000000000000E+000 -4.695825932497142E-017
         173           2  0.000000000000000E+000 -1.780417406747812E-016
         174           1  0.000000000000000E+000 -4.695825932497059E-017
         174           2  0.000000000000000E+000 -1.780417406747607E-016
         175           1  0.000000000000000E+000 -4.695825932495649E-017
         175           2  0.000000000000000E+000 -1.780417406747743E-016
         176           1  0.000000000000000E+000 -4.695825932496539E-017
         176           2  0.000000000000000E+000 -1.780417406747678E-016
         177           1  0.000000000000000E+000 -4.695825932499975E-017
         177           2  0.000000000000000E+000 -1.780417406748721E-016
         178           1  0.000000000000000E+000 -4.695825932503212E-017
         178           2  0.000000000000000E+000 -1.780417406748986E-016
         179           1  0.000000000000000E+000 -4.695825932497968E-017
         179           2  0.000000000000000E+000 -1.780417406748048E-016
         180           1  0.000000000000000E+000 -4.695825932499014E-017
         180           2  0.000000000000000E+000 -1.780417406748001E-016
         181           1  0.000000000000000E+000 -4.695825932499794E-017
         181           2  0.000000000000000E+000 -1.780417406748697E-016
         182           1  0.000000000000000E+000 -4.695825932500675E-017
         182           2  0.000000000000000E+000 -1.780417406748592E-016
         183           1  0.000000000000000E+000 -4.695825932499561E-017
         183           2  0.000000000000000E+000 -1.780417406748461E-016
         184           1  0.000000000000000E+000 -4.695825932496446E-017
         184           2  0.000000000000000E+000 -1.780417406748278E-016
         185           1  0.000000000000000E+000 -4.695825932495939E-017
         185           2  0.000000000000000E+000 -1.780417406747866E-016
         186           1  0.000000000000000E+000 -4.695825932496530E-017
         186           2  0.000000000000000E+000 -1.780417406748211E-016
         187           1  0.000000000000000E+000 -4.695825932496971E-017
         187           2  0.000000000000000E+000 -1.780417406748096E-016
         188           1  0.000000000000000E+000 -4.695825932496979E-017
         188           2  0.000000000000000E+000 -1.780417406748069E-016
         189           1  0.000000000000000E+000 -4.695825932496389E-017
         189           2  0.000000000000000E+000 -1.780417406747841E-016
         190           1  0.000000000000000E+000 -4.695825932496615E-017
         190           2  0.000000000000000E+000 -1.780417406748063E-016
         191           1  0.000000000000000E+000 -4.695825932498921E-017
         191           2  0.000000000000000E+000 -1.780417406747713E-016
         192           1  0.000000000000000E+000 -4.695825932497341E-017
         192           2  0.000000000000000E+000 -1.780417406747714E-016
         193           1  0.000000000000000E+000 -4.695825932497108E-017
         193           2  0.000000000000000E+000 -1.780417406747569E-016
         194           1  0.000000000000000E+000 -4.695825932494198E-017
         194           2  0.000000000000000E+000 -1.780417406747475E-016
         195           1  0.000000000000000E+000 -4.695825932493706E-017
         195           2  0.000000000000000E+000 -1.780417406747846E-016
         196           1  0.000000000000000E+000 -4.695825932496927E-017
         196           2  0.000000000000000E+000 -1.780417406748031E-016
         197           1  0.000000000000000E+000 -4.695825932501381E-017
         197           2  0.000000000000000E+000 -1.780417406748989E-016
         198           1  0.000000000000000E+000 -4.695825932504711E-017
         198           2  0.000000000000000E+000 -1.780417406749376E-016
         199           1  0.000000000000000E+000 -4.695825932502438E-017
         199           2  0.000000000000000E+000 -1.780417406748847E-016
         200           1  0.000000000000000E+000 -4.695825932502981E-017
         200           2  0.000000000000000E+000 -1.780417406749160E-016
         201           1  0.000000000000000E+000 -4.695825932497818E-017
         201           2  0.000000000000000E+000 -1.780417406748325E-016
         202           1  0.000000000000000E+000 -4.695825932498379E-017
         202           2  0.000000000000000E+000 -1.780417406748352E-016
         203           1  0.000000000000000E+000 -4.695825932497140E-017
         203           2  0.000000000000000E+000 -1.780417406747973E-016
         204           1  0.000000000000000E+000 -4.695825932496631E-017
         204           2  0.000000000000000E+000 -1.780417406748030E-016
         205           1  0.000000000000000E+000 -4.695825932494288E-017
         205           2  0.000000000000000E+000 -1.780417406747448E-016
         206           1  0.000000000000000E+000 -4.695825932493399E-017
         206           2  0.000000000000000E+000 -1.780417406747384E-016
         207           1  0.000000000000000E+000 -4.695825932494866E-017
         207           2  0.000000000000000E+000 -1.780417406747477E-016
         208           1  0.000000000000000E+000 -4.695825932494437E-017
         208           2  0.000000000000000E+000 -1.780417406747635E-016
         209           1  0.000000000000000E+000 -4.695825932495196E-017
         209           2  0.000000000000000E+000 -1.780417406748013E-016
         210           1  0.000000000000000E+000 -4.695825932497089E-017
         210           2  0.000000000000000E+000 -1.780417406747764E-016
         211           1  0.000000000000000E+000 -4.695825932495374E-017
         211           2  0.000000000000000E+000 -1.780417406747622E-016
         212           1  0.000000000000000E+000 -4.695825932495141E-017
         212           2  0.000000000000000E+000 -1.780417406747230E-016
         213           1  0.000000000000000E+000 -4.695825932495791E-017
         213           2  0.000000000000000E+000 -1.780417406746860E-016
         214           1  0.000000000000000E+000 -4.695825932494269E-017
         214           2  0.000000000000000E+000 -1.780417406747160E-016
         215           1  0.000000000000000E+000 -4.695825932491883E-017
         215           2  0.000000000000000E+000 -1.780417406747075E-016
         216           1  0.000000000000000E+000 -4.695825932496124E-017
         216           2  0.000000000000000E+000 -1.780417406747894E-016
         217           1  0.000000000000000E+000 -4.695825932501265E-017
         217           2  0.000000000000000E+000 -1.780417406748798E-016
         218           1  0.000000000000000E+000 -4.695825932504758E-017
         218           2  0.000000000000000E+000 -1.780417406749282E-016
         219           1  0.000000000000000E+000 -4.695825932503595E-017
         219           2  0.000000000000000E+000 -1.780417406749256E-016
         220           1  0.000000000000000E+000 -4.695825932502496E-017
         220           2  0.000000000000000E+000 -1.780417406749323E-016
         221           1  0.000000000000000E+000 -4.695825932497564E-017
         221           2  0.000000000000000E+000 -1.780417406748157E-016
         222           1  0.000000000000000E+000 -4.695825932496678E-017
         222           2  0.000000000000000E+000 -1.780417406748172E-016
         223           1  0.000000000000000E+000 -4.695825932499122E-017
         223           2  0.000000000000000E+000 -1.780417406748112E-016
         224           1  0.000000000000000E+000 -4.695825932499366E-017
         224           2  0.000000000000000E+000 -1.780417406748289E-016
         225           1  0.000000000000000E+000 -4.695825932495688E-017
         225           2  0.000000000000000E+000 -1.780417406747921E-016
         226           1  0.000000000000000E+000 -4.695825932492947E-017
         226           2  0.000000000000000E+000 -1.780417406747370E-016
         227           1  0.000000000000000E+000 -4.695825932494890E-017
         227           2  0.000000000000000E+000 -1.780417406747089E-016
         228           1  0.000000000000000E+000 -4.695825932492641E-017
         228           2  0.000000000000000E+000 -1.780417406746908E-016
         229           1  0.000000000000000E+000 -4.695825932496840E-017
         229           2  0.000000000000000E+000 -1.780417406747680E-016
         230           1  0.000000000000000E+000 -4.695825932495162E-017
         230           2  0.000000000000000E+000 -1.780417406747530E-016
         231           1  0.000000000000000E+000 -4.695825932496558E-017
         231           2  0.000000000000000E+000 -1.780417406747669E-016
         232           1  0.000000000000000E+000 -4.695825932494161E-017
         232           2  0.000000000000000E+000 -1.780417406746904E-016
         233           1  0.000000000000000E+000 -4.695825932496562E-017
         233           2  0.000000000000000E+000 -1.780417406747679E-016
         234           1  0.000000000000000E+000 -4.695825932493093E-017
         234           2  0.000000000000000E+000 -1.780417406747100E-016
         235           1  0.000000000000000E+000 -4.695825932493337E-017
         235           2  0.000000000000000E+000 -1.780417406747226E-016
         236           1  0.000000000000000E+000 -4.695825932495905E-017
         236           2  0.000000000000000E+000 -1.780417406747539E-016
         237           1  0.000000000000000E+000 -4.695825932497210E-017
         237           2  0.000000000000000E+000 -1.780417406747973E-016
         238           1  0.000000000000000E+000 -4.695825932499200E-017
         238           2  0.000000000000000E+000 -1.780417406748217E-016
         239           1  0.000000000000000E+000 -4.695825932500217E-017
         239           2  0.000000000000000E+000 -1.780417406748556E-016
         240           1  0.000000000000000E+000 -4.695825932501094E-017
         240           2  0.000000000000000E+000 -1.780417406748564E-016
         241           1  0.000000000000000E+000 -4.695825932496882E-017
         241           2  0.000000000000000E+000 -1.780417406748162E-016
         242           1  0.000000000000000E+000 -4.695825932499020E-017
         242           2  0.000000000000000E+000 -1.780417406748196E-016
         243           1  0.000000000000000E+000 -4.695825932499219E-017
         243           2  0.000000000000000E+000 -1.780417406748078E-016
         244           1  0.000000000000000E+000 -4.695825932499950E-017
         244           2  0.000000000000000E+000 -1.780417406748513E-016
         245           1  0.000000000000000E+000 -4.695825932495617E-017
         245           2  0.000000000000000E+000 -1.780417406747966E-016
         246           1  0.000000000000000E+000 -4.695825932492513E-017
         246           2  0.000000000000000E+000 -1.780417406747237E-016
         247           1  0.000000000000000E+000 -4.695825932494829E-017
         247           2  0.000000000000000E+000 -1.780417406746966E-016
         248           1  0.000000000000000E+000 -4.695825932495639E-017
         248           2  0.000000000000000E+000 -1.780417406747648E-016
         249           1  0.000000000000000E+000 -4.695825932496977E-017
         249           2  0.000000000000000E+000 -1.780417406747701E-016
         250           1  0.000000000000000E+000 -4.695825932495293E-017
         250           2  0.000000000000000E+000 -1.780417406747567E-016
         251           1  0.000000000000000E+000 -4.695825932494285E-017
         251           2  0.000000000000000E+000 -1.780417406747127E-016
         252           1  0.000000000000000E+000 -4.695825932494193E-017
         252           2  0.000000000000000E+000 -1.780417406746873E-016
         253           1  0.000000000000000E+000 -4.695825932494353E-017
         253           2  0.000000000000000E+000 -1.780417406747035E-016
         254           1  0.000000000000000E+000 -4.695825932493629E-017
         254           2  0.000000000000000E+000 -1.780417406747010E-016
         255           1  0.000000000000000E+000 -4.695825932493017E-017
         255           2  0.000000000000000E+000 -1.780417406747260E-016
         256           1  0.000000000000000E+000 -4.695825932495933E-017
         256           2  0.000000000000000E+000 -1.780417406747639E-016
         257           1  0.000000000000000E+000 -4.695825932495184E-017
         257           2  0.000000000000000E+000 -1.780417406747512E-016
         258           1  0.000000000000000E+000 -4.695825932497913E-017
         258           2  0.000000000000000E+000 -1.780417406747898E-016
         259           1  0.000000000000000E+000 -4.695825932499257E-017
         259           2  0.000000000000000E+000 -1.780417406748298E-016
         260           1  0.000000000000000E+000 -4.695825932497956E-017
         260           2  0.000000000000000E+000 -1.780417406748111E-016
         261           1  0.000000000000000E+000 -4.695825932495633E-017
         261           2  0.000000000000000E+000 -1.780417406748193E-016
         262           1  0.000000000000000E+000 -4.695825932499106E-017
         262           2  0.000000000000000E+000 -1.780417406748341E-016
         263           1  0.000000000000000E+000 -4.695825932497564E-017
         263           2  0.000000000000000E+000 -1.780417406747870E-016
         264           1  0.000000000000000E+000 -4.695825932497288E-017
         264           2  0.000000000000000E+000 -1.780417406747804E-016
         265           1  0.000000000000000E+000 -4.695825932494434E-017
         265           2  0.000000000000000E+000 -1.780417406747510E-016
         266           1  0.000000000000000E+000 -4.695825932502055E-017
         266           2  0.000000000000000E+000 -1.780417406748878E-016
         267           1  0.000000000000000E+000 -4.695825932502502E-017
         267           2  0.000000000000000E+000 -1.780417406748966E-016
         268           1  0.000000000000000E+000 -4.695825932495178E-017
         268           2  0.000000000000000E+000 -1.780417406747518E-016
         269           1  0.000000000000000E+000 -4.695825932497704E-017
         269           2  0.000000000000000E+000 -1.780417406748007E-016
         270           1  0.000000000000000E+000 -4.695825932495685E-017
         270           2  0.000000000000000E+000 -1.780417406747843E-016
         271           1  0.000000000000000E+000 -4.695825932495779E-017
         271           2  0.000000000000000E+000 -1.780417406747344E-016
         272           1  0.000000000000000E+000 -4.695825932493115E-017
         272           2  0.000000000000000E+000 -1.780417406747120E-016
         273           1  0.000000000000000E+000 -4.695825932494395E-017
         273           2  0.000000000000000E+000 -1.780417406747194E-016
         274           1  0.000000000000000E+000 -4.695825932496051E-017
         274           2  0.000000000000000E+000 -1.780417406747665E-016
         275           1  0.000000000000000E+000 -4.695825932493595E-017
         275           2  0.000000000000000E+000 -1.780417406746690E-016
         276           1  0.000000000000000E+000 -4.695825932493966E-017
         276           2  0.000000000000000E+000 -1.780417406747230E-016
         277           1  0.000000000000000E+000 -4.695825932495819E-017
         277           2  0.000000000000000E+000 -1.780417406747825E-016
         278           1  0.000000000000000E+000 -4.695825932498926E-017
         278           2  0.000000000000000E+000 -1.780417406748128E-016
         279           1  0.000000000000000E+000 -4.695825932501843E-017
         279           2  0.000000000000000E+000 -1.780417406748525E-016
         280           1  0.000000000000000E+000 -4.695825932500847E-017
         280           2  0.000000000000000E+000 -1.780417406748549E-016
         281           1  0.000000000000000E+000 -4.695825932496674E-017
         281           2  0.000000000000000E+000 -1.780417406748091E-016
         282           1  0.000000000000000E+000 -4.695825932496014E-017
         282           2  0.000000000000000E+000 -1.780417406748095E-016
         283           1  0.000000000000000E+000 -4.695825932495574E-017
         283           2  0.000000000000000E+000 -1.780417406747799E-016
         284           1  0.000000000000000E+000 -4.695825932494413E-017
         284           2  0.000000000000000E+000 -1.780417406747505E-016
         285           1  0.000000000000000E+000 -4.695825932492410E-017
         285           2  0.000000000000000E+000 -1.780417406747317E-016
         286           1  0.000000000000000E+000 -4.695825932502865E-017
         286           2  0.000000000000000E+000 -1.780417406749009E-016
         287           1  0.000000000000000E+000 -4.695825932501651E-017
         287           2  0.000000000000000E+000 -1.780417406748858E-016
         288           1  0.000000000000000E+000 -4.695825932495907E-017
         288           2  0.000000000000000E+000 -1.780417406747720E-016
         289           1  0.000000000000000E+000 -4.695825932502144E-017
         289           2  0.000000000000000E+000 -1.780417406749000E-016
         290           1  0.000000000000000E+000 -4.695825932495651E-017
         290           2  0.000000000000000E+000 -1.780417406747374E-016
         291           1  0.000000000000000E+000 -4.695825932495244E-017
         291           2  0.000000000000000E+000 -1.780417406747531E-016
         292           1  0.000000000000000E+000 -4.695825932493169E-017
         292           2  0.000000000000000E+000 -1.780417406747355E-016
         293           1  0.000000000000000E+000 -4.695825932494105E-017
         293           2  0.000000000000000E+000 -1.780417406747007E-016
         294           1  0.000000000000000E+000 -4.695825932497290E-017
         294           2  0.000000000000000E+000 -1.780417406747774E-016
         295           1  0.000000000000000E+000 -4.695825932496124E-017
         295           2  0.000000000000000E+000 -1.780417406747260E-016
         296           1  0.000000000000000E+000 -4.695825932495340E-017
         296           2  0.000000000000000E+000 -1.780417406747079E-016
         297           1  0.000000000000000E+000 -4.695825932498596E-017
         297           2  0.000000000000000E+000 -1.780417406748064E-016
         298           1  0.000000000000000E+000 -4.695825932502408E-017
         298           2  0.000000000000000E+000 -1.780417406748916E-016
         299           1  0.000000000000000E+000 -4.695825932503221E-017
         299           2  0.000000000000000E+000 -1.780417406749110E-016
         300           1  0.000000000000000E+000 -4.695825932502581E-017
         300           2  0.000000000000000E+000 -1.780417406748826E-016
         301           1  0.000000000000000E+000 -4.695825932499899E-017
         301           2  0.000000000000000E+000 -1.780417406748333E-016
         302           1  0.000000000000000E+000 -4.695825932498156E-017
         302           2  0.000000000000000E+000 -1.780417406748044E-016
         303           1  0.000000000000000E+000 -4.695825932497870E-017
         303           2  0.000000000000000E+000 -1.780417406748300E-016
         304           1  0.000000000000000E+000 -4.695825932495207E-017
         304           2  0.000000000000000E+000 -1.780417406747625E-016
         305           1  0.000000000000000E+000 -4.695825932492968E-017
         305           2  0.000000000000000E+000 -1.780417406747263E-016
         306           1  0.000000000000000E+000 -4.695825932497140E-017
         306           2  0.000000000000000E+000 -1.780417406747539E-016
         307           1  0.000000000000000E+000 -4.695825932494419E-017
         307           2  0.000000000000000E+000 -1.780417406747596E-016
         308           1  0.000000000000000E+000 -4.695825932494341E-017
         308           2  0.000000000000000E+000 -1.780417406747310E-016
         309           1  0.000000000000000E+000 -4.695825932502104E-017
         309           2  0.000000000000000E+000 -1.780417406748961E-016
         310           1  0.000000000000000E+000 -4.695825932494905E-017
         310           2  0.000000000000000E+000 -1.780417406747694E-016
         311           1  0.000000000000000E+000 -4.695825932493763E-017
         311           2  0.000000000000000E+000 -1.780417406747394E-016
         312           1  0.000000000000000E+000 -4.695825932495023E-017
         312           2  0.000000000000000E+000 -1.780417406747164E-016
         313           1  0.000000000000000E+000 -4.695825932490857E-017
         313           2  0.000000000000000E+000 -1.780417406746611E-016
         314           1  0.000000000000000E+000 -4.695825932492582E-017
         314           2  0.000000000000000E+000 -1.780417406746987E-016
         315           1  0.000000000000000E+000 -4.695825932494303E-017
         315           2  0.000000000000000E+000 -1.780417406747477E-016
         316           1  0.000000000000000E+000 -4.695825932500233E-017
         316           2  0.000000000000000E+000 -1.780417406748138E-016
         317           1  0.000000000000000E+000 -4.695825932503549E-017
         317           2  0.000000000000000E+000 -1.780417406749032E-016
         318           1  0.000000000000000E+000 -4.695825932505841E-017
         318           2  0.000000000000000E+000 -1.780417406749594E-016
         319           1  0.000000000000000E+000 -4.695825932505856E-017
         319           2  0.000000000000000E+000 -1.780417406749663E-016
         320           1  0.000000000000000E+000 -4.695825932504889E-017
         320           2  0.000000000000000E+000 -1.780417406749580E-016
         321           1  0.000000000000000E+000 -4.695825932504186E-017
         321           2  0.000000000000000E+000 -1.780417406749345E-016
         322           1  0.000000000000000E+000 -4.695825932504233E-017
         322           2  0.000000000000000E+000 -1.780417406749312E-016
         323           1  0.000000000000000E+000 -4.695825932504417E-017
         323           2  0.000000000000000E+000 -1.780417406749361E-016
         324           1  0.000000000000000E+000 -4.695825932501519E-017
         324           2  0.000000000000000E+000 -1.780417406748998E-016
         325           1  0.000000000000000E+000 -4.695825932502942E-017
         325           2  0.000000000000000E+000 -1.780417406749135E-016
         326           1  0.000000000000000E+000 -4.695825932502590E-017
         326           2  0.000000000000000E+000 -1.780417406749069E-016
         327           1  0.000000000000000E+000 -4.695825932493699E-017
         327           2  0.000000000000000E+000 -1.780417406747353E-016
         328           1  0.000000000000000E+000 -4.695825932494436E-017
         328           2  0.000000000000000E+000 -1.780417406747147E-016
         329           1  0.000000000000000E+000 -4.695825932499000E-017
         329           2  0.000000000000000E+000 -1.780417406748579E-016
         330           1  0.000000000000000E+000 -4.695825932497015E-017
         330           2  0.000000000000000E+000 -1.780417406747784E-016
         331           1  0.000000000000000E+000 -4.695825932494676E-017
         331           2  0.000000000000000E+000 -1.780417406746950E-016
         332           1  0.000000000000000E+000 -4.695825932496882E-017
         332           2  0.000000000000000E+000 -1.780417406747804E-016
         333           1  0.000000000000000E+000 -4.695825932493225E-017
         333           2  0.000000000000000E+000 -1.780417406747086E-016
         334           1  0.000000000000000E+000 -4.695825932491497E-017
         334           2  0.000000000000000E+000 -1.780417406746607E-016
         335           1  0.000000000000000E+000 -4.695825932495249E-017
         335           2  0.000000000000000E+000 -1.780417406747135E-016
         336           1  0.000000000000000E+000 -4.695825932501351E-017
         336           2  0.000000000000000E+000 -1.780417406748791E-016
         337           1  0.000000000000000E+000 -4.695825932505035E-017
         337           2  0.000000000000000E+000 -1.780417406749320E-016
         338           1  0.000000000000000E+000 -4.695825932507552E-017
         338           2  0.000000000000000E+000 -1.780417406749960E-016
         339           1  0.000000000000000E+000 -4.695825932507319E-017
         339           2  0.000000000000000E+000 -1.780417406749959E-016
         340           1  0.000000000000000E+000 -4.695825932506235E-017
         340           2  0.000000000000000E+000 -1.780417406749956E-016
         341           1  0.000000000000000E+000 -4.695825932503697E-017
         341           2  0.000000000000000E+000 -1.780417406749254E-016
         342           1  0.000000000000000E+000 -4.695825932504065E-017
         342           2  0.000000000000000E+000 -1.780417406749275E-016
         343           1  0.000000000000000E+000 -4.695825932506398E-017
         343           2  0.000000000000000E+000 -1.780417406749732E-016
         344           1  0.000000000000000E+000 -4.695825932507137E-017
         344           2  0.000000000000000E+000 -1.780417406749946E-016
         345           1  0.000000000000000E+000 -4.695825932503825E-017
         345           2  0.000000000000000E+000 -1.780417406749361E-016
         346           1  0.000000000000000E+000 -4.695825932503788E-017
         346           2  0.000000000000000E+000 -1.780417406749267E-016
         347           1  0.000000000000000E+000 -4.695825932496867E-017
         347           2  0.000000000000000E+000 -1.780417406748010E-016
         348           1  0.000000000000000E+000 -4.695825932495259E-017
         348           2  0.000000000000000E+000 -1.780417406747657E-016
         349           1  0.000000000000000E+000 -4.695825932495806E-017
         349           2  0.000000000000000E+000 -1.780417406747455E-016
         350           1  0.000000000000000E+000 -4.695825932497389E-017
         350           2  0.000000000000000E+000 -1.780417406747531E-016
         351           1  0.000000000000000E+000 -4.695825932494045E-017
         351           2  0.000000000000000E+000 -1.780417406746998E-016
         352           1  0.000000000000000E+000 -4.695825932498445E-017
         352           2  0.000000000000000E+000 -1.780417406747743E-016
         353           1  0.000000000000000E+000 -4.695825932496824E-017
         353           2  0.000000000000000E+000 -1.780417406747701E-016
         354           1  0.000000000000000E+000 -4.695825932495068E-017
         354           2  0.000000000000000E+000 -1.780417406747291E-016
         355           1  0.000000000000000E+000 -4.695825932498334E-017
         355           2  0.000000000000000E+000 -1.780417406747964E-016
         356           1  0.000000000000000E+000 -4.695825932502454E-017
         356           2  0.000000000000000E+000 -1.780417406749152E-016
         357           1  0.000000000000000E+000 -4.695825932505765E-017
         357           2  0.000000000000000E+000 -1.780417406749718E-016
         358           1  0.000000000000000E+000 -4.695825932510183E-017
         358           2  0.000000000000000E+000 -1.780417406750237E-016
         359           1  0.000000000000000E+000 -4.695825932509776E-017
         359           2  0.000000000000000E+000 -1.780417406750567E-016
         360           1  0.000000000000000E+000 -4.695825932503714E-017
         360           2  0.000000000000000E+000 -1.780417406749531E-016
         361           1  0.000000000000000E+000 -4.695825932503379E-017
         361           2  0.000000000000000E+000 -1.780417406749169E-016
         362           1  0.000000000000000E+000 -4.695825932503547E-017
         362           2  0.000000000000000E+000 -1.780417406749296E-016
         363           1  0.000000000000000E+000 -4.695825932503008E-017
         363           2  0.000000000000000E+000 -1.780417406749246E-016
         364           1  0.000000000000000E+000 -4.695825932503295E-017
         364           2  0.000000000000000E+000 -1.780417406749338E-016
         365           1  0.000000000000000E+000 -4.695825932503740E-017
         365           2  0.000000000000000E+000 -1.780417406749296E-016
         366           1  0.000000000000000E+000 -4.695825932503829E-017
         366           2  0.000000000000000E+000 -1.780417406749308E-016
         367           1  0.000000000000000E+000 -4.695825932503695E-017
         367           2  0.000000000000000E+000 -1.780417406749232E-016
         368           1  0.000000000000000E+000 -4.695825932496921E-017
         368           2  0.000000000000000E+000 -1.780417406748022E-016
         369           1  0.000000000000000E+000 -4.695825932496944E-017
         369           2  0.000000000000000E+000 -1.780417406747652E-016
         370           1  0.000000000000000E+000 -4.695825932502570E-017
         370           2  0.000000000000000E+000 -1.780417406748985E-016
         371           1  0.000000000000000E+000 -4.695825932497887E-017
         371           2  0.000000000000000E+000 -1.780417406747634E-016
         372           1  0.000000000000000E+000 -4.695825932495977E-017
         372           2  0.000000000000000E+000 -1.780417406747611E-016
         373           1  0.000000000000000E+000 -4.695825932497613E-017
         373           2  0.000000000000000E+000 -1.780417406747710E-016
         374           1  0.000000000000000E+000 -4.695825932496550E-017
         374           2  0.000000000000000E+000 -1.780417406747872E-016
         375           1  0.000000000000000E+000 -4.695825932498268E-017
         375           2  0.000000000000000E+000 -1.780417406748149E-016
         376           1  0.000000000000000E+000 -4.695825932504090E-017
         376           2  0.000000000000000E+000 -1.780417406749206E-016
         377           1  0.000000000000000E+000 -4.695825932507590E-017
         377           2  0.000000000000000E+000 -1.780417406749786E-016
         378           1  0.000000000000000E+000 -4.695825932505611E-017
         378           2  0.000000000000000E+000 -1.780417406749959E-016
         379           1  0.000000000000000E+000 -4.695825932508873E-017
         379           2  0.000000000000000E+000 -1.780417406750439E-016
         380           1  0.000000000000000E+000 -4.695825932496129E-017
         380           2  0.000000000000000E+000 -1.780417406747583E-016
         381           1  0.000000000000000E+000 -4.695825932503345E-017
         381           2  0.000000000000000E+000 -1.780417406749196E-016
         382           1  0.000000000000000E+000 -4.695825932501834E-017
         382           2  0.000000000000000E+000 -1.780417406749079E-016
         383           1  0.000000000000000E+000 -4.695825932502439E-017
         383           2  0.000000000000000E+000 -1.780417406749173E-016
         384           1  0.000000000000000E+000 -4.695825932504568E-017
         384           2  0.000000000000000E+000 -1.780417406749475E-016
         385           1  0.000000000000000E+000 -4.695825932503968E-017
         385           2  0.000000000000000E+000 -1.780417406749356E-016
         386           1  0.000000000000000E+000 -4.695825932504107E-017
         386           2  0.000000000000000E+000 -1.780417406749321E-016
         387           1  0.000000000000000E+000 -4.695825932501388E-017
         387           2  0.000000000000000E+000 -1.780417406749188E-016
         388           1  0.000000000000000E+000 -4.695825932499459E-017
         388           2  0.000000000000000E+000 -1.780417406748246E-016
         389           1  0.000000000000000E+000 -4.695825932502903E-017
         389           2  0.000000000000000E+000 -1.780417406749060E-016
         390           1  0.000000000000000E+000 -4.695825932497579E-017
         390           2  0.000000000000000E+000 -1.780417406747887E-016
         391           1  0.000000000000000E+000 -4.695825932502511E-017
         391           2  0.000000000000000E+000 -1.780417406749067E-016
         392           1  0.000000000000000E+000 -4.695825932496342E-017
         392           2  0.000000000000000E+000 -1.780417406747750E-016
         393           1  0.000000000000000E+000 -4.695825932495690E-017
         393           2  0.000000000000000E+000 -1.780417406747626E-016
         394           1  0.000000000000000E+000 -4.695825932497874E-017
         394           2  0.000000000000000E+000 -1.780417406748153E-016
         395           1  0.000000000000000E+000 -4.695825932497165E-017
         395           2  0.000000000000000E+000 -1.780417406748204E-016
         396           1  0.000000000000000E+000 -4.695825932502722E-017
         396           2  0.000000000000000E+000 -1.780417406748869E-016
         397           1  0.000000000000000E+000 -4.695825932505021E-017
         397           2  0.000000000000000E+000 -1.780417406749541E-016
         398           1  0.000000000000000E+000 -4.695825932505605E-017
         398           2  0.000000000000000E+000 -1.780417406749364E-016
         399           1  0.000000000000000E+000 -4.695825932499900E-017
         399           2  0.000000000000000E+000 -1.780417406748539E-016
         400           1  0.000000000000000E+000 -4.695825932497134E-017
         400           2  0.000000000000000E+000 -1.780417406747944E-016
