           1           1  0.000000000000000E+000 -4.809582309579907E-017
           1           2  0.000000000000000E+000 -1.769041769040564E-016
           2           1  0.000000000000000E+000 -4.809582309580719E-017
           2           2  0.000000000000000E+000 -1.769041769040617E-016
           3           1  0.000000000000000E+000 -4.809582309580888E-017
           3           2  0.000000000000000E+000 -1.769041769040900E-016
           4           1  0.000000000000000E+000 -4.809582309581242E-017
           4           2  0.000000000000000E+000 -1.769041769041089E-016
           5           1  0.000000000000000E+000 -4.809582309581100E-017
           5           2  0.000000000000000E+000 -1.769041769041330E-016
           6           1  0.000000000000000E+000 -4.809582309581784E-017
           6           2  0.000000000000000E+000 -1.769041769041387E-016
           7           1  0.000000000000000E+000 -4.809582309581623E-017
           7           2  0.000000000000000E+000 -1.769041769041285E-016
           8           1  0.000000000000000E+000 -4.809582309581212E-017
           8           2  0.000000000000000E+000 -1.769041769040784E-016
           9           1  0.000000000000000E+000 -4.809582309580203E-017
           9           2  0.000000000000000E+000 -1.769041769040775E-016
          10           1  0.000000000000000E+000 -4.809582309579890E-017
          10           2  0.000000000000000E+000 -1.769041769040822E-016
          11           1  0.000000000000000E+000 -4.809582309580295E-017
          11           2  0.000000000000000E+000 -1.769041769040695E-016
          12           1  0.000000000000000E+000 -4.809582309581066E-017
          12           2  0.000000000000000E+000 -1.769041769040643E-016
          13           1  0.000000000000000E+000 -4.809582309581308E-017
          13           2  0.000000000000000E+000 -1.769041769040948E-016
          14           1  0.000000000000000E+000 -4.809582309581498E-017
          14           2  0.000000000000000E+000 -1.769041769041256E-016
          15           1  0.000000000000000E+000 -4.809582309581374E-017
          15           2  0.000000000000000E+000 -1.769041769041366E-016
          16           1  0.000000000000000E+000 -4.809582309581814E-017
          16           2  0.000000000000000E+000 -1.769041769041555E-016
          17           1  0.000000000000000E+000 -4.809582309581877E-017
          17           2  0.000000000000000E+000 -1.769041769041528E-016
          18           1  0.000000000000000E+000 -4.809582309581941E-017
          18           2  0.000000000000000E+000 -1.769041769041198E-016
          19           1  0.000000000000000E+000 -4.809582309581538E-017
          19           2  0.000000000000000E+000 -1.769041769041023E-016
          20           1  0.000000000000000E+000 -4.809582309580510E-017
          20           2  0.000000000000000E+000 -1.769041769040929E-016
          21           1  0.000000000000000E+000 -4.809582309581218E-017
          21           2  0.000000000000000E+000 -1.769041769040872E-016
          22           1  0.000000000000000E+000 -4.809582309581204E-017
          22           2  0.000000000000000E+000 -1.769041769040892E-016
          23           1  0.000000000000000E+000 -4.809582309581811E-017
          23           2  0.000000000000000E+000 -1.769041769040949E-016
          24           1  0.000000000000000E+000 -4.809582309582230E-017
          24           2  0.000000000000000E+000 -1.769041769041396E-016
          25           1  0.000000000000000E+000 -4.809582309582142E-017
          25           2  0.000000000000000E+000 -1.769041769041577E-016
          26           1  0.000000000000000E+000 -4.809582309582617E-017
          26           2  0.000000000000000E+000 -1.769041769041750E-016
          27           1  0.000000000000000E+000 -4.809582309582436E-017
          27           2  0.000000000000000E+000 -1.769041769041797E-016
          28           1  0.000000000000000E+000 -4.809582309581971E-017
          28           2  0.000000000000000E+000 -1.769041769041637E-016
          29           1  0.000000000000000E+000 -4.809582309581410E-017
          29           2  0.000000000000000E+000 -1.769041769040901E-016
          30           1  0.000000000000000E+000 -4.809582309579864E-017
          30           2  0.000000000000000E+000 -1.769041769040584E-016
          31           1  0.000000000000000E+000 -4.809582309581086E-017
          31           2  0.000000000000000E+000 -1.769041769041138E-016
          32           1  0.000000000000000E+000 -4.809582309581503E-017
          32           2  0.000000000000000E+000 -1.769041769041136E-016
          33           1  0.000000000000000E+000 -4.809582309581673E-017
          33           2  0.000000000000000E+000 -1.769041769041093E-016
          34           1  0.000000000000000E+000 -4.809582309581865E-017
          34           2  0.000000000000000E+000 -1.769041769041282E-016
          35           1  0.000000000000000E+000 -4.809582309582279E-017
          35           2  0.000000000000000E+000 -1.769041769041530E-016
          36           1  0.000000000000000E+000 -4.809582309582533E-017
          36           2  0.000000000000000E+000 -1.769041769041814E-016
          37           1  0.000000000000000E+000 -4.809582309582682E-017
          37           2  0.000000000000000E+000 -1.769041769041864E-016
          38           1  0.000000000000000E+000 -4.809582309582287E-017
          38           2  0.000000000000000E+000 -1.769041769041756E-016
          39           1  0.000000000000000E+000 -4.809582309581058E-017
          39           2  0.000000000000000E+000 -1.769041769041362E-016
          40           1  0.000000000000000E+000 -4.809582309580513E-017
          40           2  0.000000000000000E+000 -1.769041769040878E-016
          41           1  0.000000000000000E+000 -4.809582309581276E-017
          41           2  0.000000000000000E+000 -1.769041769040853E-016
          42           1  0.000000000000000E+000 -4.809582309581765E-017
          42           2  0.000000000000000E+000 -1.769041769040929E-016
          43           1  0.000000000000000E+000 -4.809582309581581E-017
          43           2  0.000000000000000E+000 -1.769041769040949E-016
          44           1  0.000000000000000E+000 -4.809582309581671E-017
          44           2  0.000000000000000E+000 -1.769041769041210E-016
          45           1  0.000000000000000E+000 -4.809582309582273E-017
          45           2  0.000000000000000E+000 -1.769041769041355E-016
          46           1  0.000000000000000E+000 -4.809582309582749E-017
          46           2  0.000000000000000E+000 -1.769041769041649E-016
          47           1  0.000000000000000E+000 -4.809582309582592E-017
          47           2  0.000000000000000E+000 -1.769041769041844E-016
          48           1  0.000000000000000E+000 -4.809582309582419E-017
          48           2  0.000000000000000E+000 -1.769041769041724E-016
          49           1  0.000000000000000E+000 -4.809582309581562E-017
          49           2  0.000000000000000E+000 -1.769041769041168E-016
          50           1  0.000000000000000E+000 -4.809582309580528E-017
          50           2  0.000000000000000E+000 -1.769041769041054E-016
          51           1  0.000000000000000E+000 -4.809582309581420E-017
          51           2  0.000000000000000E+000 -1.769041769041004E-016
          52           1  0.000000000000000E+000 -4.809582309581298E-017
          52           2  0.000000000000000E+000 -1.769041769041014E-016
          53           1  0.000000000000000E+000 -4.809582309581808E-017
          53           2  0.000000000000000E+000 -1.769041769041231E-016
          54           1  0.000000000000000E+000 -4.809582309582348E-017
          54           2  0.000000000000000E+000 -1.769041769041241E-016
          55           1  0.000000000000000E+000 -4.809582309582449E-017
          55           2  0.000000000000000E+000 -1.769041769041365E-016
          56           1  0.000000000000000E+000 -4.809582309582955E-017
          56           2  0.000000000000000E+000 -1.769041769041566E-016
          57           1  0.000000000000000E+000 -4.809582309582761E-017
          57           2  0.000000000000000E+000 -1.769041769041742E-016
          58           1  0.000000000000000E+000 -4.809582309582478E-017
          58           2  0.000000000000000E+000 -1.769041769041559E-016
          59           1  0.000000000000000E+000 -4.809582309581774E-017
          59           2  0.000000000000000E+000 -1.769041769041432E-016
          60           1  0.000000000000000E+000 -4.809582309581053E-017
          60           2  0.000000000000000E+000 -1.769041769041078E-016
          61           1  0.000000000000000E+000 -4.809582309581316E-017
          61           2  0.000000000000000E+000 -1.769041769041033E-016
          62           1  0.000000000000000E+000 -4.809582309581683E-017
          62           2  0.000000000000000E+000 -1.769041769041206E-016
          63           1  0.000000000000000E+000 -4.809582309582300E-017
          63           2  0.000000000000000E+000 -1.769041769041330E-016
          64           1  0.000000000000000E+000 -4.809582309582359E-017
          64           2  0.000000000000000E+000 -1.769041769041344E-016
          65           1  0.000000000000000E+000 -4.809582309582638E-017
          65           2  0.000000000000000E+000 -1.769041769041437E-016
          66           1  0.000000000000000E+000 -4.809582309582193E-017
          66           2  0.000000000000000E+000 -1.769041769041528E-016
          67           1  0.000000000000000E+000 -4.809582309582704E-017
          67           2  0.000000000000000E+000 -1.769041769041689E-016
          68           1  0.000000000000000E+000 -4.809582309582076E-017
          68           2  0.000000000000000E+000 -1.769041769041551E-016
          69           1  0.000000000000000E+000 -4.809582309581398E-017
          69           2  0.000000000000000E+000 -1.769041769041259E-016
          70           1  0.000000000000000E+000 -4.809582309580424E-017
          70           2  0.000000000000000E+000 -1.769041769041114E-016
          71           1  0.000000000000000E+000 -4.809582309580883E-017
          71           2  0.000000000000000E+000 -1.769041769040767E-016
          72           1  0.000000000000000E+000 -4.809582309581512E-017
          72           2  0.000000000000000E+000 -1.769041769040748E-016
          73           1  0.000000000000000E+000 -4.809582309581393E-017
          73           2  0.000000000000000E+000 -1.769041769040814E-016
          74           1  0.000000000000000E+000 -4.809582309581838E-017
          74           2  0.000000000000000E+000 -1.769041769041003E-016
          75           1  0.000000000000000E+000 -4.809582309582252E-017
          75           2  0.000000000000000E+000 -1.769041769041184E-016
          76           1  0.000000000000000E+000 -4.809582309582235E-017
          76           2  0.000000000000000E+000 -1.769041769041400E-016
          77           1  0.000000000000000E+000 -4.809582309582414E-017
          77           2  0.000000000000000E+000 -1.769041769041342E-016
          78           1  0.000000000000000E+000 -4.809582309581576E-017
          78           2  0.000000000000000E+000 -1.769041769041178E-016
          79           1  0.000000000000000E+000 -4.809582309581289E-017
          79           2  0.000000000000000E+000 -1.769041769040962E-016
          80           1  0.000000000000000E+000 -4.809582309580245E-017
          80           2  0.000000000000000E+000 -1.769041769040767E-016
          81           1  0.000000000000000E+000 -4.809582309580647E-017
          81           2  0.000000000000000E+000 -1.769041769040614E-016
          82           1  0.000000000000000E+000 -4.809582309580957E-017
          82           2  0.000000000000000E+000 -1.769041769040638E-016
          83           1  0.000000000000000E+000 -4.809582309580805E-017
          83           2  0.000000000000000E+000 -1.769041769040491E-016
          84           1  0.000000000000000E+000 -4.809582309581500E-017
          84           2  0.000000000000000E+000 -1.769041769040978E-016
          85           1  0.000000000000000E+000 -4.809582309581801E-017
          85           2  0.000000000000000E+000 -1.769041769041054E-016
          86           1  0.000000000000000E+000 -4.809582309581774E-017
          86           2  0.000000000000000E+000 -1.769041769041193E-016
          87           1  0.000000000000000E+000 -4.809582309581435E-017
          87           2  0.000000000000000E+000 -1.769041769041103E-016
          88           1  0.000000000000000E+000 -4.809582309581151E-017
          88           2  0.000000000000000E+000 -1.769041769040997E-016
          89           1  0.000000000000000E+000 -4.809582309580965E-017
          89           2  0.000000000000000E+000 -1.769041769040962E-016
          90           1  0.000000000000000E+000 -4.809582309580020E-017
          90           2  0.000000000000000E+000 -1.769041769040518E-016
          91           1  0.000000000000000E+000 -4.809582309579873E-017
          91           2  0.000000000000000E+000 -1.769041769040639E-016
          92           1  0.000000000000000E+000 -4.809582309580227E-017
          92           2  0.000000000000000E+000 -1.769041769040579E-016
          93           1  0.000000000000000E+000 -4.809582309580353E-017
          93           2  0.000000000000000E+000 -1.769041769041040E-016
          94           1  0.000000000000000E+000 -4.809582309580484E-017
          94           2  0.000000000000000E+000 -1.769041769040838E-016
          95           1  0.000000000000000E+000 -4.809582309580859E-017
          95           2  0.000000000000000E+000 -1.769041769040950E-016
          96           1  0.000000000000000E+000 -4.809582309581109E-017
          96           2  0.000000000000000E+000 -1.769041769040949E-016
          97           1  0.000000000000000E+000 -4.809582309580898E-017
          97           2  0.000000000000000E+000 -1.769041769041018E-016
          98           1  0.000000000000000E+000 -4.809582309581083E-017
          98           2  0.000000000000000E+000 -1.769041769041060E-016
          99           1  0.000000000000000E+000 -4.809582309580480E-017
          99           2  0.000000000000000E+000 -1.769041769040952E-016
         100           1  0.000000000000000E+000 -4.809582309580300E-017
         100           2  0.000000000000000E+000 -1.769041769040462E-016
