           1           1  0.000000000000000E+000 -3.074127906976580E-017
           1           2  0.000000000000000E+000 -1.942587209302024E-016
           2           1  0.000000000000000E+000 -3.074127906978173E-017
           2           2  0.000000000000000E+000 -1.942587209302214E-016
           3           1  0.000000000000000E+000 -3.074127906974669E-017
           3           2  0.000000000000000E+000 -1.942587209301974E-016
           4           1  0.000000000000000E+000 -3.074127906974181E-017
           4           2  0.000000000000000E+000 -1.942587209302171E-016
           5           1  0.000000000000000E+000 -3.074127906974280E-017
           5           2  0.000000000000000E+000 -1.942587209301898E-016
           6           1  0.000000000000000E+000 -3.074127906975626E-017
           6           2  0.000000000000000E+000 -1.942587209302000E-016
           7           1  0.000000000000000E+000 -3.074127906979310E-017
           7           2  0.000000000000000E+000 -1.942587209302211E-016
           8           1  0.000000000000000E+000 -3.074127906974535E-017
           8           2  0.000000000000000E+000 -1.942587209301987E-016
           9           1  0.000000000000000E+000 -3.074127906974013E-017
           9           2  0.000000000000000E+000 -1.942587209301947E-016
          10           1  0.000000000000000E+000 -3.074127906971337E-017
          10           2  0.000000000000000E+000 -1.942587209301908E-016
          11           1  0.000000000000000E+000 -3.074127906974350E-017
          11           2  0.000000000000000E+000 -1.942587209301916E-016
          12           1  0.000000000000000E+000 -3.074127906975769E-017
          12           2  0.000000000000000E+000 -1.942587209301905E-016
          13           1  0.000000000000000E+000 -3.074127906975442E-017
          13           2  0.000000000000000E+000 -1.942587209301924E-016
          14           1  0.000000000000000E+000 -3.074127906972641E-017
          14           2  0.000000000000000E+000 -1.942587209302183E-016
          15           1  0.000000000000000E+000 -3.074127906975634E-017
          15           2  0.000000000000000E+000 -1.942587209302013E-016
          16           1  0.000000000000000E+000 -3.074127906977295E-017
          16           2  0.000000000000000E+000 -1.942587209302198E-016
          17           1  0.000000000000000E+000 -3.074127906975199E-017
          17           2  0.000000000000000E+000 -1.942587209302170E-016
          18           1  0.000000000000000E+000 -3.074127906976464E-017
          18           2  0.000000000000000E+000 -1.942587209302059E-016
          19           1  0.000000000000000E+000 -3.074127906975208E-017
          19           2  0.000000000000000E+000 -1.942587209302075E-016
          20           1  0.000000000000000E+000 -3.074127906974784E-017
          20           2  0.000000000000000E+000 -1.942587209302044E-016
          21           1  0.000000000000000E+000 -3.074127906978559E-017
          21           2  0.000000000000000E+000 -1.942587209302045E-016
          22           1  0.000000000000000E+000 -3.074127906983536E-017
          22           2  0.000000000000000E+000 -1.942587209302439E-016
          23           1  0.000000000000000E+000 -3.074127906972966E-017
          23           2  0.000000000000000E+000 -1.942587209302116E-016
          24           1  0.000000000000000E+000 -3.074127906971395E-017
          24           2  0.000000000000000E+000 -1.942587209302167E-016
          25           1  0.000000000000000E+000 -3.074127906975304E-017
          25           2  0.000000000000000E+000 -1.942587209302042E-016
          26           1  0.000000000000000E+000 -3.074127906975059E-017
          26           2  0.000000000000000E+000 -1.942587209301917E-016
          27           1  0.000000000000000E+000 -3.074127906975238E-017
          27           2  0.000000000000000E+000 -1.942587209301969E-016
          28           1  0.000000000000000E+000 -3.074127906972136E-017
          28           2  0.000000000000000E+000 -1.942587209301836E-016
          29           1  0.000000000000000E+000 -3.074127906973144E-017
          29           2  0.000000000000000E+000 -1.942587209302007E-016
          30           1  0.000000000000000E+000 -3.074127906975504E-017
          30           2  0.000000000000000E+000 -1.942587209301923E-016
          31           1  0.000000000000000E+000 -3.074127906971784E-017
          31           2  0.000000000000000E+000 -1.942587209302093E-016
          32           1  0.000000000000000E+000 -3.074127906979586E-017
          32           2  0.000000000000000E+000 -1.942587209302059E-016
          33           1  0.000000000000000E+000 -3.074127906971267E-017
          33           2  0.000000000000000E+000 -1.942587209301947E-016
          34           1  0.000000000000000E+000 -3.074127906974940E-017
          34           2  0.000000000000000E+000 -1.942587209302020E-016
          35           1  0.000000000000000E+000 -3.074127906977296E-017
          35           2  0.000000000000000E+000 -1.942587209302023E-016
          36           1  0.000000000000000E+000 -3.074127906974514E-017
          36           2  0.000000000000000E+000 -1.942587209301949E-016
          37           1  0.000000000000000E+000 -3.074127906975475E-017
          37           2  0.000000000000000E+000 -1.942587209302127E-016
          38           1  0.000000000000000E+000 -3.074127906976853E-017
          38           2  0.000000000000000E+000 -1.942587209302044E-016
          39           1  0.000000000000000E+000 -3.074127906970318E-017
          39           2  0.000000000000000E+000 -1.942587209301785E-016
          40           1  0.000000000000000E+000 -3.074127906975009E-017
          40           2  0.000000000000000E+000 -1.942587209302169E-016
          41           1  0.000000000000000E+000 -3.074127906977380E-017
          41           2  0.000000000000000E+000 -1.942587209302178E-016
          42           1  0.000000000000000E+000 -3.074127906979494E-017
          42           2  0.000000000000000E+000 -1.942587209302362E-016
          43           1  0.000000000000000E+000 -3.074127906975831E-017
          43           2  0.000000000000000E+000 -1.942587209302027E-016
          44           1  0.000000000000000E+000 -3.074127906976631E-017
          44           2  0.000000000000000E+000 -1.942587209302072E-016
          45           1  0.000000000000000E+000 -3.074127906976798E-017
          45           2  0.000000000000000E+000 -1.942587209302116E-016
          46           1  0.000000000000000E+000 -3.074127906976215E-017
          46           2  0.000000000000000E+000 -1.942587209302047E-016
          47           1  0.000000000000000E+000 -3.074127906980367E-017
          47           2  0.000000000000000E+000 -1.942587209301982E-016
          48           1  0.000000000000000E+000 -3.074127906978511E-017
          48           2  0.000000000000000E+000 -1.942587209301979E-016
          49           1  0.000000000000000E+000 -3.074127906977289E-017
          49           2  0.000000000000000E+000 -1.942587209302083E-016
          50           1  0.000000000000000E+000 -3.074127906977114E-017
          50           2  0.000000000000000E+000 -1.942587209302050E-016
          51           1  0.000000000000000E+000 -3.074127906976650E-017
          51           2  0.000000000000000E+000 -1.942587209302045E-016
          52           1  0.000000000000000E+000 -3.074127906976831E-017
          52           2  0.000000000000000E+000 -1.942587209301985E-016
          53           1  0.000000000000000E+000 -3.074127906976251E-017
          53           2  0.000000000000000E+000 -1.942587209302136E-016
          54           1  0.000000000000000E+000 -3.074127906972914E-017
          54           2  0.000000000000000E+000 -1.942587209302085E-016
          55           1  0.000000000000000E+000 -3.074127906974106E-017
          55           2  0.000000000000000E+000 -1.942587209301999E-016
          56           1  0.000000000000000E+000 -3.074127906975323E-017
          56           2  0.000000000000000E+000 -1.942587209302121E-016
          57           1  0.000000000000000E+000 -3.074127906974970E-017
          57           2  0.000000000000000E+000 -1.942587209302009E-016
          58           1  0.000000000000000E+000 -3.074127906974689E-017
          58           2  0.000000000000000E+000 -1.942587209301992E-016
          59           1  0.000000000000000E+000 -3.074127906971717E-017
          59           2  0.000000000000000E+000 -1.942587209302145E-016
          60           1  0.000000000000000E+000 -3.074127906974545E-017
          60           2  0.000000000000000E+000 -1.942587209302008E-016
          61           1  0.000000000000000E+000 -3.074127906975337E-017
          61           2  0.000000000000000E+000 -1.942587209302026E-016
          62           1  0.000000000000000E+000 -3.074127906974392E-017
          62           2  0.000000000000000E+000 -1.942587209302071E-016
          63           1  0.000000000000000E+000 -3.074127906971491E-017
          63           2  0.000000000000000E+000 -1.942587209301938E-016
          64           1  0.000000000000000E+000 -3.074127906975321E-017
          64           2  0.000000000000000E+000 -1.942587209301915E-016
          65           1  0.000000000000000E+000 -3.074127906975857E-017
          65           2  0.000000000000000E+000 -1.942587209302042E-016
          66           1  0.000000000000000E+000 -3.074127906978905E-017
          66           2  0.000000000000000E+000 -1.942587209302102E-016
          67           1  0.000000000000000E+000 -3.074127906977908E-017
          67           2  0.000000000000000E+000 -1.942587209302021E-016
          68           1  0.000000000000000E+000 -3.074127906977151E-017
          68           2  0.000000000000000E+000 -1.942587209301973E-016
          69           1  0.000000000000000E+000 -3.074127906983623E-017
          69           2  0.000000000000000E+000 -1.942587209302464E-016
          70           1  0.000000000000000E+000 -3.074127906969903E-017
          70           2  0.000000000000000E+000 -1.942587209301807E-016
          71           1  0.000000000000000E+000 -3.074127906975661E-017
          71           2  0.000000000000000E+000 -1.942587209301964E-016
          72           1  0.000000000000000E+000 -3.074127906971891E-017
          72           2  0.000000000000000E+000 -1.942587209301836E-016
          73           1  0.000000000000000E+000 -3.074127906970879E-017
          73           2  0.000000000000000E+000 -1.942587209301751E-016
          74           1  0.000000000000000E+000 -3.074127906978892E-017
          74           2  0.000000000000000E+000 -1.942587209302112E-016
          75           1  0.000000000000000E+000 -3.074127906974135E-017
          75           2  0.000000000000000E+000 -1.942587209301969E-016
          76           1  0.000000000000000E+000 -3.074127906970310E-017
          76           2  0.000000000000000E+000 -1.942587209301782E-016
          77           1  0.000000000000000E+000 -3.074127906977220E-017
          77           2  0.000000000000000E+000 -1.942587209302215E-016
          78           1  0.000000000000000E+000 -3.074127906977924E-017
          78           2  0.000000000000000E+000 -1.942587209302098E-016
          79           1  0.000000000000000E+000 -3.074127906976948E-017
          79           2  0.000000000000000E+000 -1.942587209302037E-016
          80           1  0.000000000000000E+000 -3.074127906975552E-017
          80           2  0.000000000000000E+000 -1.942587209302091E-016
          81           1  0.000000000000000E+000 -3.074127906978483E-017
          81           2  0.000000000000000E+000 -1.942587209302232E-016
          82           1  0.000000000000000E+000 -3.074127906973483E-017
          82           2  0.000000000000000E+000 -1.942587209301877E-016
          83           1  0.000000000000000E+000 -3.074127906977094E-017
          83           2  0.000000000000000E+000 -1.942587209302005E-016
          84           1  0.000000000000000E+000 -3.074127906975783E-017
          84           2  0.000000000000000E+000 -1.942587209302053E-016
          85           1  0.000000000000000E+000 -3.074127906973892E-017
          85           2  0.000000000000000E+000 -1.942587209301881E-016
          86           1  0.000000000000000E+000 -3.074127906981989E-017
          86           2  0.000000000000000E+000 -1.942587209301885E-016
          87           1  0.000000000000000E+000 -3.074127906970831E-017
          87           2  0.000000000000000E+000 -1.942587209302084E-016
          88           1  0.000000000000000E+000 -3.074127906979035E-017
          88           2  0.000000000000000E+000 -1.942587209301902E-016
          89           1  0.000000000000000E+000 -3.074127906982312E-017
          89           2  0.000000000000000E+000 -1.942587209302116E-016
          90           1  0.000000000000000E+000 -3.074127906975721E-017
          90           2  0.000000000000000E+000 -1.942587209301987E-016
          91           1  0.000000000000000E+000 -3.074127906980927E-017
          91           2  0.000000000000000E+000 -1.942587209301954E-016
          92           1  0.000000000000000E+000 -3.074127906980366E-017
          92           2  0.000000000000000E+000 -1.942587209302458E-016
          93           1  0.000000000000000E+000 -3.074127906975604E-017
          93           2  0.000000000000000E+000 -1.942587209301877E-016
          94           1  0.000000000000000E+000 -3.074127906975341E-017
          94           2  0.000000000000000E+000 -1.942587209302006E-016
          95           1  0.000000000000000E+000 -3.074127906968858E-017
          95           2  0.000000000000000E+000 -1.942587209302067E-016
          96           1  0.000000000000000E+000 -3.074127906979893E-017
          96           2  0.000000000000000E+000 -1.942587209302258E-016
          97           1  0.000000000000000E+000 -3.074127906974513E-017
          97           2  0.000000000000000E+000 -1.942587209302034E-016
          98           1  0.000000000000000E+000 -3.074127906977308E-017
          98           2  0.000000000000000E+000 -1.942587209302018E-016
          99           1  0.000000000000000E+000 -3.074127906981217E-017
          99           2  0.000000000000000E+000 -1.942587209302237E-016
         100           1  0.000000000000000E+000 -3.074127906974248E-017
         100           2  0.000000000000000E+000 -1.942587209302138E-016
         101           1  0.000000000000000E+000 -3.074127906975279E-017
         101           2  0.000000000000000E+000 -1.942587209301977E-016
         102           1  0.000000000000000E+000 -3.074127906978702E-017
         102           2  0.000000000000000E+000 -1.942587209302091E-016
         103           1  0.000000000000000E+000 -3.074127906975889E-017
         103           2  0.000000000000000E+000 -1.942587209302244E-016
         104           1  0.000000000000000E+000 -3.074127906980996E-017
         104           2  0.000000000000000E+000 -1.942587209302187E-016
         105           1  0.000000000000000E+000 -3.074127906977672E-017
         105           2  0.000000000000000E+000 -1.942587209302151E-016
         106           1  0.000000000000000E+000 -3.074127906973369E-017
         106           2  0.000000000000000E+000 -1.942587209301953E-016
         107           1  0.000000000000000E+000 -3.074127906979023E-017
         107           2  0.000000000000000E+000 -1.942587209302098E-016
         108           1  0.000000000000000E+000 -3.074127906970849E-017
         108           2  0.000000000000000E+000 -1.942587209301865E-016
         109           1  0.000000000000000E+000 -3.074127906977070E-017
         109           2  0.000000000000000E+000 -1.942587209302031E-016
         110           1  0.000000000000000E+000 -3.074127906977836E-017
         110           2  0.000000000000000E+000 -1.942587209302065E-016
         111           1  0.000000000000000E+000 -3.074127906980313E-017
         111           2  0.000000000000000E+000 -1.942587209301671E-016
         112           1  0.000000000000000E+000 -3.074127906975495E-017
         112           2  0.000000000000000E+000 -1.942587209301910E-016
         113           1  0.000000000000000E+000 -3.074127906979067E-017
         113           2  0.000000000000000E+000 -1.942587209302106E-016
         114           1  0.000000000000000E+000 -3.074127906970619E-017
         114           2  0.000000000000000E+000 -1.942587209301795E-016
         115           1  0.000000000000000E+000 -3.074127906978612E-017
         115           2  0.000000000000000E+000 -1.942587209302313E-016
         116           1  0.000000000000000E+000 -3.074127906978482E-017
         116           2  0.000000000000000E+000 -1.942587209302156E-016
         117           1  0.000000000000000E+000 -3.074127906978046E-017
         117           2  0.000000000000000E+000 -1.942587209302204E-016
         118           1  0.000000000000000E+000 -3.074127906976991E-017
         118           2  0.000000000000000E+000 -1.942587209302132E-016
         119           1  0.000000000000000E+000 -3.074127906975865E-017
         119           2  0.000000000000000E+000 -1.942587209302008E-016
         120           1  0.000000000000000E+000 -3.074127906977899E-017
         120           2  0.000000000000000E+000 -1.942587209302379E-016
         121           1  0.000000000000000E+000 -3.074127906972882E-017
         121           2  0.000000000000000E+000 -1.942587209302042E-016
         122           1  0.000000000000000E+000 -3.074127906975263E-017
         122           2  0.000000000000000E+000 -1.942587209302056E-016
         123           1  0.000000000000000E+000 -3.074127906974816E-017
         123           2  0.000000000000000E+000 -1.942587209302103E-016
         124           1  0.000000000000000E+000 -3.074127906977036E-017
         124           2  0.000000000000000E+000 -1.942587209302023E-016
         125           1  0.000000000000000E+000 -3.074127906978467E-017
         125           2  0.000000000000000E+000 -1.942587209302039E-016
         126           1  0.000000000000000E+000 -3.074127906974084E-017
         126           2  0.000000000000000E+000 -1.942587209302066E-016
         127           1  0.000000000000000E+000 -3.074127906974939E-017
         127           2  0.000000000000000E+000 -1.942587209302008E-016
         128           1  0.000000000000000E+000 -3.074127906973712E-017
         128           2  0.000000000000000E+000 -1.942587209301865E-016
         129           1  0.000000000000000E+000 -3.074127906977059E-017
         129           2  0.000000000000000E+000 -1.942587209301889E-016
         130           1  0.000000000000000E+000 -3.074127906975550E-017
         130           2  0.000000000000000E+000 -1.942587209301814E-016
         131           1  0.000000000000000E+000 -3.074127906977673E-017
         131           2  0.000000000000000E+000 -1.942587209301792E-016
         132           1  0.000000000000000E+000 -3.074127906975409E-017
         132           2  0.000000000000000E+000 -1.942587209301833E-016
         133           1  0.000000000000000E+000 -3.074127906971882E-017
         133           2  0.000000000000000E+000 -1.942587209301753E-016
         134           1  0.000000000000000E+000 -3.074127906978059E-017
         134           2  0.000000000000000E+000 -1.942587209302295E-016
         135           1  0.000000000000000E+000 -3.074127906973322E-017
         135           2  0.000000000000000E+000 -1.942587209301678E-016
         136           1  0.000000000000000E+000 -3.074127906983602E-017
         136           2  0.000000000000000E+000 -1.942587209301947E-016
         137           1  0.000000000000000E+000 -3.074127906977661E-017
         137           2  0.000000000000000E+000 -1.942587209302133E-016
         138           1  0.000000000000000E+000 -3.074127906977289E-017
         138           2  0.000000000000000E+000 -1.942587209302133E-016
         139           1  0.000000000000000E+000 -3.074127906975836E-017
         139           2  0.000000000000000E+000 -1.942587209301951E-016
         140           1  0.000000000000000E+000 -3.074127906975840E-017
         140           2  0.000000000000000E+000 -1.942587209302054E-016
         141           1  0.000000000000000E+000 -3.074127906977370E-017
         141           2  0.000000000000000E+000 -1.942587209302040E-016
         142           1  0.000000000000000E+000 -3.074127906977599E-017
         142           2  0.000000000000000E+000 -1.942587209302094E-016
         143           1  0.000000000000000E+000 -3.074127906976857E-017
         143           2  0.000000000000000E+000 -1.942587209301958E-016
         144           1  0.000000000000000E+000 -3.074127906975760E-017
         144           2  0.000000000000000E+000 -1.942587209302027E-016
         145           1  0.000000000000000E+000 -3.074127906973931E-017
         145           2  0.000000000000000E+000 -1.942587209302072E-016
         146           1  0.000000000000000E+000 -3.074127906974556E-017
         146           2  0.000000000000000E+000 -1.942587209302090E-016
         147           1  0.000000000000000E+000 -3.074127906978138E-017
         147           2  0.000000000000000E+000 -1.942587209301811E-016
         148           1  0.000000000000000E+000 -3.074127906969329E-017
         148           2  0.000000000000000E+000 -1.942587209301468E-016
         149           1  0.000000000000000E+000 -3.074127906977699E-017
         149           2  0.000000000000000E+000 -1.942587209301971E-016
         150           1  0.000000000000000E+000 -3.074127906976870E-017
         150           2  0.000000000000000E+000 -1.942587209301623E-016
         151           1  0.000000000000000E+000 -3.074127906972071E-017
         151           2  0.000000000000000E+000 -1.942587209301720E-016
         152           1  0.000000000000000E+000 -3.074127906973395E-017
         152           2  0.000000000000000E+000 -1.942587209301861E-016
         153           1  0.000000000000000E+000 -3.074127906974971E-017
         153           2  0.000000000000000E+000 -1.942587209301925E-016
         154           1  0.000000000000000E+000 -3.074127906973857E-017
         154           2  0.000000000000000E+000 -1.942587209301746E-016
         155           1  0.000000000000000E+000 -3.074127906974995E-017
         155           2  0.000000000000000E+000 -1.942587209301789E-016
         156           1  0.000000000000000E+000 -3.074127906979551E-017
         156           2  0.000000000000000E+000 -1.942587209302131E-016
         157           1  0.000000000000000E+000 -3.074127906977674E-017
         157           2  0.000000000000000E+000 -1.942587209301947E-016
         158           1  0.000000000000000E+000 -3.074127906976032E-017
         158           2  0.000000000000000E+000 -1.942587209301997E-016
         159           1  0.000000000000000E+000 -3.074127906976509E-017
         159           2  0.000000000000000E+000 -1.942587209302059E-016
         160           1  0.000000000000000E+000 -3.074127906973657E-017
         160           2  0.000000000000000E+000 -1.942587209301737E-016
         161           1  0.000000000000000E+000 -3.074127906976100E-017
         161           2  0.000000000000000E+000 -1.942587209301988E-016
         162           1  0.000000000000000E+000 -3.074127906974688E-017
         162           2  0.000000000000000E+000 -1.942587209301855E-016
         163           1  0.000000000000000E+000 -3.074127906977029E-017
         163           2  0.000000000000000E+000 -1.942587209301983E-016
         164           1  0.000000000000000E+000 -3.074127906972521E-017
         164           2  0.000000000000000E+000 -1.942587209302027E-016
         165           1  0.000000000000000E+000 -3.074127906983804E-017
         165           2  0.000000000000000E+000 -1.942587209301785E-016
         166           1  0.000000000000000E+000 -3.074127906976830E-017
         166           2  0.000000000000000E+000 -1.942587209301883E-016
         167           1  0.000000000000000E+000 -3.074127906974085E-017
         167           2  0.000000000000000E+000 -1.942587209301880E-016
         168           1  0.000000000000000E+000 -3.074127906976109E-017
         168           2  0.000000000000000E+000 -1.942587209301914E-016
         169           1  0.000000000000000E+000 -3.074127906982343E-017
         169           2  0.000000000000000E+000 -1.942587209302265E-016
         170           1  0.000000000000000E+000 -3.074127906973337E-017
         170           2  0.000000000000000E+000 -1.942587209301778E-016
         171           1  0.000000000000000E+000 -3.074127906972505E-017
         171           2  0.000000000000000E+000 -1.942587209301807E-016
         172           1  0.000000000000000E+000 -3.074127906977763E-017
         172           2  0.000000000000000E+000 -1.942587209301877E-016
         173           1  0.000000000000000E+000 -3.074127906975276E-017
         173           2  0.000000000000000E+000 -1.942587209301938E-016
         174           1  0.000000000000000E+000 -3.074127906978443E-017
         174           2  0.000000000000000E+000 -1.942587209301870E-016
         175           1  0.000000000000000E+000 -3.074127906980809E-017
         175           2  0.000000000000000E+000 -1.942587209302074E-016
         176           1  0.000000000000000E+000 -3.074127906972074E-017
         176           2  0.000000000000000E+000 -1.942587209301849E-016
         177           1  0.000000000000000E+000 -3.074127906977707E-017
         177           2  0.000000000000000E+000 -1.942587209302027E-016
         178           1  0.000000000000000E+000 -3.074127906975146E-017
         178           2  0.000000000000000E+000 -1.942587209301821E-016
         179           1  0.000000000000000E+000 -3.074127906975957E-017
         179           2  0.000000000000000E+000 -1.942587209301889E-016
         180           1  0.000000000000000E+000 -3.074127906975881E-017
         180           2  0.000000000000000E+000 -1.942587209302064E-016
         181           1  0.000000000000000E+000 -3.074127906975335E-017
         181           2  0.000000000000000E+000 -1.942587209301985E-016
         182           1  0.000000000000000E+000 -3.074127906978066E-017
         182           2  0.000000000000000E+000 -1.942587209302055E-016
         183           1  0.000000000000000E+000 -3.074127906980194E-017
         183           2  0.000000000000000E+000 -1.942587209301994E-016
         184           1  0.000000000000000E+000 -3.074127906973274E-017
         184           2  0.000000000000000E+000 -1.942587209302041E-016
         185           1  0.000000000000000E+000 -3.074127906979845E-017
         185           2  0.000000000000000E+000 -1.942587209302006E-016
         186           1  0.000000000000000E+000 -3.074127906978395E-017
         186           2  0.000000000000000E+000 -1.942587209301910E-016
         187           1  0.000000000000000E+000 -3.074127906972571E-017
         187           2  0.000000000000000E+000 -1.942587209301800E-016
         188           1  0.000000000000000E+000 -3.074127906982491E-017
         188           2  0.000000000000000E+000 -1.942587209302164E-016
         189           1  0.000000000000000E+000 -3.074127906978857E-017
         189           2  0.000000000000000E+000 -1.942587209301807E-016
         190           1  0.000000000000000E+000 -3.074127906978017E-017
         190           2  0.000000000000000E+000 -1.942587209301803E-016
         191           1  0.000000000000000E+000 -3.074127906977054E-017
         191           2  0.000000000000000E+000 -1.942587209301626E-016
         192           1  0.000000000000000E+000 -3.074127906975213E-017
         192           2  0.000000000000000E+000 -1.942587209301805E-016
         193           1  0.000000000000000E+000 -3.074127906974394E-017
         193           2  0.000000000000000E+000 -1.942587209301780E-016
         194           1  0.000000000000000E+000 -3.074127906973893E-017
         194           2  0.000000000000000E+000 -1.942587209301839E-016
         195           1  0.000000000000000E+000 -3.074127906975277E-017
         195           2  0.000000000000000E+000 -1.942587209301856E-016
         196           1  0.000000000000000E+000 -3.074127906980051E-017
         196           2  0.000000000000000E+000 -1.942587209301935E-016
         197           1  0.000000000000000E+000 -3.074127906975337E-017
         197           2  0.000000000000000E+000 -1.942587209302206E-016
         198           1  0.000000000000000E+000 -3.074127906973999E-017
         198           2  0.000000000000000E+000 -1.942587209301927E-016
         199           1  0.000000000000000E+000 -3.074127906976228E-017
         199           2  0.000000000000000E+000 -1.942587209301975E-016
         200           1  0.000000000000000E+000 -3.074127906977558E-017
         200           2  0.000000000000000E+000 -1.942587209302037E-016
         201           1  0.000000000000000E+000 -3.074127906976153E-017
         201           2  0.000000000000000E+000 -1.942587209302014E-016
         202           1  0.000000000000000E+000 -3.074127906975886E-017
         202           2  0.000000000000000E+000 -1.942587209301935E-016
         203           1  0.000000000000000E+000 -3.074127906969463E-017
         203           2  0.000000000000000E+000 -1.942587209301808E-016
         204           1  0.000000000000000E+000 -3.074127906979167E-017
         204           2  0.000000000000000E+000 -1.942587209301982E-016
         205           1  0.000000000000000E+000 -3.074127906969564E-017
         205           2  0.000000000000000E+000 -1.942587209301807E-016
         206           1  0.000000000000000E+000 -3.074127906974163E-017
         206           2  0.000000000000000E+000 -1.942587209301836E-016
         207           1  0.000000000000000E+000 -3.074127906973247E-017
         207           2  0.000000000000000E+000 -1.942587209301998E-016
         208           1  0.000000000000000E+000 -3.074127906972950E-017
         208           2  0.000000000000000E+000 -1.942587209301857E-016
         209           1  0.000000000000000E+000 -3.074127906978888E-017
         209           2  0.000000000000000E+000 -1.942587209301860E-016
         210           1  0.000000000000000E+000 -3.074127906973478E-017
         210           2  0.000000000000000E+000 -1.942587209301715E-016
         211           1  0.000000000000000E+000 -3.074127906973860E-017
         211           2  0.000000000000000E+000 -1.942587209301748E-016
         212           1  0.000000000000000E+000 -3.074127906978944E-017
         212           2  0.000000000000000E+000 -1.942587209301887E-016
         213           1  0.000000000000000E+000 -3.074127906975855E-017
         213           2  0.000000000000000E+000 -1.942587209301751E-016
         214           1  0.000000000000000E+000 -3.074127906974113E-017
         214           2  0.000000000000000E+000 -1.942587209301774E-016
         215           1  0.000000000000000E+000 -3.074127906982919E-017
         215           2  0.000000000000000E+000 -1.942587209302158E-016
         216           1  0.000000000000000E+000 -3.074127906973327E-017
         216           2  0.000000000000000E+000 -1.942587209301888E-016
         217           1  0.000000000000000E+000 -3.074127906977924E-017
         217           2  0.000000000000000E+000 -1.942587209301967E-016
         218           1  0.000000000000000E+000 -3.074127906975975E-017
         218           2  0.000000000000000E+000 -1.942587209301949E-016
         219           1  0.000000000000000E+000 -3.074127906976458E-017
         219           2  0.000000000000000E+000 -1.942587209301924E-016
         220           1  0.000000000000000E+000 -3.074127906973752E-017
         220           2  0.000000000000000E+000 -1.942587209302034E-016
         221           1  0.000000000000000E+000 -3.074127906975281E-017
         221           2  0.000000000000000E+000 -1.942587209302041E-016
         222           1  0.000000000000000E+000 -3.074127906974989E-017
         222           2  0.000000000000000E+000 -1.942587209301892E-016
         223           1  0.000000000000000E+000 -3.074127906975280E-017
         223           2  0.000000000000000E+000 -1.942587209302014E-016
         224           1  0.000000000000000E+000 -3.074127906973991E-017
         224           2  0.000000000000000E+000 -1.942587209302011E-016
         225           1  0.000000000000000E+000 -3.074127906977964E-017
         225           2  0.000000000000000E+000 -1.942587209301862E-016
         226           1  0.000000000000000E+000 -3.074127906975264E-017
         226           2  0.000000000000000E+000 -1.942587209301934E-016
         227           1  0.000000000000000E+000 -3.074127906975302E-017
         227           2  0.000000000000000E+000 -1.942587209302042E-016
         228           1  0.000000000000000E+000 -3.074127906977845E-017
         228           2  0.000000000000000E+000 -1.942587209301936E-016
         229           1  0.000000000000000E+000 -3.074127906972054E-017
         229           2  0.000000000000000E+000 -1.942587209301764E-016
         230           1  0.000000000000000E+000 -3.074127906975939E-017
         230           2  0.000000000000000E+000 -1.942587209301757E-016
         231           1  0.000000000000000E+000 -3.074127906977100E-017
         231           2  0.000000000000000E+000 -1.942587209301867E-016
         232           1  0.000000000000000E+000 -3.074127906976858E-017
         232           2  0.000000000000000E+000 -1.942587209301864E-016
         233           1  0.000000000000000E+000 -3.074127906976782E-017
         233           2  0.000000000000000E+000 -1.942587209301932E-016
         234           1  0.000000000000000E+000 -3.074127906975722E-017
         234           2  0.000000000000000E+000 -1.942587209301933E-016
         235           1  0.000000000000000E+000 -3.074127906962531E-017
         235           2  0.000000000000000E+000 -1.942587209301528E-016
         236           1  0.000000000000000E+000 -3.074127906981896E-017
         236           2  0.000000000000000E+000 -1.942587209302148E-016
         237           1  0.000000000000000E+000 -3.074127906977097E-017
         237           2  0.000000000000000E+000 -1.942587209301990E-016
         238           1  0.000000000000000E+000 -3.074127906976160E-017
         238           2  0.000000000000000E+000 -1.942587209302071E-016
         239           1  0.000000000000000E+000 -3.074127906976674E-017
         239           2  0.000000000000000E+000 -1.942587209301920E-016
         240           1  0.000000000000000E+000 -3.074127906975534E-017
         240           2  0.000000000000000E+000 -1.942587209301990E-016
         241           1  0.000000000000000E+000 -3.074127906975415E-017
         241           2  0.000000000000000E+000 -1.942587209302031E-016
         242           1  0.000000000000000E+000 -3.074127906974622E-017
         242           2  0.000000000000000E+000 -1.942587209301956E-016
         243           1  0.000000000000000E+000 -3.074127906977704E-017
         243           2  0.000000000000000E+000 -1.942587209302020E-016
         244           1  0.000000000000000E+000 -3.074127906976663E-017
         244           2  0.000000000000000E+000 -1.942587209302011E-016
         245           1  0.000000000000000E+000 -3.074127906966644E-017
         245           2  0.000000000000000E+000 -1.942587209301545E-016
         246           1  0.000000000000000E+000 -3.074127906976655E-017
         246           2  0.000000000000000E+000 -1.942587209301959E-016
         247           1  0.000000000000000E+000 -3.074127906981583E-017
         247           2  0.000000000000000E+000 -1.942587209302070E-016
         248           1  0.000000000000000E+000 -3.074127906974979E-017
         248           2  0.000000000000000E+000 -1.942587209301871E-016
         249           1  0.000000000000000E+000 -3.074127906979179E-017
         249           2  0.000000000000000E+000 -1.942587209301902E-016
         250           1  0.000000000000000E+000 -3.074127906976927E-017
         250           2  0.000000000000000E+000 -1.942587209301850E-016
         251           1  0.000000000000000E+000 -3.074127906976912E-017
         251           2  0.000000000000000E+000 -1.942587209301838E-016
         252           1  0.000000000000000E+000 -3.074127906976814E-017
         252           2  0.000000000000000E+000 -1.942587209301874E-016
         253           1  0.000000000000000E+000 -3.074127906969878E-017
         253           2  0.000000000000000E+000 -1.942587209302107E-016
         254           1  0.000000000000000E+000 -3.074127906972857E-017
         254           2  0.000000000000000E+000 -1.942587209302004E-016
         255           1  0.000000000000000E+000 -3.074127906978567E-017
         255           2  0.000000000000000E+000 -1.942587209301875E-016
         256           1  0.000000000000000E+000 -3.074127906975193E-017
         256           2  0.000000000000000E+000 -1.942587209301904E-016
         257           1  0.000000000000000E+000 -3.074127906978033E-017
         257           2  0.000000000000000E+000 -1.942587209302077E-016
         258           1  0.000000000000000E+000 -3.074127906976155E-017
         258           2  0.000000000000000E+000 -1.942587209302039E-016
         259           1  0.000000000000000E+000 -3.074127906976173E-017
         259           2  0.000000000000000E+000 -1.942587209302141E-016
         260           1  0.000000000000000E+000 -3.074127906977134E-017
         260           2  0.000000000000000E+000 -1.942587209302041E-016
         261           1  0.000000000000000E+000 -3.074127906976279E-017
         261           2  0.000000000000000E+000 -1.942587209302010E-016
         262           1  0.000000000000000E+000 -3.074127906972783E-017
         262           2  0.000000000000000E+000 -1.942587209301783E-016
         263           1  0.000000000000000E+000 -3.074127906974749E-017
         263           2  0.000000000000000E+000 -1.942587209301847E-016
         264           1  0.000000000000000E+000 -3.074127906974711E-017
         264           2  0.000000000000000E+000 -1.942587209301811E-016
         265           1  0.000000000000000E+000 -3.074127906972237E-017
         265           2  0.000000000000000E+000 -1.942587209301985E-016
         266           1  0.000000000000000E+000 -3.074127906978573E-017
         266           2  0.000000000000000E+000 -1.942587209302401E-016
         267           1  0.000000000000000E+000 -3.074127906974672E-017
         267           2  0.000000000000000E+000 -1.942587209302028E-016
         268           1  0.000000000000000E+000 -3.074127906975273E-017
         268           2  0.000000000000000E+000 -1.942587209301927E-016
         269           1  0.000000000000000E+000 -3.074127906975619E-017
         269           2  0.000000000000000E+000 -1.942587209301900E-016
         270           1  0.000000000000000E+000 -3.074127906974705E-017
         270           2  0.000000000000000E+000 -1.942587209301827E-016
         271           1  0.000000000000000E+000 -3.074127906974043E-017
         271           2  0.000000000000000E+000 -1.942587209301844E-016
         272           1  0.000000000000000E+000 -3.074127906977520E-017
         272           2  0.000000000000000E+000 -1.942587209301989E-016
         273           1  0.000000000000000E+000 -3.074127906978891E-017
         273           2  0.000000000000000E+000 -1.942587209301995E-016
         274           1  0.000000000000000E+000 -3.074127906980021E-017
         274           2  0.000000000000000E+000 -1.942587209302060E-016
         275           1  0.000000000000000E+000 -3.074127906966953E-017
         275           2  0.000000000000000E+000 -1.942587209301898E-016
         276           1  0.000000000000000E+000 -3.074127906972404E-017
         276           2  0.000000000000000E+000 -1.942587209301779E-016
         277           1  0.000000000000000E+000 -3.074127906977835E-017
         277           2  0.000000000000000E+000 -1.942587209301986E-016
         278           1  0.000000000000000E+000 -3.074127906976418E-017
         278           2  0.000000000000000E+000 -1.942587209302038E-016
         279           1  0.000000000000000E+000 -3.074127906975489E-017
         279           2  0.000000000000000E+000 -1.942587209302025E-016
         280           1  0.000000000000000E+000 -3.074127906977078E-017
         280           2  0.000000000000000E+000 -1.942587209302021E-016
         281           1  0.000000000000000E+000 -3.074127906977161E-017
         281           2  0.000000000000000E+000 -1.942587209302081E-016
         282           1  0.000000000000000E+000 -3.074127906976084E-017
         282           2  0.000000000000000E+000 -1.942587209301993E-016
         283           1  0.000000000000000E+000 -3.074127906967023E-017
         283           2  0.000000000000000E+000 -1.942587209301644E-016
         284           1  0.000000000000000E+000 -3.074127906974866E-017
         284           2  0.000000000000000E+000 -1.942587209301965E-016
         285           1  0.000000000000000E+000 -3.074127906979574E-017
         285           2  0.000000000000000E+000 -1.942587209302086E-016
         286           1  0.000000000000000E+000 -3.074127906966493E-017
         286           2  0.000000000000000E+000 -1.942587209301649E-016
         287           1  0.000000000000000E+000 -3.074127906965773E-017
         287           2  0.000000000000000E+000 -1.942587209301545E-016
         288           1  0.000000000000000E+000 -3.074127906975732E-017
         288           2  0.000000000000000E+000 -1.942587209302074E-016
         289           1  0.000000000000000E+000 -3.074127906975351E-017
         289           2  0.000000000000000E+000 -1.942587209301995E-016
         290           1  0.000000000000000E+000 -3.074127906971882E-017
         290           2  0.000000000000000E+000 -1.942587209301865E-016
         291           1  0.000000000000000E+000 -3.074127906977161E-017
         291           2  0.000000000000000E+000 -1.942587209302003E-016
         292           1  0.000000000000000E+000 -3.074127906975261E-017
         292           2  0.000000000000000E+000 -1.942587209302098E-016
         293           1  0.000000000000000E+000 -3.074127906987115E-017
         293           2  0.000000000000000E+000 -1.942587209302096E-016
         294           1  0.000000000000000E+000 -3.074127906978387E-017
         294           2  0.000000000000000E+000 -1.942587209302147E-016
         295           1  0.000000000000000E+000 -3.074127906974821E-017
         295           2  0.000000000000000E+000 -1.942587209302165E-016
         296           1  0.000000000000000E+000 -3.074127906977021E-017
         296           2  0.000000000000000E+000 -1.942587209302015E-016
         297           1  0.000000000000000E+000 -3.074127906976910E-017
         297           2  0.000000000000000E+000 -1.942587209302004E-016
         298           1  0.000000000000000E+000 -3.074127906976126E-017
         298           2  0.000000000000000E+000 -1.942587209302121E-016
         299           1  0.000000000000000E+000 -3.074127906976341E-017
         299           2  0.000000000000000E+000 -1.942587209302070E-016
         300           1  0.000000000000000E+000 -3.074127906975892E-017
         300           2  0.000000000000000E+000 -1.942587209301954E-016
         301           1  0.000000000000000E+000 -3.074127906976373E-017
         301           2  0.000000000000000E+000 -1.942587209302060E-016
         302           1  0.000000000000000E+000 -3.074127906976782E-017
         302           2  0.000000000000000E+000 -1.942587209302016E-016
         303           1  0.000000000000000E+000 -3.074127906975754E-017
         303           2  0.000000000000000E+000 -1.942587209302078E-016
         304           1  0.000000000000000E+000 -3.074127906974445E-017
         304           2  0.000000000000000E+000 -1.942587209301997E-016
         305           1  0.000000000000000E+000 -3.074127906981092E-017
         305           2  0.000000000000000E+000 -1.942587209302111E-016
         306           1  0.000000000000000E+000 -3.074127906983295E-017
         306           2  0.000000000000000E+000 -1.942587209302211E-016
         307           1  0.000000000000000E+000 -3.074127906977474E-017
         307           2  0.000000000000000E+000 -1.942587209302019E-016
         308           1  0.000000000000000E+000 -3.074127906970585E-017
         308           2  0.000000000000000E+000 -1.942587209301950E-016
         309           1  0.000000000000000E+000 -3.074127906968910E-017
         309           2  0.000000000000000E+000 -1.942587209301625E-016
         310           1  0.000000000000000E+000 -3.074127906981334E-017
         310           2  0.000000000000000E+000 -1.942587209301979E-016
         311           1  0.000000000000000E+000 -3.074127906986602E-017
         311           2  0.000000000000000E+000 -1.942587209301954E-016
         312           1  0.000000000000000E+000 -3.074127906982517E-017
         312           2  0.000000000000000E+000 -1.942587209302092E-016
         313           1  0.000000000000000E+000 -3.074127906973339E-017
         313           2  0.000000000000000E+000 -1.942587209302012E-016
         314           1  0.000000000000000E+000 -3.074127906974233E-017
         314           2  0.000000000000000E+000 -1.942587209302021E-016
         315           1  0.000000000000000E+000 -3.074127906973508E-017
         315           2  0.000000000000000E+000 -1.942587209302004E-016
         316           1  0.000000000000000E+000 -3.074127906975515E-017
         316           2  0.000000000000000E+000 -1.942587209302043E-016
         317           1  0.000000000000000E+000 -3.074127906977360E-017
         317           2  0.000000000000000E+000 -1.942587209302102E-016
         318           1  0.000000000000000E+000 -3.074127906978591E-017
         318           2  0.000000000000000E+000 -1.942587209302090E-016
         319           1  0.000000000000000E+000 -3.074127906976447E-017
         319           2  0.000000000000000E+000 -1.942587209302080E-016
         320           1  0.000000000000000E+000 -3.074127906975764E-017
         320           2  0.000000000000000E+000 -1.942587209301997E-016
         321           1  0.000000000000000E+000 -3.074127906972844E-017
         321           2  0.000000000000000E+000 -1.942587209302087E-016
         322           1  0.000000000000000E+000 -3.074127906971662E-017
         322           2  0.000000000000000E+000 -1.942587209302137E-016
         323           1  0.000000000000000E+000 -3.074127906966057E-017
         323           2  0.000000000000000E+000 -1.942587209301275E-016
         324           1  0.000000000000000E+000 -3.074127906978049E-017
         324           2  0.000000000000000E+000 -1.942587209302040E-016
         325           1  0.000000000000000E+000 -3.074127906982840E-017
         325           2  0.000000000000000E+000 -1.942587209302206E-016
         326           1  0.000000000000000E+000 -3.074127906977743E-017
         326           2  0.000000000000000E+000 -1.942587209301920E-016
         327           1  0.000000000000000E+000 -3.074127906981000E-017
         327           2  0.000000000000000E+000 -1.942587209302322E-016
         328           1  0.000000000000000E+000 -3.074127906972610E-017
         328           2  0.000000000000000E+000 -1.942587209301848E-016
         329           1  0.000000000000000E+000 -3.074127906977558E-017
         329           2  0.000000000000000E+000 -1.942587209302050E-016
         330           1  0.000000000000000E+000 -3.074127906977397E-017
         330           2  0.000000000000000E+000 -1.942587209301989E-016
         331           1  0.000000000000000E+000 -3.074127906978945E-017
         331           2  0.000000000000000E+000 -1.942587209302151E-016
         332           1  0.000000000000000E+000 -3.074127906975338E-017
         332           2  0.000000000000000E+000 -1.942587209301670E-016
         333           1  0.000000000000000E+000 -3.074127906977188E-017
         333           2  0.000000000000000E+000 -1.942587209302070E-016
         334           1  0.000000000000000E+000 -3.074127906976402E-017
         334           2  0.000000000000000E+000 -1.942587209302199E-016
         335           1  0.000000000000000E+000 -3.074127906976318E-017
         335           2  0.000000000000000E+000 -1.942587209302252E-016
         336           1  0.000000000000000E+000 -3.074127906974186E-017
         336           2  0.000000000000000E+000 -1.942587209301958E-016
         337           1  0.000000000000000E+000 -3.074127906976016E-017
         337           2  0.000000000000000E+000 -1.942587209302121E-016
         338           1  0.000000000000000E+000 -3.074127906977521E-017
         338           2  0.000000000000000E+000 -1.942587209302213E-016
         339           1  0.000000000000000E+000 -3.074127906976440E-017
         339           2  0.000000000000000E+000 -1.942587209302033E-016
         340           1  0.000000000000000E+000 -3.074127906973697E-017
         340           2  0.000000000000000E+000 -1.942587209302038E-016
         341           1  0.000000000000000E+000 -3.074127906975456E-017
         341           2  0.000000000000000E+000 -1.942587209302056E-016
         342           1  0.000000000000000E+000 -3.074127906975647E-017
         342           2  0.000000000000000E+000 -1.942587209302074E-016
         343           1  0.000000000000000E+000 -3.074127906977453E-017
         343           2  0.000000000000000E+000 -1.942587209302355E-016
         344           1  0.000000000000000E+000 -3.074127906976013E-017
         344           2  0.000000000000000E+000 -1.942587209301992E-016
         345           1  0.000000000000000E+000 -3.074127906978997E-017
         345           2  0.000000000000000E+000 -1.942587209302008E-016
         346           1  0.000000000000000E+000 -3.074127906978481E-017
         346           2  0.000000000000000E+000 -1.942587209302246E-016
         347           1  0.000000000000000E+000 -3.074127906976876E-017
         347           2  0.000000000000000E+000 -1.942587209302054E-016
         348           1  0.000000000000000E+000 -3.074127906978276E-017
         348           2  0.000000000000000E+000 -1.942587209302029E-016
         349           1  0.000000000000000E+000 -3.074127906974930E-017
         349           2  0.000000000000000E+000 -1.942587209301974E-016
         350           1  0.000000000000000E+000 -3.074127906980898E-017
         350           2  0.000000000000000E+000 -1.942587209302351E-016
         351           1  0.000000000000000E+000 -3.074127906973429E-017
         351           2  0.000000000000000E+000 -1.942587209301812E-016
         352           1  0.000000000000000E+000 -3.074127906977698E-017
         352           2  0.000000000000000E+000 -1.942587209302086E-016
         353           1  0.000000000000000E+000 -3.074127906974556E-017
         353           2  0.000000000000000E+000 -1.942587209301995E-016
         354           1  0.000000000000000E+000 -3.074127906974187E-017
         354           2  0.000000000000000E+000 -1.942587209302010E-016
         355           1  0.000000000000000E+000 -3.074127906977357E-017
         355           2  0.000000000000000E+000 -1.942587209302084E-016
         356           1  0.000000000000000E+000 -3.074127906978062E-017
         356           2  0.000000000000000E+000 -1.942587209301950E-016
         357           1  0.000000000000000E+000 -3.074127906975293E-017
         357           2  0.000000000000000E+000 -1.942587209301988E-016
         358           1  0.000000000000000E+000 -3.074127906976644E-017
         358           2  0.000000000000000E+000 -1.942587209302138E-016
         359           1  0.000000000000000E+000 -3.074127906976602E-017
         359           2  0.000000000000000E+000 -1.942587209302025E-016
         360           1  0.000000000000000E+000 -3.074127906976061E-017
         360           2  0.000000000000000E+000 -1.942587209302069E-016
         361           1  0.000000000000000E+000 -3.074127906977750E-017
         361           2  0.000000000000000E+000 -1.942587209302123E-016
         362           1  0.000000000000000E+000 -3.074127906976536E-017
         362           2  0.000000000000000E+000 -1.942587209302092E-016
         363           1  0.000000000000000E+000 -3.074127906975333E-017
         363           2  0.000000000000000E+000 -1.942587209302114E-016
         364           1  0.000000000000000E+000 -3.074127906974990E-017
         364           2  0.000000000000000E+000 -1.942587209302024E-016
         365           1  0.000000000000000E+000 -3.074127906975966E-017
         365           2  0.000000000000000E+000 -1.942587209302078E-016
         366           1  0.000000000000000E+000 -3.074127906976777E-017
         366           2  0.000000000000000E+000 -1.942587209302058E-016
         367           1  0.000000000000000E+000 -3.074127906973106E-017
         367           2  0.000000000000000E+000 -1.942587209301904E-016
         368           1  0.000000000000000E+000 -3.074127906975812E-017
         368           2  0.000000000000000E+000 -1.942587209302155E-016
         369           1  0.000000000000000E+000 -3.074127906976164E-017
         369           2  0.000000000000000E+000 -1.942587209301968E-016
         370           1  0.000000000000000E+000 -3.074127906974921E-017
         370           2  0.000000000000000E+000 -1.942587209301907E-016
         371           1  0.000000000000000E+000 -3.074127906975684E-017
         371           2  0.000000000000000E+000 -1.942587209301941E-016
         372           1  0.000000000000000E+000 -3.074127906976770E-017
         372           2  0.000000000000000E+000 -1.942587209302140E-016
         373           1  0.000000000000000E+000 -3.074127906975208E-017
         373           2  0.000000000000000E+000 -1.942587209301940E-016
         374           1  0.000000000000000E+000 -3.074127906979514E-017
         374           2  0.000000000000000E+000 -1.942587209302128E-016
         375           1  0.000000000000000E+000 -3.074127906978888E-017
         375           2  0.000000000000000E+000 -1.942587209302113E-016
         376           1  0.000000000000000E+000 -3.074127906977190E-017
         376           2  0.000000000000000E+000 -1.942587209302243E-016
         377           1  0.000000000000000E+000 -3.074127906976791E-017
         377           2  0.000000000000000E+000 -1.942587209302096E-016
         378           1  0.000000000000000E+000 -3.074127906976300E-017
         378           2  0.000000000000000E+000 -1.942587209302086E-016
         379           1  0.000000000000000E+000 -3.074127906975804E-017
         379           2  0.000000000000000E+000 -1.942587209302079E-016
         380           1  0.000000000000000E+000 -3.074127906975240E-017
         380           2  0.000000000000000E+000 -1.942587209302039E-016
         381           1  0.000000000000000E+000 -3.074127906977449E-017
         381           2  0.000000000000000E+000 -1.942587209302130E-016
         382           1  0.000000000000000E+000 -3.074127906974002E-017
         382           2  0.000000000000000E+000 -1.942587209302096E-016
         383           1  0.000000000000000E+000 -3.074127906973894E-017
         383           2  0.000000000000000E+000 -1.942587209301869E-016
         384           1  0.000000000000000E+000 -3.074127906973475E-017
         384           2  0.000000000000000E+000 -1.942587209302046E-016
         385           1  0.000000000000000E+000 -3.074127906975060E-017
         385           2  0.000000000000000E+000 -1.942587209302065E-016
         386           1  0.000000000000000E+000 -3.074127906973547E-017
         386           2  0.000000000000000E+000 -1.942587209302036E-016
         387           1  0.000000000000000E+000 -3.074127906976441E-017
         387           2  0.000000000000000E+000 -1.942587209302038E-016
         388           1  0.000000000000000E+000 -3.074127906970729E-017
         388           2  0.000000000000000E+000 -1.942587209301936E-016
         389           1  0.000000000000000E+000 -3.074127906974186E-017
         389           2  0.000000000000000E+000 -1.942587209301913E-016
         390           1  0.000000000000000E+000 -3.074127906975087E-017
         390           2  0.000000000000000E+000 -1.942587209301892E-016
         391           1  0.000000000000000E+000 -3.074127906974865E-017
         391           2  0.000000000000000E+000 -1.942587209302119E-016
         392           1  0.000000000000000E+000 -3.074127906972680E-017
         392           2  0.000000000000000E+000 -1.942587209301835E-016
         393           1  0.000000000000000E+000 -3.074127906975218E-017
         393           2  0.000000000000000E+000 -1.942587209301880E-016
         394           1  0.000000000000000E+000 -3.074127906979614E-017
         394           2  0.000000000000000E+000 -1.942587209302226E-016
         395           1  0.000000000000000E+000 -3.074127906975506E-017
         395           2  0.000000000000000E+000 -1.942587209302003E-016
         396           1  0.000000000000000E+000 -3.074127906974018E-017
         396           2  0.000000000000000E+000 -1.942587209302034E-016
         397           1  0.000000000000000E+000 -3.074127906977089E-017
         397           2  0.000000000000000E+000 -1.942587209302092E-016
         398           1  0.000000000000000E+000 -3.074127906970395E-017
         398           2  0.000000000000000E+000 -1.942587209301807E-016
         399           1  0.000000000000000E+000 -3.074127906976491E-017
         399           2  0.000000000000000E+000 -1.942587209302157E-016
         400           1  0.000000000000000E+000 -3.074127906974940E-017
         400           2  0.000000000000000E+000 -1.942587209302130E-016
