           1           1  0.000000000000000E+000 -1.291604570292952E-017
           1           2  0.000000000000000E+000 -1.208395429706855E-017
           2           1  0.000000000000000E+000 -1.291604570292982E-017
           2           2  0.000000000000000E+000 -1.208395429706843E-017
           3           1  0.000000000000000E+000 -1.291604570293022E-017
           3           2  0.000000000000000E+000 -1.208395429706917E-017
           4           1  0.000000000000000E+000 -1.291604570293066E-017
           4           2  0.000000000000000E+000 -1.208395429706944E-017
           5           1  0.000000000000000E+000 -1.291604570293161E-017
           5           2  0.000000000000000E+000 -1.208395429707010E-017
           6           1  0.000000000000000E+000 -1.291604570293181E-017
           6           2  0.000000000000000E+000 -1.208395429707084E-017
           7           1  0.000000000000000E+000 -1.291604570293194E-017
           7           2  0.000000000000000E+000 -1.208395429707200E-017
           8           1  0.000000000000000E+000 -1.291604570293083E-017
           8           2  0.000000000000000E+000 -1.208395429707125E-017
           9           1  0.000000000000000E+000 -1.291604570293083E-017
           9           2  0.000000000000000E+000 -1.208395429706963E-017
          10           1  0.000000000000000E+000 -1.291604570293028E-017
          10           2  0.000000000000000E+000 -1.208395429706880E-017
          11           1  0.000000000000000E+000 -1.291604570293079E-017
          11           2  0.000000000000000E+000 -1.208395429707114E-017
          12           1  0.000000000000000E+000 -1.291604570293091E-017
          12           2  0.000000000000000E+000 -1.208395429707044E-017
          13           1  0.000000000000000E+000 -1.291604570293127E-017
          13           2  0.000000000000000E+000 -1.208395429707205E-017
          14           1  0.000000000000000E+000 -1.291604570293189E-017
          14           2  0.000000000000000E+000 -1.208395429707195E-017
          15           1  0.000000000000000E+000 -1.291604570293258E-017
          15           2  0.000000000000000E+000 -1.208395429707211E-017
          16           1  0.000000000000000E+000 -1.291604570293095E-017
          16           2  0.000000000000000E+000 -1.208395429707321E-017
          17           1  0.000000000000000E+000 -1.291604570293084E-017
          17           2  0.000000000000000E+000 -1.208395429706949E-017
          18           1  0.000000000000000E+000 -1.291604570292645E-017
          18           2  0.000000000000000E+000 -1.208395429706392E-017
          19           1  0.000000000000000E+000 -1.291604570292710E-017
          19           2  0.000000000000000E+000 -1.208395429706228E-017
          20           1  0.000000000000000E+000 -1.291604570292471E-017
          20           2  0.000000000000000E+000 -1.208395429705938E-017
          21           1  0.000000000000000E+000 -1.291604570292871E-017
          21           2  0.000000000000000E+000 -1.208395429706897E-017
          22           1  0.000000000000000E+000 -1.291604570292951E-017
          22           2  0.000000000000000E+000 -1.208395429706891E-017
          23           1  0.000000000000000E+000 -1.291604570292934E-017
          23           2  0.000000000000000E+000 -1.208395429706891E-017
          24           1  0.000000000000000E+000 -1.291604570293076E-017
          24           2  0.000000000000000E+000 -1.208395429706988E-017
          25           1  0.000000000000000E+000 -1.291604570293129E-017
          25           2  0.000000000000000E+000 -1.208395429706978E-017
          26           1  0.000000000000000E+000 -1.291604570293180E-017
          26           2  0.000000000000000E+000 -1.208395429707044E-017
          27           1  0.000000000000000E+000 -1.291604570293180E-017
          27           2  0.000000000000000E+000 -1.208395429707110E-017
          28           1  0.000000000000000E+000 -1.291604570293087E-017
          28           2  0.000000000000000E+000 -1.208395429707051E-017
          29           1  0.000000000000000E+000 -1.291604570293080E-017
          29           2  0.000000000000000E+000 -1.208395429706914E-017
          30           1  0.000000000000000E+000 -1.291604570293070E-017
          30           2  0.000000000000000E+000 -1.208395429706939E-017
          31           1  0.000000000000000E+000 -1.291604570293088E-017
          31           2  0.000000000000000E+000 -1.208395429706857E-017
          32           1  0.000000000000000E+000 -1.291604570293094E-017
          32           2  0.000000000000000E+000 -1.208395429707005E-017
          33           1  0.000000000000000E+000 -1.291604570293147E-017
          33           2  0.000000000000000E+000 -1.208395429707244E-017
          34           1  0.000000000000000E+000 -1.291604570293210E-017
          34           2  0.000000000000000E+000 -1.208395429707227E-017
          35           1  0.000000000000000E+000 -1.291604570293233E-017
          35           2  0.000000000000000E+000 -1.208395429707158E-017
          36           1  0.000000000000000E+000 -1.291604570293211E-017
          36           2  0.000000000000000E+000 -1.208395429707158E-017
          37           1  0.000000000000000E+000 -1.291604570293223E-017
          37           2  0.000000000000000E+000 -1.208395429707244E-017
          38           1  0.000000000000000E+000 -1.291604570292889E-017
          38           2  0.000000000000000E+000 -1.208395429706617E-017
          39           1  0.000000000000000E+000 -1.291604570292750E-017
          39           2  0.000000000000000E+000 -1.208395429706433E-017
          40           1  0.000000000000000E+000 -1.291604570292594E-017
          40           2  0.000000000000000E+000 -1.208395429706185E-017
          41           1  0.000000000000000E+000 -1.291604570292831E-017
          41           2  0.000000000000000E+000 -1.208395429706652E-017
          42           1  0.000000000000000E+000 -1.291604570292837E-017
          42           2  0.000000000000000E+000 -1.208395429706734E-017
          43           1  0.000000000000000E+000 -1.291604570292886E-017
          43           2  0.000000000000000E+000 -1.208395429706696E-017
          44           1  0.000000000000000E+000 -1.291604570293027E-017
          44           2  0.000000000000000E+000 -1.208395429706942E-017
          45           1  0.000000000000000E+000 -1.291604570293068E-017
          45           2  0.000000000000000E+000 -1.208395429707080E-017
          46           1  0.000000000000000E+000 -1.291604570293138E-017
          46           2  0.000000000000000E+000 -1.208395429707060E-017
          47           1  0.000000000000000E+000 -1.291604570293104E-017
          47           2  0.000000000000000E+000 -1.208395429707066E-017
          48           1  0.000000000000000E+000 -1.291604570293066E-017
          48           2  0.000000000000000E+000 -1.208395429707047E-017
          49           1  0.000000000000000E+000 -1.291604570293042E-017
          49           2  0.000000000000000E+000 -1.208395429706975E-017
          50           1  0.000000000000000E+000 -1.291604570293056E-017
          50           2  0.000000000000000E+000 -1.208395429706966E-017
          51           1  0.000000000000000E+000 -1.291604570293070E-017
          51           2  0.000000000000000E+000 -1.208395429706928E-017
          52           1  0.000000000000000E+000 -1.291604570293085E-017
          52           2  0.000000000000000E+000 -1.208395429706887E-017
          53           1  0.000000000000000E+000 -1.291604570293135E-017
          53           2  0.000000000000000E+000 -1.208395429707164E-017
          54           1  0.000000000000000E+000 -1.291604570293122E-017
          54           2  0.000000000000000E+000 -1.208395429707137E-017
          55           1  0.000000000000000E+000 -1.291604570293128E-017
          55           2  0.000000000000000E+000 -1.208395429707064E-017
          56           1  0.000000000000000E+000 -1.291604570293170E-017
          56           2  0.000000000000000E+000 -1.208395429707151E-017
          57           1  0.000000000000000E+000 -1.291604570293131E-017
          57           2  0.000000000000000E+000 -1.208395429707102E-017
          58           1  0.000000000000000E+000 -1.291604570292887E-017
          58           2  0.000000000000000E+000 -1.208395429706730E-017
          59           1  0.000000000000000E+000 -1.291604570292704E-017
          59           2  0.000000000000000E+000 -1.208395429706237E-017
          60           1  0.000000000000000E+000 -1.291604570292710E-017
          60           2  0.000000000000000E+000 -1.208395429706363E-017
          61           1  0.000000000000000E+000 -1.291604570292652E-017
          61           2  0.000000000000000E+000 -1.208395429706089E-017
          62           1  0.000000000000000E+000 -1.291604570292761E-017
          62           2  0.000000000000000E+000 -1.208395429706339E-017
          63           1  0.000000000000000E+000 -1.291604570292889E-017
          63           2  0.000000000000000E+000 -1.208395429706555E-017
          64           1  0.000000000000000E+000 -1.291604570292997E-017
          64           2  0.000000000000000E+000 -1.208395429706780E-017
          65           1  0.000000000000000E+000 -1.291604570293095E-017
          65           2  0.000000000000000E+000 -1.208395429706981E-017
          66           1  0.000000000000000E+000 -1.291604570293112E-017
          66           2  0.000000000000000E+000 -1.208395429706959E-017
          67           1  0.000000000000000E+000 -1.291604570293069E-017
          67           2  0.000000000000000E+000 -1.208395429706863E-017
          68           1  0.000000000000000E+000 -1.291604570293021E-017
          68           2  0.000000000000000E+000 -1.208395429706865E-017
          69           1  0.000000000000000E+000 -1.291604570293018E-017
          69           2  0.000000000000000E+000 -1.208395429706812E-017
          70           1  0.000000000000000E+000 -1.291604570292991E-017
          70           2  0.000000000000000E+000 -1.208395429706772E-017
          71           1  0.000000000000000E+000 -1.291604570292993E-017
          71           2  0.000000000000000E+000 -1.208395429706706E-017
          72           1  0.000000000000000E+000 -1.291604570292972E-017
          72           2  0.000000000000000E+000 -1.208395429706611E-017
          73           1  0.000000000000000E+000 -1.291604570292997E-017
          73           2  0.000000000000000E+000 -1.208395429706556E-017
          74           1  0.000000000000000E+000 -1.291604570293002E-017
          74           2  0.000000000000000E+000 -1.208395429706637E-017
          75           1  0.000000000000000E+000 -1.291604570292963E-017
          75           2  0.000000000000000E+000 -1.208395429706500E-017
          76           1  0.000000000000000E+000 -1.291604570293014E-017
          76           2  0.000000000000000E+000 -1.208395429706631E-017
          77           1  0.000000000000000E+000 -1.291604570293078E-017
          77           2  0.000000000000000E+000 -1.208395429706823E-017
          78           1  0.000000000000000E+000 -1.291604570292930E-017
          78           2  0.000000000000000E+000 -1.208395429706738E-017
          79           1  0.000000000000000E+000 -1.291604570292847E-017
          79           2  0.000000000000000E+000 -1.208395429706660E-017
          80           1  0.000000000000000E+000 -1.291604570292895E-017
          80           2  0.000000000000000E+000 -1.208395429706821E-017
          81           1  0.000000000000000E+000 -1.291604570292416E-017
          81           2  0.000000000000000E+000 -1.208395429705926E-017
          82           1  0.000000000000000E+000 -1.291604570292630E-017
          82           2  0.000000000000000E+000 -1.208395429706193E-017
          83           1  0.000000000000000E+000 -1.291604570292699E-017
          83           2  0.000000000000000E+000 -1.208395429706492E-017
          84           1  0.000000000000000E+000 -1.291604570292974E-017
          84           2  0.000000000000000E+000 -1.208395429706761E-017
          85           1  0.000000000000000E+000 -1.291604570293043E-017
          85           2  0.000000000000000E+000 -1.208395429706952E-017
          86           1  0.000000000000000E+000 -1.291604570293018E-017
          86           2  0.000000000000000E+000 -1.208395429706657E-017
          87           1  0.000000000000000E+000 -1.291604570292988E-017
          87           2  0.000000000000000E+000 -1.208395429706712E-017
          88           1  0.000000000000000E+000 -1.291604570292916E-017
          88           2  0.000000000000000E+000 -1.208395429706537E-017
          89           1  0.000000000000000E+000 -1.291604570292954E-017
          89           2  0.000000000000000E+000 -1.208395429706583E-017
          90           1  0.000000000000000E+000 -1.291604570293000E-017
          90           2  0.000000000000000E+000 -1.208395429706610E-017
          91           1  0.000000000000000E+000 -1.291604570292982E-017
          91           2  0.000000000000000E+000 -1.208395429706628E-017
          92           1  0.000000000000000E+000 -1.291604570292998E-017
          92           2  0.000000000000000E+000 -1.208395429706633E-017
          93           1  0.000000000000000E+000 -1.291604570292903E-017
          93           2  0.000000000000000E+000 -1.208395429706470E-017
          94           1  0.000000000000000E+000 -1.291604570292927E-017
          94           2  0.000000000000000E+000 -1.208395429706493E-017
          95           1  0.000000000000000E+000 -1.291604570292940E-017
          95           2  0.000000000000000E+000 -1.208395429706357E-017
          96           1  0.000000000000000E+000 -1.291604570292955E-017
          96           2  0.000000000000000E+000 -1.208395429706548E-017
          97           1  0.000000000000000E+000 -1.291604570292919E-017
          97           2  0.000000000000000E+000 -1.208395429706347E-017
          98           1  0.000000000000000E+000 -1.291604570292780E-017
          98           2  0.000000000000000E+000 -1.208395429706123E-017
          99           1  0.000000000000000E+000 -1.291604570292770E-017
          99           2  0.000000000000000E+000 -1.208395429706213E-017
         100           1  0.000000000000000E+000 -1.291604570292645E-017
         100           2  0.000000000000000E+000 -1.208395429706141E-017
         101           1  0.000000000000000E+000 -1.291604570292529E-017
         101           2  0.000000000000000E+000 -1.208395429705876E-017
         102           1  0.000000000000000E+000 -1.291604570292697E-017
         102           2  0.000000000000000E+000 -1.208395429706227E-017
         103           1  0.000000000000000E+000 -1.291604570292702E-017
         103           2  0.000000000000000E+000 -1.208395429706402E-017
         104           1  0.000000000000000E+000 -1.291604570292942E-017
         104           2  0.000000000000000E+000 -1.208395429706745E-017
         105           1  0.000000000000000E+000 -1.291604570292953E-017
         105           2  0.000000000000000E+000 -1.208395429706739E-017
         106           1  0.000000000000000E+000 -1.291604570292917E-017
         106           2  0.000000000000000E+000 -1.208395429706598E-017
         107           1  0.000000000000000E+000 -1.291604570292863E-017
         107           2  0.000000000000000E+000 -1.208395429706482E-017
         108           1  0.000000000000000E+000 -1.291604570292924E-017
         108           2  0.000000000000000E+000 -1.208395429706493E-017
         109           1  0.000000000000000E+000 -1.291604570292956E-017
         109           2  0.000000000000000E+000 -1.208395429706539E-017
         110           1  0.000000000000000E+000 -1.291604570292977E-017
         110           2  0.000000000000000E+000 -1.208395429706595E-017
         111           1  0.000000000000000E+000 -1.291604570292986E-017
         111           2  0.000000000000000E+000 -1.208395429706560E-017
         112           1  0.000000000000000E+000 -1.291604570292957E-017
         112           2  0.000000000000000E+000 -1.208395429706587E-017
         113           1  0.000000000000000E+000 -1.291604570292959E-017
         113           2  0.000000000000000E+000 -1.208395429706603E-017
         114           1  0.000000000000000E+000 -1.291604570292974E-017
         114           2  0.000000000000000E+000 -1.208395429706659E-017
         115           1  0.000000000000000E+000 -1.291604570292989E-017
         115           2  0.000000000000000E+000 -1.208395429706557E-017
         116           1  0.000000000000000E+000 -1.291604570293003E-017
         116           2  0.000000000000000E+000 -1.208395429706619E-017
         117           1  0.000000000000000E+000 -1.291604570292920E-017
         117           2  0.000000000000000E+000 -1.208395429706526E-017
         118           1  0.000000000000000E+000 -1.291604570292797E-017
         118           2  0.000000000000000E+000 -1.208395429706229E-017
         119           1  0.000000000000000E+000 -1.291604570292781E-017
         119           2  0.000000000000000E+000 -1.208395429706443E-017
         120           1  0.000000000000000E+000 -1.291604570292773E-017
         120           2  0.000000000000000E+000 -1.208395429706253E-017
         121           1  0.000000000000000E+000 -1.291604570292473E-017
         121           2  0.000000000000000E+000 -1.208395429705778E-017
         122           1  0.000000000000000E+000 -1.291604570292653E-017
         122           2  0.000000000000000E+000 -1.208395429705894E-017
         123           1  0.000000000000000E+000 -1.291604570292822E-017
         123           2  0.000000000000000E+000 -1.208395429706516E-017
         124           1  0.000000000000000E+000 -1.291604570292883E-017
         124           2  0.000000000000000E+000 -1.208395429706755E-017
         125           1  0.000000000000000E+000 -1.291604570293042E-017
         125           2  0.000000000000000E+000 -1.208395429706901E-017
         126           1  0.000000000000000E+000 -1.291604570292946E-017
         126           2  0.000000000000000E+000 -1.208395429706663E-017
         127           1  0.000000000000000E+000 -1.291604570292981E-017
         127           2  0.000000000000000E+000 -1.208395429706673E-017
         128           1  0.000000000000000E+000 -1.291604570292984E-017
         128           2  0.000000000000000E+000 -1.208395429706644E-017
         129           1  0.000000000000000E+000 -1.291604570292987E-017
         129           2  0.000000000000000E+000 -1.208395429706543E-017
         130           1  0.000000000000000E+000 -1.291604570292965E-017
         130           2  0.000000000000000E+000 -1.208395429706617E-017
         131           1  0.000000000000000E+000 -1.291604570293007E-017
         131           2  0.000000000000000E+000 -1.208395429706626E-017
         132           1  0.000000000000000E+000 -1.291604570293035E-017
         132           2  0.000000000000000E+000 -1.208395429706640E-017
         133           1  0.000000000000000E+000 -1.291604570293055E-017
         133           2  0.000000000000000E+000 -1.208395429706673E-017
         134           1  0.000000000000000E+000 -1.291604570293071E-017
         134           2  0.000000000000000E+000 -1.208395429706800E-017
         135           1  0.000000000000000E+000 -1.291604570293016E-017
         135           2  0.000000000000000E+000 -1.208395429706651E-017
         136           1  0.000000000000000E+000 -1.291604570292938E-017
         136           2  0.000000000000000E+000 -1.208395429706566E-017
         137           1  0.000000000000000E+000 -1.291604570292930E-017
         137           2  0.000000000000000E+000 -1.208395429706517E-017
         138           1  0.000000000000000E+000 -1.291604570292826E-017
         138           2  0.000000000000000E+000 -1.208395429706439E-017
         139           1  0.000000000000000E+000 -1.291604570292828E-017
         139           2  0.000000000000000E+000 -1.208395429706254E-017
         140           1  0.000000000000000E+000 -1.291604570292795E-017
         140           2  0.000000000000000E+000 -1.208395429706116E-017
         141           1  0.000000000000000E+000 -1.291604570292533E-017
         141           2  0.000000000000000E+000 -1.208395429705697E-017
         142           1  0.000000000000000E+000 -1.291604570292812E-017
         142           2  0.000000000000000E+000 -1.208395429706331E-017
         143           1  0.000000000000000E+000 -1.291604570292962E-017
         143           2  0.000000000000000E+000 -1.208395429706755E-017
         144           1  0.000000000000000E+000 -1.291604570292950E-017
         144           2  0.000000000000000E+000 -1.208395429706845E-017
         145           1  0.000000000000000E+000 -1.291604570293043E-017
         145           2  0.000000000000000E+000 -1.208395429706910E-017
         146           1  0.000000000000000E+000 -1.291604570293014E-017
         146           2  0.000000000000000E+000 -1.208395429706718E-017
         147           1  0.000000000000000E+000 -1.291604570293033E-017
         147           2  0.000000000000000E+000 -1.208395429706651E-017
         148           1  0.000000000000000E+000 -1.291604570293041E-017
         148           2  0.000000000000000E+000 -1.208395429706694E-017
         149           1  0.000000000000000E+000 -1.291604570292985E-017
         149           2  0.000000000000000E+000 -1.208395429706717E-017
         150           1  0.000000000000000E+000 -1.291604570292955E-017
         150           2  0.000000000000000E+000 -1.208395429706632E-017
         151           1  0.000000000000000E+000 -1.291604570293021E-017
         151           2  0.000000000000000E+000 -1.208395429706715E-017
         152           1  0.000000000000000E+000 -1.291604570293102E-017
         152           2  0.000000000000000E+000 -1.208395429706719E-017
         153           1  0.000000000000000E+000 -1.291604570293137E-017
         153           2  0.000000000000000E+000 -1.208395429706784E-017
         154           1  0.000000000000000E+000 -1.291604570293139E-017
         154           2  0.000000000000000E+000 -1.208395429706959E-017
         155           1  0.000000000000000E+000 -1.291604570293140E-017
         155           2  0.000000000000000E+000 -1.208395429706814E-017
         156           1  0.000000000000000E+000 -1.291604570293003E-017
         156           2  0.000000000000000E+000 -1.208395429706606E-017
         157           1  0.000000000000000E+000 -1.291604570292913E-017
         157           2  0.000000000000000E+000 -1.208395429706470E-017
         158           1  0.000000000000000E+000 -1.291604570292880E-017
         158           2  0.000000000000000E+000 -1.208395429706604E-017
         159           1  0.000000000000000E+000 -1.291604570292871E-017
         159           2  0.000000000000000E+000 -1.208395429706703E-017
         160           1  0.000000000000000E+000 -1.291604570292929E-017
         160           2  0.000000000000000E+000 -1.208395429706655E-017
         161           1  0.000000000000000E+000 -1.291604570292596E-017
         161           2  0.000000000000000E+000 -1.208395429706047E-017
         162           1  0.000000000000000E+000 -1.291604570292796E-017
         162           2  0.000000000000000E+000 -1.208395429706435E-017
         163           1  0.000000000000000E+000 -1.291604570292743E-017
         163           2  0.000000000000000E+000 -1.208395429706471E-017
         164           1  0.000000000000000E+000 -1.291604570292962E-017
         164           2  0.000000000000000E+000 -1.208395429706849E-017
         165           1  0.000000000000000E+000 -1.291604570293102E-017
         165           2  0.000000000000000E+000 -1.208395429707019E-017
         166           1  0.000000000000000E+000 -1.291604570293023E-017
         166           2  0.000000000000000E+000 -1.208395429706797E-017
         167           1  0.000000000000000E+000 -1.291604570293068E-017
         167           2  0.000000000000000E+000 -1.208395429706747E-017
         168           1  0.000000000000000E+000 -1.291604570293090E-017
         168           2  0.000000000000000E+000 -1.208395429706581E-017
         169           1  0.000000000000000E+000 -1.291604570293059E-017
         169           2  0.000000000000000E+000 -1.208395429706567E-017
         170           1  0.000000000000000E+000 -1.291604570293016E-017
         170           2  0.000000000000000E+000 -1.208395429706601E-017
         171           1  0.000000000000000E+000 -1.291604570293035E-017
         171           2  0.000000000000000E+000 -1.208395429706827E-017
         172           1  0.000000000000000E+000 -1.291604570293136E-017
         172           2  0.000000000000000E+000 -1.208395429706915E-017
         173           1  0.000000000000000E+000 -1.291604570293161E-017
         173           2  0.000000000000000E+000 -1.208395429706963E-017
         174           1  0.000000000000000E+000 -1.291604570293183E-017
         174           2  0.000000000000000E+000 -1.208395429707033E-017
         175           1  0.000000000000000E+000 -1.291604570293099E-017
         175           2  0.000000000000000E+000 -1.208395429706984E-017
         176           1  0.000000000000000E+000 -1.291604570292973E-017
         176           2  0.000000000000000E+000 -1.208395429706630E-017
         177           1  0.000000000000000E+000 -1.291604570292855E-017
         177           2  0.000000000000000E+000 -1.208395429706455E-017
         178           1  0.000000000000000E+000 -1.291604570292792E-017
         178           2  0.000000000000000E+000 -1.208395429706546E-017
         179           1  0.000000000000000E+000 -1.291604570292872E-017
         179           2  0.000000000000000E+000 -1.208395429706418E-017
         180           1  0.000000000000000E+000 -1.291604570292770E-017
         180           2  0.000000000000000E+000 -1.208395429706539E-017
         181           1  0.000000000000000E+000 -1.291604570292571E-017
         181           2  0.000000000000000E+000 -1.208395429706084E-017
         182           1  0.000000000000000E+000 -1.291604570292737E-017
         182           2  0.000000000000000E+000 -1.208395429706376E-017
         183           1  0.000000000000000E+000 -1.291604570292694E-017
         183           2  0.000000000000000E+000 -1.208395429706447E-017
         184           1  0.000000000000000E+000 -1.291604570292911E-017
         184           2  0.000000000000000E+000 -1.208395429706772E-017
         185           1  0.000000000000000E+000 -1.291604570293057E-017
         185           2  0.000000000000000E+000 -1.208395429706978E-017
         186           1  0.000000000000000E+000 -1.291604570293092E-017
         186           2  0.000000000000000E+000 -1.208395429706906E-017
         187           1  0.000000000000000E+000 -1.291604570293051E-017
         187           2  0.000000000000000E+000 -1.208395429706855E-017
         188           1  0.000000000000000E+000 -1.291604570293107E-017
         188           2  0.000000000000000E+000 -1.208395429706724E-017
         189           1  0.000000000000000E+000 -1.291604570293057E-017
         189           2  0.000000000000000E+000 -1.208395429706696E-017
         190           1  0.000000000000000E+000 -1.291604570293013E-017
         190           2  0.000000000000000E+000 -1.208395429706814E-017
         191           1  0.000000000000000E+000 -1.291604570293065E-017
         191           2  0.000000000000000E+000 -1.208395429706980E-017
         192           1  0.000000000000000E+000 -1.291604570293177E-017
         192           2  0.000000000000000E+000 -1.208395429707056E-017
         193           1  0.000000000000000E+000 -1.291604570293189E-017
         193           2  0.000000000000000E+000 -1.208395429707059E-017
         194           1  0.000000000000000E+000 -1.291604570293194E-017
         194           2  0.000000000000000E+000 -1.208395429707042E-017
         195           1  0.000000000000000E+000 -1.291604570293157E-017
         195           2  0.000000000000000E+000 -1.208395429706903E-017
         196           1  0.000000000000000E+000 -1.291604570292918E-017
         196           2  0.000000000000000E+000 -1.208395429706705E-017
         197           1  0.000000000000000E+000 -1.291604570292726E-017
         197           2  0.000000000000000E+000 -1.208395429706379E-017
         198           1  0.000000000000000E+000 -1.291604570292726E-017
         198           2  0.000000000000000E+000 -1.208395429706353E-017
         199           1  0.000000000000000E+000 -1.291604570292759E-017
         199           2  0.000000000000000E+000 -1.208395429706329E-017
         200           1  0.000000000000000E+000 -1.291604570292761E-017
         200           2  0.000000000000000E+000 -1.208395429706159E-017
         201           1  0.000000000000000E+000 -1.291604570292643E-017
         201           2  0.000000000000000E+000 -1.208395429706421E-017
         202           1  0.000000000000000E+000 -1.291604570292727E-017
         202           2  0.000000000000000E+000 -1.208395429706483E-017
         203           1  0.000000000000000E+000 -1.291604570292832E-017
         203           2  0.000000000000000E+000 -1.208395429706608E-017
         204           1  0.000000000000000E+000 -1.291604570292951E-017
         204           2  0.000000000000000E+000 -1.208395429706738E-017
         205           1  0.000000000000000E+000 -1.291604570293065E-017
         205           2  0.000000000000000E+000 -1.208395429706920E-017
         206           1  0.000000000000000E+000 -1.291604570293020E-017
         206           2  0.000000000000000E+000 -1.208395429706906E-017
         207           1  0.000000000000000E+000 -1.291604570293041E-017
         207           2  0.000000000000000E+000 -1.208395429706709E-017
         208           1  0.000000000000000E+000 -1.291604570293067E-017
         208           2  0.000000000000000E+000 -1.208395429706834E-017
         209           1  0.000000000000000E+000 -1.291604570292968E-017
         209           2  0.000000000000000E+000 -1.208395429706792E-017
         210           1  0.000000000000000E+000 -1.291604570293022E-017
         210           2  0.000000000000000E+000 -1.208395429706857E-017
         211           1  0.000000000000000E+000 -1.291604570293096E-017
         211           2  0.000000000000000E+000 -1.208395429706911E-017
         212           1  0.000000000000000E+000 -1.291604570293213E-017
         212           2  0.000000000000000E+000 -1.208395429707107E-017
         213           1  0.000000000000000E+000 -1.291604570293229E-017
         213           2  0.000000000000000E+000 -1.208395429707116E-017
         214           1  0.000000000000000E+000 -1.291604570293147E-017
         214           2  0.000000000000000E+000 -1.208395429706849E-017
         215           1  0.000000000000000E+000 -1.291604570293145E-017
         215           2  0.000000000000000E+000 -1.208395429706808E-017
         216           1  0.000000000000000E+000 -1.291604570293013E-017
         216           2  0.000000000000000E+000 -1.208395429706593E-017
         217           1  0.000000000000000E+000 -1.291604570292783E-017
         217           2  0.000000000000000E+000 -1.208395429706347E-017
         218           1  0.000000000000000E+000 -1.291604570292687E-017
         218           2  0.000000000000000E+000 -1.208395429706144E-017
         219           1  0.000000000000000E+000 -1.291604570292666E-017
         219           2  0.000000000000000E+000 -1.208395429706239E-017
         220           1  0.000000000000000E+000 -1.291604570292685E-017
         220           2  0.000000000000000E+000 -1.208395429706420E-017
         221           1  0.000000000000000E+000 -1.291604570292728E-017
         221           2  0.000000000000000E+000 -1.208395429706544E-017
         222           1  0.000000000000000E+000 -1.291604570292799E-017
         222           2  0.000000000000000E+000 -1.208395429706402E-017
         223           1  0.000000000000000E+000 -1.291604570292861E-017
         223           2  0.000000000000000E+000 -1.208395429706642E-017
         224           1  0.000000000000000E+000 -1.291604570292961E-017
         224           2  0.000000000000000E+000 -1.208395429706807E-017
         225           1  0.000000000000000E+000 -1.291604570292977E-017
         225           2  0.000000000000000E+000 -1.208395429706847E-017
         226           1  0.000000000000000E+000 -1.291604570292983E-017
         226           2  0.000000000000000E+000 -1.208395429706776E-017
         227           1  0.000000000000000E+000 -1.291604570292954E-017
         227           2  0.000000000000000E+000 -1.208395429706682E-017
         228           1  0.000000000000000E+000 -1.291604570293001E-017
         228           2  0.000000000000000E+000 -1.208395429706548E-017
         229           1  0.000000000000000E+000 -1.291604570293001E-017
         229           2  0.000000000000000E+000 -1.208395429706733E-017
         230           1  0.000000000000000E+000 -1.291604570293048E-017
         230           2  0.000000000000000E+000 -1.208395429706869E-017
         231           1  0.000000000000000E+000 -1.291604570293145E-017
         231           2  0.000000000000000E+000 -1.208395429707086E-017
         232           1  0.000000000000000E+000 -1.291604570293281E-017
         232           2  0.000000000000000E+000 -1.208395429707335E-017
         233           1  0.000000000000000E+000 -1.291604570293233E-017
         233           2  0.000000000000000E+000 -1.208395429707062E-017
         234           1  0.000000000000000E+000 -1.291604570293020E-017
         234           2  0.000000000000000E+000 -1.208395429706586E-017
         235           1  0.000000000000000E+000 -1.291604570292942E-017
         235           2  0.000000000000000E+000 -1.208395429706435E-017
         236           1  0.000000000000000E+000 -1.291604570292922E-017
         236           2  0.000000000000000E+000 -1.208395429706445E-017
         237           1  0.000000000000000E+000 -1.291604570292893E-017
         237           2  0.000000000000000E+000 -1.208395429706488E-017
         238           1  0.000000000000000E+000 -1.291604570292848E-017
         238           2  0.000000000000000E+000 -1.208395429706382E-017
         239           1  0.000000000000000E+000 -1.291604570292879E-017
         239           2  0.000000000000000E+000 -1.208395429706583E-017
         240           1  0.000000000000000E+000 -1.291604570292936E-017
         240           2  0.000000000000000E+000 -1.208395429706785E-017
         241           1  0.000000000000000E+000 -1.291604570292902E-017
         241           2  0.000000000000000E+000 -1.208395429706484E-017
         242           1  0.000000000000000E+000 -1.291604570292940E-017
         242           2  0.000000000000000E+000 -1.208395429706481E-017
         243           1  0.000000000000000E+000 -1.291604570292903E-017
         243           2  0.000000000000000E+000 -1.208395429706702E-017
         244           1  0.000000000000000E+000 -1.291604570292942E-017
         244           2  0.000000000000000E+000 -1.208395429706651E-017
         245           1  0.000000000000000E+000 -1.291604570292929E-017
         245           2  0.000000000000000E+000 -1.208395429706745E-017
         246           1  0.000000000000000E+000 -1.291604570292917E-017
         246           2  0.000000000000000E+000 -1.208395429706843E-017
         247           1  0.000000000000000E+000 -1.291604570292938E-017
         247           2  0.000000000000000E+000 -1.208395429706584E-017
         248           1  0.000000000000000E+000 -1.291604570293051E-017
         248           2  0.000000000000000E+000 -1.208395429706510E-017
         249           1  0.000000000000000E+000 -1.291604570293119E-017
         249           2  0.000000000000000E+000 -1.208395429706659E-017
         250           1  0.000000000000000E+000 -1.291604570293120E-017
         250           2  0.000000000000000E+000 -1.208395429706839E-017
         251           1  0.000000000000000E+000 -1.291604570293144E-017
         251           2  0.000000000000000E+000 -1.208395429707035E-017
         252           1  0.000000000000000E+000 -1.291604570293225E-017
         252           2  0.000000000000000E+000 -1.208395429707093E-017
         253           1  0.000000000000000E+000 -1.291604570292975E-017
         253           2  0.000000000000000E+000 -1.208395429706605E-017
         254           1  0.000000000000000E+000 -1.291604570292793E-017
         254           2  0.000000000000000E+000 -1.208395429706074E-017
         255           1  0.000000000000000E+000 -1.291604570292779E-017
         255           2  0.000000000000000E+000 -1.208395429706034E-017
         256           1  0.000000000000000E+000 -1.291604570292819E-017
         256           2  0.000000000000000E+000 -1.208395429706271E-017
         257           1  0.000000000000000E+000 -1.291604570292822E-017
         257           2  0.000000000000000E+000 -1.208395429706294E-017
         258           1  0.000000000000000E+000 -1.291604570292992E-017
         258           2  0.000000000000000E+000 -1.208395429706761E-017
         259           1  0.000000000000000E+000 -1.291604570293169E-017
         259           2  0.000000000000000E+000 -1.208395429707044E-017
         260           1  0.000000000000000E+000 -1.291604570293222E-017
         260           2  0.000000000000000E+000 -1.208395429707316E-017
         261           1  0.000000000000000E+000 -1.291604570293031E-017
         261           2  0.000000000000000E+000 -1.208395429706782E-017
         262           1  0.000000000000000E+000 -1.291604570293102E-017
         262           2  0.000000000000000E+000 -1.208395429706701E-017
         263           1  0.000000000000000E+000 -1.291604570293064E-017
         263           2  0.000000000000000E+000 -1.208395429706889E-017
         264           1  0.000000000000000E+000 -1.291604570293124E-017
         264           2  0.000000000000000E+000 -1.208395429706876E-017
         265           1  0.000000000000000E+000 -1.291604570292997E-017
         265           2  0.000000000000000E+000 -1.208395429706830E-017
         266           1  0.000000000000000E+000 -1.291604570292991E-017
         266           2  0.000000000000000E+000 -1.208395429706798E-017
         267           1  0.000000000000000E+000 -1.291604570292997E-017
         267           2  0.000000000000000E+000 -1.208395429706684E-017
         268           1  0.000000000000000E+000 -1.291604570293092E-017
         268           2  0.000000000000000E+000 -1.208395429706773E-017
         269           1  0.000000000000000E+000 -1.291604570293062E-017
         269           2  0.000000000000000E+000 -1.208395429706933E-017
         270           1  0.000000000000000E+000 -1.291604570293082E-017
         270           2  0.000000000000000E+000 -1.208395429707060E-017
         271           1  0.000000000000000E+000 -1.291604570293149E-017
         271           2  0.000000000000000E+000 -1.208395429707037E-017
         272           1  0.000000000000000E+000 -1.291604570293197E-017
         272           2  0.000000000000000E+000 -1.208395429707103E-017
         273           1  0.000000000000000E+000 -1.291604570292424E-017
         273           2  0.000000000000000E+000 -1.208395429705673E-017
         274           1  0.000000000000000E+000 -1.291604570292567E-017
         274           2  0.000000000000000E+000 -1.208395429705540E-017
         275           1  0.000000000000000E+000 -1.291604570292743E-017
         275           2  0.000000000000000E+000 -1.208395429705756E-017
         276           1  0.000000000000000E+000 -1.291604570292778E-017
         276           2  0.000000000000000E+000 -1.208395429706037E-017
         277           1  0.000000000000000E+000 -1.291604570292733E-017
         277           2  0.000000000000000E+000 -1.208395429706289E-017
         278           1  0.000000000000000E+000 -1.291604570293109E-017
         278           2  0.000000000000000E+000 -1.208395429707146E-017
         279           1  0.000000000000000E+000 -1.291604570293344E-017
         279           2  0.000000000000000E+000 -1.208395429707504E-017
         280           1  0.000000000000000E+000 -1.291604570293480E-017
         280           2  0.000000000000000E+000 -1.208395429708018E-017
         281           1  0.000000000000000E+000 -1.291604570293213E-017
         281           2  0.000000000000000E+000 -1.208395429706878E-017
         282           1  0.000000000000000E+000 -1.291604570293246E-017
         282           2  0.000000000000000E+000 -1.208395429706961E-017
         283           1  0.000000000000000E+000 -1.291604570293180E-017
         283           2  0.000000000000000E+000 -1.208395429707176E-017
         284           1  0.000000000000000E+000 -1.291604570293281E-017
         284           2  0.000000000000000E+000 -1.208395429707284E-017
         285           1  0.000000000000000E+000 -1.291604570293237E-017
         285           2  0.000000000000000E+000 -1.208395429707121E-017
         286           1  0.000000000000000E+000 -1.291604570293128E-017
         286           2  0.000000000000000E+000 -1.208395429706910E-017
         287           1  0.000000000000000E+000 -1.291604570293139E-017
         287           2  0.000000000000000E+000 -1.208395429707000E-017
         288           1  0.000000000000000E+000 -1.291604570293163E-017
         288           2  0.000000000000000E+000 -1.208395429707039E-017
         289           1  0.000000000000000E+000 -1.291604570293143E-017
         289           2  0.000000000000000E+000 -1.208395429707262E-017
         290           1  0.000000000000000E+000 -1.291604570293170E-017
         290           2  0.000000000000000E+000 -1.208395429707253E-017
         291           1  0.000000000000000E+000 -1.291604570293255E-017
         291           2  0.000000000000000E+000 -1.208395429707226E-017
         292           1  0.000000000000000E+000 -1.291604570293195E-017
         292           2  0.000000000000000E+000 -1.208395429707144E-017
         293           1  0.000000000000000E+000 -1.291604570292332E-017
         293           2  0.000000000000000E+000 -1.208395429705406E-017
         294           1  0.000000000000000E+000 -1.291604570292500E-017
         294           2  0.000000000000000E+000 -1.208395429705502E-017
         295           1  0.000000000000000E+000 -1.291604570292614E-017
         295           2  0.000000000000000E+000 -1.208395429705529E-017
         296           1  0.000000000000000E+000 -1.291604570292774E-017
         296           2  0.000000000000000E+000 -1.208395429705902E-017
         297           1  0.000000000000000E+000 -1.291604570292756E-017
         297           2  0.000000000000000E+000 -1.208395429706288E-017
         298           1  0.000000000000000E+000 -1.291604570293009E-017
         298           2  0.000000000000000E+000 -1.208395429706832E-017
         299           1  0.000000000000000E+000 -1.291604570293014E-017
         299           2  0.000000000000000E+000 -1.208395429707049E-017
         300           1  0.000000000000000E+000 -1.291604570293119E-017
         300           2  0.000000000000000E+000 -1.208395429706985E-017
         301           1  0.000000000000000E+000 -1.291604570293203E-017
         301           2  0.000000000000000E+000 -1.208395429707111E-017
         302           1  0.000000000000000E+000 -1.291604570293219E-017
         302           2  0.000000000000000E+000 -1.208395429706994E-017
         303           1  0.000000000000000E+000 -1.291604570293271E-017
         303           2  0.000000000000000E+000 -1.208395429707244E-017
         304           1  0.000000000000000E+000 -1.291604570293298E-017
         304           2  0.000000000000000E+000 -1.208395429707204E-017
         305           1  0.000000000000000E+000 -1.291604570293295E-017
         305           2  0.000000000000000E+000 -1.208395429707241E-017
         306           1  0.000000000000000E+000 -1.291604570293169E-017
         306           2  0.000000000000000E+000 -1.208395429706997E-017
         307           1  0.000000000000000E+000 -1.291604570293085E-017
         307           2  0.000000000000000E+000 -1.208395429707100E-017
         308           1  0.000000000000000E+000 -1.291604570293147E-017
         308           2  0.000000000000000E+000 -1.208395429707100E-017
         309           1  0.000000000000000E+000 -1.291604570293295E-017
         309           2  0.000000000000000E+000 -1.208395429707236E-017
         310           1  0.000000000000000E+000 -1.291604570293356E-017
         310           2  0.000000000000000E+000 -1.208395429707773E-017
         311           1  0.000000000000000E+000 -1.291604570293255E-017
         311           2  0.000000000000000E+000 -1.208395429707514E-017
         312           1  0.000000000000000E+000 -1.291604570293152E-017
         312           2  0.000000000000000E+000 -1.208395429707158E-017
         313           1  0.000000000000000E+000 -1.291604570292473E-017
         313           2  0.000000000000000E+000 -1.208395429705673E-017
         314           1  0.000000000000000E+000 -1.291604570292448E-017
         314           2  0.000000000000000E+000 -1.208395429705390E-017
         315           1  0.000000000000000E+000 -1.291604570292576E-017
         315           2  0.000000000000000E+000 -1.208395429705784E-017
         316           1  0.000000000000000E+000 -1.291604570292643E-017
         316           2  0.000000000000000E+000 -1.208395429706024E-017
         317           1  0.000000000000000E+000 -1.291604570292707E-017
         317           2  0.000000000000000E+000 -1.208395429706082E-017
         318           1  0.000000000000000E+000 -1.291604570292838E-017
         318           2  0.000000000000000E+000 -1.208395429706389E-017
         319           1  0.000000000000000E+000 -1.291604570292934E-017
         319           2  0.000000000000000E+000 -1.208395429706714E-017
         320           1  0.000000000000000E+000 -1.291604570293007E-017
         320           2  0.000000000000000E+000 -1.208395429707126E-017
         321           1  0.000000000000000E+000 -1.291604570293190E-017
         321           2  0.000000000000000E+000 -1.208395429707117E-017
         322           1  0.000000000000000E+000 -1.291604570293298E-017
         322           2  0.000000000000000E+000 -1.208395429707288E-017
         323           1  0.000000000000000E+000 -1.291604570293279E-017
         323           2  0.000000000000000E+000 -1.208395429707446E-017
         324           1  0.000000000000000E+000 -1.291604570293212E-017
         324           2  0.000000000000000E+000 -1.208395429707149E-017
         325           1  0.000000000000000E+000 -1.291604570293175E-017
         325           2  0.000000000000000E+000 -1.208395429707127E-017
         326           1  0.000000000000000E+000 -1.291604570293197E-017
         326           2  0.000000000000000E+000 -1.208395429707078E-017
         327           1  0.000000000000000E+000 -1.291604570293137E-017
         327           2  0.000000000000000E+000 -1.208395429707259E-017
         328           1  0.000000000000000E+000 -1.291604570293165E-017
         328           2  0.000000000000000E+000 -1.208395429707106E-017
         329           1  0.000000000000000E+000 -1.291604570293251E-017
         329           2  0.000000000000000E+000 -1.208395429707185E-017
         330           1  0.000000000000000E+000 -1.291604570293282E-017
         330           2  0.000000000000000E+000 -1.208395429707245E-017
         331           1  0.000000000000000E+000 -1.291604570293142E-017
         331           2  0.000000000000000E+000 -1.208395429707398E-017
         332           1  0.000000000000000E+000 -1.291604570293213E-017
         332           2  0.000000000000000E+000 -1.208395429707171E-017
         333           1  0.000000000000000E+000 -1.291604570292824E-017
         333           2  0.000000000000000E+000 -1.208395429706499E-017
         334           1  0.000000000000000E+000 -1.291604570292570E-017
         334           2  0.000000000000000E+000 -1.208395429705664E-017
         335           1  0.000000000000000E+000 -1.291604570292634E-017
         335           2  0.000000000000000E+000 -1.208395429705983E-017
         336           1  0.000000000000000E+000 -1.291604570292638E-017
         336           2  0.000000000000000E+000 -1.208395429705962E-017
         337           1  0.000000000000000E+000 -1.291604570292768E-017
         337           2  0.000000000000000E+000 -1.208395429706270E-017
         338           1  0.000000000000000E+000 -1.291604570292800E-017
         338           2  0.000000000000000E+000 -1.208395429706531E-017
         339           1  0.000000000000000E+000 -1.291604570292888E-017
         339           2  0.000000000000000E+000 -1.208395429706639E-017
         340           1  0.000000000000000E+000 -1.291604570293084E-017
         340           2  0.000000000000000E+000 -1.208395429707126E-017
         341           1  0.000000000000000E+000 -1.291604570293173E-017
         341           2  0.000000000000000E+000 -1.208395429707056E-017
         342           1  0.000000000000000E+000 -1.291604570293247E-017
         342           2  0.000000000000000E+000 -1.208395429707035E-017
         343           1  0.000000000000000E+000 -1.291604570293465E-017
         343           2  0.000000000000000E+000 -1.208395429707616E-017
         344           1  0.000000000000000E+000 -1.291604570293090E-017
         344           2  0.000000000000000E+000 -1.208395429707205E-017
         345           1  0.000000000000000E+000 -1.291604570293092E-017
         345           2  0.000000000000000E+000 -1.208395429707238E-017
         346           1  0.000000000000000E+000 -1.291604570293162E-017
         346           2  0.000000000000000E+000 -1.208395429707171E-017
         347           1  0.000000000000000E+000 -1.291604570293295E-017
         347           2  0.000000000000000E+000 -1.208395429707358E-017
         348           1  0.000000000000000E+000 -1.291604570293356E-017
         348           2  0.000000000000000E+000 -1.208395429707286E-017
         349           1  0.000000000000000E+000 -1.291604570293250E-017
         349           2  0.000000000000000E+000 -1.208395429707142E-017
         350           1  0.000000000000000E+000 -1.291604570293085E-017
         350           2  0.000000000000000E+000 -1.208395429706971E-017
         351           1  0.000000000000000E+000 -1.291604570293287E-017
         351           2  0.000000000000000E+000 -1.208395429707301E-017
         352           1  0.000000000000000E+000 -1.291604570293173E-017
         352           2  0.000000000000000E+000 -1.208395429707172E-017
         353           1  0.000000000000000E+000 -1.291604570292917E-017
         353           2  0.000000000000000E+000 -1.208395429706484E-017
         354           1  0.000000000000000E+000 -1.291604570292660E-017
         354           2  0.000000000000000E+000 -1.208395429706022E-017
         355           1  0.000000000000000E+000 -1.291604570292719E-017
         355           2  0.000000000000000E+000 -1.208395429705974E-017
         356           1  0.000000000000000E+000 -1.291604570292911E-017
         356           2  0.000000000000000E+000 -1.208395429706325E-017
         357           1  0.000000000000000E+000 -1.291604570292809E-017
         357           2  0.000000000000000E+000 -1.208395429706597E-017
         358           1  0.000000000000000E+000 -1.291604570293303E-017
         358           2  0.000000000000000E+000 -1.208395429707375E-017
         359           1  0.000000000000000E+000 -1.291604570293091E-017
         359           2  0.000000000000000E+000 -1.208395429706996E-017
         360           1  0.000000000000000E+000 -1.291604570293260E-017
         360           2  0.000000000000000E+000 -1.208395429707323E-017
         361           1  0.000000000000000E+000 -1.291604570293179E-017
         361           2  0.000000000000000E+000 -1.208395429707345E-017
         362           1  0.000000000000000E+000 -1.291604570293195E-017
         362           2  0.000000000000000E+000 -1.208395429707342E-017
         363           1  0.000000000000000E+000 -1.291604570293308E-017
         363           2  0.000000000000000E+000 -1.208395429707440E-017
         364           1  0.000000000000000E+000 -1.291604570293132E-017
         364           2  0.000000000000000E+000 -1.208395429707147E-017
         365           1  0.000000000000000E+000 -1.291604570293081E-017
         365           2  0.000000000000000E+000 -1.208395429707032E-017
         366           1  0.000000000000000E+000 -1.291604570292969E-017
         366           2  0.000000000000000E+000 -1.208395429707216E-017
         367           1  0.000000000000000E+000 -1.291604570293093E-017
         367           2  0.000000000000000E+000 -1.208395429707264E-017
         368           1  0.000000000000000E+000 -1.291604570293282E-017
         368           2  0.000000000000000E+000 -1.208395429707544E-017
         369           1  0.000000000000000E+000 -1.291604570293242E-017
         369           2  0.000000000000000E+000 -1.208395429707058E-017
         370           1  0.000000000000000E+000 -1.291604570293214E-017
         370           2  0.000000000000000E+000 -1.208395429706851E-017
         371           1  0.000000000000000E+000 -1.291604570293356E-017
         371           2  0.000000000000000E+000 -1.208395429707150E-017
         372           1  0.000000000000000E+000 -1.291604570293236E-017
         372           2  0.000000000000000E+000 -1.208395429707138E-017
         373           1  0.000000000000000E+000 -1.291604570292924E-017
         373           2  0.000000000000000E+000 -1.208395429706461E-017
         374           1  0.000000000000000E+000 -1.291604570292738E-017
         374           2  0.000000000000000E+000 -1.208395429706153E-017
         375           1  0.000000000000000E+000 -1.291604570292785E-017
         375           2  0.000000000000000E+000 -1.208395429706198E-017
         376           1  0.000000000000000E+000 -1.291604570292876E-017
         376           2  0.000000000000000E+000 -1.208395429706429E-017
         377           1  0.000000000000000E+000 -1.291604570292932E-017
         377           2  0.000000000000000E+000 -1.208395429706705E-017
         378           1  0.000000000000000E+000 -1.291604570292901E-017
         378           2  0.000000000000000E+000 -1.208395429706729E-017
         379           1  0.000000000000000E+000 -1.291604570292815E-017
         379           2  0.000000000000000E+000 -1.208395429706404E-017
         380           1  0.000000000000000E+000 -1.291604570292726E-017
         380           2  0.000000000000000E+000 -1.208395429706508E-017
         381           1  0.000000000000000E+000 -1.291604570293136E-017
         381           2  0.000000000000000E+000 -1.208395429707283E-017
         382           1  0.000000000000000E+000 -1.291604570293176E-017
         382           2  0.000000000000000E+000 -1.208395429707133E-017
         383           1  0.000000000000000E+000 -1.291604570293265E-017
         383           2  0.000000000000000E+000 -1.208395429707391E-017
         384           1  0.000000000000000E+000 -1.291604570293242E-017
         384           2  0.000000000000000E+000 -1.208395429707235E-017
         385           1  0.000000000000000E+000 -1.291604570293245E-017
         385           2  0.000000000000000E+000 -1.208395429707064E-017
         386           1  0.000000000000000E+000 -1.291604570293303E-017
         386           2  0.000000000000000E+000 -1.208395429707292E-017
         387           1  0.000000000000000E+000 -1.291604570293203E-017
         387           2  0.000000000000000E+000 -1.208395429707208E-017
         388           1  0.000000000000000E+000 -1.291604570293250E-017
         388           2  0.000000000000000E+000 -1.208395429707396E-017
         389           1  0.000000000000000E+000 -1.291604570293148E-017
         389           2  0.000000000000000E+000 -1.208395429707381E-017
         390           1  0.000000000000000E+000 -1.291604570293247E-017
         390           2  0.000000000000000E+000 -1.208395429707517E-017
         391           1  0.000000000000000E+000 -1.291604570293412E-017
         391           2  0.000000000000000E+000 -1.208395429707662E-017
         392           1  0.000000000000000E+000 -1.291604570293450E-017
         392           2  0.000000000000000E+000 -1.208395429707667E-017
         393           1  0.000000000000000E+000 -1.291604570293069E-017
         393           2  0.000000000000000E+000 -1.208395429706914E-017
         394           1  0.000000000000000E+000 -1.291604570292970E-017
         394           2  0.000000000000000E+000 -1.208395429706951E-017
         395           1  0.000000000000000E+000 -1.291604570292793E-017
         395           2  0.000000000000000E+000 -1.208395429706486E-017
         396           1  0.000000000000000E+000 -1.291604570293028E-017
         396           2  0.000000000000000E+000 -1.208395429706858E-017
         397           1  0.000000000000000E+000 -1.291604570293770E-017
         397           2  0.000000000000000E+000 -1.208395429708246E-017
         398           1  0.000000000000000E+000 -1.291604570293895E-017
         398           2  0.000000000000000E+000 -1.208395429708499E-017
         399           1  0.000000000000000E+000 -1.291604570292942E-017
         399           2  0.000000000000000E+000 -1.208395429706738E-017
         400           1  0.000000000000000E+000 -1.291604570292745E-017
         400           2  0.000000000000000E+000 -1.208395429706391E-017
