           1           1  0.000000000000000E+000 -4.999999999997386E-018
           1           2  0.000000000000000E+000 -1.999999999999860E-017
           2           1  0.000000000000000E+000 -4.999999999998820E-018
           2           2  0.000000000000000E+000 -2.000000000001146E-017
           3           1  0.000000000000000E+000 -4.999999999998393E-018
           3           2  0.000000000000000E+000 -2.000000000000676E-017
           4           1  0.000000000000000E+000 -4.999999999998344E-018
           4           2  0.000000000000000E+000 -2.000000000000204E-017
           5           1  0.000000000000000E+000 -4.999999999999874E-018
           5           2  0.000000000000000E+000 -2.000000000001040E-017
           6           1  0.000000000000000E+000 -5.000000000000282E-018
           6           2  0.000000000000000E+000 -2.000000000000999E-017
           7           1  0.000000000000000E+000 -4.999999999999825E-018
           7           2  0.000000000000000E+000 -1.999999999999937E-017
           8           1  0.000000000000000E+000 -4.999999999999794E-018
           8           2  0.000000000000000E+000 -2.000000000000112E-017
           9           1  0.000000000000000E+000 -4.999999999997697E-018
           9           2  0.000000000000000E+000 -2.000000000000402E-017
          10           1  0.000000000000000E+000 -4.999999999995277E-018
          10           2  0.000000000000000E+000 -1.999999999999779E-017
          11           1  0.000000000000000E+000 -5.000000000000288E-018
          11           2  0.000000000000000E+000 -2.000000000000912E-017
          12           1  0.000000000000000E+000 -5.000000000001490E-018
          12           2  0.000000000000000E+000 -2.000000000002640E-017
          13           1  0.000000000000000E+000 -5.000000000002755E-018
          13           2  0.000000000000000E+000 -2.000000000001790E-017
          14           1  0.000000000000000E+000 -4.999999999999260E-018
          14           2  0.000000000000000E+000 -2.000000000000008E-017
          15           1  0.000000000000000E+000 -5.000000000001832E-018
          15           2  0.000000000000000E+000 -2.000000000001378E-017
          16           1  0.000000000000000E+000 -4.999999999999069E-018
          16           2  0.000000000000000E+000 -2.000000000000856E-017
          17           1  0.000000000000000E+000 -5.000000000000836E-018
          17           2  0.000000000000000E+000 -2.000000000000776E-017
          18           1  0.000000000000000E+000 -5.000000000001832E-018
          18           2  0.000000000000000E+000 -2.000000000001104E-017
          19           1  0.000000000000000E+000 -4.999999999998749E-018
          19           2  0.000000000000000E+000 -2.000000000000923E-017
          20           1  0.000000000000000E+000 -4.999999999996312E-018
          20           2  0.000000000000000E+000 -2.000000000000139E-017
          21           1  0.000000000000000E+000 -5.000000000000703E-018
          21           2  0.000000000000000E+000 -2.000000000000395E-017
          22           1  0.000000000000000E+000 -5.000000000003848E-018
          22           2  0.000000000000000E+000 -2.000000000001399E-017
          23           1  0.000000000000000E+000 -5.000000000005126E-018
          23           2  0.000000000000000E+000 -2.000000000001316E-017
          24           1  0.000000000000000E+000 -5.000000000002069E-018
          24           2  0.000000000000000E+000 -2.000000000000229E-017
          25           1  0.000000000000000E+000 -5.000000000001459E-018
          25           2  0.000000000000000E+000 -2.000000000000181E-017
          26           1  0.000000000000000E+000 -4.999999999999724E-018
          26           2  0.000000000000000E+000 -2.000000000000271E-017
          27           1  0.000000000000000E+000 -4.999999999999141E-018
          27           2  0.000000000000000E+000 -2.000000000000135E-017
          28           1  0.000000000000000E+000 -5.000000000003925E-018
          28           2  0.000000000000000E+000 -2.000000000000759E-017
          29           1  0.000000000000000E+000 -5.000000000000398E-018
          29           2  0.000000000000000E+000 -2.000000000000886E-017
          30           1  0.000000000000000E+000 -4.999999999997117E-018
          30           2  0.000000000000000E+000 -1.999999999999840E-017
          31           1  0.000000000000000E+000 -4.999999999999619E-018
          31           2  0.000000000000000E+000 -1.999999999999522E-017
          32           1  0.000000000000000E+000 -5.000000000001201E-018
          32           2  0.000000000000000E+000 -1.999999999999974E-017
          33           1  0.000000000000000E+000 -5.000000000000118E-018
          33           2  0.000000000000000E+000 -1.999999999999242E-017
          34           1  0.000000000000000E+000 -5.000000000001209E-018
          34           2  0.000000000000000E+000 -1.999999999999847E-017
          35           1  0.000000000000000E+000 -5.000000000003893E-018
          35           2  0.000000000000000E+000 -2.000000000001017E-017
          36           1  0.000000000000000E+000 -5.000000000000175E-018
          36           2  0.000000000000000E+000 -1.999999999999346E-017
          37           1  0.000000000000000E+000 -4.999999999998936E-018
          37           2  0.000000000000000E+000 -1.999999999999639E-017
          38           1  0.000000000000000E+000 -4.999999999999842E-018
          38           2  0.000000000000000E+000 -2.000000000000444E-017
          39           1  0.000000000000000E+000 -4.999999999999919E-018
          39           2  0.000000000000000E+000 -2.000000000000689E-017
          40           1  0.000000000000000E+000 -4.999999999999779E-018
          40           2  0.000000000000000E+000 -2.000000000000895E-017
          41           1  0.000000000000000E+000 -5.000000000000190E-018
          41           2  0.000000000000000E+000 -2.000000000000084E-017
          42           1  0.000000000000000E+000 -5.000000000002270E-018
          42           2  0.000000000000000E+000 -2.000000000000827E-017
          43           1  0.000000000000000E+000 -5.000000000000741E-018
          43           2  0.000000000000000E+000 -2.000000000000093E-017
          44           1  0.000000000000000E+000 -4.999999999998976E-018
          44           2  0.000000000000000E+000 -1.999999999999190E-017
          45           1  0.000000000000000E+000 -4.999999999997339E-018
          45           2  0.000000000000000E+000 -1.999999999998478E-017
          46           1  0.000000000000000E+000 -5.000000000001900E-018
          46           2  0.000000000000000E+000 -1.999999999999728E-017
          47           1  0.000000000000000E+000 -5.000000000002580E-018
          47           2  0.000000000000000E+000 -2.000000000000555E-017
          48           1  0.000000000000000E+000 -5.000000000000016E-018
          48           2  0.000000000000000E+000 -2.000000000000096E-017
          49           1  0.000000000000000E+000 -5.000000000000544E-018
          49           2  0.000000000000000E+000 -2.000000000001125E-017
          50           1  0.000000000000000E+000 -4.999999999998879E-018
          50           2  0.000000000000000E+000 -2.000000000001181E-017
          51           1  0.000000000000000E+000 -5.000000000002919E-018
          51           2  0.000000000000000E+000 -2.000000000001761E-017
          52           1  0.000000000000000E+000 -5.000000000000739E-018
          52           2  0.000000000000000E+000 -2.000000000000702E-017
          53           1  0.000000000000000E+000 -4.999999999999502E-018
          53           2  0.000000000000000E+000 -2.000000000000063E-017
          54           1  0.000000000000000E+000 -4.999999999998440E-018
          54           2  0.000000000000000E+000 -1.999999999999729E-017
          55           1  0.000000000000000E+000 -4.999999999999202E-018
          55           2  0.000000000000000E+000 -1.999999999999501E-017
          56           1  0.000000000000000E+000 -5.000000000004030E-018
          56           2  0.000000000000000E+000 -2.000000000000982E-017
          57           1  0.000000000000000E+000 -5.000000000005374E-018
          57           2  0.000000000000000E+000 -2.000000000001292E-017
          58           1  0.000000000000000E+000 -5.000000000004069E-018
          58           2  0.000000000000000E+000 -2.000000000001408E-017
          59           1  0.000000000000000E+000 -5.000000000001962E-018
          59           2  0.000000000000000E+000 -2.000000000001264E-017
          60           1  0.000000000000000E+000 -4.999999999999676E-018
          60           2  0.000000000000000E+000 -2.000000000000964E-017
          61           1  0.000000000000000E+000 -4.999999999999165E-018
          61           2  0.000000000000000E+000 -1.999999999999763E-017
          62           1  0.000000000000000E+000 -4.999999999999986E-018
          62           2  0.000000000000000E+000 -2.000000000000369E-017
          63           1  0.000000000000000E+000 -5.000000000000349E-018
          63           2  0.000000000000000E+000 -2.000000000000563E-017
          64           1  0.000000000000000E+000 -4.999999999997493E-018
          64           2  0.000000000000000E+000 -1.999999999999532E-017
          65           1  0.000000000000000E+000 -4.999999999998345E-018
          65           2  0.000000000000000E+000 -1.999999999999697E-017
          66           1  0.000000000000000E+000 -5.000000000003684E-018
          66           2  0.000000000000000E+000 -2.000000000000915E-017
          67           1  0.000000000000000E+000 -5.000000000003682E-018
          67           2  0.000000000000000E+000 -2.000000000000507E-017
          68           1  0.000000000000000E+000 -5.000000000001906E-018
          68           2  0.000000000000000E+000 -2.000000000000298E-017
          69           1  0.000000000000000E+000 -5.000000000000293E-018
          69           2  0.000000000000000E+000 -2.000000000000273E-017
          70           1  0.000000000000000E+000 -4.999999999998396E-018
          70           2  0.000000000000000E+000 -2.000000000000013E-017
          71           1  0.000000000000000E+000 -5.000000000001100E-018
          71           2  0.000000000000000E+000 -2.000000000000770E-017
          72           1  0.000000000000000E+000 -5.000000000001629E-018
          72           2  0.000000000000000E+000 -2.000000000001130E-017
          73           1  0.000000000000000E+000 -5.000000000004023E-018
          73           2  0.000000000000000E+000 -2.000000000002090E-017
          74           1  0.000000000000000E+000 -5.000000000000709E-018
          74           2  0.000000000000000E+000 -2.000000000000886E-017
          75           1  0.000000000000000E+000 -5.000000000002628E-018
          75           2  0.000000000000000E+000 -2.000000000001620E-017
          76           1  0.000000000000000E+000 -5.000000000002022E-018
          76           2  0.000000000000000E+000 -2.000000000000489E-017
          77           1  0.000000000000000E+000 -5.000000000000128E-018
          77           2  0.000000000000000E+000 -1.999999999999679E-017
          78           1  0.000000000000000E+000 -4.999999999999537E-018
          78           2  0.000000000000000E+000 -1.999999999999657E-017
          79           1  0.000000000000000E+000 -4.999999999998487E-018
          79           2  0.000000000000000E+000 -2.000000000000012E-017
          80           1  0.000000000000000E+000 -4.999999999997096E-018
          80           2  0.000000000000000E+000 -2.000000000000067E-017
          81           1  0.000000000000000E+000 -4.999999999997857E-018
          81           2  0.000000000000000E+000 -2.000000000000679E-017
          82           1  0.000000000000000E+000 -5.000000000000546E-018
          82           2  0.000000000000000E+000 -2.000000000002875E-017
          83           1  0.000000000000000E+000 -5.000000000003579E-018
          83           2  0.000000000000000E+000 -2.000000000002868E-017
          84           1  0.000000000000000E+000 -5.000000000001724E-018
          84           2  0.000000000000000E+000 -2.000000000001035E-017
          85           1  0.000000000000000E+000 -4.999999999999823E-018
          85           2  0.000000000000000E+000 -2.000000000000905E-017
          86           1  0.000000000000000E+000 -5.000000000002607E-018
          86           2  0.000000000000000E+000 -2.000000000000818E-017
          87           1  0.000000000000000E+000 -4.999999999998037E-018
          87           2  0.000000000000000E+000 -1.999999999999780E-017
          88           1  0.000000000000000E+000 -4.999999999999309E-018
          88           2  0.000000000000000E+000 -2.000000000000110E-017
          89           1  0.000000000000000E+000 -4.999999999997447E-018
          89           2  0.000000000000000E+000 -2.000000000001121E-017
          90           1  0.000000000000000E+000 -4.999999999994911E-018
          90           2  0.000000000000000E+000 -2.000000000000779E-017
          91           1  0.000000000000000E+000 -4.999999999994344E-018
          91           2  0.000000000000000E+000 -2.000000000000119E-017
          92           1  0.000000000000000E+000 -4.999999999996028E-018
          92           2  0.000000000000000E+000 -2.000000000000896E-017
          93           1  0.000000000000000E+000 -4.999999999998718E-018
          93           2  0.000000000000000E+000 -2.000000000001116E-017
          94           1  0.000000000000000E+000 -5.000000000000655E-018
          94           2  0.000000000000000E+000 -2.000000000001143E-017
          95           1  0.000000000000000E+000 -5.000000000002815E-018
          95           2  0.000000000000000E+000 -2.000000000002090E-017
          96           1  0.000000000000000E+000 -5.000000000002311E-018
          96           2  0.000000000000000E+000 -2.000000000000915E-017
          97           1  0.000000000000000E+000 -4.999999999997658E-018
          97           2  0.000000000000000E+000 -1.999999999999888E-017
          98           1  0.000000000000000E+000 -4.999999999996494E-018
          98           2  0.000000000000000E+000 -1.999999999999490E-017
          99           1  0.000000000000000E+000 -4.999999999994953E-018
          99           2  0.000000000000000E+000 -2.000000000000728E-017
         100           1  0.000000000000000E+000 -4.999999999996895E-018
         100           2  0.000000000000000E+000 -2.000000000000353E-017
