           1           1  0.000000000000000E+000 -1.449999999998270E-016
           1           2  0.000000000000000E+000 -7.999999999998953E-017
           2           1  0.000000000000000E+000 -1.449999999998285E-016
           2           2  0.000000000000000E+000 -7.999999999999234E-017
           3           1  0.000000000000000E+000 -1.449999999998478E-016
           3           2  0.000000000000000E+000 -7.999999999999335E-017
           4           1  0.000000000000000E+000 -1.449999999998749E-016
           4           2  0.000000000000000E+000 -7.999999999999372E-017
           5           1  0.000000000000000E+000 -1.449999999998778E-016
           5           2  0.000000000000000E+000 -7.999999999999886E-017
           6           1  0.000000000000000E+000 -1.449999999998825E-016
           6           2  0.000000000000000E+000 -7.999999999999945E-017
           7           1  0.000000000000000E+000 -1.449999999998875E-016
           7           2  0.000000000000000E+000 -8.000000000000609E-017
           8           1  0.000000000000000E+000 -1.449999999998594E-016
           8           2  0.000000000000000E+000 -7.999999999998607E-017
           9           1  0.000000000000000E+000 -1.449999999998339E-016
           9           2  0.000000000000000E+000 -8.000000000000035E-017
          10           1  0.000000000000000E+000 -1.449999999998217E-016
          10           2  0.000000000000000E+000 -7.999999999999475E-017
          11           1  0.000000000000000E+000 -1.449999999998227E-016
          11           2  0.000000000000000E+000 -7.999999999999164E-017
          12           1  0.000000000000000E+000 -1.449999999998465E-016
          12           2  0.000000000000000E+000 -7.999999999999176E-017
          13           1  0.000000000000000E+000 -1.449999999998819E-016
          13           2  0.000000000000000E+000 -7.999999999999887E-017
          14           1  0.000000000000000E+000 -1.449999999998867E-016
          14           2  0.000000000000000E+000 -7.999999999999511E-017
          15           1  0.000000000000000E+000 -1.449999999998865E-016
          15           2  0.000000000000000E+000 -7.999999999999483E-017
          16           1  0.000000000000000E+000 -1.449999999999038E-016
          16           2  0.000000000000000E+000 -8.000000000000145E-017
          17           1  0.000000000000000E+000 -1.449999999998810E-016
          17           2  0.000000000000000E+000 -7.999999999999398E-017
          18           1  0.000000000000000E+000 -1.449999999998717E-016
          18           2  0.000000000000000E+000 -7.999999999998701E-017
          19           1  0.000000000000000E+000 -1.449999999998453E-016
          19           2  0.000000000000000E+000 -7.999999999999978E-017
          20           1  0.000000000000000E+000 -1.449999999998362E-016
          20           2  0.000000000000000E+000 -7.999999999999281E-017
          21           1  0.000000000000000E+000 -1.449999999998798E-016
          21           2  0.000000000000000E+000 -8.000000000000082E-017
          22           1  0.000000000000000E+000 -1.449999999998887E-016
          22           2  0.000000000000000E+000 -8.000000000000012E-017
          23           1  0.000000000000000E+000 -1.449999999999410E-016
          23           2  0.000000000000000E+000 -7.999999999999601E-017
          24           1  0.000000000000000E+000 -1.449999999999682E-016
          24           2  0.000000000000000E+000 -7.999999999999845E-017
          25           1  0.000000000000000E+000 -1.449999999999791E-016
          25           2  0.000000000000000E+000 -7.999999999999747E-017
          26           1  0.000000000000000E+000 -1.449999999999716E-016
          26           2  0.000000000000000E+000 -7.999999999999713E-017
          27           1  0.000000000000000E+000 -1.449999999999654E-016
          27           2  0.000000000000000E+000 -7.999999999999461E-017
          28           1  0.000000000000000E+000 -1.449999999999439E-016
          28           2  0.000000000000000E+000 -8.000000000001046E-017
          29           1  0.000000000000000E+000 -1.449999999998905E-016
          29           2  0.000000000000000E+000 -8.000000000000865E-017
          30           1  0.000000000000000E+000 -1.449999999998728E-016
          30           2  0.000000000000000E+000 -8.000000000000003E-017
          31           1  0.000000000000000E+000 -1.449999999998666E-016
          31           2  0.000000000000000E+000 -7.999999999999346E-017
          32           1  0.000000000000000E+000 -1.449999999999037E-016
          32           2  0.000000000000000E+000 -8.000000000000219E-017
          33           1  0.000000000000000E+000 -1.449999999999590E-016
          33           2  0.000000000000000E+000 -7.999999999999610E-017
          34           1  0.000000000000000E+000 -1.449999999999762E-016
          34           2  0.000000000000000E+000 -7.999999999999076E-017
          35           1  0.000000000000000E+000 -1.449999999999859E-016
          35           2  0.000000000000000E+000 -7.999999999999363E-017
          36           1  0.000000000000000E+000 -1.449999999999857E-016
          36           2  0.000000000000000E+000 -7.999999999998966E-017
          37           1  0.000000000000000E+000 -1.449999999999842E-016
          37           2  0.000000000000000E+000 -8.000000000000125E-017
          38           1  0.000000000000000E+000 -1.449999999999754E-016
          38           2  0.000000000000000E+000 -8.000000000001189E-017
          39           1  0.000000000000000E+000 -1.449999999999072E-016
          39           2  0.000000000000000E+000 -8.000000000001390E-017
          40           1  0.000000000000000E+000 -1.449999999998962E-016
          40           2  0.000000000000000E+000 -8.000000000001679E-017
          41           1  0.000000000000000E+000 -1.449999999998628E-016
          41           2  0.000000000000000E+000 -7.999999999999334E-017
          42           1  0.000000000000000E+000 -1.449999999998989E-016
          42           2  0.000000000000000E+000 -7.999999999999627E-017
          43           1  0.000000000000000E+000 -1.449999999999708E-016
          43           2  0.000000000000000E+000 -7.999999999999522E-017
          44           1  0.000000000000000E+000 -1.449999999999892E-016
          44           2  0.000000000000000E+000 -7.999999999998927E-017
          45           1  0.000000000000000E+000 -1.449999999999930E-016
          45           2  0.000000000000000E+000 -7.999999999999176E-017
          46           1  0.000000000000000E+000 -1.449999999999835E-016
          46           2  0.000000000000000E+000 -7.999999999999000E-017
          47           1  0.000000000000000E+000 -1.450000000000073E-016
          47           2  0.000000000000000E+000 -7.999999999999837E-017
          48           1  0.000000000000000E+000 -1.449999999999800E-016
          48           2  0.000000000000000E+000 -8.000000000000324E-017
          49           1  0.000000000000000E+000 -1.449999999998816E-016
          49           2  0.000000000000000E+000 -7.999999999999595E-017
          50           1  0.000000000000000E+000 -1.449999999999114E-016
          50           2  0.000000000000000E+000 -8.000000000002494E-017
          51           1  0.000000000000000E+000 -1.449999999998627E-016
          51           2  0.000000000000000E+000 -7.999999999998791E-017
          52           1  0.000000000000000E+000 -1.449999999998831E-016
          52           2  0.000000000000000E+000 -7.999999999999537E-017
          53           1  0.000000000000000E+000 -1.449999999999623E-016
          53           2  0.000000000000000E+000 -7.999999999999308E-017
          54           1  0.000000000000000E+000 -1.449999999999901E-016
          54           2  0.000000000000000E+000 -7.999999999998984E-017
          55           1  0.000000000000000E+000 -1.449999999999811E-016
          55           2  0.000000000000000E+000 -7.999999999999324E-017
          56           1  0.000000000000000E+000 -1.449999999999876E-016
          56           2  0.000000000000000E+000 -7.999999999999117E-017
          57           1  0.000000000000000E+000 -1.449999999999798E-016
          57           2  0.000000000000000E+000 -7.999999999998957E-017
          58           1  0.000000000000000E+000 -1.449999999999750E-016
          58           2  0.000000000000000E+000 -7.999999999999551E-017
          59           1  0.000000000000000E+000 -1.449999999998759E-016
          59           2  0.000000000000000E+000 -7.999999999998852E-017
          60           1  0.000000000000000E+000 -1.449999999998758E-016
          60           2  0.000000000000000E+000 -7.999999999998476E-017
          61           1  0.000000000000000E+000 -1.449999999998568E-016
          61           2  0.000000000000000E+000 -7.999999999998842E-017
          62           1  0.000000000000000E+000 -1.449999999998939E-016
          62           2  0.000000000000000E+000 -7.999999999999623E-017
          63           1  0.000000000000000E+000 -1.449999999999489E-016
          63           2  0.000000000000000E+000 -7.999999999999634E-017
          64           1  0.000000000000000E+000 -1.449999999999826E-016
          64           2  0.000000000000000E+000 -7.999999999999181E-017
          65           1  0.000000000000000E+000 -1.449999999999894E-016
          65           2  0.000000000000000E+000 -7.999999999999124E-017
          66           1  0.000000000000000E+000 -1.449999999999941E-016
          66           2  0.000000000000000E+000 -7.999999999999299E-017
          67           1  0.000000000000000E+000 -1.449999999999687E-016
          67           2  0.000000000000000E+000 -7.999999999999053E-017
          68           1  0.000000000000000E+000 -1.449999999999561E-016
          68           2  0.000000000000000E+000 -7.999999999999217E-017
          69           1  0.000000000000000E+000 -1.449999999998558E-016
          69           2  0.000000000000000E+000 -7.999999999997677E-017
          70           1  0.000000000000000E+000 -1.449999999998613E-016
          70           2  0.000000000000000E+000 -7.999999999998565E-017
          71           1  0.000000000000000E+000 -1.449999999998617E-016
          71           2  0.000000000000000E+000 -7.999999999999353E-017
          72           1  0.000000000000000E+000 -1.449999999998873E-016
          72           2  0.000000000000000E+000 -7.999999999999839E-017
          73           1  0.000000000000000E+000 -1.449999999999485E-016
          73           2  0.000000000000000E+000 -7.999999999999593E-017
          74           1  0.000000000000000E+000 -1.449999999999577E-016
          74           2  0.000000000000000E+000 -7.999999999999511E-017
          75           1  0.000000000000000E+000 -1.449999999999838E-016
          75           2  0.000000000000000E+000 -7.999999999999989E-017
          76           1  0.000000000000000E+000 -1.449999999999860E-016
          76           2  0.000000000000000E+000 -8.000000000000614E-017
          77           1  0.000000000000000E+000 -1.449999999999612E-016
          77           2  0.000000000000000E+000 -8.000000000000209E-017
          78           1  0.000000000000000E+000 -1.449999999999370E-016
          78           2  0.000000000000000E+000 -7.999999999999787E-017
          79           1  0.000000000000000E+000 -1.449999999998782E-016
          79           2  0.000000000000000E+000 -7.999999999999663E-017
          80           1  0.000000000000000E+000 -1.449999999998717E-016
          80           2  0.000000000000000E+000 -8.000000000000073E-017
          81           1  0.000000000000000E+000 -1.449999999998275E-016
          81           2  0.000000000000000E+000 -7.999999999999117E-017
          82           1  0.000000000000000E+000 -1.449999999998682E-016
          82           2  0.000000000000000E+000 -8.000000000000632E-017
          83           1  0.000000000000000E+000 -1.449999999998972E-016
          83           2  0.000000000000000E+000 -8.000000000000496E-017
          84           1  0.000000000000000E+000 -1.449999999998856E-016
          84           2  0.000000000000000E+000 -7.999999999999633E-017
          85           1  0.000000000000000E+000 -1.449999999998885E-016
          85           2  0.000000000000000E+000 -7.999999999999270E-017
          86           1  0.000000000000000E+000 -1.449999999999041E-016
          86           2  0.000000000000000E+000 -8.000000000000026E-017
          87           1  0.000000000000000E+000 -1.449999999998876E-016
          87           2  0.000000000000000E+000 -7.999999999999472E-017
          88           1  0.000000000000000E+000 -1.449999999998743E-016
          88           2  0.000000000000000E+000 -7.999999999999176E-017
          89           1  0.000000000000000E+000 -1.449999999998594E-016
          89           2  0.000000000000000E+000 -8.000000000000386E-017
          90           1  0.000000000000000E+000 -1.449999999998575E-016
          90           2  0.000000000000000E+000 -8.000000000001003E-017
          91           1  0.000000000000000E+000 -1.449999999998239E-016
          91           2  0.000000000000000E+000 -7.999999999999235E-017
          92           1  0.000000000000000E+000 -1.449999999998489E-016
          92           2  0.000000000000000E+000 -8.000000000000007E-017
          93           1  0.000000000000000E+000 -1.449999999998739E-016
          93           2  0.000000000000000E+000 -8.000000000000407E-017
          94           1  0.000000000000000E+000 -1.449999999998667E-016
          94           2  0.000000000000000E+000 -7.999999999999125E-017
          95           1  0.000000000000000E+000 -1.449999999998785E-016
          95           2  0.000000000000000E+000 -7.999999999999451E-017
          96           1  0.000000000000000E+000 -1.449999999998872E-016
          96           2  0.000000000000000E+000 -8.000000000000086E-017
          97           1  0.000000000000000E+000 -1.449999999998669E-016
          97           2  0.000000000000000E+000 -7.999999999999275E-017
          98           1  0.000000000000000E+000 -1.449999999998567E-016
          98           2  0.000000000000000E+000 -7.999999999999390E-017
          99           1  0.000000000000000E+000 -1.449999999998581E-016
          99           2  0.000000000000000E+000 -8.000000000001059E-017
         100           1  0.000000000000000E+000 -1.449999999998035E-016
         100           2  0.000000000000000E+000 -7.999999999998203E-017
