           1           1  0.000000000000000E+000 -8.633357825124501E-018
           1           2  0.000000000000000E+000 -1.636664217486346E-017
           2           1  0.000000000000000E+000 -8.633357825125953E-018
           2           2  0.000000000000000E+000 -1.636664217486646E-017
           3           1  0.000000000000000E+000 -8.633357825123533E-018
           3           2  0.000000000000000E+000 -1.636664217486299E-017
           4           1  0.000000000000000E+000 -8.633357825124231E-018
           4           2  0.000000000000000E+000 -1.636664217486467E-017
           5           1  0.000000000000000E+000 -8.633357825124086E-018
           5           2  0.000000000000000E+000 -1.636664217486398E-017
           6           1  0.000000000000000E+000 -8.633357825123314E-018
           6           2  0.000000000000000E+000 -1.636664217486240E-017
           7           1  0.000000000000000E+000 -8.633357825123411E-018
           7           2  0.000000000000000E+000 -1.636664217486196E-017
           8           1  0.000000000000000E+000 -8.633357825123693E-018
           8           2  0.000000000000000E+000 -1.636664217486227E-017
           9           1  0.000000000000000E+000 -8.633357825121595E-018
           9           2  0.000000000000000E+000 -1.636664217485830E-017
          10           1  0.000000000000000E+000 -8.633357825121572E-018
          10           2  0.000000000000000E+000 -1.636664217485819E-017
          11           1  0.000000000000000E+000 -8.633357825123567E-018
          11           2  0.000000000000000E+000 -1.636664217486135E-017
          12           1  0.000000000000000E+000 -8.633357825121664E-018
          12           2  0.000000000000000E+000 -1.636664217485933E-017
          13           1  0.000000000000000E+000 -8.633357825123733E-018
          13           2  0.000000000000000E+000 -1.636664217486394E-017
          14           1  0.000000000000000E+000 -8.633357825132848E-018
          14           2  0.000000000000000E+000 -1.636664217487727E-017
          15           1  0.000000000000000E+000 -8.633357825134548E-018
          15           2  0.000000000000000E+000 -1.636664217487703E-017
          16           1  0.000000000000000E+000 -8.633357825131451E-018
          16           2  0.000000000000000E+000 -1.636664217487439E-017
          17           1  0.000000000000000E+000 -8.633357825127943E-018
          17           2  0.000000000000000E+000 -1.636664217487050E-017
          18           1  0.000000000000000E+000 -8.633357825128759E-018
          18           2  0.000000000000000E+000 -1.636664217487401E-017
          19           1  0.000000000000000E+000 -8.633357825130603E-018
          19           2  0.000000000000000E+000 -1.636664217487376E-017
          20           1  0.000000000000000E+000 -8.633357825129511E-018
          20           2  0.000000000000000E+000 -1.636664217487010E-017
          21           1  0.000000000000000E+000 -8.633357825124838E-018
          21           2  0.000000000000000E+000 -1.636664217486610E-017
          22           1  0.000000000000000E+000 -8.633357825126015E-018
          22           2  0.000000000000000E+000 -1.636664217486564E-017
          23           1  0.000000000000000E+000 -8.633357825124570E-018
          23           2  0.000000000000000E+000 -1.636664217486447E-017
          24           1  0.000000000000000E+000 -8.633357825124638E-018
          24           2  0.000000000000000E+000 -1.636664217486471E-017
          25           1  0.000000000000000E+000 -8.633357825123662E-018
          25           2  0.000000000000000E+000 -1.636664217486414E-017
          26           1  0.000000000000000E+000 -8.633357825122405E-018
          26           2  0.000000000000000E+000 -1.636664217486351E-017
          27           1  0.000000000000000E+000 -8.633357825122068E-018
          27           2  0.000000000000000E+000 -1.636664217486423E-017
          28           1  0.000000000000000E+000 -8.633357825122434E-018
          28           2  0.000000000000000E+000 -1.636664217486381E-017
          29           1  0.000000000000000E+000 -8.633357825122817E-018
          29           2  0.000000000000000E+000 -1.636664217486182E-017
          30           1  0.000000000000000E+000 -8.633357825122578E-018
          30           2  0.000000000000000E+000 -1.636664217486197E-017
          31           1  0.000000000000000E+000 -8.633357825122887E-018
          31           2  0.000000000000000E+000 -1.636664217486276E-017
          32           1  0.000000000000000E+000 -8.633357825121730E-018
          32           2  0.000000000000000E+000 -1.636664217486052E-017
          33           1  0.000000000000000E+000 -8.633357825123040E-018
          33           2  0.000000000000000E+000 -1.636664217486292E-017
          34           1  0.000000000000000E+000 -8.633357825127499E-018
          34           2  0.000000000000000E+000 -1.636664217486981E-017
          35           1  0.000000000000000E+000 -8.633357825134588E-018
          35           2  0.000000000000000E+000 -1.636664217487384E-017
          36           1  0.000000000000000E+000 -8.633357825131861E-018
          36           2  0.000000000000000E+000 -1.636664217487191E-017
          37           1  0.000000000000000E+000 -8.633357825130240E-018
          37           2  0.000000000000000E+000 -1.636664217487266E-017
          38           1  0.000000000000000E+000 -8.633357825129417E-018
          38           2  0.000000000000000E+000 -1.636664217487348E-017
          39           1  0.000000000000000E+000 -8.633357825127453E-018
          39           2  0.000000000000000E+000 -1.636664217487133E-017
          40           1  0.000000000000000E+000 -8.633357825129625E-018
          40           2  0.000000000000000E+000 -1.636664217487289E-017
          41           1  0.000000000000000E+000 -8.633357825126554E-018
          41           2  0.000000000000000E+000 -1.636664217486621E-017
          42           1  0.000000000000000E+000 -8.633357825126168E-018
          42           2  0.000000000000000E+000 -1.636664217486606E-017
          43           1  0.000000000000000E+000 -8.633357825125850E-018
          43           2  0.000000000000000E+000 -1.636664217486691E-017
          44           1  0.000000000000000E+000 -8.633357825124779E-018
          44           2  0.000000000000000E+000 -1.636664217486605E-017
          45           1  0.000000000000000E+000 -8.633357825122510E-018
          45           2  0.000000000000000E+000 -1.636664217486329E-017
          46           1  0.000000000000000E+000 -8.633357825121028E-018
          46           2  0.000000000000000E+000 -1.636664217486289E-017
          47           1  0.000000000000000E+000 -8.633357825120932E-018
          47           2  0.000000000000000E+000 -1.636664217486263E-017
          48           1  0.000000000000000E+000 -8.633357825121941E-018
          48           2  0.000000000000000E+000 -1.636664217486473E-017
          49           1  0.000000000000000E+000 -8.633357825123810E-018
          49           2  0.000000000000000E+000 -1.636664217486482E-017
          50           1  0.000000000000000E+000 -8.633357825122601E-018
          50           2  0.000000000000000E+000 -1.636664217486392E-017
          51           1  0.000000000000000E+000 -8.633357825121108E-018
          51           2  0.000000000000000E+000 -1.636664217486199E-017
          52           1  0.000000000000000E+000 -8.633357825120824E-018
          52           2  0.000000000000000E+000 -1.636664217486118E-017
          53           1  0.000000000000000E+000 -8.633357825122741E-018
          53           2  0.000000000000000E+000 -1.636664217486327E-017
          54           1  0.000000000000000E+000 -8.633357825130563E-018
          54           2  0.000000000000000E+000 -1.636664217487266E-017
          55           1  0.000000000000000E+000 -8.633357825131454E-018
          55           2  0.000000000000000E+000 -1.636664217487237E-017
          56           1  0.000000000000000E+000 -8.633357825132911E-018
          56           2  0.000000000000000E+000 -1.636664217487324E-017
          57           1  0.000000000000000E+000 -8.633357825130841E-018
          57           2  0.000000000000000E+000 -1.636664217487346E-017
          58           1  0.000000000000000E+000 -8.633357825132096E-018
          58           2  0.000000000000000E+000 -1.636664217487698E-017
          59           1  0.000000000000000E+000 -8.633357825131626E-018
          59           2  0.000000000000000E+000 -1.636664217487482E-017
          60           1  0.000000000000000E+000 -8.633357825127214E-018
          60           2  0.000000000000000E+000 -1.636664217487118E-017
          61           1  0.000000000000000E+000 -8.633357825126129E-018
          61           2  0.000000000000000E+000 -1.636664217486688E-017
          62           1  0.000000000000000E+000 -8.633357825125872E-018
          62           2  0.000000000000000E+000 -1.636664217486579E-017
          63           1  0.000000000000000E+000 -8.633357825125322E-018
          63           2  0.000000000000000E+000 -1.636664217486558E-017
          64           1  0.000000000000000E+000 -8.633357825125085E-018
          64           2  0.000000000000000E+000 -1.636664217486591E-017
          65           1  0.000000000000000E+000 -8.633357825123194E-018
          65           2  0.000000000000000E+000 -1.636664217486475E-017
          66           1  0.000000000000000E+000 -8.633357825121049E-018
          66           2  0.000000000000000E+000 -1.636664217486166E-017
          67           1  0.000000000000000E+000 -8.633357825121248E-018
          67           2  0.000000000000000E+000 -1.636664217486219E-017
          68           1  0.000000000000000E+000 -8.633357825122145E-018
          68           2  0.000000000000000E+000 -1.636664217486292E-017
          69           1  0.000000000000000E+000 -8.633357825123535E-018
          69           2  0.000000000000000E+000 -1.636664217486441E-017
          70           1  0.000000000000000E+000 -8.633357825123943E-018
          70           2  0.000000000000000E+000 -1.636664217486513E-017
          71           1  0.000000000000000E+000 -8.633357825122824E-018
          71           2  0.000000000000000E+000 -1.636664217486529E-017
          72           1  0.000000000000000E+000 -8.633357825121504E-018
          72           2  0.000000000000000E+000 -1.636664217486341E-017
          73           1  0.000000000000000E+000 -8.633357825120935E-018
          73           2  0.000000000000000E+000 -1.636664217486101E-017
          74           1  0.000000000000000E+000 -8.633357825125910E-018
          74           2  0.000000000000000E+000 -1.636664217486782E-017
          75           1  0.000000000000000E+000 -8.633357825130340E-018
          75           2  0.000000000000000E+000 -1.636664217487135E-017
          76           1  0.000000000000000E+000 -8.633357825130129E-018
          76           2  0.000000000000000E+000 -1.636664217487020E-017
          77           1  0.000000000000000E+000 -8.633357825131650E-018
          77           2  0.000000000000000E+000 -1.636664217487509E-017
          78           1  0.000000000000000E+000 -8.633357825130405E-018
          78           2  0.000000000000000E+000 -1.636664217487385E-017
          79           1  0.000000000000000E+000 -8.633357825128003E-018
          79           2  0.000000000000000E+000 -1.636664217487124E-017
          80           1  0.000000000000000E+000 -8.633357825128066E-018
          80           2  0.000000000000000E+000 -1.636664217487120E-017
          81           1  0.000000000000000E+000 -8.633357825125219E-018
          81           2  0.000000000000000E+000 -1.636664217486615E-017
          82           1  0.000000000000000E+000 -8.633357825126086E-018
          82           2  0.000000000000000E+000 -1.636664217486660E-017
          83           1  0.000000000000000E+000 -8.633357825124237E-018
          83           2  0.000000000000000E+000 -1.636664217486473E-017
          84           1  0.000000000000000E+000 -8.633357825124696E-018
          84           2  0.000000000000000E+000 -1.636664217486519E-017
          85           1  0.000000000000000E+000 -8.633357825122892E-018
          85           2  0.000000000000000E+000 -1.636664217486347E-017
          86           1  0.000000000000000E+000 -8.633357825123642E-018
          86           2  0.000000000000000E+000 -1.636664217486477E-017
          87           1  0.000000000000000E+000 -8.633357825123997E-018
          87           2  0.000000000000000E+000 -1.636664217486508E-017
          88           1  0.000000000000000E+000 -8.633357825123738E-018
          88           2  0.000000000000000E+000 -1.636664217486478E-017
          89           1  0.000000000000000E+000 -8.633357825124192E-018
          89           2  0.000000000000000E+000 -1.636664217486506E-017
          90           1  0.000000000000000E+000 -8.633357825124183E-018
          90           2  0.000000000000000E+000 -1.636664217486355E-017
          91           1  0.000000000000000E+000 -8.633357825122387E-018
          91           2  0.000000000000000E+000 -1.636664217486424E-017
          92           1  0.000000000000000E+000 -8.633357825121866E-018
          92           2  0.000000000000000E+000 -1.636664217486194E-017
          93           1  0.000000000000000E+000 -8.633357825120114E-018
          93           2  0.000000000000000E+000 -1.636664217486028E-017
          94           1  0.000000000000000E+000 -8.633357825127907E-018
          94           2  0.000000000000000E+000 -1.636664217487008E-017
          95           1  0.000000000000000E+000 -8.633357825132534E-018
          95           2  0.000000000000000E+000 -1.636664217487610E-017
          96           1  0.000000000000000E+000 -8.633357825133486E-018
          96           2  0.000000000000000E+000 -1.636664217487828E-017
          97           1  0.000000000000000E+000 -8.633357825132469E-018
          97           2  0.000000000000000E+000 -1.636664217487619E-017
          98           1  0.000000000000000E+000 -8.633357825128924E-018
          98           2  0.000000000000000E+000 -1.636664217487146E-017
          99           1  0.000000000000000E+000 -8.633357825128021E-018
          99           2  0.000000000000000E+000 -1.636664217487116E-017
         100           1  0.000000000000000E+000 -8.633357825128422E-018
         100           2  0.000000000000000E+000 -1.636664217487002E-017
         101           1  0.000000000000000E+000 -8.633357825125622E-018
         101           2  0.000000000000000E+000 -1.636664217486713E-017
         102           1  0.000000000000000E+000 -8.633357825125676E-018
         102           2  0.000000000000000E+000 -1.636664217486806E-017
         103           1  0.000000000000000E+000 -8.633357825124490E-018
         103           2  0.000000000000000E+000 -1.636664217486510E-017
         104           1  0.000000000000000E+000 -8.633357825125269E-018
         104           2  0.000000000000000E+000 -1.636664217486719E-017
         105           1  0.000000000000000E+000 -8.633357825124835E-018
         105           2  0.000000000000000E+000 -1.636664217486716E-017
         106           1  0.000000000000000E+000 -8.633357825125997E-018
         106           2  0.000000000000000E+000 -1.636664217486776E-017
         107           1  0.000000000000000E+000 -8.633357825126206E-018
         107           2  0.000000000000000E+000 -1.636664217486667E-017
         108           1  0.000000000000000E+000 -8.633357825126069E-018
         108           2  0.000000000000000E+000 -1.636664217486614E-017
         109           1  0.000000000000000E+000 -8.633357825126160E-018
         109           2  0.000000000000000E+000 -1.636664217486580E-017
         110           1  0.000000000000000E+000 -8.633357825125400E-018
         110           2  0.000000000000000E+000 -1.636664217486431E-017
         111           1  0.000000000000000E+000 -8.633357825123806E-018
         111           2  0.000000000000000E+000 -1.636664217486441E-017
         112           1  0.000000000000000E+000 -8.633357825122250E-018
         112           2  0.000000000000000E+000 -1.636664217486169E-017
         113           1  0.000000000000000E+000 -8.633357825122165E-018
         113           2  0.000000000000000E+000 -1.636664217486213E-017
         114           1  0.000000000000000E+000 -8.633357825125300E-018
         114           2  0.000000000000000E+000 -1.636664217486857E-017
         115           1  0.000000000000000E+000 -8.633357825131714E-018
         115           2  0.000000000000000E+000 -1.636664217487631E-017
         116           1  0.000000000000000E+000 -8.633357825133036E-018
         116           2  0.000000000000000E+000 -1.636664217487813E-017
         117           1  0.000000000000000E+000 -8.633357825134298E-018
         117           2  0.000000000000000E+000 -1.636664217487699E-017
         118           1  0.000000000000000E+000 -8.633357825132562E-018
         118           2  0.000000000000000E+000 -1.636664217487434E-017
         119           1  0.000000000000000E+000 -8.633357825130392E-018
         119           2  0.000000000000000E+000 -1.636664217487236E-017
         120           1  0.000000000000000E+000 -8.633357825129756E-018
         120           2  0.000000000000000E+000 -1.636664217487213E-017
         121           1  0.000000000000000E+000 -8.633357825125504E-018
         121           2  0.000000000000000E+000 -1.636664217486606E-017
         122           1  0.000000000000000E+000 -8.633357825126696E-018
         122           2  0.000000000000000E+000 -1.636664217486861E-017
         123           1  0.000000000000000E+000 -8.633357825126625E-018
         123           2  0.000000000000000E+000 -1.636664217486792E-017
         124           1  0.000000000000000E+000 -8.633357825125880E-018
         124           2  0.000000000000000E+000 -1.636664217486839E-017
         125           1  0.000000000000000E+000 -8.633357825125037E-018
         125           2  0.000000000000000E+000 -1.636664217486722E-017
         126           1  0.000000000000000E+000 -8.633357825125548E-018
         126           2  0.000000000000000E+000 -1.636664217486756E-017
         127           1  0.000000000000000E+000 -8.633357825125437E-018
         127           2  0.000000000000000E+000 -1.636664217486715E-017
         128           1  0.000000000000000E+000 -8.633357825125163E-018
         128           2  0.000000000000000E+000 -1.636664217486653E-017
         129           1  0.000000000000000E+000 -8.633357825126585E-018
         129           2  0.000000000000000E+000 -1.636664217486621E-017
         130           1  0.000000000000000E+000 -8.633357825127135E-018
         130           2  0.000000000000000E+000 -1.636664217486559E-017
         131           1  0.000000000000000E+000 -8.633357825125342E-018
         131           2  0.000000000000000E+000 -1.636664217486554E-017
         132           1  0.000000000000000E+000 -8.633357825123528E-018
         132           2  0.000000000000000E+000 -1.636664217486432E-017
         133           1  0.000000000000000E+000 -8.633357825123135E-018
         133           2  0.000000000000000E+000 -1.636664217486361E-017
         134           1  0.000000000000000E+000 -8.633357825122921E-018
         134           2  0.000000000000000E+000 -1.636664217486431E-017
         135           1  0.000000000000000E+000 -8.633357825131791E-018
         135           2  0.000000000000000E+000 -1.636664217487716E-017
         136           1  0.000000000000000E+000 -8.633357825131300E-018
         136           2  0.000000000000000E+000 -1.636664217487499E-017
         137           1  0.000000000000000E+000 -8.633357825131499E-018
         137           2  0.000000000000000E+000 -1.636664217487225E-017
         138           1  0.000000000000000E+000 -8.633357825129587E-018
         138           2  0.000000000000000E+000 -1.636664217487239E-017
         139           1  0.000000000000000E+000 -8.633357825127144E-018
         139           2  0.000000000000000E+000 -1.636664217486984E-017
         140           1  0.000000000000000E+000 -8.633357825128935E-018
         140           2  0.000000000000000E+000 -1.636664217487036E-017
         141           1  0.000000000000000E+000 -8.633357825127781E-018
         141           2  0.000000000000000E+000 -1.636664217486943E-017
         142           1  0.000000000000000E+000 -8.633357825127978E-018
         142           2  0.000000000000000E+000 -1.636664217486980E-017
         143           1  0.000000000000000E+000 -8.633357825128246E-018
         143           2  0.000000000000000E+000 -1.636664217487022E-017
         144           1  0.000000000000000E+000 -8.633357825128300E-018
         144           2  0.000000000000000E+000 -1.636664217486996E-017
         145           1  0.000000000000000E+000 -8.633357825127172E-018
         145           2  0.000000000000000E+000 -1.636664217486926E-017
         146           1  0.000000000000000E+000 -8.633357825126685E-018
         146           2  0.000000000000000E+000 -1.636664217486944E-017
         147           1  0.000000000000000E+000 -8.633357825126901E-018
         147           2  0.000000000000000E+000 -1.636664217486981E-017
         148           1  0.000000000000000E+000 -8.633357825126086E-018
         148           2  0.000000000000000E+000 -1.636664217486872E-017
         149           1  0.000000000000000E+000 -8.633357825127009E-018
         149           2  0.000000000000000E+000 -1.636664217486771E-017
         150           1  0.000000000000000E+000 -8.633357825127496E-018
         150           2  0.000000000000000E+000 -1.636664217486726E-017
         151           1  0.000000000000000E+000 -8.633357825126425E-018
         151           2  0.000000000000000E+000 -1.636664217486628E-017
         152           1  0.000000000000000E+000 -8.633357825125323E-018
         152           2  0.000000000000000E+000 -1.636664217486593E-017
         153           1  0.000000000000000E+000 -8.633357825123505E-018
         153           2  0.000000000000000E+000 -1.636664217486224E-017
         154           1  0.000000000000000E+000 -8.633357825121504E-018
         154           2  0.000000000000000E+000 -1.636664217486112E-017
         155           1  0.000000000000000E+000 -8.633357825126913E-018
         155           2  0.000000000000000E+000 -1.636664217486948E-017
         156           1  0.000000000000000E+000 -8.633357825129499E-018
         156           2  0.000000000000000E+000 -1.636664217487207E-017
         157           1  0.000000000000000E+000 -8.633357825129158E-018
         157           2  0.000000000000000E+000 -1.636664217487031E-017
         158           1  0.000000000000000E+000 -8.633357825129747E-018
         158           2  0.000000000000000E+000 -1.636664217487201E-017
         159           1  0.000000000000000E+000 -8.633357825130288E-018
         159           2  0.000000000000000E+000 -1.636664217487682E-017
         160           1  0.000000000000000E+000 -8.633357825130292E-018
         160           2  0.000000000000000E+000 -1.636664217487369E-017
         161           1  0.000000000000000E+000 -8.633357825128107E-018
         161           2  0.000000000000000E+000 -1.636664217486864E-017
         162           1  0.000000000000000E+000 -8.633357825127639E-018
         162           2  0.000000000000000E+000 -1.636664217486921E-017
         163           1  0.000000000000000E+000 -8.633357825127502E-018
         163           2  0.000000000000000E+000 -1.636664217486888E-017
         164           1  0.000000000000000E+000 -8.633357825127317E-018
         164           2  0.000000000000000E+000 -1.636664217486959E-017
         165           1  0.000000000000000E+000 -8.633357825128134E-018
         165           2  0.000000000000000E+000 -1.636664217487075E-017
         166           1  0.000000000000000E+000 -8.633357825127924E-018
         166           2  0.000000000000000E+000 -1.636664217487121E-017
         167           1  0.000000000000000E+000 -8.633357825128539E-018
         167           2  0.000000000000000E+000 -1.636664217487192E-017
         168           1  0.000000000000000E+000 -8.633357825128206E-018
         168           2  0.000000000000000E+000 -1.636664217487214E-017
         169           1  0.000000000000000E+000 -8.633357825128599E-018
         169           2  0.000000000000000E+000 -1.636664217487218E-017
         170           1  0.000000000000000E+000 -8.633357825128576E-018
         170           2  0.000000000000000E+000 -1.636664217487098E-017
         171           1  0.000000000000000E+000 -8.633357825127020E-018
         171           2  0.000000000000000E+000 -1.636664217486924E-017
         172           1  0.000000000000000E+000 -8.633357825125410E-018
         172           2  0.000000000000000E+000 -1.636664217486827E-017
         173           1  0.000000000000000E+000 -8.633357825124043E-018
         173           2  0.000000000000000E+000 -1.636664217486517E-017
         174           1  0.000000000000000E+000 -8.633357825121763E-018
         174           2  0.000000000000000E+000 -1.636664217486100E-017
         175           1  0.000000000000000E+000 -8.633357825124602E-018
         175           2  0.000000000000000E+000 -1.636664217486482E-017
         176           1  0.000000000000000E+000 -8.633357825128718E-018
         176           2  0.000000000000000E+000 -1.636664217487095E-017
         177           1  0.000000000000000E+000 -8.633357825129825E-018
         177           2  0.000000000000000E+000 -1.636664217487217E-017
         178           1  0.000000000000000E+000 -8.633357825131502E-018
         178           2  0.000000000000000E+000 -1.636664217487580E-017
         179           1  0.000000000000000E+000 -8.633357825129164E-018
         179           2  0.000000000000000E+000 -1.636664217487498E-017
         180           1  0.000000000000000E+000 -8.633357825130100E-018
         180           2  0.000000000000000E+000 -1.636664217487349E-017
         181           1  0.000000000000000E+000 -8.633357825125775E-018
         181           2  0.000000000000000E+000 -1.636664217486578E-017
         182           1  0.000000000000000E+000 -8.633357825125793E-018
         182           2  0.000000000000000E+000 -1.636664217486590E-017
         183           1  0.000000000000000E+000 -8.633357825125890E-018
         183           2  0.000000000000000E+000 -1.636664217486698E-017
         184           1  0.000000000000000E+000 -8.633357825126114E-018
         184           2  0.000000000000000E+000 -1.636664217486748E-017
         185           1  0.000000000000000E+000 -8.633357825127440E-018
         185           2  0.000000000000000E+000 -1.636664217487079E-017
         186           1  0.000000000000000E+000 -8.633357825129312E-018
         186           2  0.000000000000000E+000 -1.636664217487266E-017
         187           1  0.000000000000000E+000 -8.633357825130684E-018
         187           2  0.000000000000000E+000 -1.636664217487397E-017
         188           1  0.000000000000000E+000 -8.633357825130007E-018
         188           2  0.000000000000000E+000 -1.636664217487438E-017
         189           1  0.000000000000000E+000 -8.633357825129274E-018
         189           2  0.000000000000000E+000 -1.636664217487380E-017
         190           1  0.000000000000000E+000 -8.633357825128480E-018
         190           2  0.000000000000000E+000 -1.636664217487247E-017
         191           1  0.000000000000000E+000 -8.633357825126997E-018
         191           2  0.000000000000000E+000 -1.636664217487072E-017
         192           1  0.000000000000000E+000 -8.633357825125165E-018
         192           2  0.000000000000000E+000 -1.636664217486866E-017
         193           1  0.000000000000000E+000 -8.633357825124163E-018
         193           2  0.000000000000000E+000 -1.636664217486616E-017
         194           1  0.000000000000000E+000 -8.633357825123461E-018
         194           2  0.000000000000000E+000 -1.636664217486312E-017
         195           1  0.000000000000000E+000 -8.633357825125462E-018
         195           2  0.000000000000000E+000 -1.636664217486539E-017
         196           1  0.000000000000000E+000 -8.633357825128637E-018
         196           2  0.000000000000000E+000 -1.636664217486969E-017
         197           1  0.000000000000000E+000 -8.633357825130449E-018
         197           2  0.000000000000000E+000 -1.636664217487254E-017
         198           1  0.000000000000000E+000 -8.633357825131560E-018
         198           2  0.000000000000000E+000 -1.636664217487342E-017
         199           1  0.000000000000000E+000 -8.633357825130135E-018
         199           2  0.000000000000000E+000 -1.636664217487522E-017
         200           1  0.000000000000000E+000 -8.633357825130406E-018
         200           2  0.000000000000000E+000 -1.636664217487470E-017
         201           1  0.000000000000000E+000 -8.633357825123234E-018
         201           2  0.000000000000000E+000 -1.636664217486299E-017
         202           1  0.000000000000000E+000 -8.633357825124337E-018
         202           2  0.000000000000000E+000 -1.636664217486364E-017
         203           1  0.000000000000000E+000 -8.633357825125075E-018
         203           2  0.000000000000000E+000 -1.636664217486482E-017
         204           1  0.000000000000000E+000 -8.633357825125445E-018
         204           2  0.000000000000000E+000 -1.636664217486585E-017
         205           1  0.000000000000000E+000 -8.633357825126875E-018
         205           2  0.000000000000000E+000 -1.636664217486945E-017
         206           1  0.000000000000000E+000 -8.633357825129400E-018
         206           2  0.000000000000000E+000 -1.636664217487272E-017
         207           1  0.000000000000000E+000 -8.633357825130394E-018
         207           2  0.000000000000000E+000 -1.636664217487272E-017
         208           1  0.000000000000000E+000 -8.633357825129562E-018
         208           2  0.000000000000000E+000 -1.636664217487340E-017
         209           1  0.000000000000000E+000 -8.633357825128902E-018
         209           2  0.000000000000000E+000 -1.636664217487221E-017
         210           1  0.000000000000000E+000 -8.633357825128360E-018
         210           2  0.000000000000000E+000 -1.636664217487204E-017
         211           1  0.000000000000000E+000 -8.633357825126935E-018
         211           2  0.000000000000000E+000 -1.636664217486968E-017
         212           1  0.000000000000000E+000 -8.633357825126165E-018
         212           2  0.000000000000000E+000 -1.636664217486979E-017
         213           1  0.000000000000000E+000 -8.633357825124388E-018
         213           2  0.000000000000000E+000 -1.636664217486615E-017
         214           1  0.000000000000000E+000 -8.633357825123853E-018
         214           2  0.000000000000000E+000 -1.636664217486473E-017
         215           1  0.000000000000000E+000 -8.633357825125048E-018
         215           2  0.000000000000000E+000 -1.636664217486594E-017
         216           1  0.000000000000000E+000 -8.633357825128630E-018
         216           2  0.000000000000000E+000 -1.636664217487146E-017
         217           1  0.000000000000000E+000 -8.633357825131702E-018
         217           2  0.000000000000000E+000 -1.636664217487440E-017
         218           1  0.000000000000000E+000 -8.633357825132896E-018
         218           2  0.000000000000000E+000 -1.636664217487428E-017
         219           1  0.000000000000000E+000 -8.633357825131873E-018
         219           2  0.000000000000000E+000 -1.636664217487634E-017
         220           1  0.000000000000000E+000 -8.633357825132938E-018
         220           2  0.000000000000000E+000 -1.636664217487741E-017
         221           1  0.000000000000000E+000 -8.633357825121624E-018
         221           2  0.000000000000000E+000 -1.636664217486068E-017
         222           1  0.000000000000000E+000 -8.633357825122519E-018
         222           2  0.000000000000000E+000 -1.636664217486207E-017
         223           1  0.000000000000000E+000 -8.633357825124363E-018
         223           2  0.000000000000000E+000 -1.636664217486566E-017
         224           1  0.000000000000000E+000 -8.633357825123838E-018
         224           2  0.000000000000000E+000 -1.636664217486515E-017
         225           1  0.000000000000000E+000 -8.633357825126747E-018
         225           2  0.000000000000000E+000 -1.636664217486860E-017
         226           1  0.000000000000000E+000 -8.633357825129257E-018
         226           2  0.000000000000000E+000 -1.636664217487228E-017
         227           1  0.000000000000000E+000 -8.633357825129072E-018
         227           2  0.000000000000000E+000 -1.636664217487316E-017
         228           1  0.000000000000000E+000 -8.633357825129024E-018
         228           2  0.000000000000000E+000 -1.636664217487231E-017
         229           1  0.000000000000000E+000 -8.633357825127887E-018
         229           2  0.000000000000000E+000 -1.636664217487106E-017
         230           1  0.000000000000000E+000 -8.633357825127223E-018
         230           2  0.000000000000000E+000 -1.636664217486930E-017
         231           1  0.000000000000000E+000 -8.633357825127941E-018
         231           2  0.000000000000000E+000 -1.636664217486896E-017
         232           1  0.000000000000000E+000 -8.633357825126981E-018
         232           2  0.000000000000000E+000 -1.636664217486879E-017
         233           1  0.000000000000000E+000 -8.633357825125302E-018
         233           2  0.000000000000000E+000 -1.636664217486748E-017
         234           1  0.000000000000000E+000 -8.633357825124778E-018
         234           2  0.000000000000000E+000 -1.636664217486675E-017
         235           1  0.000000000000000E+000 -8.633357825126682E-018
         235           2  0.000000000000000E+000 -1.636664217486914E-017
         236           1  0.000000000000000E+000 -8.633357825129436E-018
         236           2  0.000000000000000E+000 -1.636664217487263E-017
         237           1  0.000000000000000E+000 -8.633357825132888E-018
         237           2  0.000000000000000E+000 -1.636664217487577E-017
         238           1  0.000000000000000E+000 -8.633357825133776E-018
         238           2  0.000000000000000E+000 -1.636664217487644E-017
         239           1  0.000000000000000E+000 -8.633357825134161E-018
         239           2  0.000000000000000E+000 -1.636664217487882E-017
         240           1  0.000000000000000E+000 -8.633357825133841E-018
         240           2  0.000000000000000E+000 -1.636664217487758E-017
         241           1  0.000000000000000E+000 -8.633357825117370E-018
         241           2  0.000000000000000E+000 -1.636664217485524E-017
         242           1  0.000000000000000E+000 -8.633357825119829E-018
         242           2  0.000000000000000E+000 -1.636664217485946E-017
         243           1  0.000000000000000E+000 -8.633357825120977E-018
         243           2  0.000000000000000E+000 -1.636664217486059E-017
         244           1  0.000000000000000E+000 -8.633357825123983E-018
         244           2  0.000000000000000E+000 -1.636664217486514E-017
         245           1  0.000000000000000E+000 -8.633357825126336E-018
         245           2  0.000000000000000E+000 -1.636664217486680E-017
         246           1  0.000000000000000E+000 -8.633357825127893E-018
         246           2  0.000000000000000E+000 -1.636664217487045E-017
         247           1  0.000000000000000E+000 -8.633357825128476E-018
         247           2  0.000000000000000E+000 -1.636664217487087E-017
         248           1  0.000000000000000E+000 -8.633357825127798E-018
         248           2  0.000000000000000E+000 -1.636664217487107E-017
         249           1  0.000000000000000E+000 -8.633357825127040E-018
         249           2  0.000000000000000E+000 -1.636664217487050E-017
         250           1  0.000000000000000E+000 -8.633357825127137E-018
         250           2  0.000000000000000E+000 -1.636664217486967E-017
         251           1  0.000000000000000E+000 -8.633357825127907E-018
         251           2  0.000000000000000E+000 -1.636664217487007E-017
         252           1  0.000000000000000E+000 -8.633357825126844E-018
         252           2  0.000000000000000E+000 -1.636664217486969E-017
         253           1  0.000000000000000E+000 -8.633357825126584E-018
         253           2  0.000000000000000E+000 -1.636664217486881E-017
         254           1  0.000000000000000E+000 -8.633357825126004E-018
         254           2  0.000000000000000E+000 -1.636664217486756E-017
         255           1  0.000000000000000E+000 -8.633357825126741E-018
         255           2  0.000000000000000E+000 -1.636664217486979E-017
         256           1  0.000000000000000E+000 -8.633357825131309E-018
         256           2  0.000000000000000E+000 -1.636664217487495E-017
         257           1  0.000000000000000E+000 -8.633357825134084E-018
         257           2  0.000000000000000E+000 -1.636664217487789E-017
         258           1  0.000000000000000E+000 -8.633357825132896E-018
         258           2  0.000000000000000E+000 -1.636664217487628E-017
         259           1  0.000000000000000E+000 -8.633357825132492E-018
         259           2  0.000000000000000E+000 -1.636664217487691E-017
         260           1  0.000000000000000E+000 -8.633357825133810E-018
         260           2  0.000000000000000E+000 -1.636664217487674E-017
         261           1  0.000000000000000E+000 -8.633357825117268E-018
         261           2  0.000000000000000E+000 -1.636664217485456E-017
         262           1  0.000000000000000E+000 -8.633357825117644E-018
         262           2  0.000000000000000E+000 -1.636664217485627E-017
         263           1  0.000000000000000E+000 -8.633357825118193E-018
         263           2  0.000000000000000E+000 -1.636664217485660E-017
         264           1  0.000000000000000E+000 -8.633357825121983E-018
         264           2  0.000000000000000E+000 -1.636664217486439E-017
         265           1  0.000000000000000E+000 -8.633357825122698E-018
         265           2  0.000000000000000E+000 -1.636664217486394E-017
         266           1  0.000000000000000E+000 -8.633357825125155E-018
         266           2  0.000000000000000E+000 -1.636664217486631E-017
         267           1  0.000000000000000E+000 -8.633357825127359E-018
         267           2  0.000000000000000E+000 -1.636664217486767E-017
         268           1  0.000000000000000E+000 -8.633357825127080E-018
         268           2  0.000000000000000E+000 -1.636664217486878E-017
         269           1  0.000000000000000E+000 -8.633357825126878E-018
         269           2  0.000000000000000E+000 -1.636664217486980E-017
         270           1  0.000000000000000E+000 -8.633357825127246E-018
         270           2  0.000000000000000E+000 -1.636664217486997E-017
         271           1  0.000000000000000E+000 -8.633357825127400E-018
         271           2  0.000000000000000E+000 -1.636664217487071E-017
         272           1  0.000000000000000E+000 -8.633357825127029E-018
         272           2  0.000000000000000E+000 -1.636664217487024E-017
         273           1  0.000000000000000E+000 -8.633357825127166E-018
         273           2  0.000000000000000E+000 -1.636664217487124E-017
         274           1  0.000000000000000E+000 -8.633357825126593E-018
         274           2  0.000000000000000E+000 -1.636664217487059E-017
         275           1  0.000000000000000E+000 -8.633357825128164E-018
         275           2  0.000000000000000E+000 -1.636664217487169E-017
         276           1  0.000000000000000E+000 -8.633357825132654E-018
         276           2  0.000000000000000E+000 -1.636664217487617E-017
         277           1  0.000000000000000E+000 -8.633357825134371E-018
         277           2  0.000000000000000E+000 -1.636664217487795E-017
         278           1  0.000000000000000E+000 -8.633357825132998E-018
         278           2  0.000000000000000E+000 -1.636664217487871E-017
         279           1  0.000000000000000E+000 -8.633357825132323E-018
         279           2  0.000000000000000E+000 -1.636664217487751E-017
         280           1  0.000000000000000E+000 -8.633357825133554E-018
         280           2  0.000000000000000E+000 -1.636664217487877E-017
         281           1  0.000000000000000E+000 -8.633357825119509E-018
         281           2  0.000000000000000E+000 -1.636664217485710E-017
         282           1  0.000000000000000E+000 -8.633357825120547E-018
         282           2  0.000000000000000E+000 -1.636664217485887E-017
         283           1  0.000000000000000E+000 -8.633357825121669E-018
         283           2  0.000000000000000E+000 -1.636664217485964E-017
         284           1  0.000000000000000E+000 -8.633357825120108E-018
         284           2  0.000000000000000E+000 -1.636664217486120E-017
         285           1  0.000000000000000E+000 -8.633357825121063E-018
         285           2  0.000000000000000E+000 -1.636664217486166E-017
         286           1  0.000000000000000E+000 -8.633357825123148E-018
         286           2  0.000000000000000E+000 -1.636664217486263E-017
         287           1  0.000000000000000E+000 -8.633357825126188E-018
         287           2  0.000000000000000E+000 -1.636664217486581E-017
         288           1  0.000000000000000E+000 -8.633357825127499E-018
         288           2  0.000000000000000E+000 -1.636664217486741E-017
         289           1  0.000000000000000E+000 -8.633357825128719E-018
         289           2  0.000000000000000E+000 -1.636664217486903E-017
         290           1  0.000000000000000E+000 -8.633357825128320E-018
         290           2  0.000000000000000E+000 -1.636664217487007E-017
         291           1  0.000000000000000E+000 -8.633357825128012E-018
         291           2  0.000000000000000E+000 -1.636664217486936E-017
         292           1  0.000000000000000E+000 -8.633357825128161E-018
         292           2  0.000000000000000E+000 -1.636664217486975E-017
         293           1  0.000000000000000E+000 -8.633357825126736E-018
         293           2  0.000000000000000E+000 -1.636664217487121E-017
         294           1  0.000000000000000E+000 -8.633357825126413E-018
         294           2  0.000000000000000E+000 -1.636664217487151E-017
         295           1  0.000000000000000E+000 -8.633357825128015E-018
         295           2  0.000000000000000E+000 -1.636664217487133E-017
         296           1  0.000000000000000E+000 -8.633357825131984E-018
         296           2  0.000000000000000E+000 -1.636664217487773E-017
         297           1  0.000000000000000E+000 -8.633357825133688E-018
         297           2  0.000000000000000E+000 -1.636664217487919E-017
         298           1  0.000000000000000E+000 -8.633357825132876E-018
         298           2  0.000000000000000E+000 -1.636664217487910E-017
         299           1  0.000000000000000E+000 -8.633357825132999E-018
         299           2  0.000000000000000E+000 -1.636664217487876E-017
         300           1  0.000000000000000E+000 -8.633357825132673E-018
         300           2  0.000000000000000E+000 -1.636664217487974E-017
         301           1  0.000000000000000E+000 -8.633357825125608E-018
         301           2  0.000000000000000E+000 -1.636664217486685E-017
         302           1  0.000000000000000E+000 -8.633357825125052E-018
         302           2  0.000000000000000E+000 -1.636664217486374E-017
         303           1  0.000000000000000E+000 -8.633357825124494E-018
         303           2  0.000000000000000E+000 -1.636664217486268E-017
         304           1  0.000000000000000E+000 -8.633357825125285E-018
         304           2  0.000000000000000E+000 -1.636664217486630E-017
         305           1  0.000000000000000E+000 -8.633357825123441E-018
         305           2  0.000000000000000E+000 -1.636664217486434E-017
         306           1  0.000000000000000E+000 -8.633357825123682E-018
         306           2  0.000000000000000E+000 -1.636664217486235E-017
         307           1  0.000000000000000E+000 -8.633357825126091E-018
         307           2  0.000000000000000E+000 -1.636664217486603E-017
         308           1  0.000000000000000E+000 -8.633357825125558E-018
         308           2  0.000000000000000E+000 -1.636664217486635E-017
         309           1  0.000000000000000E+000 -8.633357825126203E-018
         309           2  0.000000000000000E+000 -1.636664217486732E-017
         310           1  0.000000000000000E+000 -8.633357825126391E-018
         310           2  0.000000000000000E+000 -1.636664217486719E-017
         311           1  0.000000000000000E+000 -8.633357825125195E-018
         311           2  0.000000000000000E+000 -1.636664217486494E-017
         312           1  0.000000000000000E+000 -8.633357825126944E-018
         312           2  0.000000000000000E+000 -1.636664217486631E-017
         313           1  0.000000000000000E+000 -8.633357825126730E-018
         313           2  0.000000000000000E+000 -1.636664217486829E-017
         314           1  0.000000000000000E+000 -8.633357825128180E-018
         314           2  0.000000000000000E+000 -1.636664217487026E-017
         315           1  0.000000000000000E+000 -8.633357825128742E-018
         315           2  0.000000000000000E+000 -1.636664217487398E-017
         316           1  0.000000000000000E+000 -8.633357825129198E-018
         316           2  0.000000000000000E+000 -1.636664217487348E-017
         317           1  0.000000000000000E+000 -8.633357825132161E-018
         317           2  0.000000000000000E+000 -1.636664217487790E-017
         318           1  0.000000000000000E+000 -8.633357825131865E-018
         318           2  0.000000000000000E+000 -1.636664217487864E-017
         319           1  0.000000000000000E+000 -8.633357825132981E-018
         319           2  0.000000000000000E+000 -1.636664217488026E-017
         320           1  0.000000000000000E+000 -8.633357825133707E-018
         320           2  0.000000000000000E+000 -1.636664217488026E-017
         321           1  0.000000000000000E+000 -8.633357825126863E-018
         321           2  0.000000000000000E+000 -1.636664217487029E-017
         322           1  0.000000000000000E+000 -8.633357825127790E-018
         322           2  0.000000000000000E+000 -1.636664217486953E-017
         323           1  0.000000000000000E+000 -8.633357825127359E-018
         323           2  0.000000000000000E+000 -1.636664217486781E-017
         324           1  0.000000000000000E+000 -8.633357825127781E-018
         324           2  0.000000000000000E+000 -1.636664217486911E-017
         325           1  0.000000000000000E+000 -8.633357825126984E-018
         325           2  0.000000000000000E+000 -1.636664217486945E-017
         326           1  0.000000000000000E+000 -8.633357825124482E-018
         326           2  0.000000000000000E+000 -1.636664217486636E-017
         327           1  0.000000000000000E+000 -8.633357825123135E-018
         327           2  0.000000000000000E+000 -1.636664217486401E-017
         328           1  0.000000000000000E+000 -8.633357825122723E-018
         328           2  0.000000000000000E+000 -1.636664217486210E-017
         329           1  0.000000000000000E+000 -8.633357825122005E-018
         329           2  0.000000000000000E+000 -1.636664217486209E-017
         330           1  0.000000000000000E+000 -8.633357825124675E-018
         330           2  0.000000000000000E+000 -1.636664217486551E-017
         331           1  0.000000000000000E+000 -8.633357825123907E-018
         331           2  0.000000000000000E+000 -1.636664217486373E-017
         332           1  0.000000000000000E+000 -8.633357825124159E-018
         332           2  0.000000000000000E+000 -1.636664217486337E-017
         333           1  0.000000000000000E+000 -8.633357825125767E-018
         333           2  0.000000000000000E+000 -1.636664217486455E-017
         334           1  0.000000000000000E+000 -8.633357825126582E-018
         334           2  0.000000000000000E+000 -1.636664217486536E-017
         335           1  0.000000000000000E+000 -8.633357825131255E-018
         335           2  0.000000000000000E+000 -1.636664217487634E-017
         336           1  0.000000000000000E+000 -8.633357825129867E-018
         336           2  0.000000000000000E+000 -1.636664217487419E-017
         337           1  0.000000000000000E+000 -8.633357825128040E-018
         337           2  0.000000000000000E+000 -1.636664217487268E-017
         338           1  0.000000000000000E+000 -8.633357825127698E-018
         338           2  0.000000000000000E+000 -1.636664217487190E-017
         339           1  0.000000000000000E+000 -8.633357825128252E-018
         339           2  0.000000000000000E+000 -1.636664217487403E-017
         340           1  0.000000000000000E+000 -8.633357825128023E-018
         340           2  0.000000000000000E+000 -1.636664217487205E-017
         341           1  0.000000000000000E+000 -8.633357825121713E-018
         341           2  0.000000000000000E+000 -1.636664217486184E-017
         342           1  0.000000000000000E+000 -8.633357825126328E-018
         342           2  0.000000000000000E+000 -1.636664217486748E-017
         343           1  0.000000000000000E+000 -8.633357825128286E-018
         343           2  0.000000000000000E+000 -1.636664217487029E-017
         344           1  0.000000000000000E+000 -8.633357825128443E-018
         344           2  0.000000000000000E+000 -1.636664217487112E-017
         345           1  0.000000000000000E+000 -8.633357825128627E-018
         345           2  0.000000000000000E+000 -1.636664217487081E-017
         346           1  0.000000000000000E+000 -8.633357825125539E-018
         346           2  0.000000000000000E+000 -1.636664217486639E-017
         347           1  0.000000000000000E+000 -8.633357825121824E-018
         347           2  0.000000000000000E+000 -1.636664217486135E-017
         348           1  0.000000000000000E+000 -8.633357825121746E-018
         348           2  0.000000000000000E+000 -1.636664217486032E-017
         349           1  0.000000000000000E+000 -8.633357825122736E-018
         349           2  0.000000000000000E+000 -1.636664217486289E-017
         350           1  0.000000000000000E+000 -8.633357825124146E-018
         350           2  0.000000000000000E+000 -1.636664217486450E-017
         351           1  0.000000000000000E+000 -8.633357825125027E-018
         351           2  0.000000000000000E+000 -1.636664217486520E-017
         352           1  0.000000000000000E+000 -8.633357825123803E-018
         352           2  0.000000000000000E+000 -1.636664217486358E-017
         353           1  0.000000000000000E+000 -8.633357825126266E-018
         353           2  0.000000000000000E+000 -1.636664217486400E-017
         354           1  0.000000000000000E+000 -8.633357825125525E-018
         354           2  0.000000000000000E+000 -1.636664217486446E-017
         355           1  0.000000000000000E+000 -8.633357825130240E-018
         355           2  0.000000000000000E+000 -1.636664217487445E-017
         356           1  0.000000000000000E+000 -8.633357825128770E-018
         356           2  0.000000000000000E+000 -1.636664217487307E-017
         357           1  0.000000000000000E+000 -8.633357825128419E-018
         357           2  0.000000000000000E+000 -1.636664217487234E-017
         358           1  0.000000000000000E+000 -8.633357825128818E-018
         358           2  0.000000000000000E+000 -1.636664217487234E-017
         359           1  0.000000000000000E+000 -8.633357825125967E-018
         359           2  0.000000000000000E+000 -1.636664217487001E-017
         360           1  0.000000000000000E+000 -8.633357825125989E-018
         360           2  0.000000000000000E+000 -1.636664217487000E-017
         361           1  0.000000000000000E+000 -8.633357825134535E-018
         361           2  0.000000000000000E+000 -1.636664217488110E-017
         362           1  0.000000000000000E+000 -8.633357825132710E-018
         362           2  0.000000000000000E+000 -1.636664217487752E-017
         363           1  0.000000000000000E+000 -8.633357825132366E-018
         363           2  0.000000000000000E+000 -1.636664217487879E-017
         364           1  0.000000000000000E+000 -8.633357825125625E-018
         364           2  0.000000000000000E+000 -1.636664217486777E-017
         365           1  0.000000000000000E+000 -8.633357825128477E-018
         365           2  0.000000000000000E+000 -1.636664217487061E-017
         366           1  0.000000000000000E+000 -8.633357825126135E-018
         366           2  0.000000000000000E+000 -1.636664217486674E-017
         367           1  0.000000000000000E+000 -8.633357825122083E-018
         367           2  0.000000000000000E+000 -1.636664217486089E-017
         368           1  0.000000000000000E+000 -8.633357825123807E-018
         368           2  0.000000000000000E+000 -1.636664217486489E-017
         369           1  0.000000000000000E+000 -8.633357825122784E-018
         369           2  0.000000000000000E+000 -1.636664217486552E-017
         370           1  0.000000000000000E+000 -8.633357825124445E-018
         370           2  0.000000000000000E+000 -1.636664217486608E-017
         371           1  0.000000000000000E+000 -8.633357825124997E-018
         371           2  0.000000000000000E+000 -1.636664217486621E-017
         372           1  0.000000000000000E+000 -8.633357825125165E-018
         372           2  0.000000000000000E+000 -1.636664217486507E-017
         373           1  0.000000000000000E+000 -8.633357825125804E-018
         373           2  0.000000000000000E+000 -1.636664217486341E-017
         374           1  0.000000000000000E+000 -8.633357825126169E-018
         374           2  0.000000000000000E+000 -1.636664217486424E-017
         375           1  0.000000000000000E+000 -8.633357825130730E-018
         375           2  0.000000000000000E+000 -1.636664217487557E-017
         376           1  0.000000000000000E+000 -8.633357825128832E-018
         376           2  0.000000000000000E+000 -1.636664217487394E-017
         377           1  0.000000000000000E+000 -8.633357825127591E-018
         377           2  0.000000000000000E+000 -1.636664217487139E-017
         378           1  0.000000000000000E+000 -8.633357825127075E-018
         378           2  0.000000000000000E+000 -1.636664217486971E-017
         379           1  0.000000000000000E+000 -8.633357825127280E-018
         379           2  0.000000000000000E+000 -1.636664217486927E-017
         380           1  0.000000000000000E+000 -8.633357825126641E-018
         380           2  0.000000000000000E+000 -1.636664217486862E-017
         381           1  0.000000000000000E+000 -8.633357825136885E-018
         381           2  0.000000000000000E+000 -1.636664217488137E-017
         382           1  0.000000000000000E+000 -8.633357825134294E-018
         382           2  0.000000000000000E+000 -1.636664217488009E-017
         383           1  0.000000000000000E+000 -8.633357825133213E-018
         383           2  0.000000000000000E+000 -1.636664217488025E-017
         384           1  0.000000000000000E+000 -8.633357825130559E-018
         384           2  0.000000000000000E+000 -1.636664217487654E-017
         385           1  0.000000000000000E+000 -8.633357825128476E-018
         385           2  0.000000000000000E+000 -1.636664217487353E-017
         386           1  0.000000000000000E+000 -8.633357825126138E-018
         386           2  0.000000000000000E+000 -1.636664217486637E-017
         387           1  0.000000000000000E+000 -8.633357825124234E-018
         387           2  0.000000000000000E+000 -1.636664217486268E-017
         388           1  0.000000000000000E+000 -8.633357825126618E-018
         388           2  0.000000000000000E+000 -1.636664217486483E-017
         389           1  0.000000000000000E+000 -8.633357825124266E-018
         389           2  0.000000000000000E+000 -1.636664217486494E-017
         390           1  0.000000000000000E+000 -8.633357825124220E-018
         390           2  0.000000000000000E+000 -1.636664217486629E-017
         391           1  0.000000000000000E+000 -8.633357825125413E-018
         391           2  0.000000000000000E+000 -1.636664217486577E-017
         392           1  0.000000000000000E+000 -8.633357825125063E-018
         392           2  0.000000000000000E+000 -1.636664217486631E-017
         393           1  0.000000000000000E+000 -8.633357825127311E-018
         393           2  0.000000000000000E+000 -1.636664217486459E-017
         394           1  0.000000000000000E+000 -8.633357825126513E-018
         394           2  0.000000000000000E+000 -1.636664217486315E-017
         395           1  0.000000000000000E+000 -8.633357825128380E-018
         395           2  0.000000000000000E+000 -1.636664217487198E-017
         396           1  0.000000000000000E+000 -8.633357825128571E-018
         396           2  0.000000000000000E+000 -1.636664217487305E-017
         397           1  0.000000000000000E+000 -8.633357825128778E-018
         397           2  0.000000000000000E+000 -1.636664217487156E-017
         398           1  0.000000000000000E+000 -8.633357825127613E-018
         398           2  0.000000000000000E+000 -1.636664217486968E-017
         399           1  0.000000000000000E+000 -8.633357825128291E-018
         399           2  0.000000000000000E+000 -1.636664217486972E-017
         400           1  0.000000000000000E+000 -8.633357825127274E-018
         400           2  0.000000000000000E+000 -1.636664217486814E-017
