           1           1  0.000000000000000E+000 -8.576642335776993E-018
           1           2  0.000000000000000E+000 -1.642335766426214E-017
           2           1  0.000000000000000E+000 -8.576642335774332E-018
           2           2  0.000000000000000E+000 -1.642335766426071E-017
           3           1  0.000000000000000E+000 -8.576642335773711E-018
           3           2  0.000000000000000E+000 -1.642335766425837E-017
           4           1  0.000000000000000E+000 -8.576642335776215E-018
           4           2  0.000000000000000E+000 -1.642335766426804E-017
           5           1  0.000000000000000E+000 -8.576642335774921E-018
           5           2  0.000000000000000E+000 -1.642335766426299E-017
           6           1  0.000000000000000E+000 -8.576642335773804E-018
           6           2  0.000000000000000E+000 -1.642335766426108E-017
           7           1  0.000000000000000E+000 -8.576642335772054E-018
           7           2  0.000000000000000E+000 -1.642335766425053E-017
           8           1  0.000000000000000E+000 -8.576642335778309E-018
           8           2  0.000000000000000E+000 -1.642335766426264E-017
           9           1  0.000000000000000E+000 -8.576642335780518E-018
           9           2  0.000000000000000E+000 -1.642335766426812E-017
          10           1  0.000000000000000E+000 -8.576642335774867E-018
          10           2  0.000000000000000E+000 -1.642335766425201E-017
          11           1  0.000000000000000E+000 -8.576642335773853E-018
          11           2  0.000000000000000E+000 -1.642335766424881E-017
          12           1  0.000000000000000E+000 -8.576642335771399E-018
          12           2  0.000000000000000E+000 -1.642335766424580E-017
          13           1  0.000000000000000E+000 -8.576642335764906E-018
          13           2  0.000000000000000E+000 -1.642335766423503E-017
          14           1  0.000000000000000E+000 -8.576642335762233E-018
          14           2  0.000000000000000E+000 -1.642335766423063E-017
          15           1  0.000000000000000E+000 -8.576642335762193E-018
          15           2  0.000000000000000E+000 -1.642335766423226E-017
          16           1  0.000000000000000E+000 -8.576642335762076E-018
          16           2  0.000000000000000E+000 -1.642335766422870E-017
          17           1  0.000000000000000E+000 -8.576642335763966E-018
          17           2  0.000000000000000E+000 -1.642335766423153E-017
          18           1  0.000000000000000E+000 -8.576642335764824E-018
          18           2  0.000000000000000E+000 -1.642335766423082E-017
          19           1  0.000000000000000E+000 -8.576642335765233E-018
          19           2  0.000000000000000E+000 -1.642335766423320E-017
          20           1  0.000000000000000E+000 -8.576642335763935E-018
          20           2  0.000000000000000E+000 -1.642335766423136E-017
          21           1  0.000000000000000E+000 -8.576642335774813E-018
          21           2  0.000000000000000E+000 -1.642335766425736E-017
          22           1  0.000000000000000E+000 -8.576642335774497E-018
          22           2  0.000000000000000E+000 -1.642335766426408E-017
          23           1  0.000000000000000E+000 -8.576642335776858E-018
          23           2  0.000000000000000E+000 -1.642335766427102E-017
          24           1  0.000000000000000E+000 -8.576642335773620E-018
          24           2  0.000000000000000E+000 -1.642335766426528E-017
          25           1  0.000000000000000E+000 -8.576642335774657E-018
          25           2  0.000000000000000E+000 -1.642335766426317E-017
          26           1  0.000000000000000E+000 -8.576642335773562E-018
          26           2  0.000000000000000E+000 -1.642335766425912E-017
          27           1  0.000000000000000E+000 -8.576642335771668E-018
          27           2  0.000000000000000E+000 -1.642335766425157E-017
          28           1  0.000000000000000E+000 -8.576642335773077E-018
          28           2  0.000000000000000E+000 -1.642335766425065E-017
          29           1  0.000000000000000E+000 -8.576642335778556E-018
          29           2  0.000000000000000E+000 -1.642335766426567E-017
          30           1  0.000000000000000E+000 -8.576642335775337E-018
          30           2  0.000000000000000E+000 -1.642335766425523E-017
          31           1  0.000000000000000E+000 -8.576642335776093E-018
          31           2  0.000000000000000E+000 -1.642335766425841E-017
          32           1  0.000000000000000E+000 -8.576642335776059E-018
          32           2  0.000000000000000E+000 -1.642335766425782E-017
          33           1  0.000000000000000E+000 -8.576642335767176E-018
          33           2  0.000000000000000E+000 -1.642335766424107E-017
          34           1  0.000000000000000E+000 -8.576642335760194E-018
          34           2  0.000000000000000E+000 -1.642335766422814E-017
          35           1  0.000000000000000E+000 -8.576642335762481E-018
          35           2  0.000000000000000E+000 -1.642335766423241E-017
          36           1  0.000000000000000E+000 -8.576642335763664E-018
          36           2  0.000000000000000E+000 -1.642335766423305E-017
          37           1  0.000000000000000E+000 -8.576642335766143E-018
          37           2  0.000000000000000E+000 -1.642335766423762E-017
          38           1  0.000000000000000E+000 -8.576642335763878E-018
          38           2  0.000000000000000E+000 -1.642335766423160E-017
          39           1  0.000000000000000E+000 -8.576642335763174E-018
          39           2  0.000000000000000E+000 -1.642335766422823E-017
          40           1  0.000000000000000E+000 -8.576642335763530E-018
          40           2  0.000000000000000E+000 -1.642335766423036E-017
          41           1  0.000000000000000E+000 -8.576642335775961E-018
          41           2  0.000000000000000E+000 -1.642335766425839E-017
          42           1  0.000000000000000E+000 -8.576642335778894E-018
          42           2  0.000000000000000E+000 -1.642335766426937E-017
          43           1  0.000000000000000E+000 -8.576642335776298E-018
          43           2  0.000000000000000E+000 -1.642335766426774E-017
          44           1  0.000000000000000E+000 -8.576642335776277E-018
          44           2  0.000000000000000E+000 -1.642335766427301E-017
          45           1  0.000000000000000E+000 -8.576642335775075E-018
          45           2  0.000000000000000E+000 -1.642335766426470E-017
          46           1  0.000000000000000E+000 -8.576642335776435E-018
          46           2  0.000000000000000E+000 -1.642335766426863E-017
          47           1  0.000000000000000E+000 -8.576642335770932E-018
          47           2  0.000000000000000E+000 -1.642335766425174E-017
          48           1  0.000000000000000E+000 -8.576642335774297E-018
          48           2  0.000000000000000E+000 -1.642335766426004E-017
          49           1  0.000000000000000E+000 -8.576642335778352E-018
          49           2  0.000000000000000E+000 -1.642335766426525E-017
          50           1  0.000000000000000E+000 -8.576642335777018E-018
          50           2  0.000000000000000E+000 -1.642335766425920E-017
          51           1  0.000000000000000E+000 -8.576642335776748E-018
          51           2  0.000000000000000E+000 -1.642335766425572E-017
          52           1  0.000000000000000E+000 -8.576642335777551E-018
          52           2  0.000000000000000E+000 -1.642335766426190E-017
          53           1  0.000000000000000E+000 -8.576642335767864E-018
          53           2  0.000000000000000E+000 -1.642335766424577E-017
          54           1  0.000000000000000E+000 -8.576642335766023E-018
          54           2  0.000000000000000E+000 -1.642335766424720E-017
          55           1  0.000000000000000E+000 -8.576642335762368E-018
          55           2  0.000000000000000E+000 -1.642335766423284E-017
          56           1  0.000000000000000E+000 -8.576642335764713E-018
          56           2  0.000000000000000E+000 -1.642335766423702E-017
          57           1  0.000000000000000E+000 -8.576642335765282E-018
          57           2  0.000000000000000E+000 -1.642335766423743E-017
          58           1  0.000000000000000E+000 -8.576642335764103E-018
          58           2  0.000000000000000E+000 -1.642335766423756E-017
          59           1  0.000000000000000E+000 -8.576642335763615E-018
          59           2  0.000000000000000E+000 -1.642335766423405E-017
          60           1  0.000000000000000E+000 -8.576642335762996E-018
          60           2  0.000000000000000E+000 -1.642335766423173E-017
          61           1  0.000000000000000E+000 -8.576642335775654E-018
          61           2  0.000000000000000E+000 -1.642335766426203E-017
          62           1  0.000000000000000E+000 -8.576642335776445E-018
          62           2  0.000000000000000E+000 -1.642335766426265E-017
          63           1  0.000000000000000E+000 -8.576642335777261E-018
          63           2  0.000000000000000E+000 -1.642335766426879E-017
          64           1  0.000000000000000E+000 -8.576642335776876E-018
          64           2  0.000000000000000E+000 -1.642335766426934E-017
          65           1  0.000000000000000E+000 -8.576642335774220E-018
          65           2  0.000000000000000E+000 -1.642335766426530E-017
          66           1  0.000000000000000E+000 -8.576642335772952E-018
          66           2  0.000000000000000E+000 -1.642335766425843E-017
          67           1  0.000000000000000E+000 -8.576642335772878E-018
          67           2  0.000000000000000E+000 -1.642335766425609E-017
          68           1  0.000000000000000E+000 -8.576642335774520E-018
          68           2  0.000000000000000E+000 -1.642335766425644E-017
          69           1  0.000000000000000E+000 -8.576642335778126E-018
          69           2  0.000000000000000E+000 -1.642335766426520E-017
          70           1  0.000000000000000E+000 -8.576642335778287E-018
          70           2  0.000000000000000E+000 -1.642335766426497E-017
          71           1  0.000000000000000E+000 -8.576642335775272E-018
          71           2  0.000000000000000E+000 -1.642335766425540E-017
          72           1  0.000000000000000E+000 -8.576642335774684E-018
          72           2  0.000000000000000E+000 -1.642335766425407E-017
          73           1  0.000000000000000E+000 -8.576642335772346E-018
          73           2  0.000000000000000E+000 -1.642335766425257E-017
          74           1  0.000000000000000E+000 -8.576642335767493E-018
          74           2  0.000000000000000E+000 -1.642335766424923E-017
          75           1  0.000000000000000E+000 -8.576642335767558E-018
          75           2  0.000000000000000E+000 -1.642335766424914E-017
          76           1  0.000000000000000E+000 -8.576642335768083E-018
          76           2  0.000000000000000E+000 -1.642335766424803E-017
          77           1  0.000000000000000E+000 -8.576642335767119E-018
          77           2  0.000000000000000E+000 -1.642335766424252E-017
          78           1  0.000000000000000E+000 -8.576642335766401E-018
          78           2  0.000000000000000E+000 -1.642335766423953E-017
          79           1  0.000000000000000E+000 -8.576642335765783E-018
          79           2  0.000000000000000E+000 -1.642335766423818E-017
          80           1  0.000000000000000E+000 -8.576642335764932E-018
          80           2  0.000000000000000E+000 -1.642335766423572E-017
          81           1  0.000000000000000E+000 -8.576642335769202E-018
          81           2  0.000000000000000E+000 -1.642335766424636E-017
          82           1  0.000000000000000E+000 -8.576642335772249E-018
          82           2  0.000000000000000E+000 -1.642335766425429E-017
          83           1  0.000000000000000E+000 -8.576642335773753E-018
          83           2  0.000000000000000E+000 -1.642335766426064E-017
          84           1  0.000000000000000E+000 -8.576642335774409E-018
          84           2  0.000000000000000E+000 -1.642335766426283E-017
          85           1  0.000000000000000E+000 -8.576642335770057E-018
          85           2  0.000000000000000E+000 -1.642335766425430E-017
          86           1  0.000000000000000E+000 -8.576642335770294E-018
          86           2  0.000000000000000E+000 -1.642335766425323E-017
          87           1  0.000000000000000E+000 -8.576642335769656E-018
          87           2  0.000000000000000E+000 -1.642335766424754E-017
          88           1  0.000000000000000E+000 -8.576642335775332E-018
          88           2  0.000000000000000E+000 -1.642335766425996E-017
          89           1  0.000000000000000E+000 -8.576642335776149E-018
          89           2  0.000000000000000E+000 -1.642335766425905E-017
          90           1  0.000000000000000E+000 -8.576642335774110E-018
          90           2  0.000000000000000E+000 -1.642335766424894E-017
          91           1  0.000000000000000E+000 -8.576642335775939E-018
          91           2  0.000000000000000E+000 -1.642335766425586E-017
          92           1  0.000000000000000E+000 -8.576642335771684E-018
          92           2  0.000000000000000E+000 -1.642335766424679E-017
          93           1  0.000000000000000E+000 -8.576642335771836E-018
          93           2  0.000000000000000E+000 -1.642335766425328E-017
          94           1  0.000000000000000E+000 -8.576642335766015E-018
          94           2  0.000000000000000E+000 -1.642335766424485E-017
          95           1  0.000000000000000E+000 -8.576642335763382E-018
          95           2  0.000000000000000E+000 -1.642335766424018E-017
          96           1  0.000000000000000E+000 -8.576642335765262E-018
          96           2  0.000000000000000E+000 -1.642335766424256E-017
          97           1  0.000000000000000E+000 -8.576642335767294E-018
          97           2  0.000000000000000E+000 -1.642335766424622E-017
          98           1  0.000000000000000E+000 -8.576642335767434E-018
          98           2  0.000000000000000E+000 -1.642335766424101E-017
          99           1  0.000000000000000E+000 -8.576642335765995E-018
          99           2  0.000000000000000E+000 -1.642335766423798E-017
         100           1  0.000000000000000E+000 -8.576642335764065E-018
         100           2  0.000000000000000E+000 -1.642335766423524E-017
         101           1  0.000000000000000E+000 -8.576642335768915E-018
         101           2  0.000000000000000E+000 -1.642335766424936E-017
         102           1  0.000000000000000E+000 -8.576642335769541E-018
         102           2  0.000000000000000E+000 -1.642335766425118E-017
         103           1  0.000000000000000E+000 -8.576642335773402E-018
         103           2  0.000000000000000E+000 -1.642335766426067E-017
         104           1  0.000000000000000E+000 -8.576642335770069E-018
         104           2  0.000000000000000E+000 -1.642335766425081E-017
         105           1  0.000000000000000E+000 -8.576642335770747E-018
         105           2  0.000000000000000E+000 -1.642335766425380E-017
         106           1  0.000000000000000E+000 -8.576642335769046E-018
         106           2  0.000000000000000E+000 -1.642335766424810E-017
         107           1  0.000000000000000E+000 -8.576642335769624E-018
         107           2  0.000000000000000E+000 -1.642335766424795E-017
         108           1  0.000000000000000E+000 -8.576642335772232E-018
         108           2  0.000000000000000E+000 -1.642335766425360E-017
         109           1  0.000000000000000E+000 -8.576642335776418E-018
         109           2  0.000000000000000E+000 -1.642335766426443E-017
         110           1  0.000000000000000E+000 -8.576642335773456E-018
         110           2  0.000000000000000E+000 -1.642335766425015E-017
         111           1  0.000000000000000E+000 -8.576642335770864E-018
         111           2  0.000000000000000E+000 -1.642335766424206E-017
         112           1  0.000000000000000E+000 -8.576642335767954E-018
         112           2  0.000000000000000E+000 -1.642335766423835E-017
         113           1  0.000000000000000E+000 -8.576642335765351E-018
         113           2  0.000000000000000E+000 -1.642335766423987E-017
         114           1  0.000000000000000E+000 -8.576642335764333E-018
         114           2  0.000000000000000E+000 -1.642335766424100E-017
         115           1  0.000000000000000E+000 -8.576642335764562E-018
         115           2  0.000000000000000E+000 -1.642335766423847E-017
         116           1  0.000000000000000E+000 -8.576642335770758E-018
         116           2  0.000000000000000E+000 -1.642335766425372E-017
         117           1  0.000000000000000E+000 -8.576642335769528E-018
         117           2  0.000000000000000E+000 -1.642335766424724E-017
         118           1  0.000000000000000E+000 -8.576642335769092E-018
         118           2  0.000000000000000E+000 -1.642335766424548E-017
         119           1  0.000000000000000E+000 -8.576642335764995E-018
         119           2  0.000000000000000E+000 -1.642335766423517E-017
         120           1  0.000000000000000E+000 -8.576642335763647E-018
         120           2  0.000000000000000E+000 -1.642335766423614E-017
         121           1  0.000000000000000E+000 -8.576642335769296E-018
         121           2  0.000000000000000E+000 -1.642335766424766E-017
         122           1  0.000000000000000E+000 -8.576642335769762E-018
         122           2  0.000000000000000E+000 -1.642335766424863E-017
         123           1  0.000000000000000E+000 -8.576642335769246E-018
         123           2  0.000000000000000E+000 -1.642335766424834E-017
         124           1  0.000000000000000E+000 -8.576642335771584E-018
         124           2  0.000000000000000E+000 -1.642335766425116E-017
         125           1  0.000000000000000E+000 -8.576642335769487E-018
         125           2  0.000000000000000E+000 -1.642335766424405E-017
         126           1  0.000000000000000E+000 -8.576642335765932E-018
         126           2  0.000000000000000E+000 -1.642335766423923E-017
         127           1  0.000000000000000E+000 -8.576642335768068E-018
         127           2  0.000000000000000E+000 -1.642335766424396E-017
         128           1  0.000000000000000E+000 -8.576642335769017E-018
         128           2  0.000000000000000E+000 -1.642335766424458E-017
         129           1  0.000000000000000E+000 -8.576642335771852E-018
         129           2  0.000000000000000E+000 -1.642335766425061E-017
         130           1  0.000000000000000E+000 -8.576642335772822E-018
         130           2  0.000000000000000E+000 -1.642335766425225E-017
         131           1  0.000000000000000E+000 -8.576642335771456E-018
         131           2  0.000000000000000E+000 -1.642335766424532E-017
         132           1  0.000000000000000E+000 -8.576642335769219E-018
         132           2  0.000000000000000E+000 -1.642335766424425E-017
         133           1  0.000000000000000E+000 -8.576642335769810E-018
         133           2  0.000000000000000E+000 -1.642335766424911E-017
         134           1  0.000000000000000E+000 -8.576642335766699E-018
         134           2  0.000000000000000E+000 -1.642335766424666E-017
         135           1  0.000000000000000E+000 -8.576642335766769E-018
         135           2  0.000000000000000E+000 -1.642335766424614E-017
         136           1  0.000000000000000E+000 -8.576642335766194E-018
         136           2  0.000000000000000E+000 -1.642335766423915E-017
         137           1  0.000000000000000E+000 -8.576642335768567E-018
         137           2  0.000000000000000E+000 -1.642335766424224E-017
         138           1  0.000000000000000E+000 -8.576642335765353E-018
         138           2  0.000000000000000E+000 -1.642335766423758E-017
         139           1  0.000000000000000E+000 -8.576642335763083E-018
         139           2  0.000000000000000E+000 -1.642335766423223E-017
         140           1  0.000000000000000E+000 -8.576642335763949E-018
         140           2  0.000000000000000E+000 -1.642335766423468E-017
         141           1  0.000000000000000E+000 -8.576642335768741E-018
         141           2  0.000000000000000E+000 -1.642335766424641E-017
         142           1  0.000000000000000E+000 -8.576642335768026E-018
         142           2  0.000000000000000E+000 -1.642335766424494E-017
         143           1  0.000000000000000E+000 -8.576642335768607E-018
         143           2  0.000000000000000E+000 -1.642335766424404E-017
         144           1  0.000000000000000E+000 -8.576642335773531E-018
         144           2  0.000000000000000E+000 -1.642335766425597E-017
         145           1  0.000000000000000E+000 -8.576642335770972E-018
         145           2  0.000000000000000E+000 -1.642335766424836E-017
         146           1  0.000000000000000E+000 -8.576642335770484E-018
         146           2  0.000000000000000E+000 -1.642335766425024E-017
         147           1  0.000000000000000E+000 -8.576642335768915E-018
         147           2  0.000000000000000E+000 -1.642335766424460E-017
         148           1  0.000000000000000E+000 -8.576642335770545E-018
         148           2  0.000000000000000E+000 -1.642335766424894E-017
         149           1  0.000000000000000E+000 -8.576642335774628E-018
         149           2  0.000000000000000E+000 -1.642335766425858E-017
         150           1  0.000000000000000E+000 -8.576642335768502E-018
         150           2  0.000000000000000E+000 -1.642335766423808E-017
         151           1  0.000000000000000E+000 -8.576642335768841E-018
         151           2  0.000000000000000E+000 -1.642335766423503E-017
         152           1  0.000000000000000E+000 -8.576642335767237E-018
         152           2  0.000000000000000E+000 -1.642335766423605E-017
         153           1  0.000000000000000E+000 -8.576642335768849E-018
         153           2  0.000000000000000E+000 -1.642335766424631E-017
         154           1  0.000000000000000E+000 -8.576642335768276E-018
         154           2  0.000000000000000E+000 -1.642335766424840E-017
         155           1  0.000000000000000E+000 -8.576642335766530E-018
         155           2  0.000000000000000E+000 -1.642335766424163E-017
         156           1  0.000000000000000E+000 -8.576642335767151E-018
         156           2  0.000000000000000E+000 -1.642335766423785E-017
         157           1  0.000000000000000E+000 -8.576642335765316E-018
         157           2  0.000000000000000E+000 -1.642335766423345E-017
         158           1  0.000000000000000E+000 -8.576642335763644E-018
         158           2  0.000000000000000E+000 -1.642335766423473E-017
         159           1  0.000000000000000E+000 -8.576642335765194E-018
         159           2  0.000000000000000E+000 -1.642335766423594E-017
         160           1  0.000000000000000E+000 -8.576642335763757E-018
         160           2  0.000000000000000E+000 -1.642335766423254E-017
         161           1  0.000000000000000E+000 -8.576642335765331E-018
         161           2  0.000000000000000E+000 -1.642335766424079E-017
         162           1  0.000000000000000E+000 -8.576642335770750E-018
         162           2  0.000000000000000E+000 -1.642335766425220E-017
         163           1  0.000000000000000E+000 -8.576642335770100E-018
         163           2  0.000000000000000E+000 -1.642335766424982E-017
         164           1  0.000000000000000E+000 -8.576642335771574E-018
         164           2  0.000000000000000E+000 -1.642335766425020E-017
         165           1  0.000000000000000E+000 -8.576642335770129E-018
         165           2  0.000000000000000E+000 -1.642335766424772E-017
         166           1  0.000000000000000E+000 -8.576642335768730E-018
         166           2  0.000000000000000E+000 -1.642335766424388E-017
         167           1  0.000000000000000E+000 -8.576642335766875E-018
         167           2  0.000000000000000E+000 -1.642335766423801E-017
         168           1  0.000000000000000E+000 -8.576642335772223E-018
         168           2  0.000000000000000E+000 -1.642335766425391E-017
         169           1  0.000000000000000E+000 -8.576642335769377E-018
         169           2  0.000000000000000E+000 -1.642335766424142E-017
         170           1  0.000000000000000E+000 -8.576642335767000E-018
         170           2  0.000000000000000E+000 -1.642335766422650E-017
         171           1  0.000000000000000E+000 -8.576642335770562E-018
         171           2  0.000000000000000E+000 -1.642335766423686E-017
         172           1  0.000000000000000E+000 -8.576642335768578E-018
         172           2  0.000000000000000E+000 -1.642335766423478E-017
         173           1  0.000000000000000E+000 -8.576642335767858E-018
         173           2  0.000000000000000E+000 -1.642335766424106E-017
         174           1  0.000000000000000E+000 -8.576642335767062E-018
         174           2  0.000000000000000E+000 -1.642335766424269E-017
         175           1  0.000000000000000E+000 -8.576642335763595E-018
         175           2  0.000000000000000E+000 -1.642335766423303E-017
         176           1  0.000000000000000E+000 -8.576642335763754E-018
         176           2  0.000000000000000E+000 -1.642335766422826E-017
         177           1  0.000000000000000E+000 -8.576642335767200E-018
         177           2  0.000000000000000E+000 -1.642335766423747E-017
         178           1  0.000000000000000E+000 -8.576642335766572E-018
         178           2  0.000000000000000E+000 -1.642335766424121E-017
         179           1  0.000000000000000E+000 -8.576642335762902E-018
         179           2  0.000000000000000E+000 -1.642335766422730E-017
         180           1  0.000000000000000E+000 -8.576642335762131E-018
         180           2  0.000000000000000E+000 -1.642335766422517E-017
         181           1  0.000000000000000E+000 -8.576642335776089E-018
         181           2  0.000000000000000E+000 -1.642335766426878E-017
         182           1  0.000000000000000E+000 -8.576642335775508E-018
         182           2  0.000000000000000E+000 -1.642335766426566E-017
         183           1  0.000000000000000E+000 -8.576642335775109E-018
         183           2  0.000000000000000E+000 -1.642335766426342E-017
         184           1  0.000000000000000E+000 -8.576642335775429E-018
         184           2  0.000000000000000E+000 -1.642335766426148E-017
         185           1  0.000000000000000E+000 -8.576642335775056E-018
         185           2  0.000000000000000E+000 -1.642335766425924E-017
         186           1  0.000000000000000E+000 -8.576642335771168E-018
         186           2  0.000000000000000E+000 -1.642335766424612E-017
         187           1  0.000000000000000E+000 -8.576642335773050E-018
         187           2  0.000000000000000E+000 -1.642335766425205E-017
         188           1  0.000000000000000E+000 -8.576642335765196E-018
         188           2  0.000000000000000E+000 -1.642335766423125E-017
         189           1  0.000000000000000E+000 -8.576642335761310E-018
         189           2  0.000000000000000E+000 -1.642335766421772E-017
         190           1  0.000000000000000E+000 -8.576642335770299E-018
         190           2  0.000000000000000E+000 -1.642335766423576E-017
         191           1  0.000000000000000E+000 -8.576642335775308E-018
         191           2  0.000000000000000E+000 -1.642335766424932E-017
         192           1  0.000000000000000E+000 -8.576642335771978E-018
         192           2  0.000000000000000E+000 -1.642335766424534E-017
         193           1  0.000000000000000E+000 -8.576642335775060E-018
         193           2  0.000000000000000E+000 -1.642335766426101E-017
         194           1  0.000000000000000E+000 -8.576642335765080E-018
         194           2  0.000000000000000E+000 -1.642335766423077E-017
         195           1  0.000000000000000E+000 -8.576642335763977E-018
         195           2  0.000000000000000E+000 -1.642335766422892E-017
         196           1  0.000000000000000E+000 -8.576642335764975E-018
         196           2  0.000000000000000E+000 -1.642335766423185E-017
         197           1  0.000000000000000E+000 -8.576642335760925E-018
         197           2  0.000000000000000E+000 -1.642335766422140E-017
         198           1  0.000000000000000E+000 -8.576642335764080E-018
         198           2  0.000000000000000E+000 -1.642335766423085E-017
         199           1  0.000000000000000E+000 -8.576642335761983E-018
         199           2  0.000000000000000E+000 -1.642335766422573E-017
         200           1  0.000000000000000E+000 -8.576642335760353E-018
         200           2  0.000000000000000E+000 -1.642335766422251E-017
         201           1  0.000000000000000E+000 -8.576642335774058E-018
         201           2  0.000000000000000E+000 -1.642335766426439E-017
         202           1  0.000000000000000E+000 -8.576642335774081E-018
         202           2  0.000000000000000E+000 -1.642335766426163E-017
         203           1  0.000000000000000E+000 -8.576642335772092E-018
         203           2  0.000000000000000E+000 -1.642335766425658E-017
         204           1  0.000000000000000E+000 -8.576642335771661E-018
         204           2  0.000000000000000E+000 -1.642335766425322E-017
         205           1  0.000000000000000E+000 -8.576642335772574E-018
         205           2  0.000000000000000E+000 -1.642335766425383E-017
         206           1  0.000000000000000E+000 -8.576642335772497E-018
         206           2  0.000000000000000E+000 -1.642335766425074E-017
         207           1  0.000000000000000E+000 -8.576642335768151E-018
         207           2  0.000000000000000E+000 -1.642335766423891E-017
         208           1  0.000000000000000E+000 -8.576642335764327E-018
         208           2  0.000000000000000E+000 -1.642335766422902E-017
         209           1  0.000000000000000E+000 -8.576642335769716E-018
         209           2  0.000000000000000E+000 -1.642335766424039E-017
         210           1  0.000000000000000E+000 -8.576642335769940E-018
         210           2  0.000000000000000E+000 -1.642335766423729E-017
         211           1  0.000000000000000E+000 -8.576642335773038E-018
         211           2  0.000000000000000E+000 -1.642335766424555E-017
         212           1  0.000000000000000E+000 -8.576642335774801E-018
         212           2  0.000000000000000E+000 -1.642335766425411E-017
         213           1  0.000000000000000E+000 -8.576642335772605E-018
         213           2  0.000000000000000E+000 -1.642335766425229E-017
         214           1  0.000000000000000E+000 -8.576642335770454E-018
         214           2  0.000000000000000E+000 -1.642335766424786E-017
         215           1  0.000000000000000E+000 -8.576642335768803E-018
         215           2  0.000000000000000E+000 -1.642335766424630E-017
         216           1  0.000000000000000E+000 -8.576642335767590E-018
         216           2  0.000000000000000E+000 -1.642335766424113E-017
         217           1  0.000000000000000E+000 -8.576642335761999E-018
         217           2  0.000000000000000E+000 -1.642335766422472E-017
         218           1  0.000000000000000E+000 -8.576642335769117E-018
         218           2  0.000000000000000E+000 -1.642335766424337E-017
         219           1  0.000000000000000E+000 -8.576642335766208E-018
         219           2  0.000000000000000E+000 -1.642335766423715E-017
         220           1  0.000000000000000E+000 -8.576642335764515E-018
         220           2  0.000000000000000E+000 -1.642335766423263E-017
         221           1  0.000000000000000E+000 -8.576642335769180E-018
         221           2  0.000000000000000E+000 -1.642335766424809E-017
         222           1  0.000000000000000E+000 -8.576642335769722E-018
         222           2  0.000000000000000E+000 -1.642335766424959E-017
         223           1  0.000000000000000E+000 -8.576642335766505E-018
         223           2  0.000000000000000E+000 -1.642335766424500E-017
         224           1  0.000000000000000E+000 -8.576642335769282E-018
         224           2  0.000000000000000E+000 -1.642335766424758E-017
         225           1  0.000000000000000E+000 -8.576642335769266E-018
         225           2  0.000000000000000E+000 -1.642335766424420E-017
         226           1  0.000000000000000E+000 -8.576642335770040E-018
         226           2  0.000000000000000E+000 -1.642335766424830E-017
         227           1  0.000000000000000E+000 -8.576642335767075E-018
         227           2  0.000000000000000E+000 -1.642335766423999E-017
         228           1  0.000000000000000E+000 -8.576642335769658E-018
         228           2  0.000000000000000E+000 -1.642335766424678E-017
         229           1  0.000000000000000E+000 -8.576642335770684E-018
         229           2  0.000000000000000E+000 -1.642335766424362E-017
         230           1  0.000000000000000E+000 -8.576642335766756E-018
         230           2  0.000000000000000E+000 -1.642335766423133E-017
         231           1  0.000000000000000E+000 -8.576642335771043E-018
         231           2  0.000000000000000E+000 -1.642335766424359E-017
         232           1  0.000000000000000E+000 -8.576642335771374E-018
         232           2  0.000000000000000E+000 -1.642335766424521E-017
         233           1  0.000000000000000E+000 -8.576642335769354E-018
         233           2  0.000000000000000E+000 -1.642335766424400E-017
         234           1  0.000000000000000E+000 -8.576642335767776E-018
         234           2  0.000000000000000E+000 -1.642335766424467E-017
         235           1  0.000000000000000E+000 -8.576642335766777E-018
         235           2  0.000000000000000E+000 -1.642335766424551E-017
         236           1  0.000000000000000E+000 -8.576642335767561E-018
         236           2  0.000000000000000E+000 -1.642335766424375E-017
         237           1  0.000000000000000E+000 -8.576642335766527E-018
         237           2  0.000000000000000E+000 -1.642335766423987E-017
         238           1  0.000000000000000E+000 -8.576642335767172E-018
         238           2  0.000000000000000E+000 -1.642335766424160E-017
         239           1  0.000000000000000E+000 -8.576642335766189E-018
         239           2  0.000000000000000E+000 -1.642335766423615E-017
         240           1  0.000000000000000E+000 -8.576642335763395E-018
         240           2  0.000000000000000E+000 -1.642335766422973E-017
         241           1  0.000000000000000E+000 -8.576642335769462E-018
         241           2  0.000000000000000E+000 -1.642335766424900E-017
         242           1  0.000000000000000E+000 -8.576642335769522E-018
         242           2  0.000000000000000E+000 -1.642335766424879E-017
         243           1  0.000000000000000E+000 -8.576642335768323E-018
         243           2  0.000000000000000E+000 -1.642335766424755E-017
         244           1  0.000000000000000E+000 -8.576642335770254E-018
         244           2  0.000000000000000E+000 -1.642335766424855E-017
         245           1  0.000000000000000E+000 -8.576642335768596E-018
         245           2  0.000000000000000E+000 -1.642335766424424E-017
         246           1  0.000000000000000E+000 -8.576642335766519E-018
         246           2  0.000000000000000E+000 -1.642335766424076E-017
         247           1  0.000000000000000E+000 -8.576642335769408E-018
         247           2  0.000000000000000E+000 -1.642335766424983E-017
         248           1  0.000000000000000E+000 -8.576642335769642E-018
         248           2  0.000000000000000E+000 -1.642335766424998E-017
         249           1  0.000000000000000E+000 -8.576642335774872E-018
         249           2  0.000000000000000E+000 -1.642335766426001E-017
         250           1  0.000000000000000E+000 -8.576642335772240E-018
         250           2  0.000000000000000E+000 -1.642335766425097E-017
         251           1  0.000000000000000E+000 -8.576642335768870E-018
         251           2  0.000000000000000E+000 -1.642335766424402E-017
         252           1  0.000000000000000E+000 -8.576642335769152E-018
         252           2  0.000000000000000E+000 -1.642335766424752E-017
         253           1  0.000000000000000E+000 -8.576642335765946E-018
         253           2  0.000000000000000E+000 -1.642335766424161E-017
         254           1  0.000000000000000E+000 -8.576642335764603E-018
         254           2  0.000000000000000E+000 -1.642335766423962E-017
         255           1  0.000000000000000E+000 -8.576642335766478E-018
         255           2  0.000000000000000E+000 -1.642335766424631E-017
         256           1  0.000000000000000E+000 -8.576642335768182E-018
         256           2  0.000000000000000E+000 -1.642335766424825E-017
         257           1  0.000000000000000E+000 -8.576642335768114E-018
         257           2  0.000000000000000E+000 -1.642335766424631E-017
         258           1  0.000000000000000E+000 -8.576642335767890E-018
         258           2  0.000000000000000E+000 -1.642335766424445E-017
         259           1  0.000000000000000E+000 -8.576642335766638E-018
         259           2  0.000000000000000E+000 -1.642335766423793E-017
         260           1  0.000000000000000E+000 -8.576642335766324E-018
         260           2  0.000000000000000E+000 -1.642335766423537E-017
         261           1  0.000000000000000E+000 -8.576642335766707E-018
         261           2  0.000000000000000E+000 -1.642335766424234E-017
         262           1  0.000000000000000E+000 -8.576642335767068E-018
         262           2  0.000000000000000E+000 -1.642335766424437E-017
         263           1  0.000000000000000E+000 -8.576642335768556E-018
         263           2  0.000000000000000E+000 -1.642335766424727E-017
         264           1  0.000000000000000E+000 -8.576642335769938E-018
         264           2  0.000000000000000E+000 -1.642335766424833E-017
         265           1  0.000000000000000E+000 -8.576642335767887E-018
         265           2  0.000000000000000E+000 -1.642335766424251E-017
         266           1  0.000000000000000E+000 -8.576642335770930E-018
         266           2  0.000000000000000E+000 -1.642335766425385E-017
         267           1  0.000000000000000E+000 -8.576642335771420E-018
         267           2  0.000000000000000E+000 -1.642335766425726E-017
         268           1  0.000000000000000E+000 -8.576642335768963E-018
         268           2  0.000000000000000E+000 -1.642335766424911E-017
         269           1  0.000000000000000E+000 -8.576642335765684E-018
         269           2  0.000000000000000E+000 -1.642335766423705E-017
         270           1  0.000000000000000E+000 -8.576642335772678E-018
         270           2  0.000000000000000E+000 -1.642335766425680E-017
         271           1  0.000000000000000E+000 -8.576642335768103E-018
         271           2  0.000000000000000E+000 -1.642335766424431E-017
         272           1  0.000000000000000E+000 -8.576642335767709E-018
         272           2  0.000000000000000E+000 -1.642335766424408E-017
         273           1  0.000000000000000E+000 -8.576642335764492E-018
         273           2  0.000000000000000E+000 -1.642335766423818E-017
         274           1  0.000000000000000E+000 -8.576642335765210E-018
         274           2  0.000000000000000E+000 -1.642335766424139E-017
         275           1  0.000000000000000E+000 -8.576642335764125E-018
         275           2  0.000000000000000E+000 -1.642335766423705E-017
         276           1  0.000000000000000E+000 -8.576642335765538E-018
         276           2  0.000000000000000E+000 -1.642335766423638E-017
         277           1  0.000000000000000E+000 -8.576642335769685E-018
         277           2  0.000000000000000E+000 -1.642335766424515E-017
         278           1  0.000000000000000E+000 -8.576642335766536E-018
         278           2  0.000000000000000E+000 -1.642335766423881E-017
         279           1  0.000000000000000E+000 -8.576642335767314E-018
         279           2  0.000000000000000E+000 -1.642335766423885E-017
         280           1  0.000000000000000E+000 -8.576642335766038E-018
         280           2  0.000000000000000E+000 -1.642335766423538E-017
         281           1  0.000000000000000E+000 -8.576642335768482E-018
         281           2  0.000000000000000E+000 -1.642335766424631E-017
         282           1  0.000000000000000E+000 -8.576642335765914E-018
         282           2  0.000000000000000E+000 -1.642335766424200E-017
         283           1  0.000000000000000E+000 -8.576642335766683E-018
         283           2  0.000000000000000E+000 -1.642335766424567E-017
         284           1  0.000000000000000E+000 -8.576642335770296E-018
         284           2  0.000000000000000E+000 -1.642335766425131E-017
         285           1  0.000000000000000E+000 -8.576642335769551E-018
         285           2  0.000000000000000E+000 -1.642335766424902E-017
         286           1  0.000000000000000E+000 -8.576642335770792E-018
         286           2  0.000000000000000E+000 -1.642335766425382E-017
         287           1  0.000000000000000E+000 -8.576642335771556E-018
         287           2  0.000000000000000E+000 -1.642335766425628E-017
         288           1  0.000000000000000E+000 -8.576642335766727E-018
         288           2  0.000000000000000E+000 -1.642335766423978E-017
         289           1  0.000000000000000E+000 -8.576642335771773E-018
         289           2  0.000000000000000E+000 -1.642335766425235E-017
         290           1  0.000000000000000E+000 -8.576642335771148E-018
         290           2  0.000000000000000E+000 -1.642335766424980E-017
         291           1  0.000000000000000E+000 -8.576642335770064E-018
         291           2  0.000000000000000E+000 -1.642335766424666E-017
         292           1  0.000000000000000E+000 -8.576642335767667E-018
         292           2  0.000000000000000E+000 -1.642335766423801E-017
         293           1  0.000000000000000E+000 -8.576642335768222E-018
         293           2  0.000000000000000E+000 -1.642335766424403E-017
         294           1  0.000000000000000E+000 -8.576642335763812E-018
         294           2  0.000000000000000E+000 -1.642335766423415E-017
         295           1  0.000000000000000E+000 -8.576642335763955E-018
         295           2  0.000000000000000E+000 -1.642335766423317E-017
         296           1  0.000000000000000E+000 -8.576642335767197E-018
         296           2  0.000000000000000E+000 -1.642335766423968E-017
         297           1  0.000000000000000E+000 -8.576642335768767E-018
         297           2  0.000000000000000E+000 -1.642335766423838E-017
         298           1  0.000000000000000E+000 -8.576642335769915E-018
         298           2  0.000000000000000E+000 -1.642335766423888E-017
         299           1  0.000000000000000E+000 -8.576642335769551E-018
         299           2  0.000000000000000E+000 -1.642335766424125E-017
         300           1  0.000000000000000E+000 -8.576642335767505E-018
         300           2  0.000000000000000E+000 -1.642335766423884E-017
         301           1  0.000000000000000E+000 -8.576642335771020E-018
         301           2  0.000000000000000E+000 -1.642335766425247E-017
         302           1  0.000000000000000E+000 -8.576642335767541E-018
         302           2  0.000000000000000E+000 -1.642335766424715E-017
         303           1  0.000000000000000E+000 -8.576642335765334E-018
         303           2  0.000000000000000E+000 -1.642335766424046E-017
         304           1  0.000000000000000E+000 -8.576642335771018E-018
         304           2  0.000000000000000E+000 -1.642335766425427E-017
         305           1  0.000000000000000E+000 -8.576642335770214E-018
         305           2  0.000000000000000E+000 -1.642335766424899E-017
         306           1  0.000000000000000E+000 -8.576642335774204E-018
         306           2  0.000000000000000E+000 -1.642335766426099E-017
         307           1  0.000000000000000E+000 -8.576642335772446E-018
         307           2  0.000000000000000E+000 -1.642335766425735E-017
         308           1  0.000000000000000E+000 -8.576642335769672E-018
         308           2  0.000000000000000E+000 -1.642335766424495E-017
         309           1  0.000000000000000E+000 -8.576642335770414E-018
         309           2  0.000000000000000E+000 -1.642335766424699E-017
         310           1  0.000000000000000E+000 -8.576642335769821E-018
         310           2  0.000000000000000E+000 -1.642335766424608E-017
         311           1  0.000000000000000E+000 -8.576642335765810E-018
         311           2  0.000000000000000E+000 -1.642335766423458E-017
         312           1  0.000000000000000E+000 -8.576642335770337E-018
         312           2  0.000000000000000E+000 -1.642335766424489E-017
         313           1  0.000000000000000E+000 -8.576642335768870E-018
         313           2  0.000000000000000E+000 -1.642335766424329E-017
         314           1  0.000000000000000E+000 -8.576642335764234E-018
         314           2  0.000000000000000E+000 -1.642335766423450E-017
         315           1  0.000000000000000E+000 -8.576642335762991E-018
         315           2  0.000000000000000E+000 -1.642335766423146E-017
         316           1  0.000000000000000E+000 -8.576642335768265E-018
         316           2  0.000000000000000E+000 -1.642335766424031E-017
         317           1  0.000000000000000E+000 -8.576642335768533E-018
         317           2  0.000000000000000E+000 -1.642335766423467E-017
         318           1  0.000000000000000E+000 -8.576642335768051E-018
         318           2  0.000000000000000E+000 -1.642335766423154E-017
         319           1  0.000000000000000E+000 -8.576642335770200E-018
         319           2  0.000000000000000E+000 -1.642335766424168E-017
         320           1  0.000000000000000E+000 -8.576642335766143E-018
         320           2  0.000000000000000E+000 -1.642335766423271E-017
         321           1  0.000000000000000E+000 -8.576642335769487E-018
         321           2  0.000000000000000E+000 -1.642335766424609E-017
         322           1  0.000000000000000E+000 -8.576642335768367E-018
         322           2  0.000000000000000E+000 -1.642335766424420E-017
         323           1  0.000000000000000E+000 -8.576642335768741E-018
         323           2  0.000000000000000E+000 -1.642335766424818E-017
         324           1  0.000000000000000E+000 -8.576642335771540E-018
         324           2  0.000000000000000E+000 -1.642335766425618E-017
         325           1  0.000000000000000E+000 -8.576642335774035E-018
         325           2  0.000000000000000E+000 -1.642335766425971E-017
         326           1  0.000000000000000E+000 -8.576642335775600E-018
         326           2  0.000000000000000E+000 -1.642335766426496E-017
         327           1  0.000000000000000E+000 -8.576642335773063E-018
         327           2  0.000000000000000E+000 -1.642335766425600E-017
         328           1  0.000000000000000E+000 -8.576642335771194E-018
         328           2  0.000000000000000E+000 -1.642335766425151E-017
         329           1  0.000000000000000E+000 -8.576642335769065E-018
         329           2  0.000000000000000E+000 -1.642335766424152E-017
         330           1  0.000000000000000E+000 -8.576642335773089E-018
         330           2  0.000000000000000E+000 -1.642335766425382E-017
         331           1  0.000000000000000E+000 -8.576642335767927E-018
         331           2  0.000000000000000E+000 -1.642335766423970E-017
         332           1  0.000000000000000E+000 -8.576642335765980E-018
         332           2  0.000000000000000E+000 -1.642335766423364E-017
         333           1  0.000000000000000E+000 -8.576642335767695E-018
         333           2  0.000000000000000E+000 -1.642335766423891E-017
         334           1  0.000000000000000E+000 -8.576642335765379E-018
         334           2  0.000000000000000E+000 -1.642335766423684E-017
         335           1  0.000000000000000E+000 -8.576642335765159E-018
         335           2  0.000000000000000E+000 -1.642335766423365E-017
         336           1  0.000000000000000E+000 -8.576642335766310E-018
         336           2  0.000000000000000E+000 -1.642335766423591E-017
         337           1  0.000000000000000E+000 -8.576642335767085E-018
         337           2  0.000000000000000E+000 -1.642335766423813E-017
         338           1  0.000000000000000E+000 -8.576642335767072E-018
         338           2  0.000000000000000E+000 -1.642335766423410E-017
         339           1  0.000000000000000E+000 -8.576642335764171E-018
         339           2  0.000000000000000E+000 -1.642335766422939E-017
         340           1  0.000000000000000E+000 -8.576642335768106E-018
         340           2  0.000000000000000E+000 -1.642335766423803E-017
         341           1  0.000000000000000E+000 -8.576642335771345E-018
         341           2  0.000000000000000E+000 -1.642335766425250E-017
         342           1  0.000000000000000E+000 -8.576642335768898E-018
         342           2  0.000000000000000E+000 -1.642335766424543E-017
         343           1  0.000000000000000E+000 -8.576642335770963E-018
         343           2  0.000000000000000E+000 -1.642335766425083E-017
         344           1  0.000000000000000E+000 -8.576642335769952E-018
         344           2  0.000000000000000E+000 -1.642335766424525E-017
         345           1  0.000000000000000E+000 -8.576642335769266E-018
         345           2  0.000000000000000E+000 -1.642335766424703E-017
         346           1  0.000000000000000E+000 -8.576642335774617E-018
         346           2  0.000000000000000E+000 -1.642335766426028E-017
         347           1  0.000000000000000E+000 -8.576642335773218E-018
         347           2  0.000000000000000E+000 -1.642335766425881E-017
         348           1  0.000000000000000E+000 -8.576642335766305E-018
         348           2  0.000000000000000E+000 -1.642335766424009E-017
         349           1  0.000000000000000E+000 -8.576642335772557E-018
         349           2  0.000000000000000E+000 -1.642335766425340E-017
         350           1  0.000000000000000E+000 -8.576642335771953E-018
         350           2  0.000000000000000E+000 -1.642335766425081E-017
         351           1  0.000000000000000E+000 -8.576642335767850E-018
         351           2  0.000000000000000E+000 -1.642335766423763E-017
         352           1  0.000000000000000E+000 -8.576642335768471E-018
         352           2  0.000000000000000E+000 -1.642335766424036E-017
         353           1  0.000000000000000E+000 -8.576642335764703E-018
         353           2  0.000000000000000E+000 -1.642335766423672E-017
         354           1  0.000000000000000E+000 -8.576642335765219E-018
         354           2  0.000000000000000E+000 -1.642335766423994E-017
         355           1  0.000000000000000E+000 -8.576642335765747E-018
         355           2  0.000000000000000E+000 -1.642335766423589E-017
         356           1  0.000000000000000E+000 -8.576642335766116E-018
         356           2  0.000000000000000E+000 -1.642335766423619E-017
         357           1  0.000000000000000E+000 -8.576642335764236E-018
         357           2  0.000000000000000E+000 -1.642335766423511E-017
         358           1  0.000000000000000E+000 -8.576642335763891E-018
         358           2  0.000000000000000E+000 -1.642335766423234E-017
         359           1  0.000000000000000E+000 -8.576642335763091E-018
         359           2  0.000000000000000E+000 -1.642335766423431E-017
         360           1  0.000000000000000E+000 -8.576642335762042E-018
         360           2  0.000000000000000E+000 -1.642335766423073E-017
         361           1  0.000000000000000E+000 -8.576642335770365E-018
         361           2  0.000000000000000E+000 -1.642335766424329E-017
         362           1  0.000000000000000E+000 -8.576642335769667E-018
         362           2  0.000000000000000E+000 -1.642335766424184E-017
         363           1  0.000000000000000E+000 -8.576642335769001E-018
         363           2  0.000000000000000E+000 -1.642335766424662E-017
         364           1  0.000000000000000E+000 -8.576642335767681E-018
         364           2  0.000000000000000E+000 -1.642335766423884E-017
         365           1  0.000000000000000E+000 -8.576642335767336E-018
         365           2  0.000000000000000E+000 -1.642335766424047E-017
         366           1  0.000000000000000E+000 -8.576642335775392E-018
         366           2  0.000000000000000E+000 -1.642335766426405E-017
         367           1  0.000000000000000E+000 -8.576642335771017E-018
         367           2  0.000000000000000E+000 -1.642335766425243E-017
         368           1  0.000000000000000E+000 -8.576642335766738E-018
         368           2  0.000000000000000E+000 -1.642335766423876E-017
         369           1  0.000000000000000E+000 -8.576642335768316E-018
         369           2  0.000000000000000E+000 -1.642335766423851E-017
         370           1  0.000000000000000E+000 -8.576642335769097E-018
         370           2  0.000000000000000E+000 -1.642335766424176E-017
         371           1  0.000000000000000E+000 -8.576642335767855E-018
         371           2  0.000000000000000E+000 -1.642335766423630E-017
         372           1  0.000000000000000E+000 -8.576642335765975E-018
         372           2  0.000000000000000E+000 -1.642335766423131E-017
         373           1  0.000000000000000E+000 -8.576642335764436E-018
         373           2  0.000000000000000E+000 -1.642335766423299E-017
         374           1  0.000000000000000E+000 -8.576642335765185E-018
         374           2  0.000000000000000E+000 -1.642335766423630E-017
         375           1  0.000000000000000E+000 -8.576642335761922E-018
         375           2  0.000000000000000E+000 -1.642335766422877E-017
         376           1  0.000000000000000E+000 -8.576642335767040E-018
         376           2  0.000000000000000E+000 -1.642335766423756E-017
         377           1  0.000000000000000E+000 -8.576642335766254E-018
         377           2  0.000000000000000E+000 -1.642335766423764E-017
         378           1  0.000000000000000E+000 -8.576642335763271E-018
         378           2  0.000000000000000E+000 -1.642335766423506E-017
         379           1  0.000000000000000E+000 -8.576642335761595E-018
         379           2  0.000000000000000E+000 -1.642335766422682E-017
         380           1  0.000000000000000E+000 -8.576642335759344E-018
         380           2  0.000000000000000E+000 -1.642335766422655E-017
         381           1  0.000000000000000E+000 -8.576642335769678E-018
         381           2  0.000000000000000E+000 -1.642335766424193E-017
         382           1  0.000000000000000E+000 -8.576642335770101E-018
         382           2  0.000000000000000E+000 -1.642335766424005E-017
         383           1  0.000000000000000E+000 -8.576642335769373E-018
         383           2  0.000000000000000E+000 -1.642335766424465E-017
         384           1  0.000000000000000E+000 -8.576642335769787E-018
         384           2  0.000000000000000E+000 -1.642335766424451E-017
         385           1  0.000000000000000E+000 -8.576642335768474E-018
         385           2  0.000000000000000E+000 -1.642335766424313E-017
         386           1  0.000000000000000E+000 -8.576642335770661E-018
         386           2  0.000000000000000E+000 -1.642335766424982E-017
         387           1  0.000000000000000E+000 -8.576642335770007E-018
         387           2  0.000000000000000E+000 -1.642335766424836E-017
         388           1  0.000000000000000E+000 -8.576642335765131E-018
         388           2  0.000000000000000E+000 -1.642335766423173E-017
         389           1  0.000000000000000E+000 -8.576642335768946E-018
         389           2  0.000000000000000E+000 -1.642335766423825E-017
         390           1  0.000000000000000E+000 -8.576642335766897E-018
         390           2  0.000000000000000E+000 -1.642335766423151E-017
         391           1  0.000000000000000E+000 -8.576642335767667E-018
         391           2  0.000000000000000E+000 -1.642335766423572E-017
         392           1  0.000000000000000E+000 -8.576642335764330E-018
         392           2  0.000000000000000E+000 -1.642335766422914E-017
         393           1  0.000000000000000E+000 -8.576642335764162E-018
         393           2  0.000000000000000E+000 -1.642335766422872E-017
         394           1  0.000000000000000E+000 -8.576642335764117E-018
         394           2  0.000000000000000E+000 -1.642335766423769E-017
         395           1  0.000000000000000E+000 -8.576642335763909E-018
         395           2  0.000000000000000E+000 -1.642335766423650E-017
         396           1  0.000000000000000E+000 -8.576642335763382E-018
         396           2  0.000000000000000E+000 -1.642335766423206E-017
         397           1  0.000000000000000E+000 -8.576642335764590E-018
         397           2  0.000000000000000E+000 -1.642335766423252E-017
         398           1  0.000000000000000E+000 -8.576642335762575E-018
         398           2  0.000000000000000E+000 -1.642335766423205E-017
         399           1  0.000000000000000E+000 -8.576642335760107E-018
         399           2  0.000000000000000E+000 -1.642335766422793E-017
         400           1  0.000000000000000E+000 -8.576642335761313E-018
         400           2  0.000000000000000E+000 -1.642335766423139E-017
