           1           1  0.000000000000000E+000 -2.372580420553387E-016
           1           2  0.000000000000000E+000 -3.877419579444720E-016
           2           1  0.000000000000000E+000 -2.372580420553250E-016
           2           2  0.000000000000000E+000 -3.877419579444805E-016
           3           1  0.000000000000000E+000 -2.372580420553838E-016
           3           2  0.000000000000000E+000 -3.877419579445229E-016
           4           1  0.000000000000000E+000 -2.372580420554213E-016
           4           2  0.000000000000000E+000 -3.877419579445406E-016
           5           1  0.000000000000000E+000 -2.372580420553803E-016
           5           2  0.000000000000000E+000 -3.877419579445088E-016
           6           1  0.000000000000000E+000 -2.372580420553268E-016
           6           2  0.000000000000000E+000 -3.877419579444525E-016
           7           1  0.000000000000000E+000 -2.372580420553150E-016
           7           2  0.000000000000000E+000 -3.877419579444268E-016
           8           1  0.000000000000000E+000 -2.372580420553228E-016
           8           2  0.000000000000000E+000 -3.877419579444569E-016
           9           1  0.000000000000000E+000 -2.372580420553780E-016
           9           2  0.000000000000000E+000 -3.877419579445123E-016
          10           1  0.000000000000000E+000 -2.372580420553580E-016
          10           2  0.000000000000000E+000 -3.877419579444672E-016
          11           1  0.000000000000000E+000 -2.372580420553125E-016
          11           2  0.000000000000000E+000 -3.877419579444614E-016
          12           1  0.000000000000000E+000 -2.372580420552834E-016
          12           2  0.000000000000000E+000 -3.877419579444480E-016
          13           1  0.000000000000000E+000 -2.372580420552575E-016
          13           2  0.000000000000000E+000 -3.877419579443943E-016
          14           1  0.000000000000000E+000 -2.372580420553731E-016
          14           2  0.000000000000000E+000 -3.877419579445168E-016
          15           1  0.000000000000000E+000 -2.372580420553429E-016
          15           2  0.000000000000000E+000 -3.877419579445155E-016
          16           1  0.000000000000000E+000 -2.372580420553116E-016
          16           2  0.000000000000000E+000 -3.877419579444573E-016
          17           1  0.000000000000000E+000 -2.372580420553297E-016
          17           2  0.000000000000000E+000 -3.877419579444921E-016
          18           1  0.000000000000000E+000 -2.372580420553159E-016
          18           2  0.000000000000000E+000 -3.877419579444412E-016
          19           1  0.000000000000000E+000 -2.372580420553080E-016
          19           2  0.000000000000000E+000 -3.877419579444548E-016
          20           1  0.000000000000000E+000 -2.372580420553160E-016
          20           2  0.000000000000000E+000 -3.877419579444454E-016
          21           1  0.000000000000000E+000 -2.372580420553508E-016
          21           2  0.000000000000000E+000 -3.877419579444778E-016
          22           1  0.000000000000000E+000 -2.372580420553995E-016
          22           2  0.000000000000000E+000 -3.877419579445506E-016
          23           1  0.000000000000000E+000 -2.372580420553922E-016
          23           2  0.000000000000000E+000 -3.877419579445385E-016
          24           1  0.000000000000000E+000 -2.372580420553698E-016
          24           2  0.000000000000000E+000 -3.877419579445135E-016
          25           1  0.000000000000000E+000 -2.372580420553444E-016
          25           2  0.000000000000000E+000 -3.877419579445026E-016
          26           1  0.000000000000000E+000 -2.372580420553004E-016
          26           2  0.000000000000000E+000 -3.877419579444363E-016
          27           1  0.000000000000000E+000 -2.372580420552838E-016
          27           2  0.000000000000000E+000 -3.877419579444447E-016
          28           1  0.000000000000000E+000 -2.372580420552923E-016
          28           2  0.000000000000000E+000 -3.877419579444626E-016
          29           1  0.000000000000000E+000 -2.372580420553137E-016
          29           2  0.000000000000000E+000 -3.877419579444623E-016
          30           1  0.000000000000000E+000 -2.372580420552823E-016
          30           2  0.000000000000000E+000 -3.877419579444402E-016
          31           1  0.000000000000000E+000 -2.372580420552765E-016
          31           2  0.000000000000000E+000 -3.877419579444537E-016
          32           1  0.000000000000000E+000 -2.372580420552526E-016
          32           2  0.000000000000000E+000 -3.877419579444409E-016
          33           1  0.000000000000000E+000 -2.372580420552852E-016
          33           2  0.000000000000000E+000 -3.877419579444699E-016
          34           1  0.000000000000000E+000 -2.372580420553120E-016
          34           2  0.000000000000000E+000 -3.877419579444932E-016
          35           1  0.000000000000000E+000 -2.372580420553011E-016
          35           2  0.000000000000000E+000 -3.877419579444800E-016
          36           1  0.000000000000000E+000 -2.372580420553044E-016
          36           2  0.000000000000000E+000 -3.877419579444723E-016
          37           1  0.000000000000000E+000 -2.372580420553204E-016
          37           2  0.000000000000000E+000 -3.877419579444842E-016
          38           1  0.000000000000000E+000 -2.372580420553216E-016
          38           2  0.000000000000000E+000 -3.877419579444579E-016
          39           1  0.000000000000000E+000 -2.372580420553464E-016
          39           2  0.000000000000000E+000 -3.877419579444795E-016
          40           1  0.000000000000000E+000 -2.372580420553131E-016
          40           2  0.000000000000000E+000 -3.877419579444285E-016
          41           1  0.000000000000000E+000 -2.372580420554077E-016
          41           2  0.000000000000000E+000 -3.877419579445463E-016
          42           1  0.000000000000000E+000 -2.372580420553971E-016
          42           2  0.000000000000000E+000 -3.877419579445254E-016
          43           1  0.000000000000000E+000 -2.372580420553865E-016
          43           2  0.000000000000000E+000 -3.877419579445090E-016
          44           1  0.000000000000000E+000 -2.372580420553562E-016
          44           2  0.000000000000000E+000 -3.877419579445158E-016
          45           1  0.000000000000000E+000 -2.372580420553261E-016
          45           2  0.000000000000000E+000 -3.877419579444683E-016
          46           1  0.000000000000000E+000 -2.372580420552922E-016
          46           2  0.000000000000000E+000 -3.877419579444502E-016
          47           1  0.000000000000000E+000 -2.372580420552947E-016
          47           2  0.000000000000000E+000 -3.877419579444645E-016
          48           1  0.000000000000000E+000 -2.372580420553256E-016
          48           2  0.000000000000000E+000 -3.877419579444641E-016
          49           1  0.000000000000000E+000 -2.372580420553205E-016
          49           2  0.000000000000000E+000 -3.877419579444792E-016
          50           1  0.000000000000000E+000 -2.372580420553007E-016
          50           2  0.000000000000000E+000 -3.877419579444638E-016
          51           1  0.000000000000000E+000 -2.372580420553064E-016
          51           2  0.000000000000000E+000 -3.877419579444746E-016
          52           1  0.000000000000000E+000 -2.372580420553457E-016
          52           2  0.000000000000000E+000 -3.877419579445390E-016
          53           1  0.000000000000000E+000 -2.372580420553972E-016
          53           2  0.000000000000000E+000 -3.877419579445793E-016
          54           1  0.000000000000000E+000 -2.372580420553595E-016
          54           2  0.000000000000000E+000 -3.877419579445376E-016
          55           1  0.000000000000000E+000 -2.372580420553307E-016
          55           2  0.000000000000000E+000 -3.877419579444948E-016
          56           1  0.000000000000000E+000 -2.372580420553443E-016
          56           2  0.000000000000000E+000 -3.877419579444921E-016
          57           1  0.000000000000000E+000 -2.372580420553264E-016
          57           2  0.000000000000000E+000 -3.877419579444837E-016
          58           1  0.000000000000000E+000 -2.372580420553457E-016
          58           2  0.000000000000000E+000 -3.877419579444749E-016
          59           1  0.000000000000000E+000 -2.372580420553289E-016
          59           2  0.000000000000000E+000 -3.877419579444575E-016
          60           1  0.000000000000000E+000 -2.372580420553252E-016
          60           2  0.000000000000000E+000 -3.877419579444457E-016
          61           1  0.000000000000000E+000 -2.372580420553739E-016
          61           2  0.000000000000000E+000 -3.877419579445446E-016
          62           1  0.000000000000000E+000 -2.372580420553856E-016
          62           2  0.000000000000000E+000 -3.877419579445469E-016
          63           1  0.000000000000000E+000 -2.372580420553600E-016
          63           2  0.000000000000000E+000 -3.877419579444941E-016
          64           1  0.000000000000000E+000 -2.372580420553476E-016
          64           2  0.000000000000000E+000 -3.877419579444877E-016
          65           1  0.000000000000000E+000 -2.372580420552704E-016
          65           2  0.000000000000000E+000 -3.877419579443991E-016
          66           1  0.000000000000000E+000 -2.372580420552933E-016
          66           2  0.000000000000000E+000 -3.877419579444328E-016
          67           1  0.000000000000000E+000 -2.372580420553051E-016
          67           2  0.000000000000000E+000 -3.877419579444781E-016
          68           1  0.000000000000000E+000 -2.372580420553068E-016
          68           2  0.000000000000000E+000 -3.877419579444944E-016
          69           1  0.000000000000000E+000 -2.372580420553013E-016
          69           2  0.000000000000000E+000 -3.877419579444981E-016
          70           1  0.000000000000000E+000 -2.372580420553201E-016
          70           2  0.000000000000000E+000 -3.877419579444963E-016
          71           1  0.000000000000000E+000 -2.372580420553323E-016
          71           2  0.000000000000000E+000 -3.877419579445130E-016
          72           1  0.000000000000000E+000 -2.372580420553696E-016
          72           2  0.000000000000000E+000 -3.877419579445469E-016
          73           1  0.000000000000000E+000 -2.372580420554071E-016
          73           2  0.000000000000000E+000 -3.877419579445940E-016
          74           1  0.000000000000000E+000 -2.372580420553779E-016
          74           2  0.000000000000000E+000 -3.877419579445745E-016
          75           1  0.000000000000000E+000 -2.372580420553545E-016
          75           2  0.000000000000000E+000 -3.877419579445143E-016
          76           1  0.000000000000000E+000 -2.372580420553463E-016
          76           2  0.000000000000000E+000 -3.877419579444984E-016
          77           1  0.000000000000000E+000 -2.372580420553398E-016
          77           2  0.000000000000000E+000 -3.877419579444794E-016
          78           1  0.000000000000000E+000 -2.372580420553403E-016
          78           2  0.000000000000000E+000 -3.877419579444763E-016
          79           1  0.000000000000000E+000 -2.372580420553189E-016
          79           2  0.000000000000000E+000 -3.877419579444420E-016
          80           1  0.000000000000000E+000 -2.372580420553378E-016
          80           2  0.000000000000000E+000 -3.877419579444640E-016
          81           1  0.000000000000000E+000 -2.372580420553679E-016
          81           2  0.000000000000000E+000 -3.877419579444955E-016
          82           1  0.000000000000000E+000 -2.372580420553362E-016
          82           2  0.000000000000000E+000 -3.877419579444907E-016
          83           1  0.000000000000000E+000 -2.372580420553368E-016
          83           2  0.000000000000000E+000 -3.877419579444945E-016
          84           1  0.000000000000000E+000 -2.372580420553003E-016
          84           2  0.000000000000000E+000 -3.877419579444183E-016
          85           1  0.000000000000000E+000 -2.372580420552588E-016
          85           2  0.000000000000000E+000 -3.877419579443959E-016
          86           1  0.000000000000000E+000 -2.372580420552753E-016
          86           2  0.000000000000000E+000 -3.877419579444118E-016
          87           1  0.000000000000000E+000 -2.372580420552998E-016
          87           2  0.000000000000000E+000 -3.877419579444309E-016
          88           1  0.000000000000000E+000 -2.372580420552908E-016
          88           2  0.000000000000000E+000 -3.877419579444473E-016
          89           1  0.000000000000000E+000 -2.372580420552741E-016
          89           2  0.000000000000000E+000 -3.877419579444292E-016
          90           1  0.000000000000000E+000 -2.372580420552886E-016
          90           2  0.000000000000000E+000 -3.877419579444451E-016
          91           1  0.000000000000000E+000 -2.372580420553157E-016
          91           2  0.000000000000000E+000 -3.877419579444347E-016
          92           1  0.000000000000000E+000 -2.372580420553242E-016
          92           2  0.000000000000000E+000 -3.877419579444583E-016
          93           1  0.000000000000000E+000 -2.372580420553661E-016
          93           2  0.000000000000000E+000 -3.877419579444876E-016
          94           1  0.000000000000000E+000 -2.372580420553863E-016
          94           2  0.000000000000000E+000 -3.877419579445246E-016
          95           1  0.000000000000000E+000 -2.372580420553397E-016
          95           2  0.000000000000000E+000 -3.877419579444866E-016
          96           1  0.000000000000000E+000 -2.372580420553312E-016
          96           2  0.000000000000000E+000 -3.877419579444664E-016
          97           1  0.000000000000000E+000 -2.372580420553147E-016
          97           2  0.000000000000000E+000 -3.877419579444486E-016
          98           1  0.000000000000000E+000 -2.372580420553412E-016
          98           2  0.000000000000000E+000 -3.877419579444755E-016
          99           1  0.000000000000000E+000 -2.372580420553249E-016
          99           2  0.000000000000000E+000 -3.877419579444350E-016
         100           1  0.000000000000000E+000 -2.372580420553445E-016
         100           2  0.000000000000000E+000 -3.877419579444676E-016
         101           1  0.000000000000000E+000 -2.372580420553182E-016
         101           2  0.000000000000000E+000 -3.877419579444683E-016
         102           1  0.000000000000000E+000 -2.372580420553115E-016
         102           2  0.000000000000000E+000 -3.877419579444555E-016
         103           1  0.000000000000000E+000 -2.372580420553270E-016
         103           2  0.000000000000000E+000 -3.877419579444869E-016
         104           1  0.000000000000000E+000 -2.372580420552968E-016
         104           2  0.000000000000000E+000 -3.877419579444601E-016
         105           1  0.000000000000000E+000 -2.372580420552823E-016
         105           2  0.000000000000000E+000 -3.877419579443905E-016
         106           1  0.000000000000000E+000 -2.372580420552428E-016
         106           2  0.000000000000000E+000 -3.877419579443572E-016
         107           1  0.000000000000000E+000 -2.372580420552387E-016
         107           2  0.000000000000000E+000 -3.877419579443766E-016
         108           1  0.000000000000000E+000 -2.372580420552594E-016
         108           2  0.000000000000000E+000 -3.877419579443784E-016
         109           1  0.000000000000000E+000 -2.372580420552199E-016
         109           2  0.000000000000000E+000 -3.877419579443586E-016
         110           1  0.000000000000000E+000 -2.372580420551950E-016
         110           2  0.000000000000000E+000 -3.877419579443300E-016
         111           1  0.000000000000000E+000 -2.372580420552005E-016
         111           2  0.000000000000000E+000 -3.877419579443321E-016
         112           1  0.000000000000000E+000 -2.372580420552489E-016
         112           2  0.000000000000000E+000 -3.877419579443775E-016
         113           1  0.000000000000000E+000 -2.372580420552930E-016
         113           2  0.000000000000000E+000 -3.877419579444127E-016
         114           1  0.000000000000000E+000 -2.372580420553049E-016
         114           2  0.000000000000000E+000 -3.877419579444354E-016
         115           1  0.000000000000000E+000 -2.372580420552851E-016
         115           2  0.000000000000000E+000 -3.877419579444351E-016
         116           1  0.000000000000000E+000 -2.372580420552713E-016
         116           2  0.000000000000000E+000 -3.877419579444047E-016
         117           1  0.000000000000000E+000 -2.372580420553412E-016
         117           2  0.000000000000000E+000 -3.877419579444831E-016
         118           1  0.000000000000000E+000 -2.372580420553465E-016
         118           2  0.000000000000000E+000 -3.877419579445011E-016
         119           1  0.000000000000000E+000 -2.372580420553317E-016
         119           2  0.000000000000000E+000 -3.877419579444572E-016
         120           1  0.000000000000000E+000 -2.372580420553417E-016
         120           2  0.000000000000000E+000 -3.877419579444518E-016
         121           1  0.000000000000000E+000 -2.372580420553022E-016
         121           2  0.000000000000000E+000 -3.877419579444161E-016
         122           1  0.000000000000000E+000 -2.372580420553118E-016
         122           2  0.000000000000000E+000 -3.877419579444468E-016
         123           1  0.000000000000000E+000 -2.372580420553270E-016
         123           2  0.000000000000000E+000 -3.877419579444778E-016
         124           1  0.000000000000000E+000 -2.372580420552854E-016
         124           2  0.000000000000000E+000 -3.877419579444637E-016
         125           1  0.000000000000000E+000 -2.372580420552842E-016
         125           2  0.000000000000000E+000 -3.877419579444247E-016
         126           1  0.000000000000000E+000 -2.372580420552235E-016
         126           2  0.000000000000000E+000 -3.877419579443507E-016
         127           1  0.000000000000000E+000 -2.372580420551270E-016
         127           2  0.000000000000000E+000 -3.877419579443067E-016
         128           1  0.000000000000000E+000 -2.372580420552362E-016
         128           2  0.000000000000000E+000 -3.877419579443701E-016
         129           1  0.000000000000000E+000 -2.372580420551900E-016
         129           2  0.000000000000000E+000 -3.877419579443504E-016
         130           1  0.000000000000000E+000 -2.372580420551601E-016
         130           2  0.000000000000000E+000 -3.877419579442964E-016
         131           1  0.000000000000000E+000 -2.372580420551845E-016
         131           2  0.000000000000000E+000 -3.877419579443119E-016
         132           1  0.000000000000000E+000 -2.372580420552021E-016
         132           2  0.000000000000000E+000 -3.877419579443548E-016
         133           1  0.000000000000000E+000 -2.372580420552657E-016
         133           2  0.000000000000000E+000 -3.877419579444070E-016
         134           1  0.000000000000000E+000 -2.372580420552379E-016
         134           2  0.000000000000000E+000 -3.877419579443785E-016
         135           1  0.000000000000000E+000 -2.372580420552461E-016
         135           2  0.000000000000000E+000 -3.877419579443655E-016
         136           1  0.000000000000000E+000 -2.372580420552975E-016
         136           2  0.000000000000000E+000 -3.877419579444401E-016
         137           1  0.000000000000000E+000 -2.372580420553591E-016
         137           2  0.000000000000000E+000 -3.877419579445051E-016
         138           1  0.000000000000000E+000 -2.372580420553259E-016
         138           2  0.000000000000000E+000 -3.877419579444741E-016
         139           1  0.000000000000000E+000 -2.372580420552941E-016
         139           2  0.000000000000000E+000 -3.877419579444344E-016
         140           1  0.000000000000000E+000 -2.372580420553130E-016
         140           2  0.000000000000000E+000 -3.877419579444351E-016
         141           1  0.000000000000000E+000 -2.372580420553174E-016
         141           2  0.000000000000000E+000 -3.877419579444315E-016
         142           1  0.000000000000000E+000 -2.372580420553125E-016
         142           2  0.000000000000000E+000 -3.877419579444588E-016
         143           1  0.000000000000000E+000 -2.372580420553219E-016
         143           2  0.000000000000000E+000 -3.877419579444844E-016
         144           1  0.000000000000000E+000 -2.372580420552800E-016
         144           2  0.000000000000000E+000 -3.877419579444561E-016
         145           1  0.000000000000000E+000 -2.372580420552682E-016
         145           2  0.000000000000000E+000 -3.877419579444091E-016
         146           1  0.000000000000000E+000 -2.372580420552170E-016
         146           2  0.000000000000000E+000 -3.877419579443671E-016
         147           1  0.000000000000000E+000 -2.372580420551928E-016
         147           2  0.000000000000000E+000 -3.877419579443266E-016
         148           1  0.000000000000000E+000 -2.372580420552222E-016
         148           2  0.000000000000000E+000 -3.877419579443494E-016
         149           1  0.000000000000000E+000 -2.372580420551797E-016
         149           2  0.000000000000000E+000 -3.877419579443356E-016
         150           1  0.000000000000000E+000 -2.372580420551646E-016
         150           2  0.000000000000000E+000 -3.877419579442890E-016
         151           1  0.000000000000000E+000 -2.372580420552032E-016
         151           2  0.000000000000000E+000 -3.877419579443024E-016
         152           1  0.000000000000000E+000 -2.372580420552094E-016
         152           2  0.000000000000000E+000 -3.877419579443256E-016
         153           1  0.000000000000000E+000 -2.372580420552458E-016
         153           2  0.000000000000000E+000 -3.877419579443663E-016
         154           1  0.000000000000000E+000 -2.372580420552416E-016
         154           2  0.000000000000000E+000 -3.877419579443662E-016
         155           1  0.000000000000000E+000 -2.372580420551599E-016
         155           2  0.000000000000000E+000 -3.877419579442600E-016
         156           1  0.000000000000000E+000 -2.372580420553126E-016
         156           2  0.000000000000000E+000 -3.877419579444530E-016
         157           1  0.000000000000000E+000 -2.372580420553614E-016
         157           2  0.000000000000000E+000 -3.877419579445314E-016
         158           1  0.000000000000000E+000 -2.372580420553415E-016
         158           2  0.000000000000000E+000 -3.877419579445077E-016
         159           1  0.000000000000000E+000 -2.372580420553109E-016
         159           2  0.000000000000000E+000 -3.877419579444337E-016
         160           1  0.000000000000000E+000 -2.372580420553114E-016
         160           2  0.000000000000000E+000 -3.877419579444398E-016
         161           1  0.000000000000000E+000 -2.372580420553171E-016
         161           2  0.000000000000000E+000 -3.877419579444470E-016
         162           1  0.000000000000000E+000 -2.372580420552871E-016
         162           2  0.000000000000000E+000 -3.877419579444458E-016
         163           1  0.000000000000000E+000 -2.372580420552901E-016
         163           2  0.000000000000000E+000 -3.877419579444662E-016
         164           1  0.000000000000000E+000 -2.372580420552854E-016
         164           2  0.000000000000000E+000 -3.877419579444785E-016
         165           1  0.000000000000000E+000 -2.372580420552788E-016
         165           2  0.000000000000000E+000 -3.877419579444322E-016
         166           1  0.000000000000000E+000 -2.372580420552260E-016
         166           2  0.000000000000000E+000 -3.877419579443617E-016
         167           1  0.000000000000000E+000 -2.372580420551838E-016
         167           2  0.000000000000000E+000 -3.877419579443105E-016
         168           1  0.000000000000000E+000 -2.372580420551843E-016
         168           2  0.000000000000000E+000 -3.877419579443121E-016
         169           1  0.000000000000000E+000 -2.372580420551818E-016
         169           2  0.000000000000000E+000 -3.877419579442934E-016
         170           1  0.000000000000000E+000 -2.372580420552070E-016
         170           2  0.000000000000000E+000 -3.877419579443156E-016
         171           1  0.000000000000000E+000 -2.372580420552110E-016
         171           2  0.000000000000000E+000 -3.877419579442989E-016
         172           1  0.000000000000000E+000 -2.372580420551949E-016
         172           2  0.000000000000000E+000 -3.877419579442745E-016
         173           1  0.000000000000000E+000 -2.372580420552162E-016
         173           2  0.000000000000000E+000 -3.877419579443281E-016
         174           1  0.000000000000000E+000 -2.372580420552337E-016
         174           2  0.000000000000000E+000 -3.877419579443286E-016
         175           1  0.000000000000000E+000 -2.372580420552468E-016
         175           2  0.000000000000000E+000 -3.877419579443714E-016
         176           1  0.000000000000000E+000 -2.372580420553134E-016
         176           2  0.000000000000000E+000 -3.877419579444677E-016
         177           1  0.000000000000000E+000 -2.372580420553338E-016
         177           2  0.000000000000000E+000 -3.877419579445422E-016
         178           1  0.000000000000000E+000 -2.372580420553544E-016
         178           2  0.000000000000000E+000 -3.877419579445349E-016
         179           1  0.000000000000000E+000 -2.372580420553251E-016
         179           2  0.000000000000000E+000 -3.877419579444478E-016
         180           1  0.000000000000000E+000 -2.372580420552859E-016
         180           2  0.000000000000000E+000 -3.877419579443816E-016
         181           1  0.000000000000000E+000 -2.372580420553682E-016
         181           2  0.000000000000000E+000 -3.877419579444977E-016
         182           1  0.000000000000000E+000 -2.372580420553232E-016
         182           2  0.000000000000000E+000 -3.877419579444725E-016
         183           1  0.000000000000000E+000 -2.372580420553094E-016
         183           2  0.000000000000000E+000 -3.877419579444699E-016
         184           1  0.000000000000000E+000 -2.372580420553144E-016
         184           2  0.000000000000000E+000 -3.877419579444743E-016
         185           1  0.000000000000000E+000 -2.372580420552807E-016
         185           2  0.000000000000000E+000 -3.877419579444281E-016
         186           1  0.000000000000000E+000 -2.372580420552240E-016
         186           2  0.000000000000000E+000 -3.877419579443612E-016
         187           1  0.000000000000000E+000 -2.372580420551890E-016
         187           2  0.000000000000000E+000 -3.877419579443213E-016
         188           1  0.000000000000000E+000 -2.372580420551856E-016
         188           2  0.000000000000000E+000 -3.877419579443112E-016
         189           1  0.000000000000000E+000 -2.372580420551770E-016
         189           2  0.000000000000000E+000 -3.877419579442896E-016
         190           1  0.000000000000000E+000 -2.372580420552038E-016
         190           2  0.000000000000000E+000 -3.877419579442921E-016
         191           1  0.000000000000000E+000 -2.372580420551971E-016
         191           2  0.000000000000000E+000 -3.877419579442820E-016
         192           1  0.000000000000000E+000 -2.372580420551824E-016
         192           2  0.000000000000000E+000 -3.877419579442488E-016
         193           1  0.000000000000000E+000 -2.372580420552114E-016
         193           2  0.000000000000000E+000 -3.877419579442962E-016
         194           1  0.000000000000000E+000 -2.372580420552188E-016
         194           2  0.000000000000000E+000 -3.877419579442988E-016
         195           1  0.000000000000000E+000 -2.372580420552340E-016
         195           2  0.000000000000000E+000 -3.877419579443187E-016
         196           1  0.000000000000000E+000 -2.372580420552872E-016
         196           2  0.000000000000000E+000 -3.877419579444298E-016
         197           1  0.000000000000000E+000 -2.372580420553242E-016
         197           2  0.000000000000000E+000 -3.877419579445178E-016
         198           1  0.000000000000000E+000 -2.372580420553471E-016
         198           2  0.000000000000000E+000 -3.877419579445076E-016
         199           1  0.000000000000000E+000 -2.372580420552884E-016
         199           2  0.000000000000000E+000 -3.877419579444059E-016
         200           1  0.000000000000000E+000 -2.372580420552868E-016
         200           2  0.000000000000000E+000 -3.877419579443905E-016
         201           1  0.000000000000000E+000 -2.372580420554037E-016
         201           2  0.000000000000000E+000 -3.877419579445487E-016
         202           1  0.000000000000000E+000 -2.372580420553509E-016
         202           2  0.000000000000000E+000 -3.877419579445074E-016
         203           1  0.000000000000000E+000 -2.372580420553452E-016
         203           2  0.000000000000000E+000 -3.877419579445171E-016
         204           1  0.000000000000000E+000 -2.372580420553646E-016
         204           2  0.000000000000000E+000 -3.877419579445284E-016
         205           1  0.000000000000000E+000 -2.372580420553228E-016
         205           2  0.000000000000000E+000 -3.877419579444693E-016
         206           1  0.000000000000000E+000 -2.372580420552363E-016
         206           2  0.000000000000000E+000 -3.877419579443706E-016
         207           1  0.000000000000000E+000 -2.372580420552194E-016
         207           2  0.000000000000000E+000 -3.877419579443542E-016
         208           1  0.000000000000000E+000 -2.372580420552199E-016
         208           2  0.000000000000000E+000 -3.877419579443414E-016
         209           1  0.000000000000000E+000 -2.372580420552068E-016
         209           2  0.000000000000000E+000 -3.877419579443170E-016
         210           1  0.000000000000000E+000 -2.372580420552063E-016
         210           2  0.000000000000000E+000 -3.877419579443406E-016
         211           1  0.000000000000000E+000 -2.372580420552301E-016
         211           2  0.000000000000000E+000 -3.877419579443390E-016
         212           1  0.000000000000000E+000 -2.372580420552139E-016
         212           2  0.000000000000000E+000 -3.877419579443119E-016
         213           1  0.000000000000000E+000 -2.372580420552240E-016
         213           2  0.000000000000000E+000 -3.877419579443045E-016
         214           1  0.000000000000000E+000 -2.372580420552244E-016
         214           2  0.000000000000000E+000 -3.877419579443101E-016
         215           1  0.000000000000000E+000 -2.372580420552402E-016
         215           2  0.000000000000000E+000 -3.877419579443234E-016
         216           1  0.000000000000000E+000 -2.372580420552914E-016
         216           2  0.000000000000000E+000 -3.877419579444196E-016
         217           1  0.000000000000000E+000 -2.372580420553397E-016
         217           2  0.000000000000000E+000 -3.877419579444982E-016
         218           1  0.000000000000000E+000 -2.372580420553400E-016
         218           2  0.000000000000000E+000 -3.877419579445003E-016
         219           1  0.000000000000000E+000 -2.372580420552957E-016
         219           2  0.000000000000000E+000 -3.877419579444120E-016
         220           1  0.000000000000000E+000 -2.372580420552982E-016
         220           2  0.000000000000000E+000 -3.877419579444195E-016
         221           1  0.000000000000000E+000 -2.372580420554018E-016
         221           2  0.000000000000000E+000 -3.877419579445448E-016
         222           1  0.000000000000000E+000 -2.372580420554102E-016
         222           2  0.000000000000000E+000 -3.877419579445843E-016
         223           1  0.000000000000000E+000 -2.372580420554170E-016
         223           2  0.000000000000000E+000 -3.877419579445963E-016
         224           1  0.000000000000000E+000 -2.372580420554065E-016
         224           2  0.000000000000000E+000 -3.877419579445650E-016
         225           1  0.000000000000000E+000 -2.372580420553609E-016
         225           2  0.000000000000000E+000 -3.877419579444971E-016
         226           1  0.000000000000000E+000 -2.372580420552704E-016
         226           2  0.000000000000000E+000 -3.877419579443860E-016
         227           1  0.000000000000000E+000 -2.372580420552455E-016
         227           2  0.000000000000000E+000 -3.877419579443682E-016
         228           1  0.000000000000000E+000 -2.372580420552460E-016
         228           2  0.000000000000000E+000 -3.877419579443657E-016
         229           1  0.000000000000000E+000 -2.372580420552442E-016
         229           2  0.000000000000000E+000 -3.877419579443731E-016
         230           1  0.000000000000000E+000 -2.372580420552408E-016
         230           2  0.000000000000000E+000 -3.877419579443752E-016
         231           1  0.000000000000000E+000 -2.372580420552667E-016
         231           2  0.000000000000000E+000 -3.877419579443741E-016
         232           1  0.000000000000000E+000 -2.372580420552637E-016
         232           2  0.000000000000000E+000 -3.877419579443721E-016
         233           1  0.000000000000000E+000 -2.372580420552438E-016
         233           2  0.000000000000000E+000 -3.877419579443176E-016
         234           1  0.000000000000000E+000 -2.372580420552342E-016
         234           2  0.000000000000000E+000 -3.877419579443134E-016
         235           1  0.000000000000000E+000 -2.372580420551917E-016
         235           2  0.000000000000000E+000 -3.877419579442599E-016
         236           1  0.000000000000000E+000 -2.372580420553073E-016
         236           2  0.000000000000000E+000 -3.877419579444359E-016
         237           1  0.000000000000000E+000 -2.372580420553377E-016
         237           2  0.000000000000000E+000 -3.877419579445266E-016
         238           1  0.000000000000000E+000 -2.372580420553346E-016
         238           2  0.000000000000000E+000 -3.877419579445002E-016
         239           1  0.000000000000000E+000 -2.372580420552975E-016
         239           2  0.000000000000000E+000 -3.877419579444471E-016
         240           1  0.000000000000000E+000 -2.372580420553086E-016
         240           2  0.000000000000000E+000 -3.877419579444581E-016
         241           1  0.000000000000000E+000 -2.372580420553165E-016
         241           2  0.000000000000000E+000 -3.877419579444611E-016
         242           1  0.000000000000000E+000 -2.372580420554330E-016
         242           2  0.000000000000000E+000 -3.877419579446236E-016
         243           1  0.000000000000000E+000 -2.372580420554070E-016
         243           2  0.000000000000000E+000 -3.877419579446198E-016
         244           1  0.000000000000000E+000 -2.372580420554194E-016
         244           2  0.000000000000000E+000 -3.877419579446042E-016
         245           1  0.000000000000000E+000 -2.372580420553630E-016
         245           2  0.000000000000000E+000 -3.877419579444920E-016
         246           1  0.000000000000000E+000 -2.372580420552622E-016
         246           2  0.000000000000000E+000 -3.877419579444001E-016
         247           1  0.000000000000000E+000 -2.372580420552241E-016
         247           2  0.000000000000000E+000 -3.877419579443631E-016
         248           1  0.000000000000000E+000 -2.372580420552163E-016
         248           2  0.000000000000000E+000 -3.877419579443374E-016
         249           1  0.000000000000000E+000 -2.372580420552144E-016
         249           2  0.000000000000000E+000 -3.877419579443409E-016
         250           1  0.000000000000000E+000 -2.372580420552429E-016
         250           2  0.000000000000000E+000 -3.877419579443657E-016
         251           1  0.000000000000000E+000 -2.372580420552766E-016
         251           2  0.000000000000000E+000 -3.877419579443896E-016
         252           1  0.000000000000000E+000 -2.372580420552520E-016
         252           2  0.000000000000000E+000 -3.877419579443409E-016
         253           1  0.000000000000000E+000 -2.372580420551889E-016
         253           2  0.000000000000000E+000 -3.877419579442201E-016
         254           1  0.000000000000000E+000 -2.372580420552752E-016
         254           2  0.000000000000000E+000 -3.877419579443534E-016
         255           1  0.000000000000000E+000 -2.372580420552750E-016
         255           2  0.000000000000000E+000 -3.877419579443795E-016
         256           1  0.000000000000000E+000 -2.372580420553213E-016
         256           2  0.000000000000000E+000 -3.877419579444625E-016
         257           1  0.000000000000000E+000 -2.372580420553499E-016
         257           2  0.000000000000000E+000 -3.877419579445230E-016
         258           1  0.000000000000000E+000 -2.372580420553234E-016
         258           2  0.000000000000000E+000 -3.877419579444835E-016
         259           1  0.000000000000000E+000 -2.372580420552874E-016
         259           2  0.000000000000000E+000 -3.877419579444306E-016
         260           1  0.000000000000000E+000 -2.372580420552934E-016
         260           2  0.000000000000000E+000 -3.877419579444309E-016
         261           1  0.000000000000000E+000 -2.372580420552663E-016
         261           2  0.000000000000000E+000 -3.877419579444112E-016
         262           1  0.000000000000000E+000 -2.372580420553697E-016
         262           2  0.000000000000000E+000 -3.877419579445486E-016
         263           1  0.000000000000000E+000 -2.372580420554160E-016
         263           2  0.000000000000000E+000 -3.877419579445946E-016
         264           1  0.000000000000000E+000 -2.372580420554028E-016
         264           2  0.000000000000000E+000 -3.877419579445657E-016
         265           1  0.000000000000000E+000 -2.372580420553563E-016
         265           2  0.000000000000000E+000 -3.877419579444923E-016
         266           1  0.000000000000000E+000 -2.372580420552741E-016
         266           2  0.000000000000000E+000 -3.877419579444210E-016
         267           1  0.000000000000000E+000 -2.372580420552423E-016
         267           2  0.000000000000000E+000 -3.877419579443667E-016
         268           1  0.000000000000000E+000 -2.372580420552396E-016
         268           2  0.000000000000000E+000 -3.877419579443514E-016
         269           1  0.000000000000000E+000 -2.372580420552216E-016
         269           2  0.000000000000000E+000 -3.877419579443245E-016
         270           1  0.000000000000000E+000 -2.372580420552404E-016
         270           2  0.000000000000000E+000 -3.877419579443584E-016
         271           1  0.000000000000000E+000 -2.372580420552854E-016
         271           2  0.000000000000000E+000 -3.877419579443884E-016
         272           1  0.000000000000000E+000 -2.372580420552783E-016
         272           2  0.000000000000000E+000 -3.877419579443908E-016
         273           1  0.000000000000000E+000 -2.372580420552595E-016
         273           2  0.000000000000000E+000 -3.877419579443495E-016
         274           1  0.000000000000000E+000 -2.372580420552851E-016
         274           2  0.000000000000000E+000 -3.877419579443831E-016
         275           1  0.000000000000000E+000 -2.372580420552837E-016
         275           2  0.000000000000000E+000 -3.877419579443758E-016
         276           1  0.000000000000000E+000 -2.372580420552992E-016
         276           2  0.000000000000000E+000 -3.877419579444372E-016
         277           1  0.000000000000000E+000 -2.372580420553516E-016
         277           2  0.000000000000000E+000 -3.877419579445145E-016
         278           1  0.000000000000000E+000 -2.372580420553315E-016
         278           2  0.000000000000000E+000 -3.877419579444485E-016
         279           1  0.000000000000000E+000 -2.372580420552886E-016
         279           2  0.000000000000000E+000 -3.877419579443963E-016
         280           1  0.000000000000000E+000 -2.372580420553188E-016
         280           2  0.000000000000000E+000 -3.877419579444559E-016
         281           1  0.000000000000000E+000 -2.372580420553262E-016
         281           2  0.000000000000000E+000 -3.877419579444867E-016
         282           1  0.000000000000000E+000 -2.372580420553712E-016
         282           2  0.000000000000000E+000 -3.877419579445163E-016
         283           1  0.000000000000000E+000 -2.372580420553987E-016
         283           2  0.000000000000000E+000 -3.877419579445661E-016
         284           1  0.000000000000000E+000 -2.372580420553559E-016
         284           2  0.000000000000000E+000 -3.877419579445364E-016
         285           1  0.000000000000000E+000 -2.372580420553030E-016
         285           2  0.000000000000000E+000 -3.877419579444750E-016
         286           1  0.000000000000000E+000 -2.372580420552906E-016
         286           2  0.000000000000000E+000 -3.877419579444184E-016
         287           1  0.000000000000000E+000 -2.372580420552828E-016
         287           2  0.000000000000000E+000 -3.877419579444023E-016
         288           1  0.000000000000000E+000 -2.372580420552574E-016
         288           2  0.000000000000000E+000 -3.877419579443666E-016
         289           1  0.000000000000000E+000 -2.372580420552512E-016
         289           2  0.000000000000000E+000 -3.877419579443821E-016
         290           1  0.000000000000000E+000 -2.372580420552689E-016
         290           2  0.000000000000000E+000 -3.877419579443886E-016
         291           1  0.000000000000000E+000 -2.372580420552988E-016
         291           2  0.000000000000000E+000 -3.877419579444127E-016
         292           1  0.000000000000000E+000 -2.372580420552837E-016
         292           2  0.000000000000000E+000 -3.877419579443820E-016
         293           1  0.000000000000000E+000 -2.372580420552552E-016
         293           2  0.000000000000000E+000 -3.877419579443533E-016
         294           1  0.000000000000000E+000 -2.372580420552756E-016
         294           2  0.000000000000000E+000 -3.877419579443736E-016
         295           1  0.000000000000000E+000 -2.372580420552752E-016
         295           2  0.000000000000000E+000 -3.877419579443761E-016
         296           1  0.000000000000000E+000 -2.372580420553125E-016
         296           2  0.000000000000000E+000 -3.877419579444633E-016
         297           1  0.000000000000000E+000 -2.372580420553426E-016
         297           2  0.000000000000000E+000 -3.877419579445238E-016
         298           1  0.000000000000000E+000 -2.372580420553438E-016
         298           2  0.000000000000000E+000 -3.877419579444987E-016
         299           1  0.000000000000000E+000 -2.372580420552939E-016
         299           2  0.000000000000000E+000 -3.877419579444066E-016
         300           1  0.000000000000000E+000 -2.372580420552932E-016
         300           2  0.000000000000000E+000 -3.877419579444131E-016
         301           1  0.000000000000000E+000 -2.372580420553742E-016
         301           2  0.000000000000000E+000 -3.877419579445187E-016
         302           1  0.000000000000000E+000 -2.372580420553850E-016
         302           2  0.000000000000000E+000 -3.877419579445166E-016
         303           1  0.000000000000000E+000 -2.372580420553785E-016
         303           2  0.000000000000000E+000 -3.877419579445241E-016
         304           1  0.000000000000000E+000 -2.372580420553461E-016
         304           2  0.000000000000000E+000 -3.877419579445081E-016
         305           1  0.000000000000000E+000 -2.372580420552854E-016
         305           2  0.000000000000000E+000 -3.877419579444273E-016
         306           1  0.000000000000000E+000 -2.372580420552831E-016
         306           2  0.000000000000000E+000 -3.877419579444170E-016
         307           1  0.000000000000000E+000 -2.372580420552791E-016
         307           2  0.000000000000000E+000 -3.877419579444134E-016
         308           1  0.000000000000000E+000 -2.372580420552891E-016
         308           2  0.000000000000000E+000 -3.877419579444055E-016
         309           1  0.000000000000000E+000 -2.372580420552889E-016
         309           2  0.000000000000000E+000 -3.877419579444005E-016
         310           1  0.000000000000000E+000 -2.372580420552773E-016
         310           2  0.000000000000000E+000 -3.877419579444239E-016
         311           1  0.000000000000000E+000 -2.372580420552930E-016
         311           2  0.000000000000000E+000 -3.877419579444201E-016
         312           1  0.000000000000000E+000 -2.372580420552946E-016
         312           2  0.000000000000000E+000 -3.877419579444275E-016
         313           1  0.000000000000000E+000 -2.372580420552979E-016
         313           2  0.000000000000000E+000 -3.877419579444224E-016
         314           1  0.000000000000000E+000 -2.372580420553065E-016
         314           2  0.000000000000000E+000 -3.877419579444321E-016
         315           1  0.000000000000000E+000 -2.372580420552943E-016
         315           2  0.000000000000000E+000 -3.877419579444051E-016
         316           1  0.000000000000000E+000 -2.372580420553195E-016
         316           2  0.000000000000000E+000 -3.877419579444623E-016
         317           1  0.000000000000000E+000 -2.372580420553584E-016
         317           2  0.000000000000000E+000 -3.877419579445237E-016
         318           1  0.000000000000000E+000 -2.372580420553243E-016
         318           2  0.000000000000000E+000 -3.877419579444704E-016
         319           1  0.000000000000000E+000 -2.372580420553091E-016
         319           2  0.000000000000000E+000 -3.877419579444131E-016
         320           1  0.000000000000000E+000 -2.372580420553377E-016
         320           2  0.000000000000000E+000 -3.877419579444638E-016
         321           1  0.000000000000000E+000 -2.372580420553240E-016
         321           2  0.000000000000000E+000 -3.877419579444646E-016
         322           1  0.000000000000000E+000 -2.372580420553367E-016
         322           2  0.000000000000000E+000 -3.877419579444830E-016
         323           1  0.000000000000000E+000 -2.372580420553358E-016
         323           2  0.000000000000000E+000 -3.877419579444740E-016
         324           1  0.000000000000000E+000 -2.372580420553200E-016
         324           2  0.000000000000000E+000 -3.877419579444699E-016
         325           1  0.000000000000000E+000 -2.372580420553101E-016
         325           2  0.000000000000000E+000 -3.877419579444621E-016
         326           1  0.000000000000000E+000 -2.372580420553219E-016
         326           2  0.000000000000000E+000 -3.877419579444610E-016
         327           1  0.000000000000000E+000 -2.372580420553427E-016
         327           2  0.000000000000000E+000 -3.877419579444817E-016
         328           1  0.000000000000000E+000 -2.372580420553311E-016
         328           2  0.000000000000000E+000 -3.877419579444638E-016
         329           1  0.000000000000000E+000 -2.372580420553331E-016
         329           2  0.000000000000000E+000 -3.877419579445091E-016
         330           1  0.000000000000000E+000 -2.372580420553313E-016
         330           2  0.000000000000000E+000 -3.877419579445205E-016
         331           1  0.000000000000000E+000 -2.372580420553533E-016
         331           2  0.000000000000000E+000 -3.877419579445154E-016
         332           1  0.000000000000000E+000 -2.372580420553564E-016
         332           2  0.000000000000000E+000 -3.877419579445317E-016
         333           1  0.000000000000000E+000 -2.372580420553552E-016
         333           2  0.000000000000000E+000 -3.877419579445284E-016
         334           1  0.000000000000000E+000 -2.372580420553474E-016
         334           2  0.000000000000000E+000 -3.877419579445119E-016
         335           1  0.000000000000000E+000 -2.372580420553591E-016
         335           2  0.000000000000000E+000 -3.877419579445283E-016
         336           1  0.000000000000000E+000 -2.372580420553854E-016
         336           2  0.000000000000000E+000 -3.877419579445602E-016
         337           1  0.000000000000000E+000 -2.372580420553716E-016
         337           2  0.000000000000000E+000 -3.877419579445169E-016
         338           1  0.000000000000000E+000 -2.372580420553330E-016
         338           2  0.000000000000000E+000 -3.877419579444504E-016
         339           1  0.000000000000000E+000 -2.372580420552942E-016
         339           2  0.000000000000000E+000 -3.877419579444010E-016
         340           1  0.000000000000000E+000 -2.372580420553229E-016
         340           2  0.000000000000000E+000 -3.877419579444355E-016
         341           1  0.000000000000000E+000 -2.372580420553064E-016
         341           2  0.000000000000000E+000 -3.877419579444482E-016
         342           1  0.000000000000000E+000 -2.372580420553200E-016
         342           2  0.000000000000000E+000 -3.877419579444524E-016
         343           1  0.000000000000000E+000 -2.372580420553410E-016
         343           2  0.000000000000000E+000 -3.877419579444667E-016
         344           1  0.000000000000000E+000 -2.372580420553446E-016
         344           2  0.000000000000000E+000 -3.877419579445011E-016
         345           1  0.000000000000000E+000 -2.372580420553469E-016
         345           2  0.000000000000000E+000 -3.877419579444757E-016
         346           1  0.000000000000000E+000 -2.372580420553496E-016
         346           2  0.000000000000000E+000 -3.877419579444918E-016
         347           1  0.000000000000000E+000 -2.372580420553794E-016
         347           2  0.000000000000000E+000 -3.877419579445241E-016
         348           1  0.000000000000000E+000 -2.372580420553664E-016
         348           2  0.000000000000000E+000 -3.877419579445261E-016
         349           1  0.000000000000000E+000 -2.372580420553379E-016
         349           2  0.000000000000000E+000 -3.877419579444888E-016
         350           1  0.000000000000000E+000 -2.372580420553429E-016
         350           2  0.000000000000000E+000 -3.877419579445297E-016
         351           1  0.000000000000000E+000 -2.372580420553509E-016
         351           2  0.000000000000000E+000 -3.877419579445362E-016
         352           1  0.000000000000000E+000 -2.372580420553491E-016
         352           2  0.000000000000000E+000 -3.877419579445190E-016
         353           1  0.000000000000000E+000 -2.372580420553141E-016
         353           2  0.000000000000000E+000 -3.877419579444674E-016
         354           1  0.000000000000000E+000 -2.372580420552968E-016
         354           2  0.000000000000000E+000 -3.877419579444537E-016
         355           1  0.000000000000000E+000 -2.372580420553062E-016
         355           2  0.000000000000000E+000 -3.877419579444724E-016
         356           1  0.000000000000000E+000 -2.372580420553781E-016
         356           2  0.000000000000000E+000 -3.877419579445218E-016
         357           1  0.000000000000000E+000 -2.372580420553791E-016
         357           2  0.000000000000000E+000 -3.877419579445526E-016
         358           1  0.000000000000000E+000 -2.372580420553518E-016
         358           2  0.000000000000000E+000 -3.877419579444594E-016
         359           1  0.000000000000000E+000 -2.372580420553020E-016
         359           2  0.000000000000000E+000 -3.877419579444407E-016
         360           1  0.000000000000000E+000 -2.372580420553214E-016
         360           2  0.000000000000000E+000 -3.877419579444488E-016
         361           1  0.000000000000000E+000 -2.372580420553269E-016
         361           2  0.000000000000000E+000 -3.877419579444526E-016
         362           1  0.000000000000000E+000 -2.372580420553271E-016
         362           2  0.000000000000000E+000 -3.877419579444549E-016
         363           1  0.000000000000000E+000 -2.372580420553432E-016
         363           2  0.000000000000000E+000 -3.877419579444693E-016
         364           1  0.000000000000000E+000 -2.372580420553490E-016
         364           2  0.000000000000000E+000 -3.877419579444644E-016
         365           1  0.000000000000000E+000 -2.372580420553367E-016
         365           2  0.000000000000000E+000 -3.877419579444331E-016
         366           1  0.000000000000000E+000 -2.372580420553043E-016
         366           2  0.000000000000000E+000 -3.877419579444377E-016
         367           1  0.000000000000000E+000 -2.372580420553143E-016
         367           2  0.000000000000000E+000 -3.877419579444402E-016
         368           1  0.000000000000000E+000 -2.372580420553037E-016
         368           2  0.000000000000000E+000 -3.877419579444369E-016
         369           1  0.000000000000000E+000 -2.372580420552746E-016
         369           2  0.000000000000000E+000 -3.877419579444026E-016
         370           1  0.000000000000000E+000 -2.372580420552811E-016
         370           2  0.000000000000000E+000 -3.877419579443637E-016
         371           1  0.000000000000000E+000 -2.372580420552785E-016
         371           2  0.000000000000000E+000 -3.877419579443689E-016
         372           1  0.000000000000000E+000 -2.372580420552762E-016
         372           2  0.000000000000000E+000 -3.877419579443671E-016
         373           1  0.000000000000000E+000 -2.372580420552638E-016
         373           2  0.000000000000000E+000 -3.877419579444018E-016
         374           1  0.000000000000000E+000 -2.372580420552807E-016
         374           2  0.000000000000000E+000 -3.877419579444176E-016
         375           1  0.000000000000000E+000 -2.372580420552972E-016
         375           2  0.000000000000000E+000 -3.877419579444506E-016
         376           1  0.000000000000000E+000 -2.372580420553117E-016
         376           2  0.000000000000000E+000 -3.877419579444413E-016
         377           1  0.000000000000000E+000 -2.372580420553244E-016
         377           2  0.000000000000000E+000 -3.877419579444480E-016
         378           1  0.000000000000000E+000 -2.372580420553271E-016
         378           2  0.000000000000000E+000 -3.877419579444450E-016
         379           1  0.000000000000000E+000 -2.372580420553320E-016
         379           2  0.000000000000000E+000 -3.877419579444544E-016
         380           1  0.000000000000000E+000 -2.372580420553497E-016
         380           2  0.000000000000000E+000 -3.877419579445001E-016
         381           1  0.000000000000000E+000 -2.372580420553350E-016
         381           2  0.000000000000000E+000 -3.877419579444678E-016
         382           1  0.000000000000000E+000 -2.372580420553427E-016
         382           2  0.000000000000000E+000 -3.877419579444688E-016
         383           1  0.000000000000000E+000 -2.372580420553363E-016
         383           2  0.000000000000000E+000 -3.877419579444720E-016
         384           1  0.000000000000000E+000 -2.372580420553474E-016
         384           2  0.000000000000000E+000 -3.877419579444676E-016
         385           1  0.000000000000000E+000 -2.372580420553396E-016
         385           2  0.000000000000000E+000 -3.877419579444794E-016
         386           1  0.000000000000000E+000 -2.372580420553212E-016
         386           2  0.000000000000000E+000 -3.877419579444601E-016
         387           1  0.000000000000000E+000 -2.372580420553134E-016
         387           2  0.000000000000000E+000 -3.877419579444418E-016
         388           1  0.000000000000000E+000 -2.372580420553198E-016
         388           2  0.000000000000000E+000 -3.877419579444395E-016
         389           1  0.000000000000000E+000 -2.372580420552892E-016
         389           2  0.000000000000000E+000 -3.877419579444071E-016
         390           1  0.000000000000000E+000 -2.372580420552815E-016
         390           2  0.000000000000000E+000 -3.877419579444002E-016
         391           1  0.000000000000000E+000 -2.372580420552754E-016
         391           2  0.000000000000000E+000 -3.877419579443909E-016
         392           1  0.000000000000000E+000 -2.372580420552486E-016
         392           2  0.000000000000000E+000 -3.877419579443728E-016
         393           1  0.000000000000000E+000 -2.372580420552931E-016
         393           2  0.000000000000000E+000 -3.877419579443952E-016
         394           1  0.000000000000000E+000 -2.372580420553152E-016
         394           2  0.000000000000000E+000 -3.877419579444298E-016
         395           1  0.000000000000000E+000 -2.372580420553323E-016
         395           2  0.000000000000000E+000 -3.877419579444928E-016
         396           1  0.000000000000000E+000 -2.372580420553079E-016
         396           2  0.000000000000000E+000 -3.877419579444705E-016
         397           1  0.000000000000000E+000 -2.372580420552872E-016
         397           2  0.000000000000000E+000 -3.877419579443913E-016
         398           1  0.000000000000000E+000 -2.372580420553108E-016
         398           2  0.000000000000000E+000 -3.877419579444234E-016
         399           1  0.000000000000000E+000 -2.372580420553837E-016
         399           2  0.000000000000000E+000 -3.877419579444801E-016
         400           1  0.000000000000000E+000 -2.372580420553831E-016
         400           2  0.000000000000000E+000 -3.877419579445043E-016
