           1           1  0.000000000000000E+000 -1.351351351351182E-017
           1           2  0.000000000000000E+000 -1.148648648648547E-017
           2           1  0.000000000000000E+000 -1.351351351351190E-017
           2           2  0.000000000000000E+000 -1.148648648648531E-017
           3           1  0.000000000000000E+000 -1.351351351351114E-017
           3           2  0.000000000000000E+000 -1.148648648648427E-017
           4           1  0.000000000000000E+000 -1.351351351351354E-017
           4           2  0.000000000000000E+000 -1.148648648648625E-017
           5           1  0.000000000000000E+000 -1.351351351351460E-017
           5           2  0.000000000000000E+000 -1.148648648648725E-017
           6           1  0.000000000000000E+000 -1.351351351351394E-017
           6           2  0.000000000000000E+000 -1.148648648648704E-017
           7           1  0.000000000000000E+000 -1.351351351351361E-017
           7           2  0.000000000000000E+000 -1.148648648648589E-017
           8           1  0.000000000000000E+000 -1.351351351351361E-017
           8           2  0.000000000000000E+000 -1.148648648648600E-017
           9           1  0.000000000000000E+000 -1.351351351351276E-017
           9           2  0.000000000000000E+000 -1.148648648648572E-017
          10           1  0.000000000000000E+000 -1.351351351351283E-017
          10           2  0.000000000000000E+000 -1.148648648648608E-017
          11           1  0.000000000000000E+000 -1.351351351351296E-017
          11           2  0.000000000000000E+000 -1.148648648648602E-017
          12           1  0.000000000000000E+000 -1.351351351351294E-017
          12           2  0.000000000000000E+000 -1.148648648648632E-017
          13           1  0.000000000000000E+000 -1.351351351351546E-017
          13           2  0.000000000000000E+000 -1.148648648648815E-017
          14           1  0.000000000000000E+000 -1.351351351351478E-017
          14           2  0.000000000000000E+000 -1.148648648648766E-017
          15           1  0.000000000000000E+000 -1.351351351351325E-017
          15           2  0.000000000000000E+000 -1.148648648648680E-017
          16           1  0.000000000000000E+000 -1.351351351351232E-017
          16           2  0.000000000000000E+000 -1.148648648648623E-017
          17           1  0.000000000000000E+000 -1.351351351351325E-017
          17           2  0.000000000000000E+000 -1.148648648648659E-017
          18           1  0.000000000000000E+000 -1.351351351351185E-017
          18           2  0.000000000000000E+000 -1.148648648648442E-017
          19           1  0.000000000000000E+000 -1.351351351351012E-017
          19           2  0.000000000000000E+000 -1.148648648648367E-017
          20           1  0.000000000000000E+000 -1.351351351351088E-017
          20           2  0.000000000000000E+000 -1.148648648648422E-017
          21           1  0.000000000000000E+000 -1.351351351351191E-017
          21           2  0.000000000000000E+000 -1.148648648648525E-017
          22           1  0.000000000000000E+000 -1.351351351351122E-017
          22           2  0.000000000000000E+000 -1.148648648648542E-017
          23           1  0.000000000000000E+000 -1.351351351351124E-017
          23           2  0.000000000000000E+000 -1.148648648648505E-017
          24           1  0.000000000000000E+000 -1.351351351351320E-017
          24           2  0.000000000000000E+000 -1.148648648648676E-017
          25           1  0.000000000000000E+000 -1.351351351351441E-017
          25           2  0.000000000000000E+000 -1.148648648648739E-017
          26           1  0.000000000000000E+000 -1.351351351351337E-017
          26           2  0.000000000000000E+000 -1.148648648648729E-017
          27           1  0.000000000000000E+000 -1.351351351351357E-017
          27           2  0.000000000000000E+000 -1.148648648648673E-017
          28           1  0.000000000000000E+000 -1.351351351351326E-017
          28           2  0.000000000000000E+000 -1.148648648648622E-017
          29           1  0.000000000000000E+000 -1.351351351351280E-017
          29           2  0.000000000000000E+000 -1.148648648648592E-017
          30           1  0.000000000000000E+000 -1.351351351351318E-017
          30           2  0.000000000000000E+000 -1.148648648648657E-017
          31           1  0.000000000000000E+000 -1.351351351351403E-017
          31           2  0.000000000000000E+000 -1.148648648648655E-017
          32           1  0.000000000000000E+000 -1.351351351351305E-017
          32           2  0.000000000000000E+000 -1.148648648648591E-017
          33           1  0.000000000000000E+000 -1.351351351351629E-017
          33           2  0.000000000000000E+000 -1.148648648648948E-017
          34           1  0.000000000000000E+000 -1.351351351351678E-017
          34           2  0.000000000000000E+000 -1.148648648648938E-017
          35           1  0.000000000000000E+000 -1.351351351351427E-017
          35           2  0.000000000000000E+000 -1.148648648648746E-017
          36           1  0.000000000000000E+000 -1.351351351351303E-017
          36           2  0.000000000000000E+000 -1.148648648648579E-017
          37           1  0.000000000000000E+000 -1.351351351351411E-017
          37           2  0.000000000000000E+000 -1.148648648648659E-017
          38           1  0.000000000000000E+000 -1.351351351350977E-017
          38           2  0.000000000000000E+000 -1.148648648648365E-017
          39           1  0.000000000000000E+000 -1.351351351351164E-017
          39           2  0.000000000000000E+000 -1.148648648648396E-017
          40           1  0.000000000000000E+000 -1.351351351350837E-017
          40           2  0.000000000000000E+000 -1.148648648648265E-017
          41           1  0.000000000000000E+000 -1.351351351351111E-017
          41           2  0.000000000000000E+000 -1.148648648648390E-017
          42           1  0.000000000000000E+000 -1.351351351351145E-017
          42           2  0.000000000000000E+000 -1.148648648648502E-017
          43           1  0.000000000000000E+000 -1.351351351351323E-017
          43           2  0.000000000000000E+000 -1.148648648648617E-017
          44           1  0.000000000000000E+000 -1.351351351351357E-017
          44           2  0.000000000000000E+000 -1.148648648648727E-017
          45           1  0.000000000000000E+000 -1.351351351351345E-017
          45           2  0.000000000000000E+000 -1.148648648648674E-017
          46           1  0.000000000000000E+000 -1.351351351351363E-017
          46           2  0.000000000000000E+000 -1.148648648648655E-017
          47           1  0.000000000000000E+000 -1.351351351351356E-017
          47           2  0.000000000000000E+000 -1.148648648648602E-017
          48           1  0.000000000000000E+000 -1.351351351351258E-017
          48           2  0.000000000000000E+000 -1.148648648648616E-017
          49           1  0.000000000000000E+000 -1.351351351351340E-017
          49           2  0.000000000000000E+000 -1.148648648648609E-017
          50           1  0.000000000000000E+000 -1.351351351351375E-017
          50           2  0.000000000000000E+000 -1.148648648648651E-017
          51           1  0.000000000000000E+000 -1.351351351351416E-017
          51           2  0.000000000000000E+000 -1.148648648648671E-017
          52           1  0.000000000000000E+000 -1.351351351351314E-017
          52           2  0.000000000000000E+000 -1.148648648648595E-017
          53           1  0.000000000000000E+000 -1.351351351351210E-017
          53           2  0.000000000000000E+000 -1.148648648648647E-017
          54           1  0.000000000000000E+000 -1.351351351351339E-017
          54           2  0.000000000000000E+000 -1.148648648648623E-017
          55           1  0.000000000000000E+000 -1.351351351351259E-017
          55           2  0.000000000000000E+000 -1.148648648648614E-017
          56           1  0.000000000000000E+000 -1.351351351351369E-017
          56           2  0.000000000000000E+000 -1.148648648648581E-017
          57           1  0.000000000000000E+000 -1.351351351351475E-017
          57           2  0.000000000000000E+000 -1.148648648648647E-017
          58           1  0.000000000000000E+000 -1.351351351351099E-017
          58           2  0.000000000000000E+000 -1.148648648648388E-017
          59           1  0.000000000000000E+000 -1.351351351351014E-017
          59           2  0.000000000000000E+000 -1.148648648648350E-017
          60           1  0.000000000000000E+000 -1.351351351350991E-017
          60           2  0.000000000000000E+000 -1.148648648648404E-017
          61           1  0.000000000000000E+000 -1.351351351351284E-017
          61           2  0.000000000000000E+000 -1.148648648648664E-017
          62           1  0.000000000000000E+000 -1.351351351351346E-017
          62           2  0.000000000000000E+000 -1.148648648648628E-017
          63           1  0.000000000000000E+000 -1.351351351351388E-017
          63           2  0.000000000000000E+000 -1.148648648648664E-017
          64           1  0.000000000000000E+000 -1.351351351351333E-017
          64           2  0.000000000000000E+000 -1.148648648648641E-017
          65           1  0.000000000000000E+000 -1.351351351351362E-017
          65           2  0.000000000000000E+000 -1.148648648648627E-017
          66           1  0.000000000000000E+000 -1.351351351351315E-017
          66           2  0.000000000000000E+000 -1.148648648648578E-017
          67           1  0.000000000000000E+000 -1.351351351351263E-017
          67           2  0.000000000000000E+000 -1.148648648648551E-017
          68           1  0.000000000000000E+000 -1.351351351351283E-017
          68           2  0.000000000000000E+000 -1.148648648648599E-017
          69           1  0.000000000000000E+000 -1.351351351351347E-017
          69           2  0.000000000000000E+000 -1.148648648648654E-017
          70           1  0.000000000000000E+000 -1.351351351351309E-017
          70           2  0.000000000000000E+000 -1.148648648648685E-017
          71           1  0.000000000000000E+000 -1.351351351351351E-017
          71           2  0.000000000000000E+000 -1.148648648648663E-017
          72           1  0.000000000000000E+000 -1.351351351351273E-017
          72           2  0.000000000000000E+000 -1.148648648648603E-017
          73           1  0.000000000000000E+000 -1.351351351351216E-017
          73           2  0.000000000000000E+000 -1.148648648648570E-017
          74           1  0.000000000000000E+000 -1.351351351351197E-017
          74           2  0.000000000000000E+000 -1.148648648648528E-017
          75           1  0.000000000000000E+000 -1.351351351351199E-017
          75           2  0.000000000000000E+000 -1.148648648648560E-017
          76           1  0.000000000000000E+000 -1.351351351351411E-017
          76           2  0.000000000000000E+000 -1.148648648648636E-017
          77           1  0.000000000000000E+000 -1.351351351351420E-017
          77           2  0.000000000000000E+000 -1.148648648648672E-017
          78           1  0.000000000000000E+000 -1.351351351351600E-017
          78           2  0.000000000000000E+000 -1.148648648648831E-017
          79           1  0.000000000000000E+000 -1.351351351351377E-017
          79           2  0.000000000000000E+000 -1.148648648648712E-017
          80           1  0.000000000000000E+000 -1.351351351351338E-017
          80           2  0.000000000000000E+000 -1.148648648648665E-017
          81           1  0.000000000000000E+000 -1.351351351351458E-017
          81           2  0.000000000000000E+000 -1.148648648648698E-017
          82           1  0.000000000000000E+000 -1.351351351351413E-017
          82           2  0.000000000000000E+000 -1.148648648648714E-017
          83           1  0.000000000000000E+000 -1.351351351351397E-017
          83           2  0.000000000000000E+000 -1.148648648648753E-017
          84           1  0.000000000000000E+000 -1.351351351351299E-017
          84           2  0.000000000000000E+000 -1.148648648648660E-017
          85           1  0.000000000000000E+000 -1.351351351351263E-017
          85           2  0.000000000000000E+000 -1.148648648648598E-017
          86           1  0.000000000000000E+000 -1.351351351351216E-017
          86           2  0.000000000000000E+000 -1.148648648648579E-017
          87           1  0.000000000000000E+000 -1.351351351351175E-017
          87           2  0.000000000000000E+000 -1.148648648648548E-017
          88           1  0.000000000000000E+000 -1.351351351351225E-017
          88           2  0.000000000000000E+000 -1.148648648648558E-017
          89           1  0.000000000000000E+000 -1.351351351351319E-017
          89           2  0.000000000000000E+000 -1.148648648648559E-017
          90           1  0.000000000000000E+000 -1.351351351351332E-017
          90           2  0.000000000000000E+000 -1.148648648648625E-017
          91           1  0.000000000000000E+000 -1.351351351351257E-017
          91           2  0.000000000000000E+000 -1.148648648648578E-017
          92           1  0.000000000000000E+000 -1.351351351351280E-017
          92           2  0.000000000000000E+000 -1.148648648648601E-017
          93           1  0.000000000000000E+000 -1.351351351351233E-017
          93           2  0.000000000000000E+000 -1.148648648648587E-017
          94           1  0.000000000000000E+000 -1.351351351351225E-017
          94           2  0.000000000000000E+000 -1.148648648648569E-017
          95           1  0.000000000000000E+000 -1.351351351351261E-017
          95           2  0.000000000000000E+000 -1.148648648648615E-017
          96           1  0.000000000000000E+000 -1.351351351351436E-017
          96           2  0.000000000000000E+000 -1.148648648648702E-017
          97           1  0.000000000000000E+000 -1.351351351351486E-017
          97           2  0.000000000000000E+000 -1.148648648648847E-017
          98           1  0.000000000000000E+000 -1.351351351351656E-017
          98           2  0.000000000000000E+000 -1.148648648648924E-017
          99           1  0.000000000000000E+000 -1.351351351351311E-017
          99           2  0.000000000000000E+000 -1.148648648648706E-017
         100           1  0.000000000000000E+000 -1.351351351351090E-017
         100           2  0.000000000000000E+000 -1.148648648648520E-017
         101           1  0.000000000000000E+000 -1.351351351351464E-017
         101           2  0.000000000000000E+000 -1.148648648648711E-017
         102           1  0.000000000000000E+000 -1.351351351351371E-017
         102           2  0.000000000000000E+000 -1.148648648648696E-017
         103           1  0.000000000000000E+000 -1.351351351351291E-017
         103           2  0.000000000000000E+000 -1.148648648648671E-017
         104           1  0.000000000000000E+000 -1.351351351351193E-017
         104           2  0.000000000000000E+000 -1.148648648648579E-017
         105           1  0.000000000000000E+000 -1.351351351351248E-017
         105           2  0.000000000000000E+000 -1.148648648648583E-017
         106           1  0.000000000000000E+000 -1.351351351351220E-017
         106           2  0.000000000000000E+000 -1.148648648648523E-017
         107           1  0.000000000000000E+000 -1.351351351351133E-017
         107           2  0.000000000000000E+000 -1.148648648648479E-017
         108           1  0.000000000000000E+000 -1.351351351351170E-017
         108           2  0.000000000000000E+000 -1.148648648648527E-017
         109           1  0.000000000000000E+000 -1.351351351351186E-017
         109           2  0.000000000000000E+000 -1.148648648648536E-017
         110           1  0.000000000000000E+000 -1.351351351351272E-017
         110           2  0.000000000000000E+000 -1.148648648648570E-017
         111           1  0.000000000000000E+000 -1.351351351351287E-017
         111           2  0.000000000000000E+000 -1.148648648648590E-017
         112           1  0.000000000000000E+000 -1.351351351351218E-017
         112           2  0.000000000000000E+000 -1.148648648648587E-017
         113           1  0.000000000000000E+000 -1.351351351351253E-017
         113           2  0.000000000000000E+000 -1.148648648648579E-017
         114           1  0.000000000000000E+000 -1.351351351351304E-017
         114           2  0.000000000000000E+000 -1.148648648648614E-017
         115           1  0.000000000000000E+000 -1.351351351351332E-017
         115           2  0.000000000000000E+000 -1.148648648648674E-017
         116           1  0.000000000000000E+000 -1.351351351351521E-017
         116           2  0.000000000000000E+000 -1.148648648648854E-017
         117           1  0.000000000000000E+000 -1.351351351351528E-017
         117           2  0.000000000000000E+000 -1.148648648648834E-017
         118           1  0.000000000000000E+000 -1.351351351351462E-017
         118           2  0.000000000000000E+000 -1.148648648648816E-017
         119           1  0.000000000000000E+000 -1.351351351351328E-017
         119           2  0.000000000000000E+000 -1.148648648648647E-017
         120           1  0.000000000000000E+000 -1.351351351351579E-017
         120           2  0.000000000000000E+000 -1.148648648648873E-017
         121           1  0.000000000000000E+000 -1.351351351351369E-017
         121           2  0.000000000000000E+000 -1.148648648648620E-017
         122           1  0.000000000000000E+000 -1.351351351351368E-017
         122           2  0.000000000000000E+000 -1.148648648648643E-017
         123           1  0.000000000000000E+000 -1.351351351351261E-017
         123           2  0.000000000000000E+000 -1.148648648648554E-017
         124           1  0.000000000000000E+000 -1.351351351351257E-017
         124           2  0.000000000000000E+000 -1.148648648648505E-017
         125           1  0.000000000000000E+000 -1.351351351351215E-017
         125           2  0.000000000000000E+000 -1.148648648648525E-017
         126           1  0.000000000000000E+000 -1.351351351351208E-017
         126           2  0.000000000000000E+000 -1.148648648648533E-017
         127           1  0.000000000000000E+000 -1.351351351351186E-017
         127           2  0.000000000000000E+000 -1.148648648648485E-017
         128           1  0.000000000000000E+000 -1.351351351351178E-017
         128           2  0.000000000000000E+000 -1.148648648648486E-017
         129           1  0.000000000000000E+000 -1.351351351351165E-017
         129           2  0.000000000000000E+000 -1.148648648648507E-017
         130           1  0.000000000000000E+000 -1.351351351351258E-017
         130           2  0.000000000000000E+000 -1.148648648648520E-017
         131           1  0.000000000000000E+000 -1.351351351351217E-017
         131           2  0.000000000000000E+000 -1.148648648648554E-017
         132           1  0.000000000000000E+000 -1.351351351351261E-017
         132           2  0.000000000000000E+000 -1.148648648648573E-017
         133           1  0.000000000000000E+000 -1.351351351351327E-017
         133           2  0.000000000000000E+000 -1.148648648648585E-017
         134           1  0.000000000000000E+000 -1.351351351351286E-017
         134           2  0.000000000000000E+000 -1.148648648648610E-017
         135           1  0.000000000000000E+000 -1.351351351351441E-017
         135           2  0.000000000000000E+000 -1.148648648648733E-017
         136           1  0.000000000000000E+000 -1.351351351351526E-017
         136           2  0.000000000000000E+000 -1.148648648648842E-017
         137           1  0.000000000000000E+000 -1.351351351351519E-017
         137           2  0.000000000000000E+000 -1.148648648648784E-017
         138           1  0.000000000000000E+000 -1.351351351351396E-017
         138           2  0.000000000000000E+000 -1.148648648648715E-017
         139           1  0.000000000000000E+000 -1.351351351351375E-017
         139           2  0.000000000000000E+000 -1.148648648648775E-017
         140           1  0.000000000000000E+000 -1.351351351351549E-017
         140           2  0.000000000000000E+000 -1.148648648648862E-017
         141           1  0.000000000000000E+000 -1.351351351351140E-017
         141           2  0.000000000000000E+000 -1.148648648648458E-017
         142           1  0.000000000000000E+000 -1.351351351351152E-017
         142           2  0.000000000000000E+000 -1.148648648648455E-017
         143           1  0.000000000000000E+000 -1.351351351351118E-017
         143           2  0.000000000000000E+000 -1.148648648648489E-017
         144           1  0.000000000000000E+000 -1.351351351351072E-017
         144           2  0.000000000000000E+000 -1.148648648648438E-017
         145           1  0.000000000000000E+000 -1.351351351351137E-017
         145           2  0.000000000000000E+000 -1.148648648648491E-017
         146           1  0.000000000000000E+000 -1.351351351351184E-017
         146           2  0.000000000000000E+000 -1.148648648648490E-017
         147           1  0.000000000000000E+000 -1.351351351351205E-017
         147           2  0.000000000000000E+000 -1.148648648648482E-017
         148           1  0.000000000000000E+000 -1.351351351351129E-017
         148           2  0.000000000000000E+000 -1.148648648648510E-017
         149           1  0.000000000000000E+000 -1.351351351351140E-017
         149           2  0.000000000000000E+000 -1.148648648648547E-017
         150           1  0.000000000000000E+000 -1.351351351351182E-017
         150           2  0.000000000000000E+000 -1.148648648648539E-017
         151           1  0.000000000000000E+000 -1.351351351351212E-017
         151           2  0.000000000000000E+000 -1.148648648648525E-017
         152           1  0.000000000000000E+000 -1.351351351351248E-017
         152           2  0.000000000000000E+000 -1.148648648648563E-017
         153           1  0.000000000000000E+000 -1.351351351351294E-017
         153           2  0.000000000000000E+000 -1.148648648648618E-017
         154           1  0.000000000000000E+000 -1.351351351351339E-017
         154           2  0.000000000000000E+000 -1.148648648648647E-017
         155           1  0.000000000000000E+000 -1.351351351351427E-017
         155           2  0.000000000000000E+000 -1.148648648648793E-017
         156           1  0.000000000000000E+000 -1.351351351351423E-017
         156           2  0.000000000000000E+000 -1.148648648648810E-017
         157           1  0.000000000000000E+000 -1.351351351351376E-017
         157           2  0.000000000000000E+000 -1.148648648648725E-017
         158           1  0.000000000000000E+000 -1.351351351351333E-017
         158           2  0.000000000000000E+000 -1.148648648648608E-017
         159           1  0.000000000000000E+000 -1.351351351351344E-017
         159           2  0.000000000000000E+000 -1.148648648648678E-017
         160           1  0.000000000000000E+000 -1.351351351351577E-017
         160           2  0.000000000000000E+000 -1.148648648648928E-017
         161           1  0.000000000000000E+000 -1.351351351351049E-017
         161           2  0.000000000000000E+000 -1.148648648648359E-017
         162           1  0.000000000000000E+000 -1.351351351351012E-017
         162           2  0.000000000000000E+000 -1.148648648648421E-017
         163           1  0.000000000000000E+000 -1.351351351351015E-017
         163           2  0.000000000000000E+000 -1.148648648648373E-017
         164           1  0.000000000000000E+000 -1.351351351350997E-017
         164           2  0.000000000000000E+000 -1.148648648648391E-017
         165           1  0.000000000000000E+000 -1.351351351351042E-017
         165           2  0.000000000000000E+000 -1.148648648648461E-017
         166           1  0.000000000000000E+000 -1.351351351351113E-017
         166           2  0.000000000000000E+000 -1.148648648648464E-017
         167           1  0.000000000000000E+000 -1.351351351351161E-017
         167           2  0.000000000000000E+000 -1.148648648648473E-017
         168           1  0.000000000000000E+000 -1.351351351351168E-017
         168           2  0.000000000000000E+000 -1.148648648648480E-017
         169           1  0.000000000000000E+000 -1.351351351351170E-017
         169           2  0.000000000000000E+000 -1.148648648648504E-017
         170           1  0.000000000000000E+000 -1.351351351351168E-017
         170           2  0.000000000000000E+000 -1.148648648648510E-017
         171           1  0.000000000000000E+000 -1.351351351351221E-017
         171           2  0.000000000000000E+000 -1.148648648648500E-017
         172           1  0.000000000000000E+000 -1.351351351351219E-017
         172           2  0.000000000000000E+000 -1.148648648648525E-017
         173           1  0.000000000000000E+000 -1.351351351351279E-017
         173           2  0.000000000000000E+000 -1.148648648648593E-017
         174           1  0.000000000000000E+000 -1.351351351351321E-017
         174           2  0.000000000000000E+000 -1.148648648648649E-017
         175           1  0.000000000000000E+000 -1.351351351351342E-017
         175           2  0.000000000000000E+000 -1.148648648648657E-017
         176           1  0.000000000000000E+000 -1.351351351351320E-017
         176           2  0.000000000000000E+000 -1.148648648648693E-017
         177           1  0.000000000000000E+000 -1.351351351351246E-017
         177           2  0.000000000000000E+000 -1.148648648648579E-017
         178           1  0.000000000000000E+000 -1.351351351351214E-017
         178           2  0.000000000000000E+000 -1.148648648648527E-017
         179           1  0.000000000000000E+000 -1.351351351351372E-017
         179           2  0.000000000000000E+000 -1.148648648648690E-017
         180           1  0.000000000000000E+000 -1.351351351351697E-017
         180           2  0.000000000000000E+000 -1.148648648648963E-017
         181           1  0.000000000000000E+000 -1.351351351350999E-017
         181           2  0.000000000000000E+000 -1.148648648648370E-017
         182           1  0.000000000000000E+000 -1.351351351350974E-017
         182           2  0.000000000000000E+000 -1.148648648648385E-017
         183           1  0.000000000000000E+000 -1.351351351351049E-017
         183           2  0.000000000000000E+000 -1.148648648648408E-017
         184           1  0.000000000000000E+000 -1.351351351351022E-017
         184           2  0.000000000000000E+000 -1.148648648648367E-017
         185           1  0.000000000000000E+000 -1.351351351351148E-017
         185           2  0.000000000000000E+000 -1.148648648648572E-017
         186           1  0.000000000000000E+000 -1.351351351351197E-017
         186           2  0.000000000000000E+000 -1.148648648648559E-017
         187           1  0.000000000000000E+000 -1.351351351351162E-017
         187           2  0.000000000000000E+000 -1.148648648648513E-017
         188           1  0.000000000000000E+000 -1.351351351351188E-017
         188           2  0.000000000000000E+000 -1.148648648648506E-017
         189           1  0.000000000000000E+000 -1.351351351351218E-017
         189           2  0.000000000000000E+000 -1.148648648648495E-017
         190           1  0.000000000000000E+000 -1.351351351351139E-017
         190           2  0.000000000000000E+000 -1.148648648648490E-017
         191           1  0.000000000000000E+000 -1.351351351351192E-017
         191           2  0.000000000000000E+000 -1.148648648648524E-017
         192           1  0.000000000000000E+000 -1.351351351351224E-017
         192           2  0.000000000000000E+000 -1.148648648648502E-017
         193           1  0.000000000000000E+000 -1.351351351351330E-017
         193           2  0.000000000000000E+000 -1.148648648648568E-017
         194           1  0.000000000000000E+000 -1.351351351351287E-017
         194           2  0.000000000000000E+000 -1.148648648648589E-017
         195           1  0.000000000000000E+000 -1.351351351351224E-017
         195           2  0.000000000000000E+000 -1.148648648648579E-017
         196           1  0.000000000000000E+000 -1.351351351351192E-017
         196           2  0.000000000000000E+000 -1.148648648648623E-017
         197           1  0.000000000000000E+000 -1.351351351351167E-017
         197           2  0.000000000000000E+000 -1.148648648648510E-017
         198           1  0.000000000000000E+000 -1.351351351351252E-017
         198           2  0.000000000000000E+000 -1.148648648648573E-017
         199           1  0.000000000000000E+000 -1.351351351351448E-017
         199           2  0.000000000000000E+000 -1.148648648648769E-017
         200           1  0.000000000000000E+000 -1.351351351351519E-017
         200           2  0.000000000000000E+000 -1.148648648648746E-017
         201           1  0.000000000000000E+000 -1.351351351350955E-017
         201           2  0.000000000000000E+000 -1.148648648648368E-017
         202           1  0.000000000000000E+000 -1.351351351351115E-017
         202           2  0.000000000000000E+000 -1.148648648648472E-017
         203           1  0.000000000000000E+000 -1.351351351351110E-017
         203           2  0.000000000000000E+000 -1.148648648648480E-017
         204           1  0.000000000000000E+000 -1.351351351351094E-017
         204           2  0.000000000000000E+000 -1.148648648648466E-017
         205           1  0.000000000000000E+000 -1.351351351351396E-017
         205           2  0.000000000000000E+000 -1.148648648648726E-017
         206           1  0.000000000000000E+000 -1.351351351351285E-017
         206           2  0.000000000000000E+000 -1.148648648648661E-017
         207           1  0.000000000000000E+000 -1.351351351351267E-017
         207           2  0.000000000000000E+000 -1.148648648648560E-017
         208           1  0.000000000000000E+000 -1.351351351351243E-017
         208           2  0.000000000000000E+000 -1.148648648648563E-017
         209           1  0.000000000000000E+000 -1.351351351351295E-017
         209           2  0.000000000000000E+000 -1.148648648648593E-017
         210           1  0.000000000000000E+000 -1.351351351351330E-017
         210           2  0.000000000000000E+000 -1.148648648648627E-017
         211           1  0.000000000000000E+000 -1.351351351351372E-017
         211           2  0.000000000000000E+000 -1.148648648648693E-017
         212           1  0.000000000000000E+000 -1.351351351351302E-017
         212           2  0.000000000000000E+000 -1.148648648648629E-017
         213           1  0.000000000000000E+000 -1.351351351351290E-017
         213           2  0.000000000000000E+000 -1.148648648648604E-017
         214           1  0.000000000000000E+000 -1.351351351351220E-017
         214           2  0.000000000000000E+000 -1.148648648648620E-017
         215           1  0.000000000000000E+000 -1.351351351351197E-017
         215           2  0.000000000000000E+000 -1.148648648648575E-017
         216           1  0.000000000000000E+000 -1.351351351351161E-017
         216           2  0.000000000000000E+000 -1.148648648648555E-017
         217           1  0.000000000000000E+000 -1.351351351351211E-017
         217           2  0.000000000000000E+000 -1.148648648648511E-017
         218           1  0.000000000000000E+000 -1.351351351351323E-017
         218           2  0.000000000000000E+000 -1.148648648648649E-017
         219           1  0.000000000000000E+000 -1.351351351351557E-017
         219           2  0.000000000000000E+000 -1.148648648648898E-017
         220           1  0.000000000000000E+000 -1.351351351351418E-017
         220           2  0.000000000000000E+000 -1.148648648648723E-017
         221           1  0.000000000000000E+000 -1.351351351351146E-017
         221           2  0.000000000000000E+000 -1.148648648648504E-017
         222           1  0.000000000000000E+000 -1.351351351351170E-017
         222           2  0.000000000000000E+000 -1.148648648648551E-017
         223           1  0.000000000000000E+000 -1.351351351351157E-017
         223           2  0.000000000000000E+000 -1.148648648648502E-017
         224           1  0.000000000000000E+000 -1.351351351351148E-017
         224           2  0.000000000000000E+000 -1.148648648648501E-017
         225           1  0.000000000000000E+000 -1.351351351351267E-017
         225           2  0.000000000000000E+000 -1.148648648648606E-017
         226           1  0.000000000000000E+000 -1.351351351351281E-017
         226           2  0.000000000000000E+000 -1.148648648648667E-017
         227           1  0.000000000000000E+000 -1.351351351351380E-017
         227           2  0.000000000000000E+000 -1.148648648648722E-017
         228           1  0.000000000000000E+000 -1.351351351351442E-017
         228           2  0.000000000000000E+000 -1.148648648648710E-017
         229           1  0.000000000000000E+000 -1.351351351351536E-017
         229           2  0.000000000000000E+000 -1.148648648648853E-017
         230           1  0.000000000000000E+000 -1.351351351351593E-017
         230           2  0.000000000000000E+000 -1.148648648648904E-017
         231           1  0.000000000000000E+000 -1.351351351351647E-017
         231           2  0.000000000000000E+000 -1.148648648648882E-017
         232           1  0.000000000000000E+000 -1.351351351351540E-017
         232           2  0.000000000000000E+000 -1.148648648648813E-017
         233           1  0.000000000000000E+000 -1.351351351351450E-017
         233           2  0.000000000000000E+000 -1.148648648648766E-017
         234           1  0.000000000000000E+000 -1.351351351351430E-017
         234           2  0.000000000000000E+000 -1.148648648648768E-017
         235           1  0.000000000000000E+000 -1.351351351351307E-017
         235           2  0.000000000000000E+000 -1.148648648648692E-017
         236           1  0.000000000000000E+000 -1.351351351351257E-017
         236           2  0.000000000000000E+000 -1.148648648648611E-017
         237           1  0.000000000000000E+000 -1.351351351351299E-017
         237           2  0.000000000000000E+000 -1.148648648648576E-017
         238           1  0.000000000000000E+000 -1.351351351351406E-017
         238           2  0.000000000000000E+000 -1.148648648648749E-017
         239           1  0.000000000000000E+000 -1.351351351351577E-017
         239           2  0.000000000000000E+000 -1.148648648648925E-017
         240           1  0.000000000000000E+000 -1.351351351351614E-017
         240           2  0.000000000000000E+000 -1.148648648648903E-017
         241           1  0.000000000000000E+000 -1.351351351351240E-017
         241           2  0.000000000000000E+000 -1.148648648648646E-017
         242           1  0.000000000000000E+000 -1.351351351351321E-017
         242           2  0.000000000000000E+000 -1.148648648648656E-017
         243           1  0.000000000000000E+000 -1.351351351351234E-017
         243           2  0.000000000000000E+000 -1.148648648648629E-017
         244           1  0.000000000000000E+000 -1.351351351351188E-017
         244           2  0.000000000000000E+000 -1.148648648648638E-017
         245           1  0.000000000000000E+000 -1.351351351351299E-017
         245           2  0.000000000000000E+000 -1.148648648648696E-017
         246           1  0.000000000000000E+000 -1.351351351351466E-017
         246           2  0.000000000000000E+000 -1.148648648648746E-017
         247           1  0.000000000000000E+000 -1.351351351351577E-017
         247           2  0.000000000000000E+000 -1.148648648648887E-017
         248           1  0.000000000000000E+000 -1.351351351351731E-017
         248           2  0.000000000000000E+000 -1.148648648649006E-017
         249           1  0.000000000000000E+000 -1.351351351351736E-017
         249           2  0.000000000000000E+000 -1.148648648649088E-017
         250           1  0.000000000000000E+000 -1.351351351351789E-017
         250           2  0.000000000000000E+000 -1.148648648649019E-017
         251           1  0.000000000000000E+000 -1.351351351351663E-017
         251           2  0.000000000000000E+000 -1.148648648648949E-017
         252           1  0.000000000000000E+000 -1.351351351351598E-017
         252           2  0.000000000000000E+000 -1.148648648648920E-017
         253           1  0.000000000000000E+000 -1.351351351351486E-017
         253           2  0.000000000000000E+000 -1.148648648648778E-017
         254           1  0.000000000000000E+000 -1.351351351351479E-017
         254           2  0.000000000000000E+000 -1.148648648648808E-017
         255           1  0.000000000000000E+000 -1.351351351351418E-017
         255           2  0.000000000000000E+000 -1.148648648648763E-017
         256           1  0.000000000000000E+000 -1.351351351351418E-017
         256           2  0.000000000000000E+000 -1.148648648648734E-017
         257           1  0.000000000000000E+000 -1.351351351351426E-017
         257           2  0.000000000000000E+000 -1.148648648648688E-017
         258           1  0.000000000000000E+000 -1.351351351351495E-017
         258           2  0.000000000000000E+000 -1.148648648648837E-017
         259           1  0.000000000000000E+000 -1.351351351351472E-017
         259           2  0.000000000000000E+000 -1.148648648648851E-017
         260           1  0.000000000000000E+000 -1.351351351351628E-017
         260           2  0.000000000000000E+000 -1.148648648648895E-017
         261           1  0.000000000000000E+000 -1.351351351351449E-017
         261           2  0.000000000000000E+000 -1.148648648648766E-017
         262           1  0.000000000000000E+000 -1.351351351351442E-017
         262           2  0.000000000000000E+000 -1.148648648648793E-017
         263           1  0.000000000000000E+000 -1.351351351351396E-017
         263           2  0.000000000000000E+000 -1.148648648648821E-017
         264           1  0.000000000000000E+000 -1.351351351351309E-017
         264           2  0.000000000000000E+000 -1.148648648648795E-017
         265           1  0.000000000000000E+000 -1.351351351351418E-017
         265           2  0.000000000000000E+000 -1.148648648648731E-017
         266           1  0.000000000000000E+000 -1.351351351351576E-017
         266           2  0.000000000000000E+000 -1.148648648648889E-017
         267           1  0.000000000000000E+000 -1.351351351351763E-017
         267           2  0.000000000000000E+000 -1.148648648649024E-017
         268           1  0.000000000000000E+000 -1.351351351351747E-017
         268           2  0.000000000000000E+000 -1.148648648649018E-017
         269           1  0.000000000000000E+000 -1.351351351351778E-017
         269           2  0.000000000000000E+000 -1.148648648649036E-017
         270           1  0.000000000000000E+000 -1.351351351351783E-017
         270           2  0.000000000000000E+000 -1.148648648649002E-017
         271           1  0.000000000000000E+000 -1.351351351351522E-017
         271           2  0.000000000000000E+000 -1.148648648648883E-017
         272           1  0.000000000000000E+000 -1.351351351351440E-017
         272           2  0.000000000000000E+000 -1.148648648648798E-017
         273           1  0.000000000000000E+000 -1.351351351351452E-017
         273           2  0.000000000000000E+000 -1.148648648648770E-017
         274           1  0.000000000000000E+000 -1.351351351351392E-017
         274           2  0.000000000000000E+000 -1.148648648648788E-017
         275           1  0.000000000000000E+000 -1.351351351351539E-017
         275           2  0.000000000000000E+000 -1.148648648648852E-017
         276           1  0.000000000000000E+000 -1.351351351351484E-017
         276           2  0.000000000000000E+000 -1.148648648648761E-017
         277           1  0.000000000000000E+000 -1.351351351351454E-017
         277           2  0.000000000000000E+000 -1.148648648648793E-017
         278           1  0.000000000000000E+000 -1.351351351351555E-017
         278           2  0.000000000000000E+000 -1.148648648648878E-017
         279           1  0.000000000000000E+000 -1.351351351351653E-017
         279           2  0.000000000000000E+000 -1.148648648648900E-017
         280           1  0.000000000000000E+000 -1.351351351351653E-017
         280           2  0.000000000000000E+000 -1.148648648648993E-017
         281           1  0.000000000000000E+000 -1.351351351351552E-017
         281           2  0.000000000000000E+000 -1.148648648648852E-017
         282           1  0.000000000000000E+000 -1.351351351351513E-017
         282           2  0.000000000000000E+000 -1.148648648648849E-017
         283           1  0.000000000000000E+000 -1.351351351351562E-017
         283           2  0.000000000000000E+000 -1.148648648648913E-017
         284           1  0.000000000000000E+000 -1.351351351351447E-017
         284           2  0.000000000000000E+000 -1.148648648648791E-017
         285           1  0.000000000000000E+000 -1.351351351351398E-017
         285           2  0.000000000000000E+000 -1.148648648648717E-017
         286           1  0.000000000000000E+000 -1.351351351351491E-017
         286           2  0.000000000000000E+000 -1.148648648648961E-017
         287           1  0.000000000000000E+000 -1.351351351351658E-017
         287           2  0.000000000000000E+000 -1.148648648648944E-017
         288           1  0.000000000000000E+000 -1.351351351351585E-017
         288           2  0.000000000000000E+000 -1.148648648648942E-017
         289           1  0.000000000000000E+000 -1.351351351351591E-017
         289           2  0.000000000000000E+000 -1.148648648648901E-017
         290           1  0.000000000000000E+000 -1.351351351351522E-017
         290           2  0.000000000000000E+000 -1.148648648648785E-017
         291           1  0.000000000000000E+000 -1.351351351351522E-017
         291           2  0.000000000000000E+000 -1.148648648648755E-017
         292           1  0.000000000000000E+000 -1.351351351351333E-017
         292           2  0.000000000000000E+000 -1.148648648648668E-017
         293           1  0.000000000000000E+000 -1.351351351351301E-017
         293           2  0.000000000000000E+000 -1.148648648648622E-017
         294           1  0.000000000000000E+000 -1.351351351351319E-017
         294           2  0.000000000000000E+000 -1.148648648648662E-017
         295           1  0.000000000000000E+000 -1.351351351351435E-017
         295           2  0.000000000000000E+000 -1.148648648648690E-017
         296           1  0.000000000000000E+000 -1.351351351351487E-017
         296           2  0.000000000000000E+000 -1.148648648648711E-017
         297           1  0.000000000000000E+000 -1.351351351351542E-017
         297           2  0.000000000000000E+000 -1.148648648648826E-017
         298           1  0.000000000000000E+000 -1.351351351351726E-017
         298           2  0.000000000000000E+000 -1.148648648649010E-017
         299           1  0.000000000000000E+000 -1.351351351351811E-017
         299           2  0.000000000000000E+000 -1.148648648649102E-017
         300           1  0.000000000000000E+000 -1.351351351351795E-017
         300           2  0.000000000000000E+000 -1.148648648649042E-017
         301           1  0.000000000000000E+000 -1.351351351351603E-017
         301           2  0.000000000000000E+000 -1.148648648648904E-017
         302           1  0.000000000000000E+000 -1.351351351351525E-017
         302           2  0.000000000000000E+000 -1.148648648648819E-017
         303           1  0.000000000000000E+000 -1.351351351351497E-017
         303           2  0.000000000000000E+000 -1.148648648648859E-017
         304           1  0.000000000000000E+000 -1.351351351351347E-017
         304           2  0.000000000000000E+000 -1.148648648648702E-017
         305           1  0.000000000000000E+000 -1.351351351351342E-017
         305           2  0.000000000000000E+000 -1.148648648648593E-017
         306           1  0.000000000000000E+000 -1.351351351351476E-017
         306           2  0.000000000000000E+000 -1.148648648648781E-017
         307           1  0.000000000000000E+000 -1.351351351351597E-017
         307           2  0.000000000000000E+000 -1.148648648648810E-017
         308           1  0.000000000000000E+000 -1.351351351351624E-017
         308           2  0.000000000000000E+000 -1.148648648648891E-017
         309           1  0.000000000000000E+000 -1.351351351351671E-017
         309           2  0.000000000000000E+000 -1.148648648648869E-017
         310           1  0.000000000000000E+000 -1.351351351351565E-017
         310           2  0.000000000000000E+000 -1.148648648648885E-017
         311           1  0.000000000000000E+000 -1.351351351351489E-017
         311           2  0.000000000000000E+000 -1.148648648648824E-017
         312           1  0.000000000000000E+000 -1.351351351351321E-017
         312           2  0.000000000000000E+000 -1.148648648648602E-017
         313           1  0.000000000000000E+000 -1.351351351351208E-017
         313           2  0.000000000000000E+000 -1.148648648648580E-017
         314           1  0.000000000000000E+000 -1.351351351351293E-017
         314           2  0.000000000000000E+000 -1.148648648648594E-017
         315           1  0.000000000000000E+000 -1.351351351351342E-017
         315           2  0.000000000000000E+000 -1.148648648648648E-017
         316           1  0.000000000000000E+000 -1.351351351351504E-017
         316           2  0.000000000000000E+000 -1.148648648648732E-017
         317           1  0.000000000000000E+000 -1.351351351351645E-017
         317           2  0.000000000000000E+000 -1.148648648648827E-017
         318           1  0.000000000000000E+000 -1.351351351351711E-017
         318           2  0.000000000000000E+000 -1.148648648649037E-017
         319           1  0.000000000000000E+000 -1.351351351351813E-017
         319           2  0.000000000000000E+000 -1.148648648648978E-017
         320           1  0.000000000000000E+000 -1.351351351351699E-017
         320           2  0.000000000000000E+000 -1.148648648648876E-017
         321           1  0.000000000000000E+000 -1.351351351351371E-017
         321           2  0.000000000000000E+000 -1.148648648648808E-017
         322           1  0.000000000000000E+000 -1.351351351351364E-017
         322           2  0.000000000000000E+000 -1.148648648648711E-017
         323           1  0.000000000000000E+000 -1.351351351351237E-017
         323           2  0.000000000000000E+000 -1.148648648648578E-017
         324           1  0.000000000000000E+000 -1.351351351351184E-017
         324           2  0.000000000000000E+000 -1.148648648648529E-017
         325           1  0.000000000000000E+000 -1.351351351351339E-017
         325           2  0.000000000000000E+000 -1.148648648648640E-017
         326           1  0.000000000000000E+000 -1.351351351351605E-017
         326           2  0.000000000000000E+000 -1.148648648648831E-017
         327           1  0.000000000000000E+000 -1.351351351351716E-017
         327           2  0.000000000000000E+000 -1.148648648648925E-017
         328           1  0.000000000000000E+000 -1.351351351351844E-017
         328           2  0.000000000000000E+000 -1.148648648649075E-017
         329           1  0.000000000000000E+000 -1.351351351351883E-017
         329           2  0.000000000000000E+000 -1.148648648649029E-017
         330           1  0.000000000000000E+000 -1.351351351351870E-017
         330           2  0.000000000000000E+000 -1.148648648648965E-017
         331           1  0.000000000000000E+000 -1.351351351351654E-017
         331           2  0.000000000000000E+000 -1.148648648648873E-017
         332           1  0.000000000000000E+000 -1.351351351351329E-017
         332           2  0.000000000000000E+000 -1.148648648648635E-017
         333           1  0.000000000000000E+000 -1.351351351351315E-017
         333           2  0.000000000000000E+000 -1.148648648648639E-017
         334           1  0.000000000000000E+000 -1.351351351351294E-017
         334           2  0.000000000000000E+000 -1.148648648648587E-017
         335           1  0.000000000000000E+000 -1.351351351351350E-017
         335           2  0.000000000000000E+000 -1.148648648648584E-017
         336           1  0.000000000000000E+000 -1.351351351351316E-017
         336           2  0.000000000000000E+000 -1.148648648648617E-017
         337           1  0.000000000000000E+000 -1.351351351351462E-017
         337           2  0.000000000000000E+000 -1.148648648648705E-017
         338           1  0.000000000000000E+000 -1.351351351351724E-017
         338           2  0.000000000000000E+000 -1.148648648648940E-017
         339           1  0.000000000000000E+000 -1.351351351351710E-017
         339           2  0.000000000000000E+000 -1.148648648648941E-017
         340           1  0.000000000000000E+000 -1.351351351351713E-017
         340           2  0.000000000000000E+000 -1.148648648648999E-017
         341           1  0.000000000000000E+000 -1.351351351350976E-017
         341           2  0.000000000000000E+000 -1.148648648648450E-017
         342           1  0.000000000000000E+000 -1.351351351351021E-017
         342           2  0.000000000000000E+000 -1.148648648648492E-017
         343           1  0.000000000000000E+000 -1.351351351350888E-017
         343           2  0.000000000000000E+000 -1.148648648648366E-017
         344           1  0.000000000000000E+000 -1.351351351351273E-017
         344           2  0.000000000000000E+000 -1.148648648648590E-017
         345           1  0.000000000000000E+000 -1.351351351351401E-017
         345           2  0.000000000000000E+000 -1.148648648648629E-017
         346           1  0.000000000000000E+000 -1.351351351351430E-017
         346           2  0.000000000000000E+000 -1.148648648648667E-017
         347           1  0.000000000000000E+000 -1.351351351351821E-017
         347           2  0.000000000000000E+000 -1.148648648648997E-017
         348           1  0.000000000000000E+000 -1.351351351351906E-017
         348           2  0.000000000000000E+000 -1.148648648649141E-017
         349           1  0.000000000000000E+000 -1.351351351351340E-017
         349           2  0.000000000000000E+000 -1.148648648648618E-017
         350           1  0.000000000000000E+000 -1.351351351351956E-017
         350           2  0.000000000000000E+000 -1.148648648649058E-017
         351           1  0.000000000000000E+000 -1.351351351351736E-017
         351           2  0.000000000000000E+000 -1.148648648649006E-017
         352           1  0.000000000000000E+000 -1.351351351351628E-017
         352           2  0.000000000000000E+000 -1.148648648648860E-017
         353           1  0.000000000000000E+000 -1.351351351351531E-017
         353           2  0.000000000000000E+000 -1.148648648648785E-017
         354           1  0.000000000000000E+000 -1.351351351351353E-017
         354           2  0.000000000000000E+000 -1.148648648648599E-017
         355           1  0.000000000000000E+000 -1.351351351351204E-017
         355           2  0.000000000000000E+000 -1.148648648648485E-017
         356           1  0.000000000000000E+000 -1.351351351351137E-017
         356           2  0.000000000000000E+000 -1.148648648648409E-017
         357           1  0.000000000000000E+000 -1.351351351351428E-017
         357           2  0.000000000000000E+000 -1.148648648648621E-017
         358           1  0.000000000000000E+000 -1.351351351351667E-017
         358           2  0.000000000000000E+000 -1.148648648648955E-017
         359           1  0.000000000000000E+000 -1.351351351351845E-017
         359           2  0.000000000000000E+000 -1.148648648649084E-017
         360           1  0.000000000000000E+000 -1.351351351351809E-017
         360           2  0.000000000000000E+000 -1.148648648649079E-017
         361           1  0.000000000000000E+000 -1.351351351351483E-017
         361           2  0.000000000000000E+000 -1.148648648648731E-017
         362           1  0.000000000000000E+000 -1.351351351351371E-017
         362           2  0.000000000000000E+000 -1.148648648648790E-017
         363           1  0.000000000000000E+000 -1.351351351351259E-017
         363           2  0.000000000000000E+000 -1.148648648648623E-017
         364           1  0.000000000000000E+000 -1.351351351351284E-017
         364           2  0.000000000000000E+000 -1.148648648648619E-017
         365           1  0.000000000000000E+000 -1.351351351351371E-017
         365           2  0.000000000000000E+000 -1.148648648648670E-017
         366           1  0.000000000000000E+000 -1.351351351351326E-017
         366           2  0.000000000000000E+000 -1.148648648648598E-017
         367           1  0.000000000000000E+000 -1.351351351351329E-017
         367           2  0.000000000000000E+000 -1.148648648648662E-017
         368           1  0.000000000000000E+000 -1.351351351351365E-017
         368           2  0.000000000000000E+000 -1.148648648648657E-017
         369           1  0.000000000000000E+000 -1.351351351351121E-017
         369           2  0.000000000000000E+000 -1.148648648648404E-017
         370           1  0.000000000000000E+000 -1.351351351351787E-017
         370           2  0.000000000000000E+000 -1.148648648649001E-017
         371           1  0.000000000000000E+000 -1.351351351351881E-017
         371           2  0.000000000000000E+000 -1.148648648649068E-017
         372           1  0.000000000000000E+000 -1.351351351351853E-017
         372           2  0.000000000000000E+000 -1.148648648649102E-017
         373           1  0.000000000000000E+000 -1.351351351351677E-017
         373           2  0.000000000000000E+000 -1.148648648649005E-017
         374           1  0.000000000000000E+000 -1.351351351351491E-017
         374           2  0.000000000000000E+000 -1.148648648648745E-017
         375           1  0.000000000000000E+000 -1.351351351351281E-017
         375           2  0.000000000000000E+000 -1.148648648648603E-017
         376           1  0.000000000000000E+000 -1.351351351351250E-017
         376           2  0.000000000000000E+000 -1.148648648648596E-017
         377           1  0.000000000000000E+000 -1.351351351351132E-017
         377           2  0.000000000000000E+000 -1.148648648648441E-017
         378           1  0.000000000000000E+000 -1.351351351351661E-017
         378           2  0.000000000000000E+000 -1.148648648648921E-017
         379           1  0.000000000000000E+000 -1.351351351351524E-017
         379           2  0.000000000000000E+000 -1.148648648648705E-017
         380           1  0.000000000000000E+000 -1.351351351351445E-017
         380           2  0.000000000000000E+000 -1.148648648648704E-017
         381           1  0.000000000000000E+000 -1.351351351351505E-017
         381           2  0.000000000000000E+000 -1.148648648648799E-017
         382           1  0.000000000000000E+000 -1.351351351351507E-017
         382           2  0.000000000000000E+000 -1.148648648648833E-017
         383           1  0.000000000000000E+000 -1.351351351351311E-017
         383           2  0.000000000000000E+000 -1.148648648648625E-017
         384           1  0.000000000000000E+000 -1.351351351351334E-017
         384           2  0.000000000000000E+000 -1.148648648648617E-017
         385           1  0.000000000000000E+000 -1.351351351351328E-017
         385           2  0.000000000000000E+000 -1.148648648648594E-017
         386           1  0.000000000000000E+000 -1.351351351351268E-017
         386           2  0.000000000000000E+000 -1.148648648648617E-017
         387           1  0.000000000000000E+000 -1.351351351351364E-017
         387           2  0.000000000000000E+000 -1.148648648648646E-017
         388           1  0.000000000000000E+000 -1.351351351351432E-017
         388           2  0.000000000000000E+000 -1.148648648648690E-017
         389           1  0.000000000000000E+000 -1.351351351351485E-017
         389           2  0.000000000000000E+000 -1.148648648648725E-017
         390           1  0.000000000000000E+000 -1.351351351351387E-017
         390           2  0.000000000000000E+000 -1.148648648648711E-017
         391           1  0.000000000000000E+000 -1.351351351351430E-017
         391           2  0.000000000000000E+000 -1.148648648648734E-017
         392           1  0.000000000000000E+000 -1.351351351351478E-017
         392           2  0.000000000000000E+000 -1.148648648648711E-017
         393           1  0.000000000000000E+000 -1.351351351351572E-017
         393           2  0.000000000000000E+000 -1.148648648648871E-017
         394           1  0.000000000000000E+000 -1.351351351351556E-017
         394           2  0.000000000000000E+000 -1.148648648648822E-017
         395           1  0.000000000000000E+000 -1.351351351351267E-017
         395           2  0.000000000000000E+000 -1.148648648648617E-017
         396           1  0.000000000000000E+000 -1.351351351351509E-017
         396           2  0.000000000000000E+000 -1.148648648648847E-017
         397           1  0.000000000000000E+000 -1.351351351351250E-017
         397           2  0.000000000000000E+000 -1.148648648648582E-017
         398           1  0.000000000000000E+000 -1.351351351351317E-017
         398           2  0.000000000000000E+000 -1.148648648648606E-017
         399           1  0.000000000000000E+000 -1.351351351351293E-017
         399           2  0.000000000000000E+000 -1.148648648648614E-017
         400           1  0.000000000000000E+000 -1.351351351351389E-017
         400           2  0.000000000000000E+000 -1.148648648648637E-017
