           1           1  0.000000000000000E+000 -1.854775059194402E-016
           1           2  0.000000000000000E+000 -4.395224940804130E-016
           2           1  0.000000000000000E+000 -1.854775059194190E-016
           2           2  0.000000000000000E+000 -4.395224940804003E-016
           3           1  0.000000000000000E+000 -1.854775059194325E-016
           3           2  0.000000000000000E+000 -4.395224940804058E-016
           4           1  0.000000000000000E+000 -1.854775059194430E-016
           4           2  0.000000000000000E+000 -4.395224940804075E-016
           5           1  0.000000000000000E+000 -1.854775059194606E-016
           5           2  0.000000000000000E+000 -4.395224940804095E-016
           6           1  0.000000000000000E+000 -1.854775059194408E-016
           6           2  0.000000000000000E+000 -4.395224940803884E-016
           7           1  0.000000000000000E+000 -1.854775059194934E-016
           7           2  0.000000000000000E+000 -4.395224940804305E-016
           8           1  0.000000000000000E+000 -1.854775059194744E-016
           8           2  0.000000000000000E+000 -4.395224940804408E-016
           9           1  0.000000000000000E+000 -1.854775059194027E-016
           9           2  0.000000000000000E+000 -4.395224940803597E-016
          10           1  0.000000000000000E+000 -1.854775059194186E-016
          10           2  0.000000000000000E+000 -4.395224940803525E-016
          11           1  0.000000000000000E+000 -1.854775059194531E-016
          11           2  0.000000000000000E+000 -4.395224940804002E-016
          12           1  0.000000000000000E+000 -1.854775059194689E-016
          12           2  0.000000000000000E+000 -4.395224940804182E-016
          13           1  0.000000000000000E+000 -1.854775059194541E-016
          13           2  0.000000000000000E+000 -4.395224940804120E-016
          14           1  0.000000000000000E+000 -1.854775059194473E-016
          14           2  0.000000000000000E+000 -4.395224940804094E-016
          15           1  0.000000000000000E+000 -1.854775059194592E-016
          15           2  0.000000000000000E+000 -4.395224940804223E-016
          16           1  0.000000000000000E+000 -1.854775059194442E-016
          16           2  0.000000000000000E+000 -4.395224940804109E-016
          17           1  0.000000000000000E+000 -1.854775059194353E-016
          17           2  0.000000000000000E+000 -4.395224940803979E-016
          18           1  0.000000000000000E+000 -1.854775059194485E-016
          18           2  0.000000000000000E+000 -4.395224940804273E-016
          19           1  0.000000000000000E+000 -1.854775059194307E-016
          19           2  0.000000000000000E+000 -4.395224940803988E-016
          20           1  0.000000000000000E+000 -1.854775059194283E-016
          20           2  0.000000000000000E+000 -4.395224940803966E-016
          21           1  0.000000000000000E+000 -1.854775059194242E-016
          21           2  0.000000000000000E+000 -4.395224940804010E-016
          22           1  0.000000000000000E+000 -1.854775059192350E-016
          22           2  0.000000000000000E+000 -4.395224940802271E-016
          23           1  0.000000000000000E+000 -1.854775059194233E-016
          23           2  0.000000000000000E+000 -4.395224940803973E-016
          24           1  0.000000000000000E+000 -1.854775059194528E-016
          24           2  0.000000000000000E+000 -4.395224940804059E-016
          25           1  0.000000000000000E+000 -1.854775059194564E-016
          25           2  0.000000000000000E+000 -4.395224940804080E-016
          26           1  0.000000000000000E+000 -1.854775059194167E-016
          26           2  0.000000000000000E+000 -4.395224940803721E-016
          27           1  0.000000000000000E+000 -1.854775059194158E-016
          27           2  0.000000000000000E+000 -4.395224940803830E-016
          28           1  0.000000000000000E+000 -1.854775059194373E-016
          28           2  0.000000000000000E+000 -4.395224940803953E-016
          29           1  0.000000000000000E+000 -1.854775059194256E-016
          29           2  0.000000000000000E+000 -4.395224940803682E-016
          30           1  0.000000000000000E+000 -1.854775059194097E-016
          30           2  0.000000000000000E+000 -4.395224940803517E-016
          31           1  0.000000000000000E+000 -1.854775059194346E-016
          31           2  0.000000000000000E+000 -4.395224940803690E-016
          32           1  0.000000000000000E+000 -1.854775059194309E-016
          32           2  0.000000000000000E+000 -4.395224940803703E-016
          33           1  0.000000000000000E+000 -1.854775059194411E-016
          33           2  0.000000000000000E+000 -4.395224940804024E-016
          34           1  0.000000000000000E+000 -1.854775059194505E-016
          34           2  0.000000000000000E+000 -4.395224940804175E-016
          35           1  0.000000000000000E+000 -1.854775059194558E-016
          35           2  0.000000000000000E+000 -4.395224940804189E-016
          36           1  0.000000000000000E+000 -1.854775059194285E-016
          36           2  0.000000000000000E+000 -4.395224940804020E-016
          37           1  0.000000000000000E+000 -1.854775059192882E-016
          37           2  0.000000000000000E+000 -4.395224940802613E-016
          38           1  0.000000000000000E+000 -1.854775059193929E-016
          38           2  0.000000000000000E+000 -4.395224940803847E-016
          39           1  0.000000000000000E+000 -1.854775059194730E-016
          39           2  0.000000000000000E+000 -4.395224940804831E-016
          40           1  0.000000000000000E+000 -1.854775059194432E-016
          40           2  0.000000000000000E+000 -4.395224940804167E-016
          41           1  0.000000000000000E+000 -1.854775059194107E-016
          41           2  0.000000000000000E+000 -4.395224940803915E-016
          42           1  0.000000000000000E+000 -1.854775059194128E-016
          42           2  0.000000000000000E+000 -4.395224940803956E-016
          43           1  0.000000000000000E+000 -1.854775059192680E-016
          43           2  0.000000000000000E+000 -4.395224940802608E-016
          44           1  0.000000000000000E+000 -1.854775059194406E-016
          44           2  0.000000000000000E+000 -4.395224940804163E-016
          45           1  0.000000000000000E+000 -1.854775059194523E-016
          45           2  0.000000000000000E+000 -4.395224940804138E-016
          46           1  0.000000000000000E+000 -1.854775059194406E-016
          46           2  0.000000000000000E+000 -4.395224940804066E-016
          47           1  0.000000000000000E+000 -1.854775059194333E-016
          47           2  0.000000000000000E+000 -4.395224940803898E-016
          48           1  0.000000000000000E+000 -1.854775059194626E-016
          48           2  0.000000000000000E+000 -4.395224940804058E-016
          49           1  0.000000000000000E+000 -1.854775059194545E-016
          49           2  0.000000000000000E+000 -4.395224940804106E-016
          50           1  0.000000000000000E+000 -1.854775059194526E-016
          50           2  0.000000000000000E+000 -4.395224940803973E-016
          51           1  0.000000000000000E+000 -1.854775059194612E-016
          51           2  0.000000000000000E+000 -4.395224940803961E-016
          52           1  0.000000000000000E+000 -1.854775059194424E-016
          52           2  0.000000000000000E+000 -4.395224940803812E-016
          53           1  0.000000000000000E+000 -1.854775059194497E-016
          53           2  0.000000000000000E+000 -4.395224940804096E-016
          54           1  0.000000000000000E+000 -1.854775059194526E-016
          54           2  0.000000000000000E+000 -4.395224940804231E-016
          55           1  0.000000000000000E+000 -1.854775059194546E-016
          55           2  0.000000000000000E+000 -4.395224940804222E-016
          56           1  0.000000000000000E+000 -1.854775059193390E-016
          56           2  0.000000000000000E+000 -4.395224940803509E-016
          57           1  0.000000000000000E+000 -1.854775059193183E-016
          57           2  0.000000000000000E+000 -4.395224940802661E-016
          58           1  0.000000000000000E+000 -1.854775059193843E-016
          58           2  0.000000000000000E+000 -4.395224940803770E-016
          59           1  0.000000000000000E+000 -1.854775059194360E-016
          59           2  0.000000000000000E+000 -4.395224940803771E-016
          60           1  0.000000000000000E+000 -1.854775059194693E-016
          60           2  0.000000000000000E+000 -4.395224940804341E-016
          61           1  0.000000000000000E+000 -1.854775059194159E-016
          61           2  0.000000000000000E+000 -4.395224940803814E-016
          62           1  0.000000000000000E+000 -1.854775059192387E-016
          62           2  0.000000000000000E+000 -4.395224940802107E-016
          63           1  0.000000000000000E+000 -1.854775059192187E-016
          63           2  0.000000000000000E+000 -4.395224940801739E-016
          64           1  0.000000000000000E+000 -1.854775059193281E-016
          64           2  0.000000000000000E+000 -4.395224940802041E-016
          65           1  0.000000000000000E+000 -1.854775059194551E-016
          65           2  0.000000000000000E+000 -4.395224940804050E-016
          66           1  0.000000000000000E+000 -1.854775059194466E-016
          66           2  0.000000000000000E+000 -4.395224940803947E-016
          67           1  0.000000000000000E+000 -1.854775059194431E-016
          67           2  0.000000000000000E+000 -4.395224940803997E-016
          68           1  0.000000000000000E+000 -1.854775059194448E-016
          68           2  0.000000000000000E+000 -4.395224940803947E-016
          69           1  0.000000000000000E+000 -1.854775059194333E-016
          69           2  0.000000000000000E+000 -4.395224940803731E-016
          70           1  0.000000000000000E+000 -1.854775059194552E-016
          70           2  0.000000000000000E+000 -4.395224940803678E-016
          71           1  0.000000000000000E+000 -1.854775059194258E-016
          71           2  0.000000000000000E+000 -4.395224940803700E-016
          72           1  0.000000000000000E+000 -1.854775059194375E-016
          72           2  0.000000000000000E+000 -4.395224940803625E-016
          73           1  0.000000000000000E+000 -1.854775059194581E-016
          73           2  0.000000000000000E+000 -4.395224940804157E-016
          74           1  0.000000000000000E+000 -1.854775059194555E-016
          74           2  0.000000000000000E+000 -4.395224940803983E-016
          75           1  0.000000000000000E+000 -1.854775059194435E-016
          75           2  0.000000000000000E+000 -4.395224940803847E-016
          76           1  0.000000000000000E+000 -1.854775059192659E-016
          76           2  0.000000000000000E+000 -4.395224940802570E-016
          77           1  0.000000000000000E+000 -1.854775059192466E-016
          77           2  0.000000000000000E+000 -4.395224940802036E-016
          78           1  0.000000000000000E+000 -1.854775059193780E-016
          78           2  0.000000000000000E+000 -4.395224940803515E-016
          79           1  0.000000000000000E+000 -1.854775059193271E-016
          79           2  0.000000000000000E+000 -4.395224940802732E-016
          80           1  0.000000000000000E+000 -1.854775059193785E-016
          80           2  0.000000000000000E+000 -4.395224940803596E-016
          81           1  0.000000000000000E+000 -1.854775059194106E-016
          81           2  0.000000000000000E+000 -4.395224940803726E-016
          82           1  0.000000000000000E+000 -1.854775059194158E-016
          82           2  0.000000000000000E+000 -4.395224940803863E-016
          83           1  0.000000000000000E+000 -1.854775059192147E-016
          83           2  0.000000000000000E+000 -4.395224940801613E-016
          84           1  0.000000000000000E+000 -1.854775059192114E-016
          84           2  0.000000000000000E+000 -4.395224940801561E-016
          85           1  0.000000000000000E+000 -1.854775059192158E-016
          85           2  0.000000000000000E+000 -4.395224940801720E-016
          86           1  0.000000000000000E+000 -1.854775059194377E-016
          86           2  0.000000000000000E+000 -4.395224940803840E-016
          87           1  0.000000000000000E+000 -1.854775059192632E-016
          87           2  0.000000000000000E+000 -4.395224940802136E-016
          88           1  0.000000000000000E+000 -1.854775059191265E-016
          88           2  0.000000000000000E+000 -4.395224940801030E-016
          89           1  0.000000000000000E+000 -1.854775059193763E-016
          89           2  0.000000000000000E+000 -4.395224940803195E-016
          90           1  0.000000000000000E+000 -1.854775059193925E-016
          90           2  0.000000000000000E+000 -4.395224940803183E-016
          91           1  0.000000000000000E+000 -1.854775059193932E-016
          91           2  0.000000000000000E+000 -4.395224940803237E-016
          92           1  0.000000000000000E+000 -1.854775059193986E-016
          92           2  0.000000000000000E+000 -4.395224940803089E-016
          93           1  0.000000000000000E+000 -1.854775059192165E-016
          93           2  0.000000000000000E+000 -4.395224940801698E-016
          94           1  0.000000000000000E+000 -1.854775059192877E-016
          94           2  0.000000000000000E+000 -4.395224940802724E-016
          95           1  0.000000000000000E+000 -1.854775059193008E-016
          95           2  0.000000000000000E+000 -4.395224940803276E-016
          96           1  0.000000000000000E+000 -1.854775059192665E-016
          96           2  0.000000000000000E+000 -4.395224940802517E-016
          97           1  0.000000000000000E+000 -1.854775059192643E-016
          97           2  0.000000000000000E+000 -4.395224940802371E-016
          98           1  0.000000000000000E+000 -1.854775059194190E-016
          98           2  0.000000000000000E+000 -4.395224940803532E-016
          99           1  0.000000000000000E+000 -1.854775059193114E-016
          99           2  0.000000000000000E+000 -4.395224940802512E-016
         100           1  0.000000000000000E+000 -1.854775059193460E-016
         100           2  0.000000000000000E+000 -4.395224940802814E-016
         101           1  0.000000000000000E+000 -1.854775059194215E-016
         101           2  0.000000000000000E+000 -4.395224940803915E-016
         102           1  0.000000000000000E+000 -1.854775059194320E-016
         102           2  0.000000000000000E+000 -4.395224940804045E-016
         103           1  0.000000000000000E+000 -1.854775059194242E-016
         103           2  0.000000000000000E+000 -4.395224940803943E-016
         104           1  0.000000000000000E+000 -1.854775059192421E-016
         104           2  0.000000000000000E+000 -4.395224940802366E-016
         105           1  0.000000000000000E+000 -1.854775059191940E-016
         105           2  0.000000000000000E+000 -4.395224940801766E-016
         106           1  0.000000000000000E+000 -1.854775059191549E-016
         106           2  0.000000000000000E+000 -4.395224940801350E-016
         107           1  0.000000000000000E+000 -1.854775059192026E-016
         107           2  0.000000000000000E+000 -4.395224940801633E-016
         108           1  0.000000000000000E+000 -1.854775059192172E-016
         108           2  0.000000000000000E+000 -4.395224940801821E-016
         109           1  0.000000000000000E+000 -1.854775059192206E-016
         109           2  0.000000000000000E+000 -4.395224940801688E-016
         110           1  0.000000000000000E+000 -1.854775059192318E-016
         110           2  0.000000000000000E+000 -4.395224940801497E-016
         111           1  0.000000000000000E+000 -1.854775059192548E-016
         111           2  0.000000000000000E+000 -4.395224940801911E-016
         112           1  0.000000000000000E+000 -1.854775059191999E-016
         112           2  0.000000000000000E+000 -4.395224940801410E-016
         113           1  0.000000000000000E+000 -1.854775059192080E-016
         113           2  0.000000000000000E+000 -4.395224940801515E-016
         114           1  0.000000000000000E+000 -1.854775059192326E-016
         114           2  0.000000000000000E+000 -4.395224940802210E-016
         115           1  0.000000000000000E+000 -1.854775059192762E-016
         115           2  0.000000000000000E+000 -4.395224940802421E-016
         116           1  0.000000000000000E+000 -1.854775059192709E-016
         116           2  0.000000000000000E+000 -4.395224940802326E-016
         117           1  0.000000000000000E+000 -1.854775059192969E-016
         117           2  0.000000000000000E+000 -4.395224940802541E-016
         118           1  0.000000000000000E+000 -1.854775059194514E-016
         118           2  0.000000000000000E+000 -4.395224940804124E-016
         119           1  0.000000000000000E+000 -1.854775059193755E-016
         119           2  0.000000000000000E+000 -4.395224940803727E-016
         120           1  0.000000000000000E+000 -1.854775059193321E-016
         120           2  0.000000000000000E+000 -4.395224940802755E-016
         121           1  0.000000000000000E+000 -1.854775059194339E-016
         121           2  0.000000000000000E+000 -4.395224940804048E-016
         122           1  0.000000000000000E+000 -1.854775059194513E-016
         122           2  0.000000000000000E+000 -4.395224940804233E-016
         123           1  0.000000000000000E+000 -1.854775059194523E-016
         123           2  0.000000000000000E+000 -4.395224940804129E-016
         124           1  0.000000000000000E+000 -1.854775059194351E-016
         124           2  0.000000000000000E+000 -4.395224940804064E-016
         125           1  0.000000000000000E+000 -1.854775059192656E-016
         125           2  0.000000000000000E+000 -4.395224940802192E-016
         126           1  0.000000000000000E+000 -1.854775059192452E-016
         126           2  0.000000000000000E+000 -4.395224940802291E-016
         127           1  0.000000000000000E+000 -1.854775059192419E-016
         127           2  0.000000000000000E+000 -4.395224940801921E-016
         128           1  0.000000000000000E+000 -1.854775059192576E-016
         128           2  0.000000000000000E+000 -4.395224940801922E-016
         129           1  0.000000000000000E+000 -1.854775059193031E-016
         129           2  0.000000000000000E+000 -4.395224940802426E-016
         130           1  0.000000000000000E+000 -1.854775059193120E-016
         130           2  0.000000000000000E+000 -4.395224940802723E-016
         131           1  0.000000000000000E+000 -1.854775059193004E-016
         131           2  0.000000000000000E+000 -4.395224940802526E-016
         132           1  0.000000000000000E+000 -1.854775059192705E-016
         132           2  0.000000000000000E+000 -4.395224940802483E-016
         133           1  0.000000000000000E+000 -1.854775059193036E-016
         133           2  0.000000000000000E+000 -4.395224940802662E-016
         134           1  0.000000000000000E+000 -1.854775059193070E-016
         134           2  0.000000000000000E+000 -4.395224940803195E-016
         135           1  0.000000000000000E+000 -1.854775059193416E-016
         135           2  0.000000000000000E+000 -4.395224940802982E-016
         136           1  0.000000000000000E+000 -1.854775059193179E-016
         136           2  0.000000000000000E+000 -4.395224940803234E-016
         137           1  0.000000000000000E+000 -1.854775059193471E-016
         137           2  0.000000000000000E+000 -4.395224940803262E-016
         138           1  0.000000000000000E+000 -1.854775059195004E-016
         138           2  0.000000000000000E+000 -4.395224940805102E-016
         139           1  0.000000000000000E+000 -1.854775059194067E-016
         139           2  0.000000000000000E+000 -4.395224940803571E-016
         140           1  0.000000000000000E+000 -1.854775059192714E-016
         140           2  0.000000000000000E+000 -4.395224940801441E-016
         141           1  0.000000000000000E+000 -1.854775059194272E-016
         141           2  0.000000000000000E+000 -4.395224940803929E-016
         142           1  0.000000000000000E+000 -1.854775059194590E-016
         142           2  0.000000000000000E+000 -4.395224940804228E-016
         143           1  0.000000000000000E+000 -1.854775059194666E-016
         143           2  0.000000000000000E+000 -4.395224940804269E-016
         144           1  0.000000000000000E+000 -1.854775059194460E-016
         144           2  0.000000000000000E+000 -4.395224940803836E-016
         145           1  0.000000000000000E+000 -1.854775059194150E-016
         145           2  0.000000000000000E+000 -4.395224940803562E-016
         146           1  0.000000000000000E+000 -1.854775059192241E-016
         146           2  0.000000000000000E+000 -4.395224940801820E-016
         147           1  0.000000000000000E+000 -1.854775059191720E-016
         147           2  0.000000000000000E+000 -4.395224940801317E-016
         148           1  0.000000000000000E+000 -1.854775059191980E-016
         148           2  0.000000000000000E+000 -4.395224940801282E-016
         149           1  0.000000000000000E+000 -1.854775059192641E-016
         149           2  0.000000000000000E+000 -4.395224940801889E-016
         150           1  0.000000000000000E+000 -1.854775059192570E-016
         150           2  0.000000000000000E+000 -4.395224940801739E-016
         151           1  0.000000000000000E+000 -1.854775059192278E-016
         151           2  0.000000000000000E+000 -4.395224940801168E-016
         152           1  0.000000000000000E+000 -1.854775059191886E-016
         152           2  0.000000000000000E+000 -4.395224940801175E-016
         153           1  0.000000000000000E+000 -1.854775059192095E-016
         153           2  0.000000000000000E+000 -4.395224940801441E-016
         154           1  0.000000000000000E+000 -1.854775059192527E-016
         154           2  0.000000000000000E+000 -4.395224940802045E-016
         155           1  0.000000000000000E+000 -1.854775059192908E-016
         155           2  0.000000000000000E+000 -4.395224940802752E-016
         156           1  0.000000000000000E+000 -1.854775059193161E-016
         156           2  0.000000000000000E+000 -4.395224940802678E-016
         157           1  0.000000000000000E+000 -1.854775059194007E-016
         157           2  0.000000000000000E+000 -4.395224940803500E-016
         158           1  0.000000000000000E+000 -1.854775059195017E-016
         158           2  0.000000000000000E+000 -4.395224940804586E-016
         159           1  0.000000000000000E+000 -1.854775059194896E-016
         159           2  0.000000000000000E+000 -4.395224940804501E-016
         160           1  0.000000000000000E+000 -1.854775059193832E-016
         160           2  0.000000000000000E+000 -4.395224940803215E-016
         161           1  0.000000000000000E+000 -1.854775059193808E-016
         161           2  0.000000000000000E+000 -4.395224940803351E-016
         162           1  0.000000000000000E+000 -1.854775059194545E-016
         162           2  0.000000000000000E+000 -4.395224940803726E-016
         163           1  0.000000000000000E+000 -1.854775059194545E-016
         163           2  0.000000000000000E+000 -4.395224940803910E-016
         164           1  0.000000000000000E+000 -1.854775059194402E-016
         164           2  0.000000000000000E+000 -4.395224940803699E-016
         165           1  0.000000000000000E+000 -1.854775059194054E-016
         165           2  0.000000000000000E+000 -4.395224940803437E-016
         166           1  0.000000000000000E+000 -1.854775059192235E-016
         166           2  0.000000000000000E+000 -4.395224940801664E-016
         167           1  0.000000000000000E+000 -1.854775059192172E-016
         167           2  0.000000000000000E+000 -4.395224940801123E-016
         168           1  0.000000000000000E+000 -1.854775059192122E-016
         168           2  0.000000000000000E+000 -4.395224940801569E-016
         169           1  0.000000000000000E+000 -1.854775059192273E-016
         169           2  0.000000000000000E+000 -4.395224940801328E-016
         170           1  0.000000000000000E+000 -1.854775059192827E-016
         170           2  0.000000000000000E+000 -4.395224940802010E-016
         171           1  0.000000000000000E+000 -1.854775059192542E-016
         171           2  0.000000000000000E+000 -4.395224940801592E-016
         172           1  0.000000000000000E+000 -1.854775059192593E-016
         172           2  0.000000000000000E+000 -4.395224940801333E-016
         173           1  0.000000000000000E+000 -1.854775059193017E-016
         173           2  0.000000000000000E+000 -4.395224940802023E-016
         174           1  0.000000000000000E+000 -1.854775059192368E-016
         174           2  0.000000000000000E+000 -4.395224940801664E-016
         175           1  0.000000000000000E+000 -1.854775059192735E-016
         175           2  0.000000000000000E+000 -4.395224940801657E-016
         176           1  0.000000000000000E+000 -1.854775059192939E-016
         176           2  0.000000000000000E+000 -4.395224940801883E-016
         177           1  0.000000000000000E+000 -1.854775059193737E-016
         177           2  0.000000000000000E+000 -4.395224940802834E-016
         178           1  0.000000000000000E+000 -1.854775059194806E-016
         178           2  0.000000000000000E+000 -4.395224940804001E-016
         179           1  0.000000000000000E+000 -1.854775059194806E-016
         179           2  0.000000000000000E+000 -4.395224940804104E-016
         180           1  0.000000000000000E+000 -1.854775059194914E-016
         180           2  0.000000000000000E+000 -4.395224940804534E-016
         181           1  0.000000000000000E+000 -1.854775059193671E-016
         181           2  0.000000000000000E+000 -4.395224940803316E-016
         182           1  0.000000000000000E+000 -1.854775059193901E-016
         182           2  0.000000000000000E+000 -4.395224940803345E-016
         183           1  0.000000000000000E+000 -1.854775059194390E-016
         183           2  0.000000000000000E+000 -4.395224940803853E-016
         184           1  0.000000000000000E+000 -1.854775059194242E-016
         184           2  0.000000000000000E+000 -4.395224940803689E-016
         185           1  0.000000000000000E+000 -1.854775059191919E-016
         185           2  0.000000000000000E+000 -4.395224940802329E-016
         186           1  0.000000000000000E+000 -1.854775059191636E-016
         186           2  0.000000000000000E+000 -4.395224940801342E-016
         187           1  0.000000000000000E+000 -1.854775059191712E-016
         187           2  0.000000000000000E+000 -4.395224940801051E-016
         188           1  0.000000000000000E+000 -1.854775059192131E-016
         188           2  0.000000000000000E+000 -4.395224940801483E-016
         189           1  0.000000000000000E+000 -1.854775059192263E-016
         189           2  0.000000000000000E+000 -4.395224940801246E-016
         190           1  0.000000000000000E+000 -1.854775059193615E-016
         190           2  0.000000000000000E+000 -4.395224940802850E-016
         191           1  0.000000000000000E+000 -1.854775059193080E-016
         191           2  0.000000000000000E+000 -4.395224940801821E-016
         192           1  0.000000000000000E+000 -1.854775059192958E-016
         192           2  0.000000000000000E+000 -4.395224940801539E-016
         193           1  0.000000000000000E+000 -1.854775059192916E-016
         193           2  0.000000000000000E+000 -4.395224940801672E-016
         194           1  0.000000000000000E+000 -1.854775059192788E-016
         194           2  0.000000000000000E+000 -4.395224940801955E-016
         195           1  0.000000000000000E+000 -1.854775059192860E-016
         195           2  0.000000000000000E+000 -4.395224940801770E-016
         196           1  0.000000000000000E+000 -1.854775059193278E-016
         196           2  0.000000000000000E+000 -4.395224940802238E-016
         197           1  0.000000000000000E+000 -1.854775059193493E-016
         197           2  0.000000000000000E+000 -4.395224940802620E-016
         198           1  0.000000000000000E+000 -1.854775059194250E-016
         198           2  0.000000000000000E+000 -4.395224940803361E-016
         199           1  0.000000000000000E+000 -1.854775059194423E-016
         199           2  0.000000000000000E+000 -4.395224940804215E-016
         200           1  0.000000000000000E+000 -1.854775059194464E-016
         200           2  0.000000000000000E+000 -4.395224940803925E-016
         201           1  0.000000000000000E+000 -1.854775059193773E-016
         201           2  0.000000000000000E+000 -4.395224940803357E-016
         202           1  0.000000000000000E+000 -1.854775059194013E-016
         202           2  0.000000000000000E+000 -4.395224940803458E-016
         203           1  0.000000000000000E+000 -1.854775059194234E-016
         203           2  0.000000000000000E+000 -4.395224940803780E-016
         204           1  0.000000000000000E+000 -1.854775059194017E-016
         204           2  0.000000000000000E+000 -4.395224940803502E-016
         205           1  0.000000000000000E+000 -1.854775059193851E-016
         205           2  0.000000000000000E+000 -4.395224940803257E-016
         206           1  0.000000000000000E+000 -1.854775059191674E-016
         206           2  0.000000000000000E+000 -4.395224940801617E-016
         207           1  0.000000000000000E+000 -1.854775059191454E-016
         207           2  0.000000000000000E+000 -4.395224940800878E-016
         208           1  0.000000000000000E+000 -1.854775059191976E-016
         208           2  0.000000000000000E+000 -4.395224940801003E-016
         209           1  0.000000000000000E+000 -1.854775059191886E-016
         209           2  0.000000000000000E+000 -4.395224940800651E-016
         210           1  0.000000000000000E+000 -1.854775059193711E-016
         210           2  0.000000000000000E+000 -4.395224940802326E-016
         211           1  0.000000000000000E+000 -1.854775059193375E-016
         211           2  0.000000000000000E+000 -4.395224940802175E-016
         212           1  0.000000000000000E+000 -1.854775059193154E-016
         212           2  0.000000000000000E+000 -4.395224940802062E-016
         213           1  0.000000000000000E+000 -1.854775059192994E-016
         213           2  0.000000000000000E+000 -4.395224940802061E-016
         214           1  0.000000000000000E+000 -1.854775059192887E-016
         214           2  0.000000000000000E+000 -4.395224940801966E-016
         215           1  0.000000000000000E+000 -1.854775059192829E-016
         215           2  0.000000000000000E+000 -4.395224940801597E-016
         216           1  0.000000000000000E+000 -1.854775059193083E-016
         216           2  0.000000000000000E+000 -4.395224940801906E-016
         217           1  0.000000000000000E+000 -1.854775059193683E-016
         217           2  0.000000000000000E+000 -4.395224940802999E-016
         218           1  0.000000000000000E+000 -1.854775059194859E-016
         218           2  0.000000000000000E+000 -4.395224940804669E-016
         219           1  0.000000000000000E+000 -1.854775059194959E-016
         219           2  0.000000000000000E+000 -4.395224940804802E-016
         220           1  0.000000000000000E+000 -1.854775059195019E-016
         220           2  0.000000000000000E+000 -4.395224940804605E-016
         221           1  0.000000000000000E+000 -1.854775059194130E-016
         221           2  0.000000000000000E+000 -4.395224940803775E-016
         222           1  0.000000000000000E+000 -1.854775059194060E-016
         222           2  0.000000000000000E+000 -4.395224940803572E-016
         223           1  0.000000000000000E+000 -1.854775059194223E-016
         223           2  0.000000000000000E+000 -4.395224940803685E-016
         224           1  0.000000000000000E+000 -1.854775059194016E-016
         224           2  0.000000000000000E+000 -4.395224940803393E-016
         225           1  0.000000000000000E+000 -1.854775059193851E-016
         225           2  0.000000000000000E+000 -4.395224940803228E-016
         226           1  0.000000000000000E+000 -1.854775059191658E-016
         226           2  0.000000000000000E+000 -4.395224940801331E-016
         227           1  0.000000000000000E+000 -1.854775059191382E-016
         227           2  0.000000000000000E+000 -4.395224940800944E-016
         228           1  0.000000000000000E+000 -1.854775059191831E-016
         228           2  0.000000000000000E+000 -4.395224940800536E-016
         229           1  0.000000000000000E+000 -1.854775059192239E-016
         229           2  0.000000000000000E+000 -4.395224940801218E-016
         230           1  0.000000000000000E+000 -1.854775059193563E-016
         230           2  0.000000000000000E+000 -4.395224940802301E-016
         231           1  0.000000000000000E+000 -1.854775059193458E-016
         231           2  0.000000000000000E+000 -4.395224940802306E-016
         232           1  0.000000000000000E+000 -1.854775059193216E-016
         232           2  0.000000000000000E+000 -4.395224940802052E-016
         233           1  0.000000000000000E+000 -1.854775059193216E-016
         233           2  0.000000000000000E+000 -4.395224940802133E-016
         234           1  0.000000000000000E+000 -1.854775059193004E-016
         234           2  0.000000000000000E+000 -4.395224940801857E-016
         235           1  0.000000000000000E+000 -1.854775059193297E-016
         235           2  0.000000000000000E+000 -4.395224940802606E-016
         236           1  0.000000000000000E+000 -1.854775059193488E-016
         236           2  0.000000000000000E+000 -4.395224940802587E-016
         237           1  0.000000000000000E+000 -1.854775059194119E-016
         237           2  0.000000000000000E+000 -4.395224940803483E-016
         238           1  0.000000000000000E+000 -1.854775059195190E-016
         238           2  0.000000000000000E+000 -4.395224940804740E-016
         239           1  0.000000000000000E+000 -1.854775059195421E-016
         239           2  0.000000000000000E+000 -4.395224940804926E-016
         240           1  0.000000000000000E+000 -1.854775059194734E-016
         240           2  0.000000000000000E+000 -4.395224940804809E-016
         241           1  0.000000000000000E+000 -1.854775059194162E-016
         241           2  0.000000000000000E+000 -4.395224940803795E-016
         242           1  0.000000000000000E+000 -1.854775059194365E-016
         242           2  0.000000000000000E+000 -4.395224940803925E-016
         243           1  0.000000000000000E+000 -1.854775059194647E-016
         243           2  0.000000000000000E+000 -4.395224940804335E-016
         244           1  0.000000000000000E+000 -1.854775059194360E-016
         244           2  0.000000000000000E+000 -4.395224940804035E-016
         245           1  0.000000000000000E+000 -1.854775059194139E-016
         245           2  0.000000000000000E+000 -4.395224940803541E-016
         246           1  0.000000000000000E+000 -1.854775059191527E-016
         246           2  0.000000000000000E+000 -4.395224940801370E-016
         247           1  0.000000000000000E+000 -1.854775059192198E-016
         247           2  0.000000000000000E+000 -4.395224940801687E-016
         248           1  0.000000000000000E+000 -1.854775059192051E-016
         248           2  0.000000000000000E+000 -4.395224940801117E-016
         249           1  0.000000000000000E+000 -1.854775059192671E-016
         249           2  0.000000000000000E+000 -4.395224940801765E-016
         250           1  0.000000000000000E+000 -1.854775059193625E-016
         250           2  0.000000000000000E+000 -4.395224940802594E-016
         251           1  0.000000000000000E+000 -1.854775059193366E-016
         251           2  0.000000000000000E+000 -4.395224940802608E-016
         252           1  0.000000000000000E+000 -1.854775059193437E-016
         252           2  0.000000000000000E+000 -4.395224940802270E-016
         253           1  0.000000000000000E+000 -1.854775059193333E-016
         253           2  0.000000000000000E+000 -4.395224940802331E-016
         254           1  0.000000000000000E+000 -1.854775059193780E-016
         254           2  0.000000000000000E+000 -4.395224940802966E-016
         255           1  0.000000000000000E+000 -1.854775059194100E-016
         255           2  0.000000000000000E+000 -4.395224940803445E-016
         256           1  0.000000000000000E+000 -1.854775059193648E-016
         256           2  0.000000000000000E+000 -4.395224940803107E-016
         257           1  0.000000000000000E+000 -1.854775059194099E-016
         257           2  0.000000000000000E+000 -4.395224940803263E-016
         258           1  0.000000000000000E+000 -1.854775059195210E-016
         258           2  0.000000000000000E+000 -4.395224940804908E-016
         259           1  0.000000000000000E+000 -1.854775059195229E-016
         259           2  0.000000000000000E+000 -4.395224940805356E-016
         260           1  0.000000000000000E+000 -1.854775059194162E-016
         260           2  0.000000000000000E+000 -4.395224940803265E-016
         261           1  0.000000000000000E+000 -1.854775059190615E-016
         261           2  0.000000000000000E+000 -4.395224940800713E-016
         262           1  0.000000000000000E+000 -1.854775059194438E-016
         262           2  0.000000000000000E+000 -4.395224940804026E-016
         263           1  0.000000000000000E+000 -1.854775059194934E-016
         263           2  0.000000000000000E+000 -4.395224940804519E-016
         264           1  0.000000000000000E+000 -1.854775059194584E-016
         264           2  0.000000000000000E+000 -4.395224940804225E-016
         265           1  0.000000000000000E+000 -1.854775059192315E-016
         265           2  0.000000000000000E+000 -4.395224940801985E-016
         266           1  0.000000000000000E+000 -1.854775059191564E-016
         266           2  0.000000000000000E+000 -4.395224940800934E-016
         267           1  0.000000000000000E+000 -1.854775059192707E-016
         267           2  0.000000000000000E+000 -4.395224940802145E-016
         268           1  0.000000000000000E+000 -1.854775059192869E-016
         268           2  0.000000000000000E+000 -4.395224940802182E-016
         269           1  0.000000000000000E+000 -1.854775059193454E-016
         269           2  0.000000000000000E+000 -4.395224940802610E-016
         270           1  0.000000000000000E+000 -1.854775059193466E-016
         270           2  0.000000000000000E+000 -4.395224940802792E-016
         271           1  0.000000000000000E+000 -1.854775059193218E-016
         271           2  0.000000000000000E+000 -4.395224940802168E-016
         272           1  0.000000000000000E+000 -1.854775059193284E-016
         272           2  0.000000000000000E+000 -4.395224940802195E-016
         273           1  0.000000000000000E+000 -1.854775059193045E-016
         273           2  0.000000000000000E+000 -4.395224940802324E-016
         274           1  0.000000000000000E+000 -1.854775059193662E-016
         274           2  0.000000000000000E+000 -4.395224940802884E-016
         275           1  0.000000000000000E+000 -1.854775059193873E-016
         275           2  0.000000000000000E+000 -4.395224940803456E-016
         276           1  0.000000000000000E+000 -1.854775059193072E-016
         276           2  0.000000000000000E+000 -4.395224940802219E-016
         277           1  0.000000000000000E+000 -1.854775059193752E-016
         277           2  0.000000000000000E+000 -4.395224940803444E-016
         278           1  0.000000000000000E+000 -1.854775059194535E-016
         278           2  0.000000000000000E+000 -4.395224940804396E-016
         279           1  0.000000000000000E+000 -1.854775059195555E-016
         279           2  0.000000000000000E+000 -4.395224940805260E-016
         280           1  0.000000000000000E+000 -1.854775059193016E-016
         280           2  0.000000000000000E+000 -4.395224940801969E-016
         281           1  0.000000000000000E+000 -1.854775059194094E-016
         281           2  0.000000000000000E+000 -4.395224940803828E-016
         282           1  0.000000000000000E+000 -1.854775059194713E-016
         282           2  0.000000000000000E+000 -4.395224940804434E-016
         283           1  0.000000000000000E+000 -1.854775059194700E-016
         283           2  0.000000000000000E+000 -4.395224940804660E-016
         284           1  0.000000000000000E+000 -1.854775059194644E-016
         284           2  0.000000000000000E+000 -4.395224940804232E-016
         285           1  0.000000000000000E+000 -1.854775059194160E-016
         285           2  0.000000000000000E+000 -4.395224940803738E-016
         286           1  0.000000000000000E+000 -1.854775059191970E-016
         286           2  0.000000000000000E+000 -4.395224940801511E-016
         287           1  0.000000000000000E+000 -1.854775059192744E-016
         287           2  0.000000000000000E+000 -4.395224940802404E-016
         288           1  0.000000000000000E+000 -1.854775059193313E-016
         288           2  0.000000000000000E+000 -4.395224940802776E-016
         289           1  0.000000000000000E+000 -1.854775059193039E-016
         289           2  0.000000000000000E+000 -4.395224940802135E-016
         290           1  0.000000000000000E+000 -1.854775059193376E-016
         290           2  0.000000000000000E+000 -4.395224940802480E-016
         291           1  0.000000000000000E+000 -1.854775059193469E-016
         291           2  0.000000000000000E+000 -4.395224940802790E-016
         292           1  0.000000000000000E+000 -1.854775059193587E-016
         292           2  0.000000000000000E+000 -4.395224940802764E-016
         293           1  0.000000000000000E+000 -1.854775059193157E-016
         293           2  0.000000000000000E+000 -4.395224940802114E-016
         294           1  0.000000000000000E+000 -1.854775059193738E-016
         294           2  0.000000000000000E+000 -4.395224940803003E-016
         295           1  0.000000000000000E+000 -1.854775059193754E-016
         295           2  0.000000000000000E+000 -4.395224940803131E-016
         296           1  0.000000000000000E+000 -1.854775059193075E-016
         296           2  0.000000000000000E+000 -4.395224940802515E-016
         297           1  0.000000000000000E+000 -1.854775059193462E-016
         297           2  0.000000000000000E+000 -4.395224940802775E-016
         298           1  0.000000000000000E+000 -1.854775059194148E-016
         298           2  0.000000000000000E+000 -4.395224940803775E-016
         299           1  0.000000000000000E+000 -1.854775059194421E-016
         299           2  0.000000000000000E+000 -4.395224940803841E-016
         300           1  0.000000000000000E+000 -1.854775059194310E-016
         300           2  0.000000000000000E+000 -4.395224940804096E-016
         301           1  0.000000000000000E+000 -1.854775059194288E-016
         301           2  0.000000000000000E+000 -4.395224940803906E-016
         302           1  0.000000000000000E+000 -1.854775059194578E-016
         302           2  0.000000000000000E+000 -4.395224940804431E-016
         303           1  0.000000000000000E+000 -1.854775059194598E-016
         303           2  0.000000000000000E+000 -4.395224940804275E-016
         304           1  0.000000000000000E+000 -1.854775059194358E-016
         304           2  0.000000000000000E+000 -4.395224940804035E-016
         305           1  0.000000000000000E+000 -1.854775059192141E-016
         305           2  0.000000000000000E+000 -4.395224940801960E-016
         306           1  0.000000000000000E+000 -1.854775059192143E-016
         306           2  0.000000000000000E+000 -4.395224940801632E-016
         307           1  0.000000000000000E+000 -1.854775059192854E-016
         307           2  0.000000000000000E+000 -4.395224940802292E-016
         308           1  0.000000000000000E+000 -1.854775059193260E-016
         308           2  0.000000000000000E+000 -4.395224940802408E-016
         309           1  0.000000000000000E+000 -1.854775059193604E-016
         309           2  0.000000000000000E+000 -4.395224940802884E-016
         310           1  0.000000000000000E+000 -1.854775059193163E-016
         310           2  0.000000000000000E+000 -4.395224940802186E-016
         311           1  0.000000000000000E+000 -1.854775059193164E-016
         311           2  0.000000000000000E+000 -4.395224940802220E-016
         312           1  0.000000000000000E+000 -1.854775059193768E-016
         312           2  0.000000000000000E+000 -4.395224940802869E-016
         313           1  0.000000000000000E+000 -1.854775059193686E-016
         313           2  0.000000000000000E+000 -4.395224940802985E-016
         314           1  0.000000000000000E+000 -1.854775059193494E-016
         314           2  0.000000000000000E+000 -4.395224940802570E-016
         315           1  0.000000000000000E+000 -1.854775059193486E-016
         315           2  0.000000000000000E+000 -4.395224940802854E-016
         316           1  0.000000000000000E+000 -1.854775059192940E-016
         316           2  0.000000000000000E+000 -4.395224940802486E-016
         317           1  0.000000000000000E+000 -1.854775059193574E-016
         317           2  0.000000000000000E+000 -4.395224940803047E-016
         318           1  0.000000000000000E+000 -1.854775059193952E-016
         318           2  0.000000000000000E+000 -4.395224940803221E-016
         319           1  0.000000000000000E+000 -1.854775059194675E-016
         319           2  0.000000000000000E+000 -4.395224940804430E-016
         320           1  0.000000000000000E+000 -1.854775059194721E-016
         320           2  0.000000000000000E+000 -4.395224940804436E-016
         321           1  0.000000000000000E+000 -1.854775059194463E-016
         321           2  0.000000000000000E+000 -4.395224940804174E-016
         322           1  0.000000000000000E+000 -1.854775059194511E-016
         322           2  0.000000000000000E+000 -4.395224940804304E-016
         323           1  0.000000000000000E+000 -1.854775059194406E-016
         323           2  0.000000000000000E+000 -4.395224940804140E-016
         324           1  0.000000000000000E+000 -1.854775059194202E-016
         324           2  0.000000000000000E+000 -4.395224940803849E-016
         325           1  0.000000000000000E+000 -1.854775059194056E-016
         325           2  0.000000000000000E+000 -4.395224940803703E-016
         326           1  0.000000000000000E+000 -1.854775059192522E-016
         326           2  0.000000000000000E+000 -4.395224940802168E-016
         327           1  0.000000000000000E+000 -1.854775059193621E-016
         327           2  0.000000000000000E+000 -4.395224940802898E-016
         328           1  0.000000000000000E+000 -1.854775059193900E-016
         328           2  0.000000000000000E+000 -4.395224940803240E-016
         329           1  0.000000000000000E+000 -1.854775059193551E-016
         329           2  0.000000000000000E+000 -4.395224940802569E-016
         330           1  0.000000000000000E+000 -1.854775059193881E-016
         330           2  0.000000000000000E+000 -4.395224940803037E-016
         331           1  0.000000000000000E+000 -1.854775059193742E-016
         331           2  0.000000000000000E+000 -4.395224940802939E-016
         332           1  0.000000000000000E+000 -1.854775059194117E-016
         332           2  0.000000000000000E+000 -4.395224940803108E-016
         333           1  0.000000000000000E+000 -1.854775059194513E-016
         333           2  0.000000000000000E+000 -4.395224940803971E-016
         334           1  0.000000000000000E+000 -1.854775059194363E-016
         334           2  0.000000000000000E+000 -4.395224940803852E-016
         335           1  0.000000000000000E+000 -1.854775059193600E-016
         335           2  0.000000000000000E+000 -4.395224940803158E-016
         336           1  0.000000000000000E+000 -1.854775059193221E-016
         336           2  0.000000000000000E+000 -4.395224940802788E-016
         337           1  0.000000000000000E+000 -1.854775059193931E-016
         337           2  0.000000000000000E+000 -4.395224940803174E-016
         338           1  0.000000000000000E+000 -1.854775059194609E-016
         338           2  0.000000000000000E+000 -4.395224940804357E-016
         339           1  0.000000000000000E+000 -1.854775059194606E-016
         339           2  0.000000000000000E+000 -4.395224940804305E-016
         340           1  0.000000000000000E+000 -1.854775059194862E-016
         340           2  0.000000000000000E+000 -4.395224940804528E-016
         341           1  0.000000000000000E+000 -1.854775059194947E-016
         341           2  0.000000000000000E+000 -4.395224940804679E-016
         342           1  0.000000000000000E+000 -1.854775059195068E-016
         342           2  0.000000000000000E+000 -4.395224940804773E-016
         343           1  0.000000000000000E+000 -1.854775059194680E-016
         343           2  0.000000000000000E+000 -4.395224940804377E-016
         344           1  0.000000000000000E+000 -1.854775059194456E-016
         344           2  0.000000000000000E+000 -4.395224940804121E-016
         345           1  0.000000000000000E+000 -1.854775059193223E-016
         345           2  0.000000000000000E+000 -4.395224940803434E-016
         346           1  0.000000000000000E+000 -1.854775059193430E-016
         346           2  0.000000000000000E+000 -4.395224940802985E-016
         347           1  0.000000000000000E+000 -1.854775059194293E-016
         347           2  0.000000000000000E+000 -4.395224940803646E-016
         348           1  0.000000000000000E+000 -1.854775059194283E-016
         348           2  0.000000000000000E+000 -4.395224940803602E-016
         349           1  0.000000000000000E+000 -1.854775059193722E-016
         349           2  0.000000000000000E+000 -4.395224940802725E-016
         350           1  0.000000000000000E+000 -1.854775059193944E-016
         350           2  0.000000000000000E+000 -4.395224940803302E-016
         351           1  0.000000000000000E+000 -1.854775059194579E-016
         351           2  0.000000000000000E+000 -4.395224940804120E-016
         352           1  0.000000000000000E+000 -1.854775059195000E-016
         352           2  0.000000000000000E+000 -4.395224940804172E-016
         353           1  0.000000000000000E+000 -1.854775059195627E-016
         353           2  0.000000000000000E+000 -4.395224940805313E-016
         354           1  0.000000000000000E+000 -1.854775059195444E-016
         354           2  0.000000000000000E+000 -4.395224940804944E-016
         355           1  0.000000000000000E+000 -1.854775059194306E-016
         355           2  0.000000000000000E+000 -4.395224940803863E-016
         356           1  0.000000000000000E+000 -1.854775059193215E-016
         356           2  0.000000000000000E+000 -4.395224940802655E-016
         357           1  0.000000000000000E+000 -1.854775059193267E-016
         357           2  0.000000000000000E+000 -4.395224940803785E-016
         358           1  0.000000000000000E+000 -1.854775059194712E-016
         358           2  0.000000000000000E+000 -4.395224940804406E-016
         359           1  0.000000000000000E+000 -1.854775059194953E-016
         359           2  0.000000000000000E+000 -4.395224940804679E-016
         360           1  0.000000000000000E+000 -1.854775059195203E-016
         360           2  0.000000000000000E+000 -4.395224940805121E-016
         361           1  0.000000000000000E+000 -1.854775059194724E-016
         361           2  0.000000000000000E+000 -4.395224940804621E-016
         362           1  0.000000000000000E+000 -1.854775059194937E-016
         362           2  0.000000000000000E+000 -4.395224940804624E-016
         363           1  0.000000000000000E+000 -1.854775059194587E-016
         363           2  0.000000000000000E+000 -4.395224940804309E-016
         364           1  0.000000000000000E+000 -1.854775059194486E-016
         364           2  0.000000000000000E+000 -4.395224940803976E-016
         365           1  0.000000000000000E+000 -1.854775059194419E-016
         365           2  0.000000000000000E+000 -4.395224940804071E-016
         366           1  0.000000000000000E+000 -1.854775059194337E-016
         366           2  0.000000000000000E+000 -4.395224940803831E-016
         367           1  0.000000000000000E+000 -1.854775059192897E-016
         367           2  0.000000000000000E+000 -4.395224940802205E-016
         368           1  0.000000000000000E+000 -1.854775059193505E-016
         368           2  0.000000000000000E+000 -4.395224940802908E-016
         369           1  0.000000000000000E+000 -1.854775059193697E-016
         369           2  0.000000000000000E+000 -4.395224940802642E-016
         370           1  0.000000000000000E+000 -1.854775059194050E-016
         370           2  0.000000000000000E+000 -4.395224940803222E-016
         371           1  0.000000000000000E+000 -1.854775059194670E-016
         371           2  0.000000000000000E+000 -4.395224940804430E-016
         372           1  0.000000000000000E+000 -1.854775059195277E-016
         372           2  0.000000000000000E+000 -4.395224940804830E-016
         373           1  0.000000000000000E+000 -1.854775059195072E-016
         373           2  0.000000000000000E+000 -4.395224940804495E-016
         374           1  0.000000000000000E+000 -1.854775059194304E-016
         374           2  0.000000000000000E+000 -4.395224940803833E-016
         375           1  0.000000000000000E+000 -1.854775059194396E-016
         375           2  0.000000000000000E+000 -4.395224940803819E-016
         376           1  0.000000000000000E+000 -1.854775059193294E-016
         376           2  0.000000000000000E+000 -4.395224940802679E-016
         377           1  0.000000000000000E+000 -1.854775059194463E-016
         377           2  0.000000000000000E+000 -4.395224940804195E-016
         378           1  0.000000000000000E+000 -1.854775059194770E-016
         378           2  0.000000000000000E+000 -4.395224940804525E-016
         379           1  0.000000000000000E+000 -1.854775059195021E-016
         379           2  0.000000000000000E+000 -4.395224940804803E-016
         380           1  0.000000000000000E+000 -1.854775059194227E-016
         380           2  0.000000000000000E+000 -4.395224940804015E-016
         381           1  0.000000000000000E+000 -1.854775059194485E-016
         381           2  0.000000000000000E+000 -4.395224940804365E-016
         382           1  0.000000000000000E+000 -1.854775059195094E-016
         382           2  0.000000000000000E+000 -4.395224940804873E-016
         383           1  0.000000000000000E+000 -1.854775059194936E-016
         383           2  0.000000000000000E+000 -4.395224940804802E-016
         384           1  0.000000000000000E+000 -1.854775059194822E-016
         384           2  0.000000000000000E+000 -4.395224940804667E-016
         385           1  0.000000000000000E+000 -1.854775059194466E-016
         385           2  0.000000000000000E+000 -4.395224940804045E-016
         386           1  0.000000000000000E+000 -1.854775059194461E-016
         386           2  0.000000000000000E+000 -4.395224940804274E-016
         387           1  0.000000000000000E+000 -1.854775059194391E-016
         387           2  0.000000000000000E+000 -4.395224940803979E-016
         388           1  0.000000000000000E+000 -1.854775059193326E-016
         388           2  0.000000000000000E+000 -4.395224940802846E-016
         389           1  0.000000000000000E+000 -1.854775059192739E-016
         389           2  0.000000000000000E+000 -4.395224940801733E-016
         390           1  0.000000000000000E+000 -1.854775059194240E-016
         390           2  0.000000000000000E+000 -4.395224940803451E-016
         391           1  0.000000000000000E+000 -1.854775059194589E-016
         391           2  0.000000000000000E+000 -4.395224940804222E-016
         392           1  0.000000000000000E+000 -1.854775059194188E-016
         392           2  0.000000000000000E+000 -4.395224940803526E-016
         393           1  0.000000000000000E+000 -1.854775059194322E-016
         393           2  0.000000000000000E+000 -4.395224940803855E-016
         394           1  0.000000000000000E+000 -1.854775059194527E-016
         394           2  0.000000000000000E+000 -4.395224940804240E-016
         395           1  0.000000000000000E+000 -1.854775059194737E-016
         395           2  0.000000000000000E+000 -4.395224940804404E-016
         396           1  0.000000000000000E+000 -1.854775059193641E-016
         396           2  0.000000000000000E+000 -4.395224940802989E-016
         397           1  0.000000000000000E+000 -1.854775059194798E-016
         397           2  0.000000000000000E+000 -4.395224940804384E-016
         398           1  0.000000000000000E+000 -1.854775059194887E-016
         398           2  0.000000000000000E+000 -4.395224940804682E-016
         399           1  0.000000000000000E+000 -1.854775059194956E-016
         399           2  0.000000000000000E+000 -4.395224940804720E-016
         400           1  0.000000000000000E+000 -1.854775059194166E-016
         400           2  0.000000000000000E+000 -4.395224940803969E-016
