           1           1  0.000000000000000E+000 -7.419100236779151E-018
           1           2  0.000000000000000E+000 -1.758089976321961E-017
           2           1  0.000000000000000E+000 -7.419100236781375E-018
           2           2  0.000000000000000E+000 -1.758089976322227E-017
           3           1  0.000000000000000E+000 -7.419100236779087E-018
           3           2  0.000000000000000E+000 -1.758089976322034E-017
           4           1  0.000000000000000E+000 -7.419100236777581E-018
           4           2  0.000000000000000E+000 -1.758089976321948E-017
           5           1  0.000000000000000E+000 -7.419100236777580E-018
           5           2  0.000000000000000E+000 -1.758089976321785E-017
           6           1  0.000000000000000E+000 -7.419100236773971E-018
           6           2  0.000000000000000E+000 -1.758089976321276E-017
           7           1  0.000000000000000E+000 -7.419100236775394E-018
           7           2  0.000000000000000E+000 -1.758089976321542E-017
           8           1  0.000000000000000E+000 -7.419100236772924E-018
           8           2  0.000000000000000E+000 -1.758089976321452E-017
           9           1  0.000000000000000E+000 -7.419100236772871E-018
           9           2  0.000000000000000E+000 -1.758089976321503E-017
          10           1  0.000000000000000E+000 -7.419100236775770E-018
          10           2  0.000000000000000E+000 -1.758089976321358E-017
          11           1  0.000000000000000E+000 -7.419100236778611E-018
          11           2  0.000000000000000E+000 -1.758089976321966E-017
          12           1  0.000000000000000E+000 -7.419100236779158E-018
          12           2  0.000000000000000E+000 -1.758089976321940E-017
          13           1  0.000000000000000E+000 -7.419100236779319E-018
          13           2  0.000000000000000E+000 -1.758089976321937E-017
          14           1  0.000000000000000E+000 -7.419100236779321E-018
          14           2  0.000000000000000E+000 -1.758089976321919E-017
          15           1  0.000000000000000E+000 -7.419100236778877E-018
          15           2  0.000000000000000E+000 -1.758089976321939E-017
          16           1  0.000000000000000E+000 -7.419100236776132E-018
          16           2  0.000000000000000E+000 -1.758089976321545E-017
          17           1  0.000000000000000E+000 -7.419100236779534E-018
          17           2  0.000000000000000E+000 -1.758089976322027E-017
          18           1  0.000000000000000E+000 -7.419100236779919E-018
          18           2  0.000000000000000E+000 -1.758089976322080E-017
          19           1  0.000000000000000E+000 -7.419100236780333E-018
          19           2  0.000000000000000E+000 -1.758089976322239E-017
          20           1  0.000000000000000E+000 -7.419100236779299E-018
          20           2  0.000000000000000E+000 -1.758089976322187E-017
          21           1  0.000000000000000E+000 -7.419100236781204E-018
          21           2  0.000000000000000E+000 -1.758089976322309E-017
          22           1  0.000000000000000E+000 -7.419100236780141E-018
          22           2  0.000000000000000E+000 -1.758089976322441E-017
          23           1  0.000000000000000E+000 -7.419100236780446E-018
          23           2  0.000000000000000E+000 -1.758089976322168E-017
          24           1  0.000000000000000E+000 -7.419100236778387E-018
          24           2  0.000000000000000E+000 -1.758089976321854E-017
          25           1  0.000000000000000E+000 -7.419100236777064E-018
          25           2  0.000000000000000E+000 -1.758089976321654E-017
          26           1  0.000000000000000E+000 -7.419100236777196E-018
          26           2  0.000000000000000E+000 -1.758089976321473E-017
          27           1  0.000000000000000E+000 -7.419100236778534E-018
          27           2  0.000000000000000E+000 -1.758089976321788E-017
          28           1  0.000000000000000E+000 -7.419100236773876E-018
          28           2  0.000000000000000E+000 -1.758089976321430E-017
          29           1  0.000000000000000E+000 -7.419100236773106E-018
          29           2  0.000000000000000E+000 -1.758089976321467E-017
          30           1  0.000000000000000E+000 -7.419100236775392E-018
          30           2  0.000000000000000E+000 -1.758089976321545E-017
          31           1  0.000000000000000E+000 -7.419100236778426E-018
          31           2  0.000000000000000E+000 -1.758089976321565E-017
          32           1  0.000000000000000E+000 -7.419100236779762E-018
          32           2  0.000000000000000E+000 -1.758089976321646E-017
          33           1  0.000000000000000E+000 -7.419100236777760E-018
          33           2  0.000000000000000E+000 -1.758089976321568E-017
          34           1  0.000000000000000E+000 -7.419100236779509E-018
          34           2  0.000000000000000E+000 -1.758089976322004E-017
          35           1  0.000000000000000E+000 -7.419100236779440E-018
          35           2  0.000000000000000E+000 -1.758089976321997E-017
          36           1  0.000000000000000E+000 -7.419100236777703E-018
          36           2  0.000000000000000E+000 -1.758089976321843E-017
          37           1  0.000000000000000E+000 -7.419100236778515E-018
          37           2  0.000000000000000E+000 -1.758089976322031E-017
          38           1  0.000000000000000E+000 -7.419100236780367E-018
          38           2  0.000000000000000E+000 -1.758089976322257E-017
          39           1  0.000000000000000E+000 -7.419100236781202E-018
          39           2  0.000000000000000E+000 -1.758089976322440E-017
          40           1  0.000000000000000E+000 -7.419100236782330E-018
          40           2  0.000000000000000E+000 -1.758089976322284E-017
          41           1  0.000000000000000E+000 -7.419100236781629E-018
          41           2  0.000000000000000E+000 -1.758089976322384E-017
          42           1  0.000000000000000E+000 -7.419100236781393E-018
          42           2  0.000000000000000E+000 -1.758089976322535E-017
          43           1  0.000000000000000E+000 -7.419100236780376E-018
          43           2  0.000000000000000E+000 -1.758089976322173E-017
          44           1  0.000000000000000E+000 -7.419100236778458E-018
          44           2  0.000000000000000E+000 -1.758089976321926E-017
          45           1  0.000000000000000E+000 -7.419100236779808E-018
          45           2  0.000000000000000E+000 -1.758089976321884E-017
          46           1  0.000000000000000E+000 -7.419100236780700E-018
          46           2  0.000000000000000E+000 -1.758089976321990E-017
          47           1  0.000000000000000E+000 -7.419100236779387E-018
          47           2  0.000000000000000E+000 -1.758089976321884E-017
          48           1  0.000000000000000E+000 -7.419100236777318E-018
          48           2  0.000000000000000E+000 -1.758089976321649E-017
          49           1  0.000000000000000E+000 -7.419100236775189E-018
          49           2  0.000000000000000E+000 -1.758089976321397E-017
          50           1  0.000000000000000E+000 -7.419100236778649E-018
          50           2  0.000000000000000E+000 -1.758089976321815E-017
          51           1  0.000000000000000E+000 -7.419100236778769E-018
          51           2  0.000000000000000E+000 -1.758089976321745E-017
          52           1  0.000000000000000E+000 -7.419100236779718E-018
          52           2  0.000000000000000E+000 -1.758089976321772E-017
          53           1  0.000000000000000E+000 -7.419100236779091E-018
          53           2  0.000000000000000E+000 -1.758089976321902E-017
          54           1  0.000000000000000E+000 -7.419100236778376E-018
          54           2  0.000000000000000E+000 -1.758089976321698E-017
          55           1  0.000000000000000E+000 -7.419100236777903E-018
          55           2  0.000000000000000E+000 -1.758089976321784E-017
          56           1  0.000000000000000E+000 -7.419100236778950E-018
          56           2  0.000000000000000E+000 -1.758089976321961E-017
          57           1  0.000000000000000E+000 -7.419100236780913E-018
          57           2  0.000000000000000E+000 -1.758089976322171E-017
          58           1  0.000000000000000E+000 -7.419100236781359E-018
          58           2  0.000000000000000E+000 -1.758089976322678E-017
          59           1  0.000000000000000E+000 -7.419100236779738E-018
          59           2  0.000000000000000E+000 -1.758089976322676E-017
          60           1  0.000000000000000E+000 -7.419100236783244E-018
          60           2  0.000000000000000E+000 -1.758089976322555E-017
          61           1  0.000000000000000E+000 -7.419100236779951E-018
          61           2  0.000000000000000E+000 -1.758089976322063E-017
          62           1  0.000000000000000E+000 -7.419100236779763E-018
          62           2  0.000000000000000E+000 -1.758089976322264E-017
          63           1  0.000000000000000E+000 -7.419100236778757E-018
          63           2  0.000000000000000E+000 -1.758089976322286E-017
          64           1  0.000000000000000E+000 -7.419100236776665E-018
          64           2  0.000000000000000E+000 -1.758089976321808E-017
          65           1  0.000000000000000E+000 -7.419100236782353E-018
          65           2  0.000000000000000E+000 -1.758089976322250E-017
          66           1  0.000000000000000E+000 -7.419100236781953E-018
          66           2  0.000000000000000E+000 -1.758089976322041E-017
          67           1  0.000000000000000E+000 -7.419100236779025E-018
          67           2  0.000000000000000E+000 -1.758089976321907E-017
          68           1  0.000000000000000E+000 -7.419100236779136E-018
          68           2  0.000000000000000E+000 -1.758089976321814E-017
          69           1  0.000000000000000E+000 -7.419100236777512E-018
          69           2  0.000000000000000E+000 -1.758089976321592E-017
          70           1  0.000000000000000E+000 -7.419100236777680E-018
          70           2  0.000000000000000E+000 -1.758089976321639E-017
          71           1  0.000000000000000E+000 -7.419100236776031E-018
          71           2  0.000000000000000E+000 -1.758089976321768E-017
          72           1  0.000000000000000E+000 -7.419100236776545E-018
          72           2  0.000000000000000E+000 -1.758089976321762E-017
          73           1  0.000000000000000E+000 -7.419100236779905E-018
          73           2  0.000000000000000E+000 -1.758089976321893E-017
          74           1  0.000000000000000E+000 -7.419100236781085E-018
          74           2  0.000000000000000E+000 -1.758089976322047E-017
          75           1  0.000000000000000E+000 -7.419100236780842E-018
          75           2  0.000000000000000E+000 -1.758089976321908E-017
          76           1  0.000000000000000E+000 -7.419100236780518E-018
          76           2  0.000000000000000E+000 -1.758089976322110E-017
          77           1  0.000000000000000E+000 -7.419100236781761E-018
          77           2  0.000000000000000E+000 -1.758089976322386E-017
          78           1  0.000000000000000E+000 -7.419100236783119E-018
          78           2  0.000000000000000E+000 -1.758089976322696E-017
          79           1  0.000000000000000E+000 -7.419100236781862E-018
          79           2  0.000000000000000E+000 -1.758089976322770E-017
          80           1  0.000000000000000E+000 -7.419100236782663E-018
          80           2  0.000000000000000E+000 -1.758089976322915E-017
          81           1  0.000000000000000E+000 -7.419100236780778E-018
          81           2  0.000000000000000E+000 -1.758089976322178E-017
          82           1  0.000000000000000E+000 -7.419100236780284E-018
          82           2  0.000000000000000E+000 -1.758089976322236E-017
          83           1  0.000000000000000E+000 -7.419100236778920E-018
          83           2  0.000000000000000E+000 -1.758089976322043E-017
          84           1  0.000000000000000E+000 -7.419100236778073E-018
          84           2  0.000000000000000E+000 -1.758089976322010E-017
          85           1  0.000000000000000E+000 -7.419100236777700E-018
          85           2  0.000000000000000E+000 -1.758089976321463E-017
          86           1  0.000000000000000E+000 -7.419100236780561E-018
          86           2  0.000000000000000E+000 -1.758089976321932E-017
          87           1  0.000000000000000E+000 -7.419100236779933E-018
          87           2  0.000000000000000E+000 -1.758089976322076E-017
          88           1  0.000000000000000E+000 -7.419100236778592E-018
          88           2  0.000000000000000E+000 -1.758089976321911E-017
          89           1  0.000000000000000E+000 -7.419100236777816E-018
          89           2  0.000000000000000E+000 -1.758089976321941E-017
          90           1  0.000000000000000E+000 -7.419100236777586E-018
          90           2  0.000000000000000E+000 -1.758089976321786E-017
          91           1  0.000000000000000E+000 -7.419100236776668E-018
          91           2  0.000000000000000E+000 -1.758089976321746E-017
          92           1  0.000000000000000E+000 -7.419100236779002E-018
          92           2  0.000000000000000E+000 -1.758089976321944E-017
          93           1  0.000000000000000E+000 -7.419100236779933E-018
          93           2  0.000000000000000E+000 -1.758089976321964E-017
          94           1  0.000000000000000E+000 -7.419100236783100E-018
          94           2  0.000000000000000E+000 -1.758089976322159E-017
          95           1  0.000000000000000E+000 -7.419100236782262E-018
          95           2  0.000000000000000E+000 -1.758089976322418E-017
          96           1  0.000000000000000E+000 -7.419100236780814E-018
          96           2  0.000000000000000E+000 -1.758089976322570E-017
          97           1  0.000000000000000E+000 -7.419100236781603E-018
          97           2  0.000000000000000E+000 -1.758089976322579E-017
          98           1  0.000000000000000E+000 -7.419100236785156E-018
          98           2  0.000000000000000E+000 -1.758089976322979E-017
          99           1  0.000000000000000E+000 -7.419100236785183E-018
          99           2  0.000000000000000E+000 -1.758089976323131E-017
         100           1  0.000000000000000E+000 -7.419100236784515E-018
         100           2  0.000000000000000E+000 -1.758089976323089E-017
         101           1  0.000000000000000E+000 -7.419100236779406E-018
         101           2  0.000000000000000E+000 -1.758089976321848E-017
         102           1  0.000000000000000E+000 -7.419100236781447E-018
         102           2  0.000000000000000E+000 -1.758089976321999E-017
         103           1  0.000000000000000E+000 -7.419100236780199E-018
         103           2  0.000000000000000E+000 -1.758089976321869E-017
         104           1  0.000000000000000E+000 -7.419100236779868E-018
         104           2  0.000000000000000E+000 -1.758089976322019E-017
         105           1  0.000000000000000E+000 -7.419100236777854E-018
         105           2  0.000000000000000E+000 -1.758089976321750E-017
         106           1  0.000000000000000E+000 -7.419100236780375E-018
         106           2  0.000000000000000E+000 -1.758089976321761E-017
         107           1  0.000000000000000E+000 -7.419100236780118E-018
         107           2  0.000000000000000E+000 -1.758089976321923E-017
         108           1  0.000000000000000E+000 -7.419100236778346E-018
         108           2  0.000000000000000E+000 -1.758089976321705E-017
         109           1  0.000000000000000E+000 -7.419100236777551E-018
         109           2  0.000000000000000E+000 -1.758089976321752E-017
         110           1  0.000000000000000E+000 -7.419100236777800E-018
         110           2  0.000000000000000E+000 -1.758089976321719E-017
         111           1  0.000000000000000E+000 -7.419100236778064E-018
         111           2  0.000000000000000E+000 -1.758089976321847E-017
         112           1  0.000000000000000E+000 -7.419100236779577E-018
         112           2  0.000000000000000E+000 -1.758089976321962E-017
         113           1  0.000000000000000E+000 -7.419100236781056E-018
         113           2  0.000000000000000E+000 -1.758089976322311E-017
         114           1  0.000000000000000E+000 -7.419100236783130E-018
         114           2  0.000000000000000E+000 -1.758089976322550E-017
         115           1  0.000000000000000E+000 -7.419100236784698E-018
         115           2  0.000000000000000E+000 -1.758089976322781E-017
         116           1  0.000000000000000E+000 -7.419100236783569E-018
         116           2  0.000000000000000E+000 -1.758089976322976E-017
         117           1  0.000000000000000E+000 -7.419100236783308E-018
         117           2  0.000000000000000E+000 -1.758089976322966E-017
         118           1  0.000000000000000E+000 -7.419100236785541E-018
         118           2  0.000000000000000E+000 -1.758089976323165E-017
         119           1  0.000000000000000E+000 -7.419100236786015E-018
         119           2  0.000000000000000E+000 -1.758089976323189E-017
         120           1  0.000000000000000E+000 -7.419100236783633E-018
         120           2  0.000000000000000E+000 -1.758089976323253E-017
         121           1  0.000000000000000E+000 -7.419100236779122E-018
         121           2  0.000000000000000E+000 -1.758089976321748E-017
         122           1  0.000000000000000E+000 -7.419100236781065E-018
         122           2  0.000000000000000E+000 -1.758089976321859E-017
         123           1  0.000000000000000E+000 -7.419100236779865E-018
         123           2  0.000000000000000E+000 -1.758089976321948E-017
         124           1  0.000000000000000E+000 -7.419100236777763E-018
         124           2  0.000000000000000E+000 -1.758089976321809E-017
         125           1  0.000000000000000E+000 -7.419100236779977E-018
         125           2  0.000000000000000E+000 -1.758089976321974E-017
         126           1  0.000000000000000E+000 -7.419100236780852E-018
         126           2  0.000000000000000E+000 -1.758089976322048E-017
         127           1  0.000000000000000E+000 -7.419100236778674E-018
         127           2  0.000000000000000E+000 -1.758089976321576E-017
         128           1  0.000000000000000E+000 -7.419100236775027E-018
         128           2  0.000000000000000E+000 -1.758089976321351E-017
         129           1  0.000000000000000E+000 -7.419100236776546E-018
         129           2  0.000000000000000E+000 -1.758089976321600E-017
         130           1  0.000000000000000E+000 -7.419100236777645E-018
         130           2  0.000000000000000E+000 -1.758089976321771E-017
         131           1  0.000000000000000E+000 -7.419100236778580E-018
         131           2  0.000000000000000E+000 -1.758089976321927E-017
         132           1  0.000000000000000E+000 -7.419100236780461E-018
         132           2  0.000000000000000E+000 -1.758089976322135E-017
         133           1  0.000000000000000E+000 -7.419100236781798E-018
         133           2  0.000000000000000E+000 -1.758089976322338E-017
         134           1  0.000000000000000E+000 -7.419100236784795E-018
         134           2  0.000000000000000E+000 -1.758089976322627E-017
         135           1  0.000000000000000E+000 -7.419100236788080E-018
         135           2  0.000000000000000E+000 -1.758089976322877E-017
         136           1  0.000000000000000E+000 -7.419100236787872E-018
         136           2  0.000000000000000E+000 -1.758089976322982E-017
         137           1  0.000000000000000E+000 -7.419100236786294E-018
         137           2  0.000000000000000E+000 -1.758089976323199E-017
         138           1  0.000000000000000E+000 -7.419100236787293E-018
         138           2  0.000000000000000E+000 -1.758089976323373E-017
         139           1  0.000000000000000E+000 -7.419100236786709E-018
         139           2  0.000000000000000E+000 -1.758089976323433E-017
         140           1  0.000000000000000E+000 -7.419100236786444E-018
         140           2  0.000000000000000E+000 -1.758089976323343E-017
         141           1  0.000000000000000E+000 -7.419100236776421E-018
         141           2  0.000000000000000E+000 -1.758089976321801E-017
         142           1  0.000000000000000E+000 -7.419100236780614E-018
         142           2  0.000000000000000E+000 -1.758089976322073E-017
         143           1  0.000000000000000E+000 -7.419100236780131E-018
         143           2  0.000000000000000E+000 -1.758089976322152E-017
         144           1  0.000000000000000E+000 -7.419100236778694E-018
         144           2  0.000000000000000E+000 -1.758089976322026E-017
         145           1  0.000000000000000E+000 -7.419100236779208E-018
         145           2  0.000000000000000E+000 -1.758089976322013E-017
         146           1  0.000000000000000E+000 -7.419100236778484E-018
         146           2  0.000000000000000E+000 -1.758089976321934E-017
         147           1  0.000000000000000E+000 -7.419100236778686E-018
         147           2  0.000000000000000E+000 -1.758089976321687E-017
         148           1  0.000000000000000E+000 -7.419100236775891E-018
         148           2  0.000000000000000E+000 -1.758089976321287E-017
         149           1  0.000000000000000E+000 -7.419100236774555E-018
         149           2  0.000000000000000E+000 -1.758089976321227E-017
         150           1  0.000000000000000E+000 -7.419100236777162E-018
         150           2  0.000000000000000E+000 -1.758089976321671E-017
         151           1  0.000000000000000E+000 -7.419100236778318E-018
         151           2  0.000000000000000E+000 -1.758089976321998E-017
         152           1  0.000000000000000E+000 -7.419100236781114E-018
         152           2  0.000000000000000E+000 -1.758089976322386E-017
         153           1  0.000000000000000E+000 -7.419100236782578E-018
         153           2  0.000000000000000E+000 -1.758089976322561E-017
         154           1  0.000000000000000E+000 -7.419100236785891E-018
         154           2  0.000000000000000E+000 -1.758089976322607E-017
         155           1  0.000000000000000E+000 -7.419100236787357E-018
         155           2  0.000000000000000E+000 -1.758089976322894E-017
         156           1  0.000000000000000E+000 -7.419100236787810E-018
         156           2  0.000000000000000E+000 -1.758089976323072E-017
         157           1  0.000000000000000E+000 -7.419100236786478E-018
         157           2  0.000000000000000E+000 -1.758089976323411E-017
         158           1  0.000000000000000E+000 -7.419100236787159E-018
         158           2  0.000000000000000E+000 -1.758089976323575E-017
         159           1  0.000000000000000E+000 -7.419100236788909E-018
         159           2  0.000000000000000E+000 -1.758089976323486E-017
         160           1  0.000000000000000E+000 -7.419100236790434E-018
         160           2  0.000000000000000E+000 -1.758089976323437E-017
         161           1  0.000000000000000E+000 -7.419100236779406E-018
         161           2  0.000000000000000E+000 -1.758089976321947E-017
         162           1  0.000000000000000E+000 -7.419100236779897E-018
         162           2  0.000000000000000E+000 -1.758089976322278E-017
         163           1  0.000000000000000E+000 -7.419100236778851E-018
         163           2  0.000000000000000E+000 -1.758089976321903E-017
         164           1  0.000000000000000E+000 -7.419100236778860E-018
         164           2  0.000000000000000E+000 -1.758089976321951E-017
         165           1  0.000000000000000E+000 -7.419100236780224E-018
         165           2  0.000000000000000E+000 -1.758089976322120E-017
         166           1  0.000000000000000E+000 -7.419100236777110E-018
         166           2  0.000000000000000E+000 -1.758089976321872E-017
         167           1  0.000000000000000E+000 -7.419100236775947E-018
         167           2  0.000000000000000E+000 -1.758089976321592E-017
         168           1  0.000000000000000E+000 -7.419100236775692E-018
         168           2  0.000000000000000E+000 -1.758089976321242E-017
         169           1  0.000000000000000E+000 -7.419100236775580E-018
         169           2  0.000000000000000E+000 -1.758089976321096E-017
         170           1  0.000000000000000E+000 -7.419100236776244E-018
         170           2  0.000000000000000E+000 -1.758089976321449E-017
         171           1  0.000000000000000E+000 -7.419100236777985E-018
         171           2  0.000000000000000E+000 -1.758089976321901E-017
         172           1  0.000000000000000E+000 -7.419100236781486E-018
         172           2  0.000000000000000E+000 -1.758089976322336E-017
         173           1  0.000000000000000E+000 -7.419100236781868E-018
         173           2  0.000000000000000E+000 -1.758089976322600E-017
         174           1  0.000000000000000E+000 -7.419100236783977E-018
         174           2  0.000000000000000E+000 -1.758089976322691E-017
         175           1  0.000000000000000E+000 -7.419100236785452E-018
         175           2  0.000000000000000E+000 -1.758089976322864E-017
         176           1  0.000000000000000E+000 -7.419100236786949E-018
         176           2  0.000000000000000E+000 -1.758089976323220E-017
         177           1  0.000000000000000E+000 -7.419100236787345E-018
         177           2  0.000000000000000E+000 -1.758089976323580E-017
         178           1  0.000000000000000E+000 -7.419100236788983E-018
         178           2  0.000000000000000E+000 -1.758089976323845E-017
         179           1  0.000000000000000E+000 -7.419100236789387E-018
         179           2  0.000000000000000E+000 -1.758089976323747E-017
         180           1  0.000000000000000E+000 -7.419100236791169E-018
         180           2  0.000000000000000E+000 -1.758089976323920E-017
         181           1  0.000000000000000E+000 -7.419100236781988E-018
         181           2  0.000000000000000E+000 -1.758089976322482E-017
         182           1  0.000000000000000E+000 -7.419100236781003E-018
         182           2  0.000000000000000E+000 -1.758089976322257E-017
         183           1  0.000000000000000E+000 -7.419100236779053E-018
         183           2  0.000000000000000E+000 -1.758089976321923E-017
         184           1  0.000000000000000E+000 -7.419100236778920E-018
         184           2  0.000000000000000E+000 -1.758089976321878E-017
         185           1  0.000000000000000E+000 -7.419100236780207E-018
         185           2  0.000000000000000E+000 -1.758089976321773E-017
         186           1  0.000000000000000E+000 -7.419100236775734E-018
         186           2  0.000000000000000E+000 -1.758089976321777E-017
         187           1  0.000000000000000E+000 -7.419100236775192E-018
         187           2  0.000000000000000E+000 -1.758089976321588E-017
         188           1  0.000000000000000E+000 -7.419100236776341E-018
         188           2  0.000000000000000E+000 -1.758089976321214E-017
         189           1  0.000000000000000E+000 -7.419100236777523E-018
         189           2  0.000000000000000E+000 -1.758089976321185E-017
         190           1  0.000000000000000E+000 -7.419100236776890E-018
         190           2  0.000000000000000E+000 -1.758089976321461E-017
         191           1  0.000000000000000E+000 -7.419100236779367E-018
         191           2  0.000000000000000E+000 -1.758089976321900E-017
         192           1  0.000000000000000E+000 -7.419100236782305E-018
         192           2  0.000000000000000E+000 -1.758089976322204E-017
         193           1  0.000000000000000E+000 -7.419100236784125E-018
         193           2  0.000000000000000E+000 -1.758089976322319E-017
         194           1  0.000000000000000E+000 -7.419100236785726E-018
         194           2  0.000000000000000E+000 -1.758089976322819E-017
         195           1  0.000000000000000E+000 -7.419100236783165E-018
         195           2  0.000000000000000E+000 -1.758089976322925E-017
         196           1  0.000000000000000E+000 -7.419100236785262E-018
         196           2  0.000000000000000E+000 -1.758089976323254E-017
         197           1  0.000000000000000E+000 -7.419100236786689E-018
         197           2  0.000000000000000E+000 -1.758089976323462E-017
         198           1  0.000000000000000E+000 -7.419100236788031E-018
         198           2  0.000000000000000E+000 -1.758089976323523E-017
         199           1  0.000000000000000E+000 -7.419100236788646E-018
         199           2  0.000000000000000E+000 -1.758089976323816E-017
         200           1  0.000000000000000E+000 -7.419100236793211E-018
         200           2  0.000000000000000E+000 -1.758089976324195E-017
         201           1  0.000000000000000E+000 -7.419100236780681E-018
         201           2  0.000000000000000E+000 -1.758089976322321E-017
         202           1  0.000000000000000E+000 -7.419100236780148E-018
         202           2  0.000000000000000E+000 -1.758089976322273E-017
         203           1  0.000000000000000E+000 -7.419100236780108E-018
         203           2  0.000000000000000E+000 -1.758089976322059E-017
         204           1  0.000000000000000E+000 -7.419100236781309E-018
         204           2  0.000000000000000E+000 -1.758089976321824E-017
         205           1  0.000000000000000E+000 -7.419100236780195E-018
         205           2  0.000000000000000E+000 -1.758089976321792E-017
         206           1  0.000000000000000E+000 -7.419100236776659E-018
         206           2  0.000000000000000E+000 -1.758089976321763E-017
         207           1  0.000000000000000E+000 -7.419100236777050E-018
         207           2  0.000000000000000E+000 -1.758089976321448E-017
         208           1  0.000000000000000E+000 -7.419100236777994E-018
         208           2  0.000000000000000E+000 -1.758089976320975E-017
         209           1  0.000000000000000E+000 -7.419100236777091E-018
         209           2  0.000000000000000E+000 -1.758089976321093E-017
         210           1  0.000000000000000E+000 -7.419100236776007E-018
         210           2  0.000000000000000E+000 -1.758089976321561E-017
         211           1  0.000000000000000E+000 -7.419100236780629E-018
         211           2  0.000000000000000E+000 -1.758089976321851E-017
         212           1  0.000000000000000E+000 -7.419100236782097E-018
         212           2  0.000000000000000E+000 -1.758089976322124E-017
         213           1  0.000000000000000E+000 -7.419100236784308E-018
         213           2  0.000000000000000E+000 -1.758089976322509E-017
         214           1  0.000000000000000E+000 -7.419100236784989E-018
         214           2  0.000000000000000E+000 -1.758089976322792E-017
         215           1  0.000000000000000E+000 -7.419100236783085E-018
         215           2  0.000000000000000E+000 -1.758089976322969E-017
         216           1  0.000000000000000E+000 -7.419100236783686E-018
         216           2  0.000000000000000E+000 -1.758089976323256E-017
         217           1  0.000000000000000E+000 -7.419100236785432E-018
         217           2  0.000000000000000E+000 -1.758089976323219E-017
         218           1  0.000000000000000E+000 -7.419100236788294E-018
         218           2  0.000000000000000E+000 -1.758089976323430E-017
         219           1  0.000000000000000E+000 -7.419100236788699E-018
         219           2  0.000000000000000E+000 -1.758089976323495E-017
         220           1  0.000000000000000E+000 -7.419100236788810E-018
         220           2  0.000000000000000E+000 -1.758089976323483E-017
         221           1  0.000000000000000E+000 -7.419100236777597E-018
         221           2  0.000000000000000E+000 -1.758089976321610E-017
         222           1  0.000000000000000E+000 -7.419100236777706E-018
         222           2  0.000000000000000E+000 -1.758089976321554E-017
         223           1  0.000000000000000E+000 -7.419100236777717E-018
         223           2  0.000000000000000E+000 -1.758089976321576E-017
         224           1  0.000000000000000E+000 -7.419100236776580E-018
         224           2  0.000000000000000E+000 -1.758089976321648E-017
         225           1  0.000000000000000E+000 -7.419100236777286E-018
         225           2  0.000000000000000E+000 -1.758089976321390E-017
         226           1  0.000000000000000E+000 -7.419100236776352E-018
         226           2  0.000000000000000E+000 -1.758089976321328E-017
         227           1  0.000000000000000E+000 -7.419100236777597E-018
         227           2  0.000000000000000E+000 -1.758089976321103E-017
         228           1  0.000000000000000E+000 -7.419100236776703E-018
         228           2  0.000000000000000E+000 -1.758089976320986E-017
         229           1  0.000000000000000E+000 -7.419100236774668E-018
         229           2  0.000000000000000E+000 -1.758089976321080E-017
         230           1  0.000000000000000E+000 -7.419100236773936E-018
         230           2  0.000000000000000E+000 -1.758089976321597E-017
         231           1  0.000000000000000E+000 -7.419100236779940E-018
         231           2  0.000000000000000E+000 -1.758089976321988E-017
         232           1  0.000000000000000E+000 -7.419100236783430E-018
         232           2  0.000000000000000E+000 -1.758089976322366E-017
         233           1  0.000000000000000E+000 -7.419100236785191E-018
         233           2  0.000000000000000E+000 -1.758089976322721E-017
         234           1  0.000000000000000E+000 -7.419100236785113E-018
         234           2  0.000000000000000E+000 -1.758089976322729E-017
         235           1  0.000000000000000E+000 -7.419100236782637E-018
         235           2  0.000000000000000E+000 -1.758089976322683E-017
         236           1  0.000000000000000E+000 -7.419100236782332E-018
         236           2  0.000000000000000E+000 -1.758089976323078E-017
         237           1  0.000000000000000E+000 -7.419100236787219E-018
         237           2  0.000000000000000E+000 -1.758089976323361E-017
         238           1  0.000000000000000E+000 -7.419100236788196E-018
         238           2  0.000000000000000E+000 -1.758089976323316E-017
         239           1  0.000000000000000E+000 -7.419100236784644E-018
         239           2  0.000000000000000E+000 -1.758089976322731E-017
         240           1  0.000000000000000E+000 -7.419100236785686E-018
         240           2  0.000000000000000E+000 -1.758089976323102E-017
         241           1  0.000000000000000E+000 -7.419100236777390E-018
         241           2  0.000000000000000E+000 -1.758089976321509E-017
         242           1  0.000000000000000E+000 -7.419100236775198E-018
         242           2  0.000000000000000E+000 -1.758089976320955E-017
         243           1  0.000000000000000E+000 -7.419100236774597E-018
         243           2  0.000000000000000E+000 -1.758089976320969E-017
         244           1  0.000000000000000E+000 -7.419100236777511E-018
         244           2  0.000000000000000E+000 -1.758089976321568E-017
         245           1  0.000000000000000E+000 -7.419100236773784E-018
         245           2  0.000000000000000E+000 -1.758089976320733E-017
         246           1  0.000000000000000E+000 -7.419100236775207E-018
         246           2  0.000000000000000E+000 -1.758089976320726E-017
         247           1  0.000000000000000E+000 -7.419100236775814E-018
         247           2  0.000000000000000E+000 -1.758089976320624E-017
         248           1  0.000000000000000E+000 -7.419100236774706E-018
         248           2  0.000000000000000E+000 -1.758089976320696E-017
         249           1  0.000000000000000E+000 -7.419100236773935E-018
         249           2  0.000000000000000E+000 -1.758089976320789E-017
         250           1  0.000000000000000E+000 -7.419100236775785E-018
         250           2  0.000000000000000E+000 -1.758089976321267E-017
         251           1  0.000000000000000E+000 -7.419100236781144E-018
         251           2  0.000000000000000E+000 -1.758089976321764E-017
         252           1  0.000000000000000E+000 -7.419100236785080E-018
         252           2  0.000000000000000E+000 -1.758089976322458E-017
         253           1  0.000000000000000E+000 -7.419100236785935E-018
         253           2  0.000000000000000E+000 -1.758089976322857E-017
         254           1  0.000000000000000E+000 -7.419100236786182E-018
         254           2  0.000000000000000E+000 -1.758089976323223E-017
         255           1  0.000000000000000E+000 -7.419100236788373E-018
         255           2  0.000000000000000E+000 -1.758089976323592E-017
         256           1  0.000000000000000E+000 -7.419100236786556E-018
         256           2  0.000000000000000E+000 -1.758089976323351E-017
         257           1  0.000000000000000E+000 -7.419100236783344E-018
         257           2  0.000000000000000E+000 -1.758089976322689E-017
         258           1  0.000000000000000E+000 -7.419100236783620E-018
         258           2  0.000000000000000E+000 -1.758089976322596E-017
         259           1  0.000000000000000E+000 -7.419100236783931E-018
         259           2  0.000000000000000E+000 -1.758089976322412E-017
         260           1  0.000000000000000E+000 -7.419100236780191E-018
         260           2  0.000000000000000E+000 -1.758089976322103E-017
         261           1  0.000000000000000E+000 -7.419100236776882E-018
         261           2  0.000000000000000E+000 -1.758089976321462E-017
         262           1  0.000000000000000E+000 -7.419100236776897E-018
         262           2  0.000000000000000E+000 -1.758089976321441E-017
         263           1  0.000000000000000E+000 -7.419100236772263E-018
         263           2  0.000000000000000E+000 -1.758089976320378E-017
         264           1  0.000000000000000E+000 -7.419100236776759E-018
         264           2  0.000000000000000E+000 -1.758089976321475E-017
         265           1  0.000000000000000E+000 -7.419100236769405E-018
         265           2  0.000000000000000E+000 -1.758089976320412E-017
         266           1  0.000000000000000E+000 -7.419100236772363E-018
         266           2  0.000000000000000E+000 -1.758089976320223E-017
         267           1  0.000000000000000E+000 -7.419100236773814E-018
         267           2  0.000000000000000E+000 -1.758089976320251E-017
         268           1  0.000000000000000E+000 -7.419100236771682E-018
         268           2  0.000000000000000E+000 -1.758089976320239E-017
         269           1  0.000000000000000E+000 -7.419100236770215E-018
         269           2  0.000000000000000E+000 -1.758089976320470E-017
         270           1  0.000000000000000E+000 -7.419100236772415E-018
         270           2  0.000000000000000E+000 -1.758089976320832E-017
         271           1  0.000000000000000E+000 -7.419100236776548E-018
         271           2  0.000000000000000E+000 -1.758089976321416E-017
         272           1  0.000000000000000E+000 -7.419100236780640E-018
         272           2  0.000000000000000E+000 -1.758089976322161E-017
         273           1  0.000000000000000E+000 -7.419100236783829E-018
         273           2  0.000000000000000E+000 -1.758089976322751E-017
         274           1  0.000000000000000E+000 -7.419100236786253E-018
         274           2  0.000000000000000E+000 -1.758089976323155E-017
         275           1  0.000000000000000E+000 -7.419100236790018E-018
         275           2  0.000000000000000E+000 -1.758089976323731E-017
         276           1  0.000000000000000E+000 -7.419100236786290E-018
         276           2  0.000000000000000E+000 -1.758089976323072E-017
         277           1  0.000000000000000E+000 -7.419100236782991E-018
         277           2  0.000000000000000E+000 -1.758089976322314E-017
         278           1  0.000000000000000E+000 -7.419100236780224E-018
         278           2  0.000000000000000E+000 -1.758089976322000E-017
         279           1  0.000000000000000E+000 -7.419100236779692E-018
         279           2  0.000000000000000E+000 -1.758089976321946E-017
         280           1  0.000000000000000E+000 -7.419100236779242E-018
         280           2  0.000000000000000E+000 -1.758089976321951E-017
         281           1  0.000000000000000E+000 -7.419100236777081E-018
         281           2  0.000000000000000E+000 -1.758089976321443E-017
         282           1  0.000000000000000E+000 -7.419100236768605E-018
         282           2  0.000000000000000E+000 -1.758089976320113E-017
         283           1  0.000000000000000E+000 -7.419100236777036E-018
         283           2  0.000000000000000E+000 -1.758089976321483E-017
         284           1  0.000000000000000E+000 -7.419100236770989E-018
         284           2  0.000000000000000E+000 -1.758089976320471E-017
         285           1  0.000000000000000E+000 -7.419100236770161E-018
         285           2  0.000000000000000E+000 -1.758089976320481E-017
         286           1  0.000000000000000E+000 -7.419100236769473E-018
         286           2  0.000000000000000E+000 -1.758089976320185E-017
         287           1  0.000000000000000E+000 -7.419100236776300E-018
         287           2  0.000000000000000E+000 -1.758089976321446E-017
         288           1  0.000000000000000E+000 -7.419100236769942E-018
         288           2  0.000000000000000E+000 -1.758089976319932E-017
         289           1  0.000000000000000E+000 -7.419100236768844E-018
         289           2  0.000000000000000E+000 -1.758089976320217E-017
         290           1  0.000000000000000E+000 -7.419100236771238E-018
         290           2  0.000000000000000E+000 -1.758089976320561E-017
         291           1  0.000000000000000E+000 -7.419100236773820E-018
         291           2  0.000000000000000E+000 -1.758089976320927E-017
         292           1  0.000000000000000E+000 -7.419100236778031E-018
         292           2  0.000000000000000E+000 -1.758089976321651E-017
         293           1  0.000000000000000E+000 -7.419100236781273E-018
         293           2  0.000000000000000E+000 -1.758089976322512E-017
         294           1  0.000000000000000E+000 -7.419100236785083E-018
         294           2  0.000000000000000E+000 -1.758089976323369E-017
         295           1  0.000000000000000E+000 -7.419100236786330E-018
         295           2  0.000000000000000E+000 -1.758089976323226E-017
         296           1  0.000000000000000E+000 -7.419100236781345E-018
         296           2  0.000000000000000E+000 -1.758089976322299E-017
         297           1  0.000000000000000E+000 -7.419100236778303E-018
         297           2  0.000000000000000E+000 -1.758089976321666E-017
         298           1  0.000000000000000E+000 -7.419100236777683E-018
         298           2  0.000000000000000E+000 -1.758089976321696E-017
         299           1  0.000000000000000E+000 -7.419100236779216E-018
         299           2  0.000000000000000E+000 -1.758089976322005E-017
         300           1  0.000000000000000E+000 -7.419100236779279E-018
         300           2  0.000000000000000E+000 -1.758089976321928E-017
         301           1  0.000000000000000E+000 -7.419100236783738E-018
         301           2  0.000000000000000E+000 -1.758089976322585E-017
         302           1  0.000000000000000E+000 -7.419100236782781E-018
         302           2  0.000000000000000E+000 -1.758089976322458E-017
         303           1  0.000000000000000E+000 -7.419100236778851E-018
         303           2  0.000000000000000E+000 -1.758089976321824E-017
         304           1  0.000000000000000E+000 -7.419100236777853E-018
         304           2  0.000000000000000E+000 -1.758089976321656E-017
         305           1  0.000000000000000E+000 -7.419100236769964E-018
         305           2  0.000000000000000E+000 -1.758089976320577E-017
         306           1  0.000000000000000E+000 -7.419100236768881E-018
         306           2  0.000000000000000E+000 -1.758089976320327E-017
         307           1  0.000000000000000E+000 -7.419100236768536E-018
         307           2  0.000000000000000E+000 -1.758089976320123E-017
         308           1  0.000000000000000E+000 -7.419100236768792E-018
         308           2  0.000000000000000E+000 -1.758089976320195E-017
         309           1  0.000000000000000E+000 -7.419100236770979E-018
         309           2  0.000000000000000E+000 -1.758089976320098E-017
         310           1  0.000000000000000E+000 -7.419100236772847E-018
         310           2  0.000000000000000E+000 -1.758089976320442E-017
         311           1  0.000000000000000E+000 -7.419100236772764E-018
         311           2  0.000000000000000E+000 -1.758089976320381E-017
         312           1  0.000000000000000E+000 -7.419100236775803E-018
         312           2  0.000000000000000E+000 -1.758089976321026E-017
         313           1  0.000000000000000E+000 -7.419100236777005E-018
         313           2  0.000000000000000E+000 -1.758089976321605E-017
         314           1  0.000000000000000E+000 -7.419100236780544E-018
         314           2  0.000000000000000E+000 -1.758089976322278E-017
         315           1  0.000000000000000E+000 -7.419100236788642E-018
         315           2  0.000000000000000E+000 -1.758089976323696E-017
         316           1  0.000000000000000E+000 -7.419100236784040E-018
         316           2  0.000000000000000E+000 -1.758089976322816E-017
         317           1  0.000000000000000E+000 -7.419100236774415E-018
         317           2  0.000000000000000E+000 -1.758089976321242E-017
         318           1  0.000000000000000E+000 -7.419100236781278E-018
         318           2  0.000000000000000E+000 -1.758089976322212E-017
         319           1  0.000000000000000E+000 -7.419100236781837E-018
         319           2  0.000000000000000E+000 -1.758089976322435E-017
         320           1  0.000000000000000E+000 -7.419100236782563E-018
         320           2  0.000000000000000E+000 -1.758089976322452E-017
         321           1  0.000000000000000E+000 -7.419100236780142E-018
         321           2  0.000000000000000E+000 -1.758089976322083E-017
         322           1  0.000000000000000E+000 -7.419100236779199E-018
         322           2  0.000000000000000E+000 -1.758089976322351E-017
         323           1  0.000000000000000E+000 -7.419100236780409E-018
         323           2  0.000000000000000E+000 -1.758089976322587E-017
         324           1  0.000000000000000E+000 -7.419100236783943E-018
         324           2  0.000000000000000E+000 -1.758089976323018E-017
         325           1  0.000000000000000E+000 -7.419100236777840E-018
         325           2  0.000000000000000E+000 -1.758089976322005E-017
         326           1  0.000000000000000E+000 -7.419100236775460E-018
         326           2  0.000000000000000E+000 -1.758089976321360E-017
         327           1  0.000000000000000E+000 -7.419100236772277E-018
         327           2  0.000000000000000E+000 -1.758089976320806E-017
         328           1  0.000000000000000E+000 -7.419100236769862E-018
         328           2  0.000000000000000E+000 -1.758089976320502E-017
         329           1  0.000000000000000E+000 -7.419100236771643E-018
         329           2  0.000000000000000E+000 -1.758089976320359E-017
         330           1  0.000000000000000E+000 -7.419100236773882E-018
         330           2  0.000000000000000E+000 -1.758089976320625E-017
         331           1  0.000000000000000E+000 -7.419100236774170E-018
         331           2  0.000000000000000E+000 -1.758089976320851E-017
         332           1  0.000000000000000E+000 -7.419100236774498E-018
         332           2  0.000000000000000E+000 -1.758089976321163E-017
         333           1  0.000000000000000E+000 -7.419100236773691E-018
         333           2  0.000000000000000E+000 -1.758089976321240E-017
         334           1  0.000000000000000E+000 -7.419100236773431E-018
         334           2  0.000000000000000E+000 -1.758089976321155E-017
         335           1  0.000000000000000E+000 -7.419100236780903E-018
         335           2  0.000000000000000E+000 -1.758089976322633E-017
         336           1  0.000000000000000E+000 -7.419100236778814E-018
         336           2  0.000000000000000E+000 -1.758089976322111E-017
         337           1  0.000000000000000E+000 -7.419100236782292E-018
         337           2  0.000000000000000E+000 -1.758089976322740E-017
         338           1  0.000000000000000E+000 -7.419100236797779E-018
         338           2  0.000000000000000E+000 -1.758089976325232E-017
         339           1  0.000000000000000E+000 -7.419100236785452E-018
         339           2  0.000000000000000E+000 -1.758089976322956E-017
         340           1  0.000000000000000E+000 -7.419100236799247E-018
         340           2  0.000000000000000E+000 -1.758089976325260E-017
         341           1  0.000000000000000E+000 -7.419100236779135E-018
         341           2  0.000000000000000E+000 -1.758089976322022E-017
         342           1  0.000000000000000E+000 -7.419100236778934E-018
         342           2  0.000000000000000E+000 -1.758089976321920E-017
         343           1  0.000000000000000E+000 -7.419100236777648E-018
         343           2  0.000000000000000E+000 -1.758089976321895E-017
         344           1  0.000000000000000E+000 -7.419100236785798E-018
         344           2  0.000000000000000E+000 -1.758089976323123E-017
         345           1  0.000000000000000E+000 -7.419100236788818E-018
         345           2  0.000000000000000E+000 -1.758089976323421E-017
         346           1  0.000000000000000E+000 -7.419100236783758E-018
         346           2  0.000000000000000E+000 -1.758089976322654E-017
         347           1  0.000000000000000E+000 -7.419100236776691E-018
         347           2  0.000000000000000E+000 -1.758089976321403E-017
         348           1  0.000000000000000E+000 -7.419100236773839E-018
         348           2  0.000000000000000E+000 -1.758089976320859E-017
         349           1  0.000000000000000E+000 -7.419100236774526E-018
         349           2  0.000000000000000E+000 -1.758089976320961E-017
         350           1  0.000000000000000E+000 -7.419100236775771E-018
         350           2  0.000000000000000E+000 -1.758089976321029E-017
         351           1  0.000000000000000E+000 -7.419100236776897E-018
         351           2  0.000000000000000E+000 -1.758089976321482E-017
         352           1  0.000000000000000E+000 -7.419100236774471E-018
         352           2  0.000000000000000E+000 -1.758089976321328E-017
         353           1  0.000000000000000E+000 -7.419100236777407E-018
         353           2  0.000000000000000E+000 -1.758089976321652E-017
         354           1  0.000000000000000E+000 -7.419100236779332E-018
         354           2  0.000000000000000E+000 -1.758089976322004E-017
         355           1  0.000000000000000E+000 -7.419100236779373E-018
         355           2  0.000000000000000E+000 -1.758089976322319E-017
         356           1  0.000000000000000E+000 -7.419100236769257E-018
         356           2  0.000000000000000E+000 -1.758089976320687E-017
         357           1  0.000000000000000E+000 -7.419100236789766E-018
         357           2  0.000000000000000E+000 -1.758089976324318E-017
         358           1  0.000000000000000E+000 -7.419100236787219E-018
         358           2  0.000000000000000E+000 -1.758089976323738E-017
         359           1  0.000000000000000E+000 -7.419100236791907E-018
         359           2  0.000000000000000E+000 -1.758089976324461E-017
         360           1  0.000000000000000E+000 -7.419100236796006E-018
         360           2  0.000000000000000E+000 -1.758089976324835E-017
         361           1  0.000000000000000E+000 -7.419100236779138E-018
         361           2  0.000000000000000E+000 -1.758089976322027E-017
         362           1  0.000000000000000E+000 -7.419100236779980E-018
         362           2  0.000000000000000E+000 -1.758089976322051E-017
         363           1  0.000000000000000E+000 -7.419100236780711E-018
         363           2  0.000000000000000E+000 -1.758089976322117E-017
         364           1  0.000000000000000E+000 -7.419100236783694E-018
         364           2  0.000000000000000E+000 -1.758089976322542E-017
         365           1  0.000000000000000E+000 -7.419100236787291E-018
         365           2  0.000000000000000E+000 -1.758089976323144E-017
         366           1  0.000000000000000E+000 -7.419100236785975E-018
         366           2  0.000000000000000E+000 -1.758089976323000E-017
         367           1  0.000000000000000E+000 -7.419100236778463E-018
         367           2  0.000000000000000E+000 -1.758089976321894E-017
         368           1  0.000000000000000E+000 -7.419100236775261E-018
         368           2  0.000000000000000E+000 -1.758089976321241E-017
         369           1  0.000000000000000E+000 -7.419100236775244E-018
         369           2  0.000000000000000E+000 -1.758089976321353E-017
         370           1  0.000000000000000E+000 -7.419100236775899E-018
         370           2  0.000000000000000E+000 -1.758089976321495E-017
         371           1  0.000000000000000E+000 -7.419100236779007E-018
         371           2  0.000000000000000E+000 -1.758089976321971E-017
         372           1  0.000000000000000E+000 -7.419100236780809E-018
         372           2  0.000000000000000E+000 -1.758089976322025E-017
         373           1  0.000000000000000E+000 -7.419100236777629E-018
         373           2  0.000000000000000E+000 -1.758089976321931E-017
         374           1  0.000000000000000E+000 -7.419100236779840E-018
         374           2  0.000000000000000E+000 -1.758089976321995E-017
         375           1  0.000000000000000E+000 -7.419100236776460E-018
         375           2  0.000000000000000E+000 -1.758089976321461E-017
         376           1  0.000000000000000E+000 -7.419100236781845E-018
         376           2  0.000000000000000E+000 -1.758089976322326E-017
         377           1  0.000000000000000E+000 -7.419100236779748E-018
         377           2  0.000000000000000E+000 -1.758089976322127E-017
         378           1  0.000000000000000E+000 -7.419100236777860E-018
         378           2  0.000000000000000E+000 -1.758089976321862E-017
         379           1  0.000000000000000E+000 -7.419100236777736E-018
         379           2  0.000000000000000E+000 -1.758089976322114E-017
         380           1  0.000000000000000E+000 -7.419100236788927E-018
         380           2  0.000000000000000E+000 -1.758089976324137E-017
         381           1  0.000000000000000E+000 -7.419100236779569E-018
         381           2  0.000000000000000E+000 -1.758089976322111E-017
         382           1  0.000000000000000E+000 -7.419100236780191E-018
         382           2  0.000000000000000E+000 -1.758089976322073E-017
         383           1  0.000000000000000E+000 -7.419100236779738E-018
         383           2  0.000000000000000E+000 -1.758089976322131E-017
         384           1  0.000000000000000E+000 -7.419100236780685E-018
         384           2  0.000000000000000E+000 -1.758089976322265E-017
         385           1  0.000000000000000E+000 -7.419100236785110E-018
         385           2  0.000000000000000E+000 -1.758089976323263E-017
         386           1  0.000000000000000E+000 -7.419100236783202E-018
         386           2  0.000000000000000E+000 -1.758089976322811E-017
         387           1  0.000000000000000E+000 -7.419100236776150E-018
         387           2  0.000000000000000E+000 -1.758089976322139E-017
         388           1  0.000000000000000E+000 -7.419100236772884E-018
         388           2  0.000000000000000E+000 -1.758089976321437E-017
         389           1  0.000000000000000E+000 -7.419100236777330E-018
         389           2  0.000000000000000E+000 -1.758089976321650E-017
         390           1  0.000000000000000E+000 -7.419100236775384E-018
         390           2  0.000000000000000E+000 -1.758089976321449E-017
         391           1  0.000000000000000E+000 -7.419100236779589E-018
         391           2  0.000000000000000E+000 -1.758089976321958E-017
         392           1  0.000000000000000E+000 -7.419100236780637E-018
         392           2  0.000000000000000E+000 -1.758089976322310E-017
         393           1  0.000000000000000E+000 -7.419100236781587E-018
         393           2  0.000000000000000E+000 -1.758089976322206E-017
         394           1  0.000000000000000E+000 -7.419100236781278E-018
         394           2  0.000000000000000E+000 -1.758089976322236E-017
         395           1  0.000000000000000E+000 -7.419100236784595E-018
         395           2  0.000000000000000E+000 -1.758089976323039E-017
         396           1  0.000000000000000E+000 -7.419100236772005E-018
         396           2  0.000000000000000E+000 -1.758089976320565E-017
         397           1  0.000000000000000E+000 -7.419100236781563E-018
         397           2  0.000000000000000E+000 -1.758089976322325E-017
         398           1  0.000000000000000E+000 -7.419100236780820E-018
         398           2  0.000000000000000E+000 -1.758089976322076E-017
         399           1  0.000000000000000E+000 -7.419100236780134E-018
         399           2  0.000000000000000E+000 -1.758089976322134E-017
         400           1  0.000000000000000E+000 -7.419100236782831E-018
         400           2  0.000000000000000E+000 -1.758089976322596E-017
