           1           1  0.000000000000000E+000 -2.499150288901727E-017
           1           2  0.000000000000000E+000 -8.497110976180089E-021
           2           1  0.000000000000000E+000 -2.499150288901780E-017
           2           2  0.000000000000000E+000 -8.497110981082028E-021
           3           1  0.000000000000000E+000 -2.499150288901791E-017
           3           2  0.000000000000000E+000 -8.497110979999542E-021
           4           1  0.000000000000000E+000 -2.499150288901717E-017
           4           2  0.000000000000000E+000 -8.497110981117766E-021
           5           1  0.000000000000000E+000 -2.499150288901714E-017
           5           2  0.000000000000000E+000 -8.497110981575237E-021
           6           1  0.000000000000000E+000 -2.499150288901778E-017
           6           2  0.000000000000000E+000 -8.497110981522404E-021
           7           1  0.000000000000000E+000 -2.499150288901841E-017
           7           2  0.000000000000000E+000 -8.497110981549996E-021
           8           1  0.000000000000000E+000 -2.499150288901743E-017
           8           2  0.000000000000000E+000 -8.497110981698950E-021
           9           1  0.000000000000000E+000 -2.499150288901787E-017
           9           2  0.000000000000000E+000 -8.497110981246415E-021
          10           1  0.000000000000000E+000 -2.499150288901772E-017
          10           2  0.000000000000000E+000 -8.497110980966884E-021
          11           1  0.000000000000000E+000 -2.499150288901677E-017
          11           2  0.000000000000000E+000 -8.497110977126425E-021
          12           1  0.000000000000000E+000 -2.499150288901685E-017
          12           2  0.000000000000000E+000 -8.497110980767939E-021
          13           1  0.000000000000000E+000 -2.499150288901141E-017
          13           2  0.000000000000000E+000 -8.497110971848610E-021
          14           1  0.000000000000000E+000 -2.499150288901784E-017
          14           2  0.000000000000000E+000 -8.497110980417624E-021
          15           1  0.000000000000000E+000 -2.499150288901770E-017
          15           2  0.000000000000000E+000 -8.497110981364243E-021
          16           1  0.000000000000000E+000 -2.499150288901780E-017
          16           2  0.000000000000000E+000 -8.497110981823818E-021
          17           1  0.000000000000000E+000 -2.499150288901765E-017
          17           2  0.000000000000000E+000 -8.497110981843145E-021
          18           1  0.000000000000000E+000 -2.499150288901762E-017
          18           2  0.000000000000000E+000 -8.497110981826422E-021
          19           1  0.000000000000000E+000 -2.499150288901899E-017
          19           2  0.000000000000000E+000 -8.497110981292621E-021
          20           1  0.000000000000000E+000 -2.499150288901783E-017
          20           2  0.000000000000000E+000 -8.497110981139565E-021
          21           1  0.000000000000000E+000 -2.499150288901767E-017
          21           2  0.000000000000000E+000 -8.497110981471142E-021
          22           1  0.000000000000000E+000 -2.499150288901730E-017
          22           2  0.000000000000000E+000 -8.497110981195283E-021
          23           1  0.000000000000000E+000 -2.499150288901745E-017
          23           2  0.000000000000000E+000 -8.497110981073203E-021
          24           1  0.000000000000000E+000 -2.499150288901698E-017
          24           2  0.000000000000000E+000 -8.497110980650568E-021
          25           1  0.000000000000000E+000 -2.499150288901809E-017
          25           2  0.000000000000000E+000 -8.497110981488527E-021
          26           1  0.000000000000000E+000 -2.499150288901760E-017
          26           2  0.000000000000000E+000 -8.497110981812342E-021
          27           1  0.000000000000000E+000 -2.499150288901782E-017
          27           2  0.000000000000000E+000 -8.497110981510212E-021
          28           1  0.000000000000000E+000 -2.499150288901796E-017
          28           2  0.000000000000000E+000 -8.497110981660300E-021
          29           1  0.000000000000000E+000 -2.499150288901757E-017
          29           2  0.000000000000000E+000 -8.497110981729951E-021
          30           1  0.000000000000000E+000 -2.499150288901795E-017
          30           2  0.000000000000000E+000 -8.497110981200515E-021
          31           1  0.000000000000000E+000 -2.499150288901757E-017
          31           2  0.000000000000000E+000 -8.497110981859961E-021
          32           1  0.000000000000000E+000 -2.499150288901778E-017
          32           2  0.000000000000000E+000 -8.497110981828973E-021
          33           1  0.000000000000000E+000 -2.499150288901691E-017
          33           2  0.000000000000000E+000 -8.497110981448328E-021
          34           1  0.000000000000000E+000 -2.499150288901719E-017
          34           2  0.000000000000000E+000 -8.497110981003644E-021
          35           1  0.000000000000000E+000 -2.499150288901535E-017
          35           2  0.000000000000000E+000 -8.497110977708727E-021
          36           1  0.000000000000000E+000 -2.499150288901798E-017
          36           2  0.000000000000000E+000 -8.497110981193401E-021
          37           1  0.000000000000000E+000 -2.499150288901734E-017
          37           2  0.000000000000000E+000 -8.497110981645987E-021
          38           1  0.000000000000000E+000 -2.499150288901745E-017
          38           2  0.000000000000000E+000 -8.497110981772653E-021
          39           1  0.000000000000000E+000 -2.499150288901796E-017
          39           2  0.000000000000000E+000 -8.497110981844461E-021
          40           1  0.000000000000000E+000 -2.499150288901755E-017
          40           2  0.000000000000000E+000 -8.497110981268951E-021
          41           1  0.000000000000000E+000 -2.499150288901746E-017
          41           2  0.000000000000000E+000 -8.497110981870048E-021
          42           1  0.000000000000000E+000 -2.499150288901748E-017
          42           2  0.000000000000000E+000 -8.497110981734470E-021
          43           1  0.000000000000000E+000 -2.499150288901732E-017
          43           2  0.000000000000000E+000 -8.497110981810141E-021
          44           1  0.000000000000000E+000 -2.499150288901751E-017
          44           2  0.000000000000000E+000 -8.497110982108664E-021
          45           1  0.000000000000000E+000 -2.499150288901726E-017
          45           2  0.000000000000000E+000 -8.497110981752117E-021
          46           1  0.000000000000000E+000 -2.499150288901670E-017
          46           2  0.000000000000000E+000 -8.497110981944143E-021
          47           1  0.000000000000000E+000 -2.499150288901784E-017
          47           2  0.000000000000000E+000 -8.497110981475998E-021
          48           1  0.000000000000000E+000 -2.499150288901751E-017
          48           2  0.000000000000000E+000 -8.497110981305225E-021
          49           1  0.000000000000000E+000 -2.499150288901784E-017
          49           2  0.000000000000000E+000 -8.497110981314897E-021
          50           1  0.000000000000000E+000 -2.499150288901784E-017
          50           2  0.000000000000000E+000 -8.497110981273918E-021
          51           1  0.000000000000000E+000 -2.499150288901820E-017
          51           2  0.000000000000000E+000 -8.497110982780966E-021
          52           1  0.000000000000000E+000 -2.499150288901811E-017
          52           2  0.000000000000000E+000 -8.497110982012189E-021
          53           1  0.000000000000000E+000 -2.499150288901803E-017
          53           2  0.000000000000000E+000 -8.497110982117787E-021
          54           1  0.000000000000000E+000 -2.499150288901810E-017
          54           2  0.000000000000000E+000 -8.497110982413449E-021
          55           1  0.000000000000000E+000 -2.499150288901699E-017
          55           2  0.000000000000000E+000 -8.497110981785095E-021
          56           1  0.000000000000000E+000 -2.499150288901778E-017
          56           2  0.000000000000000E+000 -8.497110982079774E-021
          57           1  0.000000000000000E+000 -2.499150288901773E-017
          57           2  0.000000000000000E+000 -8.497110981920059E-021
          58           1  0.000000000000000E+000 -2.499150288901825E-017
          58           2  0.000000000000000E+000 -8.497110980641277E-021
          59           1  0.000000000000000E+000 -2.499150288901730E-017
          59           2  0.000000000000000E+000 -8.497110981530494E-021
          60           1  0.000000000000000E+000 -2.499150288901808E-017
          60           2  0.000000000000000E+000 -8.497110981386577E-021
          61           1  0.000000000000000E+000 -2.499150288902104E-017
          61           2  0.000000000000000E+000 -8.497110986138862E-021
          62           1  0.000000000000000E+000 -2.499150288901932E-017
          62           2  0.000000000000000E+000 -8.497110986012189E-021
          63           1  0.000000000000000E+000 -2.499150288901784E-017
          63           2  0.000000000000000E+000 -8.497110982689215E-021
          64           1  0.000000000000000E+000 -2.499150288901824E-017
          64           2  0.000000000000000E+000 -8.497110982710922E-021
          65           1  0.000000000000000E+000 -2.499150288901686E-017
          65           2  0.000000000000000E+000 -8.497110982208765E-021
          66           1  0.000000000000000E+000 -2.499150288901767E-017
          66           2  0.000000000000000E+000 -8.497110981896856E-021
          67           1  0.000000000000000E+000 -2.499150288901794E-017
          67           2  0.000000000000000E+000 -8.497110981129121E-021
          68           1  0.000000000000000E+000 -2.499150288901817E-017
          68           2  0.000000000000000E+000 -8.497110981493941E-021
          69           1  0.000000000000000E+000 -2.499150288901829E-017
          69           2  0.000000000000000E+000 -8.497110980377086E-021
          70           1  0.000000000000000E+000 -2.499150288901786E-017
          70           2  0.000000000000000E+000 -8.497110979600440E-021
          71           1  0.000000000000000E+000 -2.499150288901877E-017
          71           2  0.000000000000000E+000 -8.497110984107786E-021
          72           1  0.000000000000000E+000 -2.499150288901739E-017
          72           2  0.000000000000000E+000 -8.497110983799972E-021
          73           1  0.000000000000000E+000 -2.499150288901722E-017
          73           2  0.000000000000000E+000 -8.497110983764762E-021
          74           1  0.000000000000000E+000 -2.499150288901735E-017
          74           2  0.000000000000000E+000 -8.497110983145304E-021
          75           1  0.000000000000000E+000 -2.499150288901691E-017
          75           2  0.000000000000000E+000 -8.497110983122448E-021
          76           1  0.000000000000000E+000 -2.499150288901879E-017
          76           2  0.000000000000000E+000 -8.497110981601111E-021
          77           1  0.000000000000000E+000 -2.499150288901860E-017
          77           2  0.000000000000000E+000 -8.497110981656008E-021
          78           1  0.000000000000000E+000 -2.499150288901867E-017
          78           2  0.000000000000000E+000 -8.497110981364026E-021
          79           1  0.000000000000000E+000 -2.499150288901634E-017
          79           2  0.000000000000000E+000 -8.497110981284642E-021
          80           1  0.000000000000000E+000 -2.499150288901788E-017
          80           2  0.000000000000000E+000 -8.497110981423292E-021
          81           1  0.000000000000000E+000 -2.499150288901791E-017
          81           2  0.000000000000000E+000 -8.497110983988492E-021
          82           1  0.000000000000000E+000 -2.499150288901828E-017
          82           2  0.000000000000000E+000 -8.497110984226527E-021
          83           1  0.000000000000000E+000 -2.499150288901784E-017
          83           2  0.000000000000000E+000 -8.497110983889588E-021
          84           1  0.000000000000000E+000 -2.499150288901878E-017
          84           2  0.000000000000000E+000 -8.497110984770418E-021
          85           1  0.000000000000000E+000 -2.499150288901841E-017
          85           2  0.000000000000000E+000 -8.497110983669587E-021
          86           1  0.000000000000000E+000 -2.499150288901843E-017
          86           2  0.000000000000000E+000 -8.497110982098197E-021
          87           1  0.000000000000000E+000 -2.499150288901771E-017
          87           2  0.000000000000000E+000 -8.497110981481058E-021
          88           1  0.000000000000000E+000 -2.499150288901793E-017
          88           2  0.000000000000000E+000 -8.497110981134532E-021
          89           1  0.000000000000000E+000 -2.499150288901795E-017
          89           2  0.000000000000000E+000 -8.497110981287054E-021
          90           1  0.000000000000000E+000 -2.499150288901738E-017
          90           2  0.000000000000000E+000 -8.497110981375944E-021
          91           1  0.000000000000000E+000 -2.499150288901984E-017
          91           2  0.000000000000000E+000 -8.497110980801809E-021
          92           1  0.000000000000000E+000 -2.499150288901737E-017
          92           2  0.000000000000000E+000 -8.497110983380664E-021
          93           1  0.000000000000000E+000 -2.499150288901805E-017
          93           2  0.000000000000000E+000 -8.497110983822820E-021
          94           1  0.000000000000000E+000 -2.499150288901886E-017
          94           2  0.000000000000000E+000 -8.497110983795278E-021
          95           1  0.000000000000000E+000 -2.499150288901803E-017
          95           2  0.000000000000000E+000 -8.497110983698726E-021
          96           1  0.000000000000000E+000 -2.499150288901719E-017
          96           2  0.000000000000000E+000 -8.497110982408407E-021
          97           1  0.000000000000000E+000 -2.499150288901844E-017
          97           2  0.000000000000000E+000 -8.497110981317524E-021
          98           1  0.000000000000000E+000 -2.499150288901768E-017
          98           2  0.000000000000000E+000 -8.497110981219155E-021
          99           1  0.000000000000000E+000 -2.499150288901866E-017
          99           2  0.000000000000000E+000 -8.497110981048667E-021
         100           1  0.000000000000000E+000 -2.499150288901795E-017
         100           2  0.000000000000000E+000 -8.497110981430100E-021
