           1           1  0.000000000000000E+000 -1.249999999999812E-017
           1           2  0.000000000000000E+000  1.250000000000675E-017
           2           1  0.000000000000000E+000 -1.249999999999524E-017
           2           2  0.000000000000000E+000  1.250000000000424E-017
           3           1  0.000000000000000E+000 -1.249999999999148E-017
           3           2  0.000000000000000E+000  1.250000000000968E-017
           4           1  0.000000000000000E+000 -1.250000000000094E-017
           4           2  0.000000000000000E+000  1.250000000000382E-017
           5           1  0.000000000000000E+000 -1.249999999999904E-017
           5           2  0.000000000000000E+000  1.250000000000977E-017
           6           1  0.000000000000000E+000 -1.249999999999900E-017
           6           2  0.000000000000000E+000  1.250000000000710E-017
           7           1  0.000000000000000E+000 -1.250000000000088E-017
           7           2  0.000000000000000E+000  1.250000000000179E-017
           8           1  0.000000000000000E+000 -1.250000000000236E-017
           8           2  0.000000000000000E+000  1.250000000000242E-017
           9           1  0.000000000000000E+000 -1.249999999999488E-017
           9           2  0.000000000000000E+000  1.250000000000647E-017
          10           1  0.000000000000000E+000 -1.249999999999441E-017
          10           2  0.000000000000000E+000  1.250000000000583E-017
          11           1  0.000000000000000E+000 -1.249999999999686E-017
          11           2  0.000000000000000E+000  1.250000000000641E-017
          12           1  0.000000000000000E+000 -1.249999999999944E-017
          12           2  0.000000000000000E+000  1.250000000000533E-017
          13           1  0.000000000000000E+000 -1.249999999999622E-017
          13           2  0.000000000000000E+000  1.250000000001078E-017
          14           1  0.000000000000000E+000 -1.250000000000015E-017
          14           2  0.000000000000000E+000  1.250000000000490E-017
          15           1  0.000000000000000E+000 -1.249999999999946E-017
          15           2  0.000000000000000E+000  1.250000000000125E-017
          16           1  0.000000000000000E+000 -1.250000000000149E-017
          16           2  0.000000000000000E+000  1.250000000000282E-017
          17           1  0.000000000000000E+000 -1.249999999999710E-017
          17           2  0.000000000000000E+000  1.250000000000846E-017
          18           1  0.000000000000000E+000 -1.249999999999979E-017
          18           2  0.000000000000000E+000  1.250000000000630E-017
          19           1  0.000000000000000E+000 -1.250000000000033E-017
          19           2  0.000000000000000E+000  1.250000000000197E-017
          20           1  0.000000000000000E+000 -1.250000000000065E-017
          20           2  0.000000000000000E+000  1.250000000000543E-017
          21           1  0.000000000000000E+000 -1.250000000000092E-017
          21           2  0.000000000000000E+000  1.250000000000601E-017
          22           1  0.000000000000000E+000 -1.250000000000206E-017
          22           2  0.000000000000000E+000  1.250000000000178E-017
          23           1  0.000000000000000E+000 -1.250000000000048E-017
          23           2  0.000000000000000E+000  1.250000000000339E-017
          24           1  0.000000000000000E+000 -1.250000000000223E-017
          24           2  0.000000000000000E+000  1.250000000000224E-017
          25           1  0.000000000000000E+000 -1.250000000000199E-017
          25           2  0.000000000000000E+000  1.250000000000491E-017
          26           1  0.000000000000000E+000 -1.250000000000083E-017
          26           2  0.000000000000000E+000  1.250000000000641E-017
          27           1  0.000000000000000E+000 -1.250000000000011E-017
          27           2  0.000000000000000E+000  1.250000000000674E-017
          28           1  0.000000000000000E+000 -1.249999999999896E-017
          28           2  0.000000000000000E+000  1.250000000000752E-017
          29           1  0.000000000000000E+000 -1.250000000000865E-017
          29           2  0.000000000000000E+000  1.249999999999932E-017
          30           1  0.000000000000000E+000 -1.250000000000351E-017
          30           2  0.000000000000000E+000  1.250000000000334E-017
          31           1  0.000000000000000E+000 -1.249999999999929E-017
          31           2  0.000000000000000E+000  1.250000000000391E-017
          32           1  0.000000000000000E+000 -1.250000000000038E-017
          32           2  0.000000000000000E+000  1.250000000000362E-017
          33           1  0.000000000000000E+000 -1.249999999999648E-017
          33           2  0.000000000000000E+000  1.250000000000936E-017
          34           1  0.000000000000000E+000 -1.249999999999633E-017
          34           2  0.000000000000000E+000  1.250000000000997E-017
          35           1  0.000000000000000E+000 -1.250000000000079E-017
          35           2  0.000000000000000E+000  1.250000000000686E-017
          36           1  0.000000000000000E+000 -1.250000000000336E-017
          36           2  0.000000000000000E+000  1.250000000000290E-017
          37           1  0.000000000000000E+000 -1.250000000000414E-017
          37           2  0.000000000000000E+000  1.250000000000509E-017
          38           1  0.000000000000000E+000 -1.250000000000125E-017
          38           2  0.000000000000000E+000  1.250000000000516E-017
          39           1  0.000000000000000E+000 -1.249999999999789E-017
          39           2  0.000000000000000E+000  1.250000000000327E-017
          40           1  0.000000000000000E+000 -1.249999999999922E-017
          40           2  0.000000000000000E+000  1.250000000000390E-017
          41           1  0.000000000000000E+000 -1.250000000000377E-017
          41           2  0.000000000000000E+000  1.250000000000149E-017
          42           1  0.000000000000000E+000 -1.249999999999981E-017
          42           2  0.000000000000000E+000  1.250000000000481E-017
          43           1  0.000000000000000E+000 -1.250000000000286E-017
          43           2  0.000000000000000E+000  1.250000000000205E-017
          44           1  0.000000000000000E+000 -1.250000000000105E-017
          44           2  0.000000000000000E+000  1.250000000000048E-017
          45           1  0.000000000000000E+000 -1.250000000000011E-017
          45           2  0.000000000000000E+000  1.250000000000368E-017
          46           1  0.000000000000000E+000 -1.249999999999928E-017
          46           2  0.000000000000000E+000  1.250000000000336E-017
          47           1  0.000000000000000E+000 -1.249999999999705E-017
          47           2  0.000000000000000E+000  1.250000000000362E-017
          48           1  0.000000000000000E+000 -1.249999999999935E-017
          48           2  0.000000000000000E+000  1.250000000000337E-017
          49           1  0.000000000000000E+000 -1.250000000000010E-017
          49           2  0.000000000000000E+000  1.250000000000050E-017
          50           1  0.000000000000000E+000 -1.249999999999988E-017
          50           2  0.000000000000000E+000  1.250000000000005E-017
          51           1  0.000000000000000E+000 -1.250000000000145E-017
          51           2  0.000000000000000E+000  1.250000000000010E-017
          52           1  0.000000000000000E+000 -1.249999999999935E-017
          52           2  0.000000000000000E+000  1.250000000000019E-017
          53           1  0.000000000000000E+000 -1.249999999999902E-017
          53           2  0.000000000000000E+000  1.250000000000072E-017
          54           1  0.000000000000000E+000 -1.249999999999913E-017
          54           2  0.000000000000000E+000  1.250000000000185E-017
          55           1  0.000000000000000E+000 -1.249999999999795E-017
          55           2  0.000000000000000E+000  1.250000000000296E-017
          56           1  0.000000000000000E+000 -1.249999999999790E-017
          56           2  0.000000000000000E+000  1.250000000000215E-017
          57           1  0.000000000000000E+000 -1.249999999999898E-017
          57           2  0.000000000000000E+000  1.250000000000118E-017
          58           1  0.000000000000000E+000 -1.249999999999986E-017
          58           2  0.000000000000000E+000  1.249999999999887E-017
          59           1  0.000000000000000E+000 -1.250000000000125E-017
          59           2  0.000000000000000E+000  1.249999999999896E-017
          60           1  0.000000000000000E+000 -1.249999999999881E-017
          60           2  0.000000000000000E+000  1.250000000000095E-017
          61           1  0.000000000000000E+000 -1.249999999999806E-017
          61           2  0.000000000000000E+000  1.249999999999832E-017
          62           1  0.000000000000000E+000 -1.249999999999848E-017
          62           2  0.000000000000000E+000  1.249999999999900E-017
          63           1  0.000000000000000E+000 -1.249999999999802E-017
          63           2  0.000000000000000E+000  1.250000000000240E-017
          64           1  0.000000000000000E+000 -1.249999999999787E-017
          64           2  0.000000000000000E+000  1.250000000000184E-017
