           1           1  0.000000000000000E+000 -8.539244186044223E-017
           1           2  0.000000000000000E+000 -5.396075581394781E-016
           2           1  0.000000000000000E+000 -8.539244186049546E-017
           2           2  0.000000000000000E+000 -5.396075581395581E-016
           3           1  0.000000000000000E+000 -8.539244186048968E-017
           3           2  0.000000000000000E+000 -5.396075581395149E-016
           4           1  0.000000000000000E+000 -8.539244186044063E-017
           4           2  0.000000000000000E+000 -5.396075581394840E-016
           5           1  0.000000000000000E+000 -8.539244186045281E-017
           5           2  0.000000000000000E+000 -5.396075581395443E-016
           6           1  0.000000000000000E+000 -8.539244186047675E-017
           6           2  0.000000000000000E+000 -5.396075581395364E-016
           7           1  0.000000000000000E+000 -8.539244186041445E-017
           7           2  0.000000000000000E+000 -5.396075581394722E-016
           8           1  0.000000000000000E+000 -8.539244186047033E-017
           8           2  0.000000000000000E+000 -5.396075581394996E-016
           9           1  0.000000000000000E+000 -8.539244186039721E-017
           9           2  0.000000000000000E+000 -5.396075581394640E-016
          10           1  0.000000000000000E+000 -8.539244186044412E-017
          10           2  0.000000000000000E+000 -5.396075581394649E-016
          11           1  0.000000000000000E+000 -8.539244186038137E-017
          11           2  0.000000000000000E+000 -5.396075581393399E-016
          12           1  0.000000000000000E+000 -8.539244186044391E-017
          12           2  0.000000000000000E+000 -5.396075581394799E-016
          13           1  0.000000000000000E+000 -8.539244186043417E-017
          13           2  0.000000000000000E+000 -5.396075581394800E-016
          14           1  0.000000000000000E+000 -8.539244186045132E-017
          14           2  0.000000000000000E+000 -5.396075581394773E-016
          15           1  0.000000000000000E+000 -8.539244186044232E-017
          15           2  0.000000000000000E+000 -5.396075581394754E-016
          16           1  0.000000000000000E+000 -8.539244186037380E-017
          16           2  0.000000000000000E+000 -5.396075581394259E-016
          17           1  0.000000000000000E+000 -8.539244186040809E-017
          17           2  0.000000000000000E+000 -5.396075581394444E-016
          18           1  0.000000000000000E+000 -8.539244186037916E-017
          18           2  0.000000000000000E+000 -5.396075581394288E-016
          19           1  0.000000000000000E+000 -8.539244186042892E-017
          19           2  0.000000000000000E+000 -5.396075581394608E-016
          20           1  0.000000000000000E+000 -8.539244186036241E-017
          20           2  0.000000000000000E+000 -5.396075581394304E-016
          21           1  0.000000000000000E+000 -8.539244186049219E-017
          21           2  0.000000000000000E+000 -5.396075581395288E-016
          22           1  0.000000000000000E+000 -8.539244186050062E-017
          22           2  0.000000000000000E+000 -5.396075581395699E-016
          23           1  0.000000000000000E+000 -8.539244186042718E-017
          23           2  0.000000000000000E+000 -5.396075581395111E-016
          24           1  0.000000000000000E+000 -8.539244186044694E-017
          24           2  0.000000000000000E+000 -5.396075581394747E-016
          25           1  0.000000000000000E+000 -8.539244186048439E-017
          25           2  0.000000000000000E+000 -5.396075581395219E-016
          26           1  0.000000000000000E+000 -8.539244186043909E-017
          26           2  0.000000000000000E+000 -5.396075581394741E-016
          27           1  0.000000000000000E+000 -8.539244186044571E-017
          27           2  0.000000000000000E+000 -5.396075581394880E-016
          28           1  0.000000000000000E+000 -8.539244186044827E-017
          28           2  0.000000000000000E+000 -5.396075581394898E-016
          29           1  0.000000000000000E+000 -8.539244186043368E-017
          29           2  0.000000000000000E+000 -5.396075581394557E-016
          30           1  0.000000000000000E+000 -8.539244186041633E-017
          30           2  0.000000000000000E+000 -5.396075581394629E-016
          31           1  0.000000000000000E+000 -8.539244186044127E-017
          31           2  0.000000000000000E+000 -5.396075581395033E-016
          32           1  0.000000000000000E+000 -8.539244186046764E-017
          32           2  0.000000000000000E+000 -5.396075581394980E-016
          33           1  0.000000000000000E+000 -8.539244186053527E-017
          33           2  0.000000000000000E+000 -5.396075581395870E-016
          34           1  0.000000000000000E+000 -8.539244186054412E-017
          34           2  0.000000000000000E+000 -5.396075581395917E-016
          35           1  0.000000000000000E+000 -8.539244186050002E-017
          35           2  0.000000000000000E+000 -5.396075581395797E-016
          36           1  0.000000000000000E+000 -8.539244186047074E-017
          36           2  0.000000000000000E+000 -5.396075581395478E-016
          37           1  0.000000000000000E+000 -8.539244186043008E-017
          37           2  0.000000000000000E+000 -5.396075581394676E-016
          38           1  0.000000000000000E+000 -8.539244186043117E-017
          38           2  0.000000000000000E+000 -5.396075581394465E-016
          39           1  0.000000000000000E+000 -8.539244186044687E-017
          39           2  0.000000000000000E+000 -5.396075581394712E-016
          40           1  0.000000000000000E+000 -8.539244186061068E-017
          40           2  0.000000000000000E+000 -5.396075581396620E-016
          41           1  0.000000000000000E+000 -8.539244186042086E-017
          41           2  0.000000000000000E+000 -5.396075581394774E-016
          42           1  0.000000000000000E+000 -8.539244186041792E-017
          42           2  0.000000000000000E+000 -5.396075581394455E-016
          43           1  0.000000000000000E+000 -8.539244186044677E-017
          43           2  0.000000000000000E+000 -5.396075581394965E-016
          44           1  0.000000000000000E+000 -8.539244186048021E-017
          44           2  0.000000000000000E+000 -5.396075581395105E-016
          45           1  0.000000000000000E+000 -8.539244186044755E-017
          45           2  0.000000000000000E+000 -5.396075581394890E-016
          46           1  0.000000000000000E+000 -8.539244186047731E-017
          46           2  0.000000000000000E+000 -5.396075581395006E-016
          47           1  0.000000000000000E+000 -8.539244186045406E-017
          47           2  0.000000000000000E+000 -5.396075581395327E-016
          48           1  0.000000000000000E+000 -8.539244186046429E-017
          48           2  0.000000000000000E+000 -5.396075581395052E-016
          49           1  0.000000000000000E+000 -8.539244186043219E-017
          49           2  0.000000000000000E+000 -5.396075581394627E-016
          50           1  0.000000000000000E+000 -8.539244186043530E-017
          50           2  0.000000000000000E+000 -5.396075581394623E-016
          51           1  0.000000000000000E+000 -8.539244186044405E-017
          51           2  0.000000000000000E+000 -5.396075581394849E-016
          52           1  0.000000000000000E+000 -8.539244186045446E-017
          52           2  0.000000000000000E+000 -5.396075581394880E-016
          53           1  0.000000000000000E+000 -8.539244186046855E-017
          53           2  0.000000000000000E+000 -5.396075581394970E-016
          54           1  0.000000000000000E+000 -8.539244186043981E-017
          54           2  0.000000000000000E+000 -5.396075581394525E-016
          55           1  0.000000000000000E+000 -8.539244186043218E-017
          55           2  0.000000000000000E+000 -5.396075581394673E-016
          56           1  0.000000000000000E+000 -8.539244186046027E-017
          56           2  0.000000000000000E+000 -5.396075581394966E-016
          57           1  0.000000000000000E+000 -8.539244186039653E-017
          57           2  0.000000000000000E+000 -5.396075581393713E-016
          58           1  0.000000000000000E+000 -8.539244186047288E-017
          58           2  0.000000000000000E+000 -5.396075581395169E-016
          59           1  0.000000000000000E+000 -8.539244186044846E-017
          59           2  0.000000000000000E+000 -5.396075581395080E-016
          60           1  0.000000000000000E+000 -8.539244186046307E-017
          60           2  0.000000000000000E+000 -5.396075581395113E-016
          61           1  0.000000000000000E+000 -8.539244186042474E-017
          61           2  0.000000000000000E+000 -5.396075581394692E-016
          62           1  0.000000000000000E+000 -8.539244186041213E-017
          62           2  0.000000000000000E+000 -5.396075581394612E-016
          63           1  0.000000000000000E+000 -8.539244186046796E-017
          63           2  0.000000000000000E+000 -5.396075581395199E-016
          64           1  0.000000000000000E+000 -8.539244186043869E-017
          64           2  0.000000000000000E+000 -5.396075581394847E-016
          65           1  0.000000000000000E+000 -8.539244186029950E-017
          65           2  0.000000000000000E+000 -5.396075581393853E-016
          66           1  0.000000000000000E+000 -8.539244186036822E-017
          66           2  0.000000000000000E+000 -5.396075581394038E-016
          67           1  0.000000000000000E+000 -8.539244186042347E-017
          67           2  0.000000000000000E+000 -5.396075581394564E-016
          68           1  0.000000000000000E+000 -8.539244186047270E-017
          68           2  0.000000000000000E+000 -5.396075581394952E-016
          69           1  0.000000000000000E+000 -8.539244186046038E-017
          69           2  0.000000000000000E+000 -5.396075581394951E-016
          70           1  0.000000000000000E+000 -8.539244186036064E-017
          70           2  0.000000000000000E+000 -5.396075581393670E-016
          71           1  0.000000000000000E+000 -8.539244186048533E-017
          71           2  0.000000000000000E+000 -5.396075581395434E-016
          72           1  0.000000000000000E+000 -8.539244186035641E-017
          72           2  0.000000000000000E+000 -5.396075581393712E-016
          73           1  0.000000000000000E+000 -8.539244186030007E-017
          73           2  0.000000000000000E+000 -5.396075581393574E-016
          74           1  0.000000000000000E+000 -8.539244186041736E-017
          74           2  0.000000000000000E+000 -5.396075581394515E-016
          75           1  0.000000000000000E+000 -8.539244186044111E-017
          75           2  0.000000000000000E+000 -5.396075581395076E-016
          76           1  0.000000000000000E+000 -8.539244186036992E-017
          76           2  0.000000000000000E+000 -5.396075581393821E-016
          77           1  0.000000000000000E+000 -8.539244186030216E-017
          77           2  0.000000000000000E+000 -5.396075581392998E-016
          78           1  0.000000000000000E+000 -8.539244186048351E-017
          78           2  0.000000000000000E+000 -5.396075581395288E-016
          79           1  0.000000000000000E+000 -8.539244186042873E-017
          79           2  0.000000000000000E+000 -5.396075581395046E-016
          80           1  0.000000000000000E+000 -8.539244186042169E-017
          80           2  0.000000000000000E+000 -5.396075581394484E-016
          81           1  0.000000000000000E+000 -8.539244186044712E-017
          81           2  0.000000000000000E+000 -5.396075581394855E-016
          82           1  0.000000000000000E+000 -8.539244186045004E-017
          82           2  0.000000000000000E+000 -5.396075581394908E-016
          83           1  0.000000000000000E+000 -8.539244186046426E-017
          83           2  0.000000000000000E+000 -5.396075581395086E-016
          84           1  0.000000000000000E+000 -8.539244186047024E-017
          84           2  0.000000000000000E+000 -5.396075581395174E-016
          85           1  0.000000000000000E+000 -8.539244186046069E-017
          85           2  0.000000000000000E+000 -5.396075581395308E-016
          86           1  0.000000000000000E+000 -8.539244186048338E-017
          86           2  0.000000000000000E+000 -5.396075581394724E-016
          87           1  0.000000000000000E+000 -8.539244186044281E-017
          87           2  0.000000000000000E+000 -5.396075581394612E-016
          88           1  0.000000000000000E+000 -8.539244186047201E-017
          88           2  0.000000000000000E+000 -5.396075581394824E-016
          89           1  0.000000000000000E+000 -8.539244186039001E-017
          89           2  0.000000000000000E+000 -5.396075581393929E-016
          90           1  0.000000000000000E+000 -8.539244186030109E-017
          90           2  0.000000000000000E+000 -5.396075581392992E-016
          91           1  0.000000000000000E+000 -8.539244186056098E-017
          91           2  0.000000000000000E+000 -5.396075581395960E-016
          92           1  0.000000000000000E+000 -8.539244186046156E-017
          92           2  0.000000000000000E+000 -5.396075581394752E-016
          93           1  0.000000000000000E+000 -8.539244186034696E-017
          93           2  0.000000000000000E+000 -5.396075581393395E-016
          94           1  0.000000000000000E+000 -8.539244186045142E-017
          94           2  0.000000000000000E+000 -5.396075581394792E-016
          95           1  0.000000000000000E+000 -8.539244186036964E-017
          95           2  0.000000000000000E+000 -5.396075581393837E-016
          96           1  0.000000000000000E+000 -8.539244186045799E-017
          96           2  0.000000000000000E+000 -5.396075581394749E-016
          97           1  0.000000000000000E+000 -8.539244186051861E-017
          97           2  0.000000000000000E+000 -5.396075581394696E-016
          98           1  0.000000000000000E+000 -8.539244186046695E-017
          98           2  0.000000000000000E+000 -5.396075581395225E-016
          99           1  0.000000000000000E+000 -8.539244186041957E-017
          99           2  0.000000000000000E+000 -5.396075581394852E-016
         100           1  0.000000000000000E+000 -8.539244186038391E-017
         100           2  0.000000000000000E+000 -5.396075581394126E-016
         101           1  0.000000000000000E+000 -8.539244186044839E-017
         101           2  0.000000000000000E+000 -5.396075581394935E-016
         102           1  0.000000000000000E+000 -8.539244186044603E-017
         102           2  0.000000000000000E+000 -5.396075581394914E-016
         103           1  0.000000000000000E+000 -8.539244186032037E-017
         103           2  0.000000000000000E+000 -5.396075581393627E-016
         104           1  0.000000000000000E+000 -8.539244186028995E-017
         104           2  0.000000000000000E+000 -5.396075581392622E-016
         105           1  0.000000000000000E+000 -8.539244186042886E-017
         105           2  0.000000000000000E+000 -5.396075581394187E-016
         106           1  0.000000000000000E+000 -8.539244186040290E-017
         106           2  0.000000000000000E+000 -5.396075581393892E-016
         107           1  0.000000000000000E+000 -8.539244186041151E-017
         107           2  0.000000000000000E+000 -5.396075581394163E-016
         108           1  0.000000000000000E+000 -8.539244186058793E-017
         108           2  0.000000000000000E+000 -5.396075581396638E-016
         109           1  0.000000000000000E+000 -8.539244186043785E-017
         109           2  0.000000000000000E+000 -5.396075581394442E-016
         110           1  0.000000000000000E+000 -8.539244186043992E-017
         110           2  0.000000000000000E+000 -5.396075581394631E-016
         111           1  0.000000000000000E+000 -8.539244186030863E-017
         111           2  0.000000000000000E+000 -5.396075581393128E-016
         112           1  0.000000000000000E+000 -8.539244186035120E-017
         112           2  0.000000000000000E+000 -5.396075581393442E-016
         113           1  0.000000000000000E+000 -8.539244186044813E-017
         113           2  0.000000000000000E+000 -5.396075581394240E-016
         114           1  0.000000000000000E+000 -8.539244186045266E-017
         114           2  0.000000000000000E+000 -5.396075581394762E-016
         115           1  0.000000000000000E+000 -8.539244186043032E-017
         115           2  0.000000000000000E+000 -5.396075581394570E-016
         116           1  0.000000000000000E+000 -8.539244186044159E-017
         116           2  0.000000000000000E+000 -5.396075581394767E-016
         117           1  0.000000000000000E+000 -8.539244186044046E-017
         117           2  0.000000000000000E+000 -5.396075581394748E-016
         118           1  0.000000000000000E+000 -8.539244186045576E-017
         118           2  0.000000000000000E+000 -5.396075581394874E-016
         119           1  0.000000000000000E+000 -8.539244186039798E-017
         119           2  0.000000000000000E+000 -5.396075581394207E-016
         120           1  0.000000000000000E+000 -8.539244186028142E-017
         120           2  0.000000000000000E+000 -5.396075581393510E-016
         121           1  0.000000000000000E+000 -8.539244186042897E-017
         121           2  0.000000000000000E+000 -5.396075581394690E-016
         122           1  0.000000000000000E+000 -8.539244186040931E-017
         122           2  0.000000000000000E+000 -5.396075581394298E-016
         123           1  0.000000000000000E+000 -8.539244186045016E-017
         123           2  0.000000000000000E+000 -5.396075581394677E-016
         124           1  0.000000000000000E+000 -8.539244186033915E-017
         124           2  0.000000000000000E+000 -5.396075581393601E-016
         125           1  0.000000000000000E+000 -8.539244186050232E-017
         125           2  0.000000000000000E+000 -5.396075581395866E-016
         126           1  0.000000000000000E+000 -8.539244186042202E-017
         126           2  0.000000000000000E+000 -5.396075581393982E-016
         127           1  0.000000000000000E+000 -8.539244186036538E-017
         127           2  0.000000000000000E+000 -5.396075581393465E-016
         128           1  0.000000000000000E+000 -8.539244186051594E-017
         128           2  0.000000000000000E+000 -5.396075581396120E-016
         129           1  0.000000000000000E+000 -8.539244186052259E-017
         129           2  0.000000000000000E+000 -5.396075581395602E-016
         130           1  0.000000000000000E+000 -8.539244186045581E-017
         130           2  0.000000000000000E+000 -5.396075581394625E-016
         131           1  0.000000000000000E+000 -8.539244186034565E-017
         131           2  0.000000000000000E+000 -5.396075581393116E-016
         132           1  0.000000000000000E+000 -8.539244186038363E-017
         132           2  0.000000000000000E+000 -5.396075581393711E-016
         133           1  0.000000000000000E+000 -8.539244186034643E-017
         133           2  0.000000000000000E+000 -5.396075581393589E-016
         134           1  0.000000000000000E+000 -8.539244186050552E-017
         134           2  0.000000000000000E+000 -5.396075581394717E-016
         135           1  0.000000000000000E+000 -8.539244186043336E-017
         135           2  0.000000000000000E+000 -5.396075581394508E-016
         136           1  0.000000000000000E+000 -8.539244186045274E-017
         136           2  0.000000000000000E+000 -5.396075581394771E-016
         137           1  0.000000000000000E+000 -8.539244186043461E-017
         137           2  0.000000000000000E+000 -5.396075581394456E-016
         138           1  0.000000000000000E+000 -8.539244186041603E-017
         138           2  0.000000000000000E+000 -5.396075581394305E-016
         139           1  0.000000000000000E+000 -8.539244186043583E-017
         139           2  0.000000000000000E+000 -5.396075581394177E-016
         140           1  0.000000000000000E+000 -8.539244186042267E-017
         140           2  0.000000000000000E+000 -5.396075581394271E-016
         141           1  0.000000000000000E+000 -8.539244186034463E-017
         141           2  0.000000000000000E+000 -5.396075581394232E-016
         142           1  0.000000000000000E+000 -8.539244186042635E-017
         142           2  0.000000000000000E+000 -5.396075581394759E-016
         143           1  0.000000000000000E+000 -8.539244186048139E-017
         143           2  0.000000000000000E+000 -5.396075581395079E-016
         144           1  0.000000000000000E+000 -8.539244186049503E-017
         144           2  0.000000000000000E+000 -5.396075581395236E-016
         145           1  0.000000000000000E+000 -8.539244186051659E-017
         145           2  0.000000000000000E+000 -5.396075581395615E-016
         146           1  0.000000000000000E+000 -8.539244186039676E-017
         146           2  0.000000000000000E+000 -5.396075581394032E-016
         147           1  0.000000000000000E+000 -8.539244186039582E-017
         147           2  0.000000000000000E+000 -5.396075581394041E-016
         148           1  0.000000000000000E+000 -8.539244186037862E-017
         148           2  0.000000000000000E+000 -5.396075581393631E-016
         149           1  0.000000000000000E+000 -8.539244186035852E-017
         149           2  0.000000000000000E+000 -5.396075581393199E-016
         150           1  0.000000000000000E+000 -8.539244186039856E-017
         150           2  0.000000000000000E+000 -5.396075581393515E-016
         151           1  0.000000000000000E+000 -8.539244186043343E-017
         151           2  0.000000000000000E+000 -5.396075581394721E-016
         152           1  0.000000000000000E+000 -8.539244186047070E-017
         152           2  0.000000000000000E+000 -5.396075581394662E-016
         153           1  0.000000000000000E+000 -8.539244186034746E-017
         153           2  0.000000000000000E+000 -5.396075581393735E-016
         154           1  0.000000000000000E+000 -8.539244186031999E-017
         154           2  0.000000000000000E+000 -5.396075581392573E-016
         155           1  0.000000000000000E+000 -8.539244186049816E-017
         155           2  0.000000000000000E+000 -5.396075581394925E-016
         156           1  0.000000000000000E+000 -8.539244186045791E-017
         156           2  0.000000000000000E+000 -5.396075581394758E-016
         157           1  0.000000000000000E+000 -8.539244186044291E-017
         157           2  0.000000000000000E+000 -5.396075581394408E-016
         158           1  0.000000000000000E+000 -8.539244186045551E-017
         158           2  0.000000000000000E+000 -5.396075581394822E-016
         159           1  0.000000000000000E+000 -8.539244186038208E-017
         159           2  0.000000000000000E+000 -5.396075581393691E-016
         160           1  0.000000000000000E+000 -8.539244186045412E-017
         160           2  0.000000000000000E+000 -5.396075581395042E-016
         161           1  0.000000000000000E+000 -8.539244186046145E-017
         161           2  0.000000000000000E+000 -5.396075581394969E-016
         162           1  0.000000000000000E+000 -8.539244186043489E-017
         162           2  0.000000000000000E+000 -5.396075581394858E-016
         163           1  0.000000000000000E+000 -8.539244186046583E-017
         163           2  0.000000000000000E+000 -5.396075581394936E-016
         164           1  0.000000000000000E+000 -8.539244186037819E-017
         164           2  0.000000000000000E+000 -5.396075581394378E-016
         165           1  0.000000000000000E+000 -8.539244186043673E-017
         165           2  0.000000000000000E+000 -5.396075581394610E-016
         166           1  0.000000000000000E+000 -8.539244186039831E-017
         166           2  0.000000000000000E+000 -5.396075581394211E-016
         167           1  0.000000000000000E+000 -8.539244186036611E-017
         167           2  0.000000000000000E+000 -5.396075581393560E-016
         168           1  0.000000000000000E+000 -8.539244186036972E-017
         168           2  0.000000000000000E+000 -5.396075581393783E-016
         169           1  0.000000000000000E+000 -8.539244186034890E-017
         169           2  0.000000000000000E+000 -5.396075581393190E-016
         170           1  0.000000000000000E+000 -8.539244186039397E-017
         170           2  0.000000000000000E+000 -5.396075581393447E-016
         171           1  0.000000000000000E+000 -8.539244186038428E-017
         171           2  0.000000000000000E+000 -5.396075581393450E-016
         172           1  0.000000000000000E+000 -8.539244186043213E-017
         172           2  0.000000000000000E+000 -5.396075581394261E-016
         173           1  0.000000000000000E+000 -8.539244186041329E-017
         173           2  0.000000000000000E+000 -5.396075581393896E-016
         174           1  0.000000000000000E+000 -8.539244186041891E-017
         174           2  0.000000000000000E+000 -5.396075581394021E-016
         175           1  0.000000000000000E+000 -8.539244186038146E-017
         175           2  0.000000000000000E+000 -5.396075581393211E-016
         176           1  0.000000000000000E+000 -8.539244186053415E-017
         176           2  0.000000000000000E+000 -5.396075581395097E-016
         177           1  0.000000000000000E+000 -8.539244186046543E-017
         177           2  0.000000000000000E+000 -5.396075581394849E-016
         178           1  0.000000000000000E+000 -8.539244186049813E-017
         178           2  0.000000000000000E+000 -5.396075581395346E-016
         179           1  0.000000000000000E+000 -8.539244186044347E-017
         179           2  0.000000000000000E+000 -5.396075581394624E-016
         180           1  0.000000000000000E+000 -8.539244186044190E-017
         180           2  0.000000000000000E+000 -5.396075581394620E-016
         181           1  0.000000000000000E+000 -8.539244186044684E-017
         181           2  0.000000000000000E+000 -5.396075581394943E-016
         182           1  0.000000000000000E+000 -8.539244186044339E-017
         182           2  0.000000000000000E+000 -5.396075581394664E-016
         183           1  0.000000000000000E+000 -8.539244186045630E-017
         183           2  0.000000000000000E+000 -5.396075581394852E-016
         184           1  0.000000000000000E+000 -8.539244186031741E-017
         184           2  0.000000000000000E+000 -5.396075581393879E-016
         185           1  0.000000000000000E+000 -8.539244186038314E-017
         185           2  0.000000000000000E+000 -5.396075581394178E-016
         186           1  0.000000000000000E+000 -8.539244186042264E-017
         186           2  0.000000000000000E+000 -5.396075581394414E-016
         187           1  0.000000000000000E+000 -8.539244186040570E-017
         187           2  0.000000000000000E+000 -5.396075581393884E-016
         188           1  0.000000000000000E+000 -8.539244186039854E-017
         188           2  0.000000000000000E+000 -5.396075581393912E-016
         189           1  0.000000000000000E+000 -8.539244186050176E-017
         189           2  0.000000000000000E+000 -5.396075581395000E-016
         190           1  0.000000000000000E+000 -8.539244186044819E-017
         190           2  0.000000000000000E+000 -5.396075581394519E-016
         191           1  0.000000000000000E+000 -8.539244186043357E-017
         191           2  0.000000000000000E+000 -5.396075581394249E-016
         192           1  0.000000000000000E+000 -8.539244186037955E-017
         192           2  0.000000000000000E+000 -5.396075581393626E-016
         193           1  0.000000000000000E+000 -8.539244186039828E-017
         193           2  0.000000000000000E+000 -5.396075581393993E-016
         194           1  0.000000000000000E+000 -8.539244186043449E-017
         194           2  0.000000000000000E+000 -5.396075581394371E-016
         195           1  0.000000000000000E+000 -8.539244186036589E-017
         195           2  0.000000000000000E+000 -5.396075581393585E-016
         196           1  0.000000000000000E+000 -8.539244186040224E-017
         196           2  0.000000000000000E+000 -5.396075581394141E-016
         197           1  0.000000000000000E+000 -8.539244186050690E-017
         197           2  0.000000000000000E+000 -5.396075581394664E-016
         198           1  0.000000000000000E+000 -8.539244186060191E-017
         198           2  0.000000000000000E+000 -5.396075581396883E-016
         199           1  0.000000000000000E+000 -8.539244186047136E-017
         199           2  0.000000000000000E+000 -5.396075581395053E-016
         200           1  0.000000000000000E+000 -8.539244186043984E-017
         200           2  0.000000000000000E+000 -5.396075581394842E-016
         201           1  0.000000000000000E+000 -8.539244186045460E-017
         201           2  0.000000000000000E+000 -5.396075581395096E-016
         202           1  0.000000000000000E+000 -8.539244186047188E-017
         202           2  0.000000000000000E+000 -5.396075581394905E-016
         203           1  0.000000000000000E+000 -8.539244186042468E-017
         203           2  0.000000000000000E+000 -5.396075581394658E-016
         204           1  0.000000000000000E+000 -8.539244186037203E-017
         204           2  0.000000000000000E+000 -5.396075581393730E-016
         205           1  0.000000000000000E+000 -8.539244186040776E-017
         205           2  0.000000000000000E+000 -5.396075581393818E-016
         206           1  0.000000000000000E+000 -8.539244186035492E-017
         206           2  0.000000000000000E+000 -5.396075581393537E-016
         207           1  0.000000000000000E+000 -8.539244186029657E-017
         207           2  0.000000000000000E+000 -5.396075581393048E-016
         208           1  0.000000000000000E+000 -8.539244186043617E-017
         208           2  0.000000000000000E+000 -5.396075581394495E-016
         209           1  0.000000000000000E+000 -8.539244186038434E-017
         209           2  0.000000000000000E+000 -5.396075581393587E-016
         210           1  0.000000000000000E+000 -8.539244186035430E-017
         210           2  0.000000000000000E+000 -5.396075581393217E-016
         211           1  0.000000000000000E+000 -8.539244186047153E-017
         211           2  0.000000000000000E+000 -5.396075581394911E-016
         212           1  0.000000000000000E+000 -8.539244186043438E-017
         212           2  0.000000000000000E+000 -5.396075581394321E-016
         213           1  0.000000000000000E+000 -8.539244186045577E-017
         213           2  0.000000000000000E+000 -5.396075581394696E-016
         214           1  0.000000000000000E+000 -8.539244186039741E-017
         214           2  0.000000000000000E+000 -5.396075581393763E-016
         215           1  0.000000000000000E+000 -8.539244186031041E-017
         215           2  0.000000000000000E+000 -5.396075581392456E-016
         216           1  0.000000000000000E+000 -8.539244186045826E-017
         216           2  0.000000000000000E+000 -5.396075581394732E-016
         217           1  0.000000000000000E+000 -8.539244186047542E-017
         217           2  0.000000000000000E+000 -5.396075581394771E-016
         218           1  0.000000000000000E+000 -8.539244186047851E-017
         218           2  0.000000000000000E+000 -5.396075581395040E-016
         219           1  0.000000000000000E+000 -8.539244186045017E-017
         219           2  0.000000000000000E+000 -5.396075581395022E-016
         220           1  0.000000000000000E+000 -8.539244186043869E-017
         220           2  0.000000000000000E+000 -5.396075581394779E-016
         221           1  0.000000000000000E+000 -8.539244186053787E-017
         221           2  0.000000000000000E+000 -5.396075581395638E-016
         222           1  0.000000000000000E+000 -8.539244186047805E-017
         222           2  0.000000000000000E+000 -5.396075581394904E-016
         223           1  0.000000000000000E+000 -8.539244186044360E-017
         223           2  0.000000000000000E+000 -5.396075581394841E-016
         224           1  0.000000000000000E+000 -8.539244186037325E-017
         224           2  0.000000000000000E+000 -5.396075581393662E-016
         225           1  0.000000000000000E+000 -8.539244186054063E-017
         225           2  0.000000000000000E+000 -5.396075581396121E-016
         226           1  0.000000000000000E+000 -8.539244186040839E-017
         226           2  0.000000000000000E+000 -5.396075581394233E-016
         227           1  0.000000000000000E+000 -8.539244186032334E-017
         227           2  0.000000000000000E+000 -5.396075581393829E-016
         228           1  0.000000000000000E+000 -8.539244186043523E-017
         228           2  0.000000000000000E+000 -5.396075581394350E-016
         229           1  0.000000000000000E+000 -8.539244186033417E-017
         229           2  0.000000000000000E+000 -5.396075581393511E-016
         230           1  0.000000000000000E+000 -8.539244186027599E-017
         230           2  0.000000000000000E+000 -5.396075581392409E-016
         231           1  0.000000000000000E+000 -8.539244186044305E-017
         231           2  0.000000000000000E+000 -5.396075581394447E-016
         232           1  0.000000000000000E+000 -8.539244186040812E-017
         232           2  0.000000000000000E+000 -5.396075581393895E-016
         233           1  0.000000000000000E+000 -8.539244186048983E-017
         233           2  0.000000000000000E+000 -5.396075581394899E-016
         234           1  0.000000000000000E+000 -8.539244186045004E-017
         234           2  0.000000000000000E+000 -5.396075581394492E-016
         235           1  0.000000000000000E+000 -8.539244186056072E-017
         235           2  0.000000000000000E+000 -5.396075581396355E-016
         236           1  0.000000000000000E+000 -8.539244186044039E-017
         236           2  0.000000000000000E+000 -5.396075581394492E-016
         237           1  0.000000000000000E+000 -8.539244186045328E-017
         237           2  0.000000000000000E+000 -5.396075581395154E-016
         238           1  0.000000000000000E+000 -8.539244186047060E-017
         238           2  0.000000000000000E+000 -5.396075581395065E-016
         239           1  0.000000000000000E+000 -8.539244186041980E-017
         239           2  0.000000000000000E+000 -5.396075581394924E-016
         240           1  0.000000000000000E+000 -8.539244186044545E-017
         240           2  0.000000000000000E+000 -5.396075581394838E-016
         241           1  0.000000000000000E+000 -8.539244186046644E-017
         241           2  0.000000000000000E+000 -5.396075581394878E-016
         242           1  0.000000000000000E+000 -8.539244186041570E-017
         242           2  0.000000000000000E+000 -5.396075581394371E-016
         243           1  0.000000000000000E+000 -8.539244186047407E-017
         243           2  0.000000000000000E+000 -5.396075581395046E-016
         244           1  0.000000000000000E+000 -8.539244186021433E-017
         244           2  0.000000000000000E+000 -5.396075581391843E-016
         245           1  0.000000000000000E+000 -8.539244186045433E-017
         245           2  0.000000000000000E+000 -5.396075581394848E-016
         246           1  0.000000000000000E+000 -8.539244186041917E-017
         246           2  0.000000000000000E+000 -5.396075581393728E-016
         247           1  0.000000000000000E+000 -8.539244186034200E-017
         247           2  0.000000000000000E+000 -5.396075581393367E-016
         248           1  0.000000000000000E+000 -8.539244186034101E-017
         248           2  0.000000000000000E+000 -5.396075581393323E-016
         249           1  0.000000000000000E+000 -8.539244186042012E-017
         249           2  0.000000000000000E+000 -5.396075581394238E-016
         250           1  0.000000000000000E+000 -8.539244186036615E-017
         250           2  0.000000000000000E+000 -5.396075581393831E-016
         251           1  0.000000000000000E+000 -8.539244186050166E-017
         251           2  0.000000000000000E+000 -5.396075581394710E-016
         252           1  0.000000000000000E+000 -8.539244186038819E-017
         252           2  0.000000000000000E+000 -5.396075581393998E-016
         253           1  0.000000000000000E+000 -8.539244186046441E-017
         253           2  0.000000000000000E+000 -5.396075581394620E-016
         254           1  0.000000000000000E+000 -8.539244186041714E-017
         254           2  0.000000000000000E+000 -5.396075581394174E-016
         255           1  0.000000000000000E+000 -8.539244186044919E-017
         255           2  0.000000000000000E+000 -5.396075581394651E-016
         256           1  0.000000000000000E+000 -8.539244186041501E-017
         256           2  0.000000000000000E+000 -5.396075581394595E-016
         257           1  0.000000000000000E+000 -8.539244186038764E-017
         257           2  0.000000000000000E+000 -5.396075581394056E-016
         258           1  0.000000000000000E+000 -8.539244186044583E-017
         258           2  0.000000000000000E+000 -5.396075581394795E-016
         259           1  0.000000000000000E+000 -8.539244186041037E-017
         259           2  0.000000000000000E+000 -5.396075581394190E-016
         260           1  0.000000000000000E+000 -8.539244186045963E-017
         260           2  0.000000000000000E+000 -5.396075581394937E-016
         261           1  0.000000000000000E+000 -8.539244186039871E-017
         261           2  0.000000000000000E+000 -5.396075581394364E-016
         262           1  0.000000000000000E+000 -8.539244186043003E-017
         262           2  0.000000000000000E+000 -5.396075581394430E-016
         263           1  0.000000000000000E+000 -8.539244186037971E-017
         263           2  0.000000000000000E+000 -5.396075581394018E-016
         264           1  0.000000000000000E+000 -8.539244186035936E-017
         264           2  0.000000000000000E+000 -5.396075581393308E-016
         265           1  0.000000000000000E+000 -8.539244186031564E-017
         265           2  0.000000000000000E+000 -5.396075581393308E-016
         266           1  0.000000000000000E+000 -8.539244186029919E-017
         266           2  0.000000000000000E+000 -5.396075581392338E-016
         267           1  0.000000000000000E+000 -8.539244186038164E-017
         267           2  0.000000000000000E+000 -5.396075581393392E-016
         268           1  0.000000000000000E+000 -8.539244186053329E-017
         268           2  0.000000000000000E+000 -5.396075581395047E-016
         269           1  0.000000000000000E+000 -8.539244186045965E-017
         269           2  0.000000000000000E+000 -5.396075581394638E-016
         270           1  0.000000000000000E+000 -8.539244186043893E-017
         270           2  0.000000000000000E+000 -5.396075581394313E-016
         271           1  0.000000000000000E+000 -8.539244186039823E-017
         271           2  0.000000000000000E+000 -5.396075581393726E-016
         272           1  0.000000000000000E+000 -8.539244186033506E-017
         272           2  0.000000000000000E+000 -5.396075581393108E-016
         273           1  0.000000000000000E+000 -8.539244186042377E-017
         273           2  0.000000000000000E+000 -5.396075581393859E-016
         274           1  0.000000000000000E+000 -8.539244186047914E-017
         274           2  0.000000000000000E+000 -5.396075581394848E-016
         275           1  0.000000000000000E+000 -8.539244186037887E-017
         275           2  0.000000000000000E+000 -5.396075581393323E-016
         276           1  0.000000000000000E+000 -8.539244186032574E-017
         276           2  0.000000000000000E+000 -5.396075581393366E-016
         277           1  0.000000000000000E+000 -8.539244186031520E-017
         277           2  0.000000000000000E+000 -5.396075581393301E-016
         278           1  0.000000000000000E+000 -8.539244186047205E-017
         278           2  0.000000000000000E+000 -5.396075581394954E-016
         279           1  0.000000000000000E+000 -8.539244186052402E-017
         279           2  0.000000000000000E+000 -5.396075581395430E-016
         280           1  0.000000000000000E+000 -8.539244186048004E-017
         280           2  0.000000000000000E+000 -5.396075581395065E-016
         281           1  0.000000000000000E+000 -8.539244186045518E-017
         281           2  0.000000000000000E+000 -5.396075581395238E-016
         282           1  0.000000000000000E+000 -8.539244186045221E-017
         282           2  0.000000000000000E+000 -5.396075581394839E-016
         283           1  0.000000000000000E+000 -8.539244186046177E-017
         283           2  0.000000000000000E+000 -5.396075581394992E-016
         284           1  0.000000000000000E+000 -8.539244186044773E-017
         284           2  0.000000000000000E+000 -5.396075581394689E-016
         285           1  0.000000000000000E+000 -8.539244186035459E-017
         285           2  0.000000000000000E+000 -5.396075581393848E-016
         286           1  0.000000000000000E+000 -8.539244186053162E-017
         286           2  0.000000000000000E+000 -5.396075581395473E-016
         287           1  0.000000000000000E+000 -8.539244186033156E-017
         287           2  0.000000000000000E+000 -5.396075581392885E-016
         288           1  0.000000000000000E+000 -8.539244186040390E-017
         288           2  0.000000000000000E+000 -5.396075581393924E-016
         289           1  0.000000000000000E+000 -8.539244186046575E-017
         289           2  0.000000000000000E+000 -5.396075581394984E-016
         290           1  0.000000000000000E+000 -8.539244186034153E-017
         290           2  0.000000000000000E+000 -5.396075581393394E-016
         291           1  0.000000000000000E+000 -8.539244186048716E-017
         291           2  0.000000000000000E+000 -5.396075581394710E-016
         292           1  0.000000000000000E+000 -8.539244186030889E-017
         292           2  0.000000000000000E+000 -5.396075581393176E-016
         293           1  0.000000000000000E+000 -8.539244186035139E-017
         293           2  0.000000000000000E+000 -5.396075581393590E-016
         294           1  0.000000000000000E+000 -8.539244186040092E-017
         294           2  0.000000000000000E+000 -5.396075581394215E-016
         295           1  0.000000000000000E+000 -8.539244186032516E-017
         295           2  0.000000000000000E+000 -5.396075581392897E-016
         296           1  0.000000000000000E+000 -8.539244186041142E-017
         296           2  0.000000000000000E+000 -5.396075581394047E-016
         297           1  0.000000000000000E+000 -8.539244186031286E-017
         297           2  0.000000000000000E+000 -5.396075581393387E-016
         298           1  0.000000000000000E+000 -8.539244186042592E-017
         298           2  0.000000000000000E+000 -5.396075581394560E-016
         299           1  0.000000000000000E+000 -8.539244186045459E-017
         299           2  0.000000000000000E+000 -5.396075581395559E-016
         300           1  0.000000000000000E+000 -8.539244186048778E-017
         300           2  0.000000000000000E+000 -5.396075581395152E-016
         301           1  0.000000000000000E+000 -8.539244186048009E-017
         301           2  0.000000000000000E+000 -5.396075581395477E-016
         302           1  0.000000000000000E+000 -8.539244186041968E-017
         302           2  0.000000000000000E+000 -5.396075581394474E-016
         303           1  0.000000000000000E+000 -8.539244186046435E-017
         303           2  0.000000000000000E+000 -5.396075581394993E-016
         304           1  0.000000000000000E+000 -8.539244186036274E-017
         304           2  0.000000000000000E+000 -5.396075581393784E-016
         305           1  0.000000000000000E+000 -8.539244186032536E-017
         305           2  0.000000000000000E+000 -5.396075581393368E-016
         306           1  0.000000000000000E+000 -8.539244186034985E-017
         306           2  0.000000000000000E+000 -5.396075581393933E-016
         307           1  0.000000000000000E+000 -8.539244186048398E-017
         307           2  0.000000000000000E+000 -5.396075581394952E-016
         308           1  0.000000000000000E+000 -8.539244186031582E-017
         308           2  0.000000000000000E+000 -5.396075581392564E-016
         309           1  0.000000000000000E+000 -8.539244186044633E-017
         309           2  0.000000000000000E+000 -5.396075581394773E-016
         310           1  0.000000000000000E+000 -8.539244186034689E-017
         310           2  0.000000000000000E+000 -5.396075581394095E-016
         311           1  0.000000000000000E+000 -8.539244186038978E-017
         311           2  0.000000000000000E+000 -5.396075581393994E-016
         312           1  0.000000000000000E+000 -8.539244186035341E-017
         312           2  0.000000000000000E+000 -5.396075581393507E-016
         313           1  0.000000000000000E+000 -8.539244186035573E-017
         313           2  0.000000000000000E+000 -5.396075581393369E-016
         314           1  0.000000000000000E+000 -8.539244186040022E-017
         314           2  0.000000000000000E+000 -5.396075581393786E-016
         315           1  0.000000000000000E+000 -8.539244186029016E-017
         315           2  0.000000000000000E+000 -5.396075581392612E-016
         316           1  0.000000000000000E+000 -8.539244186042686E-017
         316           2  0.000000000000000E+000 -5.396075581394547E-016
         317           1  0.000000000000000E+000 -8.539244186041154E-017
         317           2  0.000000000000000E+000 -5.396075581394261E-016
         318           1  0.000000000000000E+000 -8.539244186044175E-017
         318           2  0.000000000000000E+000 -5.396075581394827E-016
         319           1  0.000000000000000E+000 -8.539244186040681E-017
         319           2  0.000000000000000E+000 -5.396075581394646E-016
         320           1  0.000000000000000E+000 -8.539244186043960E-017
         320           2  0.000000000000000E+000 -5.396075581394961E-016
         321           1  0.000000000000000E+000 -8.539244186040515E-017
         321           2  0.000000000000000E+000 -5.396075581394371E-016
         322           1  0.000000000000000E+000 -8.539244186045205E-017
         322           2  0.000000000000000E+000 -5.396075581394754E-016
         323           1  0.000000000000000E+000 -8.539244186046591E-017
         323           2  0.000000000000000E+000 -5.396075581395315E-016
         324           1  0.000000000000000E+000 -8.539244186035328E-017
         324           2  0.000000000000000E+000 -5.396075581393902E-016
         325           1  0.000000000000000E+000 -8.539244186043644E-017
         325           2  0.000000000000000E+000 -5.396075581394516E-016
         326           1  0.000000000000000E+000 -8.539244186034904E-017
         326           2  0.000000000000000E+000 -5.396075581394044E-016
         327           1  0.000000000000000E+000 -8.539244186040423E-017
         327           2  0.000000000000000E+000 -5.396075581394837E-016
         328           1  0.000000000000000E+000 -8.539244186046040E-017
         328           2  0.000000000000000E+000 -5.396075581394277E-016
         329           1  0.000000000000000E+000 -8.539244186042169E-017
         329           2  0.000000000000000E+000 -5.396075581394372E-016
         330           1  0.000000000000000E+000 -8.539244186035828E-017
         330           2  0.000000000000000E+000 -5.396075581393829E-016
         331           1  0.000000000000000E+000 -8.539244186040528E-017
         331           2  0.000000000000000E+000 -5.396075581393953E-016
         332           1  0.000000000000000E+000 -8.539244186035598E-017
         332           2  0.000000000000000E+000 -5.396075581393548E-016
         333           1  0.000000000000000E+000 -8.539244186031918E-017
         333           2  0.000000000000000E+000 -5.396075581393165E-016
         334           1  0.000000000000000E+000 -8.539244186032669E-017
         334           2  0.000000000000000E+000 -5.396075581393242E-016
         335           1  0.000000000000000E+000 -8.539244186034258E-017
         335           2  0.000000000000000E+000 -5.396075581393729E-016
         336           1  0.000000000000000E+000 -8.539244186038838E-017
         336           2  0.000000000000000E+000 -5.396075581394416E-016
         337           1  0.000000000000000E+000 -8.539244186041883E-017
         337           2  0.000000000000000E+000 -5.396075581394822E-016
         338           1  0.000000000000000E+000 -8.539244186046319E-017
         338           2  0.000000000000000E+000 -5.396075581395059E-016
         339           1  0.000000000000000E+000 -8.539244186039892E-017
         339           2  0.000000000000000E+000 -5.396075581394773E-016
         340           1  0.000000000000000E+000 -8.539244186044668E-017
         340           2  0.000000000000000E+000 -5.396075581394880E-016
         341           1  0.000000000000000E+000 -8.539244186046298E-017
         341           2  0.000000000000000E+000 -5.396075581395048E-016
         342           1  0.000000000000000E+000 -8.539244186043995E-017
         342           2  0.000000000000000E+000 -5.396075581394880E-016
         343           1  0.000000000000000E+000 -8.539244186045420E-017
         343           2  0.000000000000000E+000 -5.396075581394805E-016
         344           1  0.000000000000000E+000 -8.539244186029687E-017
         344           2  0.000000000000000E+000 -5.396075581394307E-016
         345           1  0.000000000000000E+000 -8.539244186042636E-017
         345           2  0.000000000000000E+000 -5.396075581395237E-016
         346           1  0.000000000000000E+000 -8.539244186055312E-017
         346           2  0.000000000000000E+000 -5.396075581395680E-016
         347           1  0.000000000000000E+000 -8.539244186050112E-017
         347           2  0.000000000000000E+000 -5.396075581395159E-016
         348           1  0.000000000000000E+000 -8.539244186045176E-017
         348           2  0.000000000000000E+000 -5.396075581395007E-016
         349           1  0.000000000000000E+000 -8.539244186027228E-017
         349           2  0.000000000000000E+000 -5.396075581393328E-016
         350           1  0.000000000000000E+000 -8.539244186043527E-017
         350           2  0.000000000000000E+000 -5.396075581394672E-016
         351           1  0.000000000000000E+000 -8.539244186048753E-017
         351           2  0.000000000000000E+000 -5.396075581395078E-016
         352           1  0.000000000000000E+000 -8.539244186041488E-017
         352           2  0.000000000000000E+000 -5.396075581394537E-016
         353           1  0.000000000000000E+000 -8.539244186045807E-017
         353           2  0.000000000000000E+000 -5.396075581394967E-016
         354           1  0.000000000000000E+000 -8.539244186046360E-017
         354           2  0.000000000000000E+000 -5.396075581394758E-016
         355           1  0.000000000000000E+000 -8.539244186046554E-017
         355           2  0.000000000000000E+000 -5.396075581394949E-016
         356           1  0.000000000000000E+000 -8.539244186045710E-017
         356           2  0.000000000000000E+000 -5.396075581394863E-016
         357           1  0.000000000000000E+000 -8.539244186045449E-017
         357           2  0.000000000000000E+000 -5.396075581394980E-016
         358           1  0.000000000000000E+000 -8.539244186049548E-017
         358           2  0.000000000000000E+000 -5.396075581395178E-016
         359           1  0.000000000000000E+000 -8.539244186042249E-017
         359           2  0.000000000000000E+000 -5.396075581394967E-016
         360           1  0.000000000000000E+000 -8.539244186044506E-017
         360           2  0.000000000000000E+000 -5.396075581394890E-016
         361           1  0.000000000000000E+000 -8.539244186046999E-017
         361           2  0.000000000000000E+000 -5.396075581395300E-016
         362           1  0.000000000000000E+000 -8.539244186047621E-017
         362           2  0.000000000000000E+000 -5.396075581395438E-016
         363           1  0.000000000000000E+000 -8.539244186041767E-017
         363           2  0.000000000000000E+000 -5.396075581394661E-016
         364           1  0.000000000000000E+000 -8.539244186044100E-017
         364           2  0.000000000000000E+000 -5.396075581394785E-016
         365           1  0.000000000000000E+000 -8.539244186043758E-017
         365           2  0.000000000000000E+000 -5.396075581394750E-016
         366           1  0.000000000000000E+000 -8.539244186050246E-017
         366           2  0.000000000000000E+000 -5.396075581395221E-016
         367           1  0.000000000000000E+000 -8.539244186039138E-017
         367           2  0.000000000000000E+000 -5.396075581393910E-016
         368           1  0.000000000000000E+000 -8.539244186039610E-017
         368           2  0.000000000000000E+000 -5.396075581394193E-016
         369           1  0.000000000000000E+000 -8.539244186042407E-017
         369           2  0.000000000000000E+000 -5.396075581394827E-016
         370           1  0.000000000000000E+000 -8.539244186038346E-017
         370           2  0.000000000000000E+000 -5.396075581394297E-016
         371           1  0.000000000000000E+000 -8.539244186040454E-017
         371           2  0.000000000000000E+000 -5.396075581394607E-016
         372           1  0.000000000000000E+000 -8.539244186051845E-017
         372           2  0.000000000000000E+000 -5.396075581395825E-016
         373           1  0.000000000000000E+000 -8.539244186037712E-017
         373           2  0.000000000000000E+000 -5.396075581394207E-016
         374           1  0.000000000000000E+000 -8.539244186047127E-017
         374           2  0.000000000000000E+000 -5.396075581394772E-016
         375           1  0.000000000000000E+000 -8.539244186041900E-017
         375           2  0.000000000000000E+000 -5.396075581394394E-016
         376           1  0.000000000000000E+000 -8.539244186047833E-017
         376           2  0.000000000000000E+000 -5.396075581394858E-016
         377           1  0.000000000000000E+000 -8.539244186042225E-017
         377           2  0.000000000000000E+000 -5.396075581394675E-016
         378           1  0.000000000000000E+000 -8.539244186052111E-017
         378           2  0.000000000000000E+000 -5.396075581395919E-016
         379           1  0.000000000000000E+000 -8.539244186038991E-017
         379           2  0.000000000000000E+000 -5.396075581394596E-016
         380           1  0.000000000000000E+000 -8.539244186046173E-017
         380           2  0.000000000000000E+000 -5.396075581395153E-016
         381           1  0.000000000000000E+000 -8.539244186045582E-017
         381           2  0.000000000000000E+000 -5.396075581395239E-016
         382           1  0.000000000000000E+000 -8.539244186045304E-017
         382           2  0.000000000000000E+000 -5.396075581395005E-016
         383           1  0.000000000000000E+000 -8.539244186040083E-017
         383           2  0.000000000000000E+000 -5.396075581394886E-016
         384           1  0.000000000000000E+000 -8.539244186037348E-017
         384           2  0.000000000000000E+000 -5.396075581394736E-016
         385           1  0.000000000000000E+000 -8.539244186043958E-017
         385           2  0.000000000000000E+000 -5.396075581394583E-016
         386           1  0.000000000000000E+000 -8.539244186030544E-017
         386           2  0.000000000000000E+000 -5.396075581393612E-016
         387           1  0.000000000000000E+000 -8.539244186044296E-017
         387           2  0.000000000000000E+000 -5.396075581394843E-016
         388           1  0.000000000000000E+000 -8.539244186043514E-017
         388           2  0.000000000000000E+000 -5.396075581394692E-016
         389           1  0.000000000000000E+000 -8.539244186042654E-017
         389           2  0.000000000000000E+000 -5.396075581394519E-016
         390           1  0.000000000000000E+000 -8.539244186044325E-017
         390           2  0.000000000000000E+000 -5.396075581394739E-016
         391           1  0.000000000000000E+000 -8.539244186043200E-017
         391           2  0.000000000000000E+000 -5.396075581394598E-016
         392           1  0.000000000000000E+000 -8.539244186045719E-017
         392           2  0.000000000000000E+000 -5.396075581394770E-016
         393           1  0.000000000000000E+000 -8.539244186043571E-017
         393           2  0.000000000000000E+000 -5.396075581394823E-016
         394           1  0.000000000000000E+000 -8.539244186044615E-017
         394           2  0.000000000000000E+000 -5.396075581394898E-016
         395           1  0.000000000000000E+000 -8.539244186041989E-017
         395           2  0.000000000000000E+000 -5.396075581394540E-016
         396           1  0.000000000000000E+000 -8.539244186049137E-017
         396           2  0.000000000000000E+000 -5.396075581395468E-016
         397           1  0.000000000000000E+000 -8.539244186045385E-017
         397           2  0.000000000000000E+000 -5.396075581394816E-016
         398           1  0.000000000000000E+000 -8.539244186045367E-017
         398           2  0.000000000000000E+000 -5.396075581394967E-016
         399           1  0.000000000000000E+000 -8.539244186045767E-017
         399           2  0.000000000000000E+000 -5.396075581395149E-016
         400           1  0.000000000000000E+000 -8.539244186042590E-017
         400           2  0.000000000000000E+000 -5.396075581394924E-016
