           1           1  0.000000000000000E+000 -1.960784313726437E-017
           1           2  0.000000000000000E+000 -5.392156862747821E-018
           2           1  0.000000000000000E+000 -1.960784313725500E-017
           2           2  0.000000000000000E+000 -5.392156862745531E-018
           3           1  0.000000000000000E+000 -1.960784313726617E-017
           3           2  0.000000000000000E+000 -5.392156862748864E-018
           4           1  0.000000000000000E+000 -1.960784313726276E-017
           4           2  0.000000000000000E+000 -5.392156862747786E-018
           5           1  0.000000000000000E+000 -1.960784313725875E-017
           5           2  0.000000000000000E+000 -5.392156862745905E-018
           6           1  0.000000000000000E+000 -1.960784313725788E-017
           6           2  0.000000000000000E+000 -5.392156862745613E-018
           7           1  0.000000000000000E+000 -1.960784313725449E-017
           7           2  0.000000000000000E+000 -5.392156862745087E-018
           8           1  0.000000000000000E+000 -1.960784313725758E-017
           8           2  0.000000000000000E+000 -5.392156862746080E-018
           9           1  0.000000000000000E+000 -1.960784313725372E-017
           9           2  0.000000000000000E+000 -5.392156862744653E-018
          10           1  0.000000000000000E+000 -1.960784313725439E-017
          10           2  0.000000000000000E+000 -5.392156862744820E-018
          11           1  0.000000000000000E+000 -1.960784313725584E-017
          11           2  0.000000000000000E+000 -5.392156862745531E-018
          12           1  0.000000000000000E+000 -1.960784313725813E-017
          12           2  0.000000000000000E+000 -5.392156862746056E-018
          13           1  0.000000000000000E+000 -1.960784313726459E-017
          13           2  0.000000000000000E+000 -5.392156862748316E-018
          14           1  0.000000000000000E+000 -1.960784313726514E-017
          14           2  0.000000000000000E+000 -5.392156862748977E-018
          15           1  0.000000000000000E+000 -1.960784313725293E-017
          15           2  0.000000000000000E+000 -5.392156862744922E-018
          16           1  0.000000000000000E+000 -1.960784313725491E-017
          16           2  0.000000000000000E+000 -5.392156862745425E-018
          17           1  0.000000000000000E+000 -1.960784313725384E-017
          17           2  0.000000000000000E+000 -5.392156862746120E-018
          18           1  0.000000000000000E+000 -1.960784313725677E-017
          18           2  0.000000000000000E+000 -5.392156862746928E-018
          19           1  0.000000000000000E+000 -1.960784313725830E-017
          19           2  0.000000000000000E+000 -5.392156862745772E-018
          20           1  0.000000000000000E+000 -1.960784313725292E-017
          20           2  0.000000000000000E+000 -5.392156862744300E-018
          21           1  0.000000000000000E+000 -1.960784313725404E-017
          21           2  0.000000000000000E+000 -5.392156862744747E-018
          22           1  0.000000000000000E+000 -1.960784313725536E-017
          22           2  0.000000000000000E+000 -5.392156862745001E-018
          23           1  0.000000000000000E+000 -1.960784313726308E-017
          23           2  0.000000000000000E+000 -5.392156862746836E-018
          24           1  0.000000000000000E+000 -1.960784313726192E-017
          24           2  0.000000000000000E+000 -5.392156862747052E-018
          25           1  0.000000000000000E+000 -1.960784313725632E-017
          25           2  0.000000000000000E+000 -5.392156862745760E-018
          26           1  0.000000000000000E+000 -1.960784313726247E-017
          26           2  0.000000000000000E+000 -5.392156862747401E-018
          27           1  0.000000000000000E+000 -1.960784313726115E-017
          27           2  0.000000000000000E+000 -5.392156862747891E-018
          28           1  0.000000000000000E+000 -1.960784313726012E-017
          28           2  0.000000000000000E+000 -5.392156862747906E-018
          29           1  0.000000000000000E+000 -1.960784313726008E-017
          29           2  0.000000000000000E+000 -5.392156862746157E-018
          30           1  0.000000000000000E+000 -1.960784313725868E-017
          30           2  0.000000000000000E+000 -5.392156862745771E-018
          31           1  0.000000000000000E+000 -1.960784313725416E-017
          31           2  0.000000000000000E+000 -5.392156862744885E-018
          32           1  0.000000000000000E+000 -1.960784313725533E-017
          32           2  0.000000000000000E+000 -5.392156862745393E-018
          33           1  0.000000000000000E+000 -1.960784313725092E-017
          33           2  0.000000000000000E+000 -5.392156862744027E-018
          34           1  0.000000000000000E+000 -1.960784313724909E-017
          34           2  0.000000000000000E+000 -5.392156862742797E-018
          35           1  0.000000000000000E+000 -1.960784313725242E-017
          35           2  0.000000000000000E+000 -5.392156862744029E-018
          36           1  0.000000000000000E+000 -1.960784313726473E-017
          36           2  0.000000000000000E+000 -5.392156862748725E-018
          37           1  0.000000000000000E+000 -1.960784313726363E-017
          37           2  0.000000000000000E+000 -5.392156862748424E-018
          38           1  0.000000000000000E+000 -1.960784313726117E-017
          38           2  0.000000000000000E+000 -5.392156862747371E-018
          39           1  0.000000000000000E+000 -1.960784313725338E-017
          39           2  0.000000000000000E+000 -5.392156862746019E-018
          40           1  0.000000000000000E+000 -1.960784313725595E-017
          40           2  0.000000000000000E+000 -5.392156862745491E-018
          41           1  0.000000000000000E+000 -1.960784313725454E-017
          41           2  0.000000000000000E+000 -5.392156862745235E-018
          42           1  0.000000000000000E+000 -1.960784313725419E-017
          42           2  0.000000000000000E+000 -5.392156862744899E-018
          43           1  0.000000000000000E+000 -1.960784313724999E-017
          43           2  0.000000000000000E+000 -5.392156862743357E-018
          44           1  0.000000000000000E+000 -1.960784313725265E-017
          44           2  0.000000000000000E+000 -5.392156862743560E-018
          45           1  0.000000000000000E+000 -1.960784313725088E-017
          45           2  0.000000000000000E+000 -5.392156862743614E-018
          46           1  0.000000000000000E+000 -1.960784313725647E-017
          46           2  0.000000000000000E+000 -5.392156862745238E-018
          47           1  0.000000000000000E+000 -1.960784313726661E-017
          47           2  0.000000000000000E+000 -5.392156862748535E-018
          48           1  0.000000000000000E+000 -1.960784313726004E-017
          48           2  0.000000000000000E+000 -5.392156862747728E-018
          49           1  0.000000000000000E+000 -1.960784313725771E-017
          49           2  0.000000000000000E+000 -5.392156862746948E-018
          50           1  0.000000000000000E+000 -1.960784313725735E-017
          50           2  0.000000000000000E+000 -5.392156862746115E-018
          51           1  0.000000000000000E+000 -1.960784313725445E-017
          51           2  0.000000000000000E+000 -5.392156862745157E-018
          52           1  0.000000000000000E+000 -1.960784313725376E-017
          52           2  0.000000000000000E+000 -5.392156862744774E-018
          53           1  0.000000000000000E+000 -1.960784313725302E-017
          53           2  0.000000000000000E+000 -5.392156862744620E-018
          54           1  0.000000000000000E+000 -1.960784313725382E-017
          54           2  0.000000000000000E+000 -5.392156862744853E-018
          55           1  0.000000000000000E+000 -1.960784313724714E-017
          55           2  0.000000000000000E+000 -5.392156862743155E-018
          56           1  0.000000000000000E+000 -1.960784313725785E-017
          56           2  0.000000000000000E+000 -5.392156862745616E-018
          57           1  0.000000000000000E+000 -1.960784313726003E-017
          57           2  0.000000000000000E+000 -5.392156862746648E-018
          58           1  0.000000000000000E+000 -1.960784313725940E-017
          58           2  0.000000000000000E+000 -5.392156862746556E-018
          59           1  0.000000000000000E+000 -1.960784313725196E-017
          59           2  0.000000000000000E+000 -5.392156862744602E-018
          60           1  0.000000000000000E+000 -1.960784313724767E-017
          60           2  0.000000000000000E+000 -5.392156862743335E-018
          61           1  0.000000000000000E+000 -1.960784313725527E-017
          61           2  0.000000000000000E+000 -5.392156862745475E-018
          62           1  0.000000000000000E+000 -1.960784313725587E-017
          62           2  0.000000000000000E+000 -5.392156862745389E-018
          63           1  0.000000000000000E+000 -1.960784313725238E-017
          63           2  0.000000000000000E+000 -5.392156862744043E-018
          64           1  0.000000000000000E+000 -1.960784313725383E-017
          64           2  0.000000000000000E+000 -5.392156862744784E-018
          65           1  0.000000000000000E+000 -1.960784313726109E-017
          65           2  0.000000000000000E+000 -5.392156862748176E-018
          66           1  0.000000000000000E+000 -1.960784313725921E-017
          66           2  0.000000000000000E+000 -5.392156862747518E-018
          67           1  0.000000000000000E+000 -1.960784313726045E-017
          67           2  0.000000000000000E+000 -5.392156862747317E-018
          68           1  0.000000000000000E+000 -1.960784313726051E-017
          68           2  0.000000000000000E+000 -5.392156862746680E-018
          69           1  0.000000000000000E+000 -1.960784313724757E-017
          69           2  0.000000000000000E+000 -5.392156862743060E-018
          70           1  0.000000000000000E+000 -1.960784313724882E-017
          70           2  0.000000000000000E+000 -5.392156862742808E-018
          71           1  0.000000000000000E+000 -1.960784313725580E-017
          71           2  0.000000000000000E+000 -5.392156862745499E-018
          72           1  0.000000000000000E+000 -1.960784313725697E-017
          72           2  0.000000000000000E+000 -5.392156862745588E-018
          73           1  0.000000000000000E+000 -1.960784313725516E-017
          73           2  0.000000000000000E+000 -5.392156862745328E-018
          74           1  0.000000000000000E+000 -1.960784313724932E-017
          74           2  0.000000000000000E+000 -5.392156862743207E-018
          75           1  0.000000000000000E+000 -1.960784313725720E-017
          75           2  0.000000000000000E+000 -5.392156862746452E-018
          76           1  0.000000000000000E+000 -1.960784313725683E-017
          76           2  0.000000000000000E+000 -5.392156862745763E-018
          77           1  0.000000000000000E+000 -1.960784313725990E-017
          77           2  0.000000000000000E+000 -5.392156862747266E-018
          78           1  0.000000000000000E+000 -1.960784313725790E-017
          78           2  0.000000000000000E+000 -5.392156862746190E-018
          79           1  0.000000000000000E+000 -1.960784313725254E-017
          79           2  0.000000000000000E+000 -5.392156862744158E-018
          80           1  0.000000000000000E+000 -1.960784313724816E-017
          80           2  0.000000000000000E+000 -5.392156862743050E-018
          81           1  0.000000000000000E+000 -1.960784313725779E-017
          81           2  0.000000000000000E+000 -5.392156862745982E-018
          82           1  0.000000000000000E+000 -1.960784313725024E-017
          82           2  0.000000000000000E+000 -5.392156862744087E-018
          83           1  0.000000000000000E+000 -1.960784313725457E-017
          83           2  0.000000000000000E+000 -5.392156862745000E-018
          84           1  0.000000000000000E+000 -1.960784313725728E-017
          84           2  0.000000000000000E+000 -5.392156862745827E-018
          85           1  0.000000000000000E+000 -1.960784313725816E-017
          85           2  0.000000000000000E+000 -5.392156862746093E-018
          86           1  0.000000000000000E+000 -1.960784313725793E-017
          86           2  0.000000000000000E+000 -5.392156862745984E-018
          87           1  0.000000000000000E+000 -1.960784313726183E-017
          87           2  0.000000000000000E+000 -5.392156862748296E-018
          88           1  0.000000000000000E+000 -1.960784313725827E-017
          88           2  0.000000000000000E+000 -5.392156862746492E-018
          89           1  0.000000000000000E+000 -1.960784313725512E-017
          89           2  0.000000000000000E+000 -5.392156862744788E-018
          90           1  0.000000000000000E+000 -1.960784313725587E-017
          90           2  0.000000000000000E+000 -5.392156862744982E-018
          91           1  0.000000000000000E+000 -1.960784313725713E-017
          91           2  0.000000000000000E+000 -5.392156862745742E-018
          92           1  0.000000000000000E+000 -1.960784313725639E-017
          92           2  0.000000000000000E+000 -5.392156862745697E-018
          93           1  0.000000000000000E+000 -1.960784313725643E-017
          93           2  0.000000000000000E+000 -5.392156862745687E-018
          94           1  0.000000000000000E+000 -1.960784313725540E-017
          94           2  0.000000000000000E+000 -5.392156862745465E-018
          95           1  0.000000000000000E+000 -1.960784313725515E-017
          95           2  0.000000000000000E+000 -5.392156862745177E-018
          96           1  0.000000000000000E+000 -1.960784313725537E-017
          96           2  0.000000000000000E+000 -5.392156862745267E-018
          97           1  0.000000000000000E+000 -1.960784313725583E-017
          97           2  0.000000000000000E+000 -5.392156862745336E-018
          98           1  0.000000000000000E+000 -1.960784313725912E-017
          98           2  0.000000000000000E+000 -5.392156862747046E-018
          99           1  0.000000000000000E+000 -1.960784313725926E-017
          99           2  0.000000000000000E+000 -5.392156862746979E-018
         100           1  0.000000000000000E+000 -1.960784313726314E-017
         100           2  0.000000000000000E+000 -5.392156862746835E-018
