           1           1  0.000000000000000E+000 -1.363636363636452E-017
           1           2  0.000000000000000E+000 -1.136363636363677E-017
           2           1  0.000000000000000E+000 -1.363636363636380E-017
           2           2  0.000000000000000E+000 -1.136363636363628E-017
           3           1  0.000000000000000E+000 -1.363636363636226E-017
           3           2  0.000000000000000E+000 -1.136363636363509E-017
           4           1  0.000000000000000E+000 -1.363636363636112E-017
           4           2  0.000000000000000E+000 -1.136363636363406E-017
           5           1  0.000000000000000E+000 -1.363636363636368E-017
           5           2  0.000000000000000E+000 -1.136363636363570E-017
           6           1  0.000000000000000E+000 -1.363636363636373E-017
           6           2  0.000000000000000E+000 -1.136363636363596E-017
           7           1  0.000000000000000E+000 -1.363636363636233E-017
           7           2  0.000000000000000E+000 -1.136363636363559E-017
           8           1  0.000000000000000E+000 -1.363636363636224E-017
           8           2  0.000000000000000E+000 -1.136363636363536E-017
           9           1  0.000000000000000E+000 -1.363636363636494E-017
           9           2  0.000000000000000E+000 -1.136363636363682E-017
          10           1  0.000000000000000E+000 -1.363636363636281E-017
          10           2  0.000000000000000E+000 -1.136363636363552E-017
          11           1  0.000000000000000E+000 -1.363636363636436E-017
          11           2  0.000000000000000E+000 -1.136363636363632E-017
          12           1  0.000000000000000E+000 -1.363636363636338E-017
          12           2  0.000000000000000E+000 -1.136363636363614E-017
          13           1  0.000000000000000E+000 -1.363636363636239E-017
          13           2  0.000000000000000E+000 -1.136363636363537E-017
          14           1  0.000000000000000E+000 -1.363636363636376E-017
          14           2  0.000000000000000E+000 -1.136363636363571E-017
          15           1  0.000000000000000E+000 -1.363636363636314E-017
          15           2  0.000000000000000E+000 -1.136363636363570E-017
          16           1  0.000000000000000E+000 -1.363636363636431E-017
          16           2  0.000000000000000E+000 -1.136363636363632E-017
          17           1  0.000000000000000E+000 -1.363636363636352E-017
          17           2  0.000000000000000E+000 -1.136363636363588E-017
          18           1  0.000000000000000E+000 -1.363636363636273E-017
          18           2  0.000000000000000E+000 -1.136363636363552E-017
          19           1  0.000000000000000E+000 -1.363636363636335E-017
          19           2  0.000000000000000E+000 -1.136363636363595E-017
          20           1  0.000000000000000E+000 -1.363636363636277E-017
          20           2  0.000000000000000E+000 -1.136363636363563E-017
          21           1  0.000000000000000E+000 -1.363636363636359E-017
          21           2  0.000000000000000E+000 -1.136363636363660E-017
          22           1  0.000000000000000E+000 -1.363636363636285E-017
          22           2  0.000000000000000E+000 -1.136363636363569E-017
          23           1  0.000000000000000E+000 -1.363636363636312E-017
          23           2  0.000000000000000E+000 -1.136363636363588E-017
          24           1  0.000000000000000E+000 -1.363636363636345E-017
          24           2  0.000000000000000E+000 -1.136363636363617E-017
          25           1  0.000000000000000E+000 -1.363636363636349E-017
          25           2  0.000000000000000E+000 -1.136363636363617E-017
          26           1  0.000000000000000E+000 -1.363636363636385E-017
          26           2  0.000000000000000E+000 -1.136363636363678E-017
          27           1  0.000000000000000E+000 -1.363636363636378E-017
          27           2  0.000000000000000E+000 -1.136363636363619E-017
          28           1  0.000000000000000E+000 -1.363636363636224E-017
          28           2  0.000000000000000E+000 -1.136363636363511E-017
          29           1  0.000000000000000E+000 -1.363636363636217E-017
          29           2  0.000000000000000E+000 -1.136363636363511E-017
          30           1  0.000000000000000E+000 -1.363636363636283E-017
          30           2  0.000000000000000E+000 -1.136363636363543E-017
          31           1  0.000000000000000E+000 -1.363636363636221E-017
          31           2  0.000000000000000E+000 -1.136363636363531E-017
          32           1  0.000000000000000E+000 -1.363636363636414E-017
          32           2  0.000000000000000E+000 -1.136363636363647E-017
          33           1  0.000000000000000E+000 -1.363636363636338E-017
          33           2  0.000000000000000E+000 -1.136363636363601E-017
          34           1  0.000000000000000E+000 -1.363636363636305E-017
          34           2  0.000000000000000E+000 -1.136363636363597E-017
          35           1  0.000000000000000E+000 -1.363636363636363E-017
          35           2  0.000000000000000E+000 -1.136363636363617E-017
          36           1  0.000000000000000E+000 -1.363636363636409E-017
          36           2  0.000000000000000E+000 -1.136363636363641E-017
          37           1  0.000000000000000E+000 -1.363636363636371E-017
          37           2  0.000000000000000E+000 -1.136363636363652E-017
          38           1  0.000000000000000E+000 -1.363636363636226E-017
          38           2  0.000000000000000E+000 -1.136363636363521E-017
          39           1  0.000000000000000E+000 -1.363636363636213E-017
          39           2  0.000000000000000E+000 -1.136363636363526E-017
          40           1  0.000000000000000E+000 -1.363636363636238E-017
          40           2  0.000000000000000E+000 -1.136363636363562E-017
          41           1  0.000000000000000E+000 -1.363636363636531E-017
          41           2  0.000000000000000E+000 -1.136363636363671E-017
          42           1  0.000000000000000E+000 -1.363636363636209E-017
          42           2  0.000000000000000E+000 -1.136363636363508E-017
          43           1  0.000000000000000E+000 -1.363636363636316E-017
          43           2  0.000000000000000E+000 -1.136363636363569E-017
          44           1  0.000000000000000E+000 -1.363636363636280E-017
          44           2  0.000000000000000E+000 -1.136363636363556E-017
          45           1  0.000000000000000E+000 -1.363636363636070E-017
          45           2  0.000000000000000E+000 -1.136363636363492E-017
          46           1  0.000000000000000E+000 -1.363636363636333E-017
          46           2  0.000000000000000E+000 -1.136363636363568E-017
          47           1  0.000000000000000E+000 -1.363636363636357E-017
          47           2  0.000000000000000E+000 -1.136363636363602E-017
          48           1  0.000000000000000E+000 -1.363636363636200E-017
          48           2  0.000000000000000E+000 -1.136363636363525E-017
          49           1  0.000000000000000E+000 -1.363636363636238E-017
          49           2  0.000000000000000E+000 -1.136363636363527E-017
          50           1  0.000000000000000E+000 -1.363636363636308E-017
          50           2  0.000000000000000E+000 -1.136363636363527E-017
          51           1  0.000000000000000E+000 -1.363636363636212E-017
          51           2  0.000000000000000E+000 -1.136363636363504E-017
          52           1  0.000000000000000E+000 -1.363636363636230E-017
          52           2  0.000000000000000E+000 -1.136363636363477E-017
          53           1  0.000000000000000E+000 -1.363636363636319E-017
          53           2  0.000000000000000E+000 -1.136363636363510E-017
          54           1  0.000000000000000E+000 -1.363636363636274E-017
          54           2  0.000000000000000E+000 -1.136363636363542E-017
          55           1  0.000000000000000E+000 -1.363636363636195E-017
          55           2  0.000000000000000E+000 -1.136363636363519E-017
          56           1  0.000000000000000E+000 -1.363636363636155E-017
          56           2  0.000000000000000E+000 -1.136363636363514E-017
          57           1  0.000000000000000E+000 -1.363636363636377E-017
          57           2  0.000000000000000E+000 -1.136363636363646E-017
          58           1  0.000000000000000E+000 -1.363636363636199E-017
          58           2  0.000000000000000E+000 -1.136363636363544E-017
          59           1  0.000000000000000E+000 -1.363636363636292E-017
          59           2  0.000000000000000E+000 -1.136363636363550E-017
          60           1  0.000000000000000E+000 -1.363636363636465E-017
          60           2  0.000000000000000E+000 -1.136363636363674E-017
          61           1  0.000000000000000E+000 -1.363636363636133E-017
          61           2  0.000000000000000E+000 -1.136363636363497E-017
          62           1  0.000000000000000E+000 -1.363636363636167E-017
          62           2  0.000000000000000E+000 -1.136363636363577E-017
          63           1  0.000000000000000E+000 -1.363636363636383E-017
          63           2  0.000000000000000E+000 -1.136363636363568E-017
          64           1  0.000000000000000E+000 -1.363636363636263E-017
          64           2  0.000000000000000E+000 -1.136363636363535E-017
          65           1  0.000000000000000E+000 -1.363636363636221E-017
          65           2  0.000000000000000E+000 -1.136363636363524E-017
          66           1  0.000000000000000E+000 -1.363636363636324E-017
          66           2  0.000000000000000E+000 -1.136363636363545E-017
          67           1  0.000000000000000E+000 -1.363636363636265E-017
          67           2  0.000000000000000E+000 -1.136363636363540E-017
          68           1  0.000000000000000E+000 -1.363636363636215E-017
          68           2  0.000000000000000E+000 -1.136363636363566E-017
          69           1  0.000000000000000E+000 -1.363636363636415E-017
          69           2  0.000000000000000E+000 -1.136363636363657E-017
          70           1  0.000000000000000E+000 -1.363636363636684E-017
          70           2  0.000000000000000E+000 -1.136363636363865E-017
          71           1  0.000000000000000E+000 -1.363636363636151E-017
          71           2  0.000000000000000E+000 -1.136363636363512E-017
          72           1  0.000000000000000E+000 -1.363636363636107E-017
          72           2  0.000000000000000E+000 -1.136363636363475E-017
          73           1  0.000000000000000E+000 -1.363636363636574E-017
          73           2  0.000000000000000E+000 -1.136363636363693E-017
          74           1  0.000000000000000E+000 -1.363636363636257E-017
          74           2  0.000000000000000E+000 -1.136363636363534E-017
          75           1  0.000000000000000E+000 -1.363636363636291E-017
          75           2  0.000000000000000E+000 -1.136363636363541E-017
          76           1  0.000000000000000E+000 -1.363636363636165E-017
          76           2  0.000000000000000E+000 -1.136363636363501E-017
          77           1  0.000000000000000E+000 -1.363636363636389E-017
          77           2  0.000000000000000E+000 -1.136363636363703E-017
          78           1  0.000000000000000E+000 -1.363636363636223E-017
          78           2  0.000000000000000E+000 -1.136363636363510E-017
          79           1  0.000000000000000E+000 -1.363636363636389E-017
          79           2  0.000000000000000E+000 -1.136363636363594E-017
          80           1  0.000000000000000E+000 -1.363636363636272E-017
          80           2  0.000000000000000E+000 -1.136363636363505E-017
          81           1  0.000000000000000E+000 -1.363636363636066E-017
          81           2  0.000000000000000E+000 -1.136363636363478E-017
          82           1  0.000000000000000E+000 -1.363636363636079E-017
          82           2  0.000000000000000E+000 -1.136363636363435E-017
          83           1  0.000000000000000E+000 -1.363636363636300E-017
          83           2  0.000000000000000E+000 -1.136363636363668E-017
          84           1  0.000000000000000E+000 -1.363636363636154E-017
          84           2  0.000000000000000E+000 -1.136363636363505E-017
          85           1  0.000000000000000E+000 -1.363636363636221E-017
          85           2  0.000000000000000E+000 -1.136363636363512E-017
          86           1  0.000000000000000E+000 -1.363636363636268E-017
          86           2  0.000000000000000E+000 -1.136363636363559E-017
          87           1  0.000000000000000E+000 -1.363636363636304E-017
          87           2  0.000000000000000E+000 -1.136363636363569E-017
          88           1  0.000000000000000E+000 -1.363636363636055E-017
          88           2  0.000000000000000E+000 -1.136363636363482E-017
          89           1  0.000000000000000E+000 -1.363636363636232E-017
          89           2  0.000000000000000E+000 -1.136363636363537E-017
          90           1  0.000000000000000E+000 -1.363636363636196E-017
          90           2  0.000000000000000E+000 -1.136363636363471E-017
          91           1  0.000000000000000E+000 -1.363636363636431E-017
          91           2  0.000000000000000E+000 -1.136363636363625E-017
          92           1  0.000000000000000E+000 -1.363636363636301E-017
          92           2  0.000000000000000E+000 -1.136363636363611E-017
          93           1  0.000000000000000E+000 -1.363636363636185E-017
          93           2  0.000000000000000E+000 -1.136363636363446E-017
          94           1  0.000000000000000E+000 -1.363636363636540E-017
          94           2  0.000000000000000E+000 -1.136363636363723E-017
          95           1  0.000000000000000E+000 -1.363636363636510E-017
          95           2  0.000000000000000E+000 -1.136363636363700E-017
          96           1  0.000000000000000E+000 -1.363636363636199E-017
          96           2  0.000000000000000E+000 -1.136363636363530E-017
          97           1  0.000000000000000E+000 -1.363636363636397E-017
          97           2  0.000000000000000E+000 -1.136363636363571E-017
          98           1  0.000000000000000E+000 -1.363636363636137E-017
          98           2  0.000000000000000E+000 -1.136363636363490E-017
          99           1  0.000000000000000E+000 -1.363636363636220E-017
          99           2  0.000000000000000E+000 -1.136363636363511E-017
         100           1  0.000000000000000E+000 -1.363636363636236E-017
         100           2  0.000000000000000E+000 -1.136363636363415E-017
