           1           1  0.000000000000000E+000 -1.569767441860423E-017
           1           2  0.000000000000000E+000 -9.302325581395023E-018
           2           1  0.000000000000000E+000 -1.569767441860411E-017
           2           2  0.000000000000000E+000 -9.302325581394621E-018
           3           1  0.000000000000000E+000 -1.569767441860474E-017
           3           2  0.000000000000000E+000 -9.302325581395330E-018
           4           1  0.000000000000000E+000 -1.569767441860500E-017
           4           2  0.000000000000000E+000 -9.302325581395401E-018
           5           1  0.000000000000000E+000 -1.569767441860481E-017
           5           2  0.000000000000000E+000 -9.302325581395470E-018
           6           1  0.000000000000000E+000 -1.569767441860313E-017
           6           2  0.000000000000000E+000 -9.302325581393795E-018
           7           1  0.000000000000000E+000 -1.569767441860318E-017
           7           2  0.000000000000000E+000 -9.302325581394381E-018
           8           1  0.000000000000000E+000 -1.569767441860302E-017
           8           2  0.000000000000000E+000 -9.302325581394652E-018
           9           1  0.000000000000000E+000 -1.569767441860367E-017
           9           2  0.000000000000000E+000 -9.302325581394794E-018
          10           1  0.000000000000000E+000 -1.569767441860322E-017
          10           2  0.000000000000000E+000 -9.302325581394481E-018
          11           1  0.000000000000000E+000 -1.569767441860438E-017
          11           2  0.000000000000000E+000 -9.302325581395612E-018
          12           1  0.000000000000000E+000 -1.569767441860505E-017
          12           2  0.000000000000000E+000 -9.302325581396108E-018
          13           1  0.000000000000000E+000 -1.569767441860435E-017
          13           2  0.000000000000000E+000 -9.302325581395441E-018
          14           1  0.000000000000000E+000 -1.569767441860301E-017
          14           2  0.000000000000000E+000 -9.302325581393732E-018
          15           1  0.000000000000000E+000 -1.569767441860316E-017
          15           2  0.000000000000000E+000 -9.302325581395091E-018
          16           1  0.000000000000000E+000 -1.569767441860348E-017
          16           2  0.000000000000000E+000 -9.302325581394839E-018
          17           1  0.000000000000000E+000 -1.569767441860457E-017
          17           2  0.000000000000000E+000 -9.302325581395661E-018
          18           1  0.000000000000000E+000 -1.569767441860473E-017
          18           2  0.000000000000000E+000 -9.302325581395365E-018
          19           1  0.000000000000000E+000 -1.569767441860511E-017
          19           2  0.000000000000000E+000 -9.302325581395657E-018
          20           1  0.000000000000000E+000 -1.569767441860584E-017
          20           2  0.000000000000000E+000 -9.302325581396429E-018
          21           1  0.000000000000000E+000 -1.569767441860638E-017
          21           2  0.000000000000000E+000 -9.302325581397217E-018
          22           1  0.000000000000000E+000 -1.569767441860493E-017
          22           2  0.000000000000000E+000 -9.302325581395395E-018
          23           1  0.000000000000000E+000 -1.569767441860338E-017
          23           2  0.000000000000000E+000 -9.302325581393936E-018
          24           1  0.000000000000000E+000 -1.569767441860368E-017
          24           2  0.000000000000000E+000 -9.302325581394292E-018
          25           1  0.000000000000000E+000 -1.569767441860528E-017
          25           2  0.000000000000000E+000 -9.302325581396204E-018
          26           1  0.000000000000000E+000 -1.569767441860442E-017
          26           2  0.000000000000000E+000 -9.302325581395259E-018
          27           1  0.000000000000000E+000 -1.569767441860405E-017
          27           2  0.000000000000000E+000 -9.302325581394991E-018
          28           1  0.000000000000000E+000 -1.569767441860668E-017
          28           2  0.000000000000000E+000 -9.302325581396866E-018
          29           1  0.000000000000000E+000 -1.569767441860717E-017
          29           2  0.000000000000000E+000 -9.302325581398401E-018
          30           1  0.000000000000000E+000 -1.569767441860522E-017
          30           2  0.000000000000000E+000 -9.302325581396119E-018
          31           1  0.000000000000000E+000 -1.569767441860501E-017
          31           2  0.000000000000000E+000 -9.302325581395566E-018
          32           1  0.000000000000000E+000 -1.569767441860556E-017
          32           2  0.000000000000000E+000 -9.302325581395973E-018
          33           1  0.000000000000000E+000 -1.569767441860394E-017
          33           2  0.000000000000000E+000 -9.302325581394532E-018
          34           1  0.000000000000000E+000 -1.569767441860423E-017
          34           2  0.000000000000000E+000 -9.302325581394190E-018
          35           1  0.000000000000000E+000 -1.569767441860528E-017
          35           2  0.000000000000000E+000 -9.302325581395621E-018
          36           1  0.000000000000000E+000 -1.569767441860603E-017
          36           2  0.000000000000000E+000 -9.302325581396601E-018
          37           1  0.000000000000000E+000 -1.569767441860481E-017
          37           2  0.000000000000000E+000 -9.302325581395463E-018
          38           1  0.000000000000000E+000 -1.569767441860336E-017
          38           2  0.000000000000000E+000 -9.302325581394336E-018
          39           1  0.000000000000000E+000 -1.569767441860606E-017
          39           2  0.000000000000000E+000 -9.302325581396892E-018
          40           1  0.000000000000000E+000 -1.569767441860697E-017
          40           2  0.000000000000000E+000 -9.302325581398177E-018
          41           1  0.000000000000000E+000 -1.569767441860364E-017
          41           2  0.000000000000000E+000 -9.302325581393597E-018
          42           1  0.000000000000000E+000 -1.569767441860357E-017
          42           2  0.000000000000000E+000 -9.302325581393486E-018
          43           1  0.000000000000000E+000 -1.569767441860341E-017
          43           2  0.000000000000000E+000 -9.302325581393970E-018
          44           1  0.000000000000000E+000 -1.569767441860519E-017
          44           2  0.000000000000000E+000 -9.302325581395748E-018
          45           1  0.000000000000000E+000 -1.569767441860586E-017
          45           2  0.000000000000000E+000 -9.302325581397264E-018
          46           1  0.000000000000000E+000 -1.569767441860520E-017
          46           2  0.000000000000000E+000 -9.302325581396082E-018
          47           1  0.000000000000000E+000 -1.569767441860426E-017
          47           2  0.000000000000000E+000 -9.302325581394929E-018
          48           1  0.000000000000000E+000 -1.569767441860571E-017
          48           2  0.000000000000000E+000 -9.302325581396239E-018
          49           1  0.000000000000000E+000 -1.569767441860363E-017
          49           2  0.000000000000000E+000 -9.302325581393689E-018
          50           1  0.000000000000000E+000 -1.569767441860212E-017
          50           2  0.000000000000000E+000 -9.302325581393262E-018
          51           1  0.000000000000000E+000 -1.569767441860299E-017
          51           2  0.000000000000000E+000 -9.302325581393835E-018
          52           1  0.000000000000000E+000 -1.569767441860293E-017
          52           2  0.000000000000000E+000 -9.302325581393663E-018
          53           1  0.000000000000000E+000 -1.569767441860442E-017
          53           2  0.000000000000000E+000 -9.302325581395600E-018
          54           1  0.000000000000000E+000 -1.569767441860402E-017
          54           2  0.000000000000000E+000 -9.302325581395362E-018
          55           1  0.000000000000000E+000 -1.569767441860376E-017
          55           2  0.000000000000000E+000 -9.302325581394641E-018
          56           1  0.000000000000000E+000 -1.569767441860453E-017
          56           2  0.000000000000000E+000 -9.302325581394301E-018
          57           1  0.000000000000000E+000 -1.569767441860390E-017
          57           2  0.000000000000000E+000 -9.302325581394802E-018
          58           1  0.000000000000000E+000 -1.569767441860362E-017
          58           2  0.000000000000000E+000 -9.302325581394290E-018
          59           1  0.000000000000000E+000 -1.569767441860349E-017
          59           2  0.000000000000000E+000 -9.302325581393617E-018
          60           1  0.000000000000000E+000 -1.569767441860365E-017
          60           2  0.000000000000000E+000 -9.302325581394147E-018
          61           1  0.000000000000000E+000 -1.569767441860431E-017
          61           2  0.000000000000000E+000 -9.302325581394919E-018
          62           1  0.000000000000000E+000 -1.569767441860374E-017
          62           2  0.000000000000000E+000 -9.302325581395472E-018
          63           1  0.000000000000000E+000 -1.569767441860408E-017
          63           2  0.000000000000000E+000 -9.302325581394917E-018
          64           1  0.000000000000000E+000 -1.569767441860499E-017
          64           2  0.000000000000000E+000 -9.302325581395698E-018
