           1           1  0.000000000000000E+000 -1.217616580311016E-015
           1           2  0.000000000000000E+000 -1.282383419689448E-015
           2           1  0.000000000000000E+000 -1.217616580310766E-015
           2           2  0.000000000000000E+000 -1.282383419689007E-015
           3           1  0.000000000000000E+000 -1.217616580310913E-015
           3           2  0.000000000000000E+000 -1.282383419689189E-015
           4           1  0.000000000000000E+000 -1.217616580310664E-015
           4           2  0.000000000000000E+000 -1.282383419688879E-015
           5           1  0.000000000000000E+000 -1.217616580310821E-015
           5           2  0.000000000000000E+000 -1.282383419689083E-015
           6           1  0.000000000000000E+000 -1.217616580310830E-015
           6           2  0.000000000000000E+000 -1.282383419689067E-015
           7           1  0.000000000000000E+000 -1.217616580310737E-015
           7           2  0.000000000000000E+000 -1.282383419688973E-015
           8           1  0.000000000000000E+000 -1.217616580310699E-015
           8           2  0.000000000000000E+000 -1.282383419688996E-015
           9           1  0.000000000000000E+000 -1.217616580310760E-015
           9           2  0.000000000000000E+000 -1.282383419689005E-015
          10           1  0.000000000000000E+000 -1.217616580310603E-015
          10           2  0.000000000000000E+000 -1.282383419688709E-015
          11           1  0.000000000000000E+000 -1.217616580310728E-015
          11           2  0.000000000000000E+000 -1.282383419688783E-015
          12           1  0.000000000000000E+000 -1.217616580310864E-015
          12           2  0.000000000000000E+000 -1.282383419689188E-015
          13           1  0.000000000000000E+000 -1.217616580310742E-015
          13           2  0.000000000000000E+000 -1.282383419688992E-015
          14           1  0.000000000000000E+000 -1.217616580310459E-015
          14           2  0.000000000000000E+000 -1.282383419688478E-015
          15           1  0.000000000000000E+000 -1.217616580310822E-015
          15           2  0.000000000000000E+000 -1.282383419689099E-015
          16           1  0.000000000000000E+000 -1.217616580310671E-015
          16           2  0.000000000000000E+000 -1.282383419688929E-015
          17           1  0.000000000000000E+000 -1.217616580310866E-015
          17           2  0.000000000000000E+000 -1.282383419689161E-015
          18           1  0.000000000000000E+000 -1.217616580310822E-015
          18           2  0.000000000000000E+000 -1.282383419689063E-015
          19           1  0.000000000000000E+000 -1.217616580310782E-015
          19           2  0.000000000000000E+000 -1.282383419689138E-015
          20           1  0.000000000000000E+000 -1.217616580310844E-015
          20           2  0.000000000000000E+000 -1.282383419689174E-015
          21           1  0.000000000000000E+000 -1.217616580310834E-015
          21           2  0.000000000000000E+000 -1.282383419689077E-015
          22           1  0.000000000000000E+000 -1.217616580310746E-015
          22           2  0.000000000000000E+000 -1.282383419688835E-015
          23           1  0.000000000000000E+000 -1.217616580310717E-015
          23           2  0.000000000000000E+000 -1.282383419688785E-015
          24           1  0.000000000000000E+000 -1.217616580310724E-015
          24           2  0.000000000000000E+000 -1.282383419688840E-015
          25           1  0.000000000000000E+000 -1.217616580310768E-015
          25           2  0.000000000000000E+000 -1.282383419688954E-015
          26           1  0.000000000000000E+000 -1.217616580310854E-015
          26           2  0.000000000000000E+000 -1.282383419689051E-015
          27           1  0.000000000000000E+000 -1.217616580310771E-015
          27           2  0.000000000000000E+000 -1.282383419689067E-015
          28           1  0.000000000000000E+000 -1.217616580310780E-015
          28           2  0.000000000000000E+000 -1.282383419689094E-015
          29           1  0.000000000000000E+000 -1.217616580310710E-015
          29           2  0.000000000000000E+000 -1.282383419688865E-015
          30           1  0.000000000000000E+000 -1.217616580310809E-015
          30           2  0.000000000000000E+000 -1.282383419689029E-015
          31           1  0.000000000000000E+000 -1.217616580310710E-015
          31           2  0.000000000000000E+000 -1.282383419688908E-015
          32           1  0.000000000000000E+000 -1.217616580310875E-015
          32           2  0.000000000000000E+000 -1.282383419689173E-015
          33           1  0.000000000000000E+000 -1.217616580310454E-015
          33           2  0.000000000000000E+000 -1.282383419688637E-015
          34           1  0.000000000000000E+000 -1.217616580310709E-015
          34           2  0.000000000000000E+000 -1.282383419688890E-015
          35           1  0.000000000000000E+000 -1.217616580310762E-015
          35           2  0.000000000000000E+000 -1.282383419688995E-015
          36           1  0.000000000000000E+000 -1.217616580310885E-015
          36           2  0.000000000000000E+000 -1.282383419689163E-015
          37           1  0.000000000000000E+000 -1.217616580310728E-015
          37           2  0.000000000000000E+000 -1.282383419688858E-015
          38           1  0.000000000000000E+000 -1.217616580310952E-015
          38           2  0.000000000000000E+000 -1.282383419689390E-015
          39           1  0.000000000000000E+000 -1.217616580310826E-015
          39           2  0.000000000000000E+000 -1.282383419689023E-015
          40           1  0.000000000000000E+000 -1.217616580310634E-015
          40           2  0.000000000000000E+000 -1.282383419688992E-015
          41           1  0.000000000000000E+000 -1.217616580310863E-015
          41           2  0.000000000000000E+000 -1.282383419689256E-015
          42           1  0.000000000000000E+000 -1.217616580310700E-015
          42           2  0.000000000000000E+000 -1.282383419688789E-015
          43           1  0.000000000000000E+000 -1.217616580310718E-015
          43           2  0.000000000000000E+000 -1.282383419688828E-015
          44           1  0.000000000000000E+000 -1.217616580311173E-015
          44           2  0.000000000000000E+000 -1.282383419689529E-015
          45           1  0.000000000000000E+000 -1.217616580310769E-015
          45           2  0.000000000000000E+000 -1.282383419689033E-015
          46           1  0.000000000000000E+000 -1.217616580310663E-015
          46           2  0.000000000000000E+000 -1.282383419688747E-015
          47           1  0.000000000000000E+000 -1.217616580310748E-015
          47           2  0.000000000000000E+000 -1.282383419689078E-015
          48           1  0.000000000000000E+000 -1.217616580310855E-015
          48           2  0.000000000000000E+000 -1.282383419689210E-015
          49           1  0.000000000000000E+000 -1.217616580310942E-015
          49           2  0.000000000000000E+000 -1.282383419689169E-015
          50           1  0.000000000000000E+000 -1.217616580310768E-015
          50           2  0.000000000000000E+000 -1.282383419688936E-015
          51           1  0.000000000000000E+000 -1.217616580310780E-015
          51           2  0.000000000000000E+000 -1.282383419689100E-015
          52           1  0.000000000000000E+000 -1.217616580310857E-015
          52           2  0.000000000000000E+000 -1.282383419689114E-015
          53           1  0.000000000000000E+000 -1.217616580310966E-015
          53           2  0.000000000000000E+000 -1.282383419689338E-015
          54           1  0.000000000000000E+000 -1.217616580310787E-015
          54           2  0.000000000000000E+000 -1.282383419688967E-015
          55           1  0.000000000000000E+000 -1.217616580310814E-015
          55           2  0.000000000000000E+000 -1.282383419689030E-015
          56           1  0.000000000000000E+000 -1.217616580310760E-015
          56           2  0.000000000000000E+000 -1.282383419689033E-015
          57           1  0.000000000000000E+000 -1.217616580310811E-015
          57           2  0.000000000000000E+000 -1.282383419688967E-015
          58           1  0.000000000000000E+000 -1.217616580310765E-015
          58           2  0.000000000000000E+000 -1.282383419688921E-015
          59           1  0.000000000000000E+000 -1.217616580310987E-015
          59           2  0.000000000000000E+000 -1.282383419689242E-015
          60           1  0.000000000000000E+000 -1.217616580310892E-015
          60           2  0.000000000000000E+000 -1.282383419689120E-015
          61           1  0.000000000000000E+000 -1.217616580310821E-015
          61           2  0.000000000000000E+000 -1.282383419689113E-015
          62           1  0.000000000000000E+000 -1.217616580310951E-015
          62           2  0.000000000000000E+000 -1.282383419689206E-015
          63           1  0.000000000000000E+000 -1.217616580310832E-015
          63           2  0.000000000000000E+000 -1.282383419689054E-015
          64           1  0.000000000000000E+000 -1.217616580310641E-015
          64           2  0.000000000000000E+000 -1.282383419688746E-015
          65           1  0.000000000000000E+000 -1.217616580310698E-015
          65           2  0.000000000000000E+000 -1.282383419688931E-015
          66           1  0.000000000000000E+000 -1.217616580310759E-015
          66           2  0.000000000000000E+000 -1.282383419689025E-015
          67           1  0.000000000000000E+000 -1.217616580310797E-015
          67           2  0.000000000000000E+000 -1.282383419689097E-015
          68           1  0.000000000000000E+000 -1.217616580310982E-015
          68           2  0.000000000000000E+000 -1.282383419689360E-015
          69           1  0.000000000000000E+000 -1.217616580310695E-015
          69           2  0.000000000000000E+000 -1.282383419688703E-015
          70           1  0.000000000000000E+000 -1.217616580310525E-015
          70           2  0.000000000000000E+000 -1.282383419688711E-015
          71           1  0.000000000000000E+000 -1.217616580310746E-015
          71           2  0.000000000000000E+000 -1.282383419689052E-015
          72           1  0.000000000000000E+000 -1.217616580310705E-015
          72           2  0.000000000000000E+000 -1.282383419688936E-015
          73           1  0.000000000000000E+000 -1.217616580310741E-015
          73           2  0.000000000000000E+000 -1.282383419689098E-015
          74           1  0.000000000000000E+000 -1.217616580310784E-015
          74           2  0.000000000000000E+000 -1.282383419689135E-015
          75           1  0.000000000000000E+000 -1.217616580310791E-015
          75           2  0.000000000000000E+000 -1.282383419689069E-015
          76           1  0.000000000000000E+000 -1.217616580310755E-015
          76           2  0.000000000000000E+000 -1.282383419688914E-015
          77           1  0.000000000000000E+000 -1.217616580310917E-015
          77           2  0.000000000000000E+000 -1.282383419689210E-015
          78           1  0.000000000000000E+000 -1.217616580310796E-015
          78           2  0.000000000000000E+000 -1.282383419689049E-015
          79           1  0.000000000000000E+000 -1.217616580310897E-015
          79           2  0.000000000000000E+000 -1.282383419689175E-015
          80           1  0.000000000000000E+000 -1.217616580310591E-015
          80           2  0.000000000000000E+000 -1.282383419688787E-015
          81           1  0.000000000000000E+000 -1.217616580311043E-015
          81           2  0.000000000000000E+000 -1.282383419689550E-015
          82           1  0.000000000000000E+000 -1.217616580310835E-015
          82           2  0.000000000000000E+000 -1.282383419689103E-015
          83           1  0.000000000000000E+000 -1.217616580311050E-015
          83           2  0.000000000000000E+000 -1.282383419689338E-015
          84           1  0.000000000000000E+000 -1.217616580310847E-015
          84           2  0.000000000000000E+000 -1.282383419689132E-015
          85           1  0.000000000000000E+000 -1.217616580310847E-015
          85           2  0.000000000000000E+000 -1.282383419689151E-015
          86           1  0.000000000000000E+000 -1.217616580310634E-015
          86           2  0.000000000000000E+000 -1.282383419688757E-015
          87           1  0.000000000000000E+000 -1.217616580310744E-015
          87           2  0.000000000000000E+000 -1.282383419688954E-015
          88           1  0.000000000000000E+000 -1.217616580310900E-015
          88           2  0.000000000000000E+000 -1.282383419689391E-015
          89           1  0.000000000000000E+000 -1.217616580310616E-015
          89           2  0.000000000000000E+000 -1.282383419688870E-015
          90           1  0.000000000000000E+000 -1.217616580310581E-015
          90           2  0.000000000000000E+000 -1.282383419688829E-015
          91           1  0.000000000000000E+000 -1.217616580310651E-015
          91           2  0.000000000000000E+000 -1.282383419688690E-015
          92           1  0.000000000000000E+000 -1.217616580310670E-015
          92           2  0.000000000000000E+000 -1.282383419688926E-015
          93           1  0.000000000000000E+000 -1.217616580310723E-015
          93           2  0.000000000000000E+000 -1.282383419688997E-015
          94           1  0.000000000000000E+000 -1.217616580310729E-015
          94           2  0.000000000000000E+000 -1.282383419688830E-015
          95           1  0.000000000000000E+000 -1.217616580310686E-015
          95           2  0.000000000000000E+000 -1.282383419688918E-015
          96           1  0.000000000000000E+000 -1.217616580310717E-015
          96           2  0.000000000000000E+000 -1.282383419688943E-015
          97           1  0.000000000000000E+000 -1.217616580310752E-015
          97           2  0.000000000000000E+000 -1.282383419688908E-015
          98           1  0.000000000000000E+000 -1.217616580310741E-015
          98           2  0.000000000000000E+000 -1.282383419689166E-015
          99           1  0.000000000000000E+000 -1.217616580310567E-015
          99           2  0.000000000000000E+000 -1.282383419688698E-015
         100           1  0.000000000000000E+000 -1.217616580310692E-015
         100           2  0.000000000000000E+000 -1.282383419688813E-015
         101           1  0.000000000000000E+000 -1.217616580310627E-015
         101           2  0.000000000000000E+000 -1.282383419688843E-015
         102           1  0.000000000000000E+000 -1.217616580310757E-015
         102           2  0.000000000000000E+000 -1.282383419689028E-015
         103           1  0.000000000000000E+000 -1.217616580310725E-015
         103           2  0.000000000000000E+000 -1.282383419688814E-015
         104           1  0.000000000000000E+000 -1.217616580310754E-015
         104           2  0.000000000000000E+000 -1.282383419689016E-015
         105           1  0.000000000000000E+000 -1.217616580310806E-015
         105           2  0.000000000000000E+000 -1.282383419689208E-015
         106           1  0.000000000000000E+000 -1.217616580310673E-015
         106           2  0.000000000000000E+000 -1.282383419688991E-015
         107           1  0.000000000000000E+000 -1.217616580311196E-015
         107           2  0.000000000000000E+000 -1.282383419689663E-015
         108           1  0.000000000000000E+000 -1.217616580310584E-015
         108           2  0.000000000000000E+000 -1.282383419688785E-015
         109           1  0.000000000000000E+000 -1.217616580310710E-015
         109           2  0.000000000000000E+000 -1.282383419688984E-015
         110           1  0.000000000000000E+000 -1.217616580310511E-015
         110           2  0.000000000000000E+000 -1.282383419688749E-015
         111           1  0.000000000000000E+000 -1.217616580310697E-015
         111           2  0.000000000000000E+000 -1.282383419688884E-015
         112           1  0.000000000000000E+000 -1.217616580310858E-015
         112           2  0.000000000000000E+000 -1.282383419689166E-015
         113           1  0.000000000000000E+000 -1.217616580310870E-015
         113           2  0.000000000000000E+000 -1.282383419689090E-015
         114           1  0.000000000000000E+000 -1.217616580310680E-015
         114           2  0.000000000000000E+000 -1.282383419688928E-015
         115           1  0.000000000000000E+000 -1.217616580310690E-015
         115           2  0.000000000000000E+000 -1.282383419688916E-015
         116           1  0.000000000000000E+000 -1.217616580310850E-015
         116           2  0.000000000000000E+000 -1.282383419689238E-015
         117           1  0.000000000000000E+000 -1.217616580310822E-015
         117           2  0.000000000000000E+000 -1.282383419689115E-015
         118           1  0.000000000000000E+000 -1.217616580310795E-015
         118           2  0.000000000000000E+000 -1.282383419689167E-015
         119           1  0.000000000000000E+000 -1.217616580310893E-015
         119           2  0.000000000000000E+000 -1.282383419689200E-015
         120           1  0.000000000000000E+000 -1.217616580310787E-015
         120           2  0.000000000000000E+000 -1.282383419689107E-015
         121           1  0.000000000000000E+000 -1.217616580310790E-015
         121           2  0.000000000000000E+000 -1.282383419689036E-015
         122           1  0.000000000000000E+000 -1.217616580310936E-015
         122           2  0.000000000000000E+000 -1.282383419689256E-015
         123           1  0.000000000000000E+000 -1.217616580310692E-015
         123           2  0.000000000000000E+000 -1.282383419688850E-015
         124           1  0.000000000000000E+000 -1.217616580310717E-015
         124           2  0.000000000000000E+000 -1.282383419688954E-015
         125           1  0.000000000000000E+000 -1.217616580310784E-015
         125           2  0.000000000000000E+000 -1.282383419689053E-015
         126           1  0.000000000000000E+000 -1.217616580310708E-015
         126           2  0.000000000000000E+000 -1.282383419688810E-015
         127           1  0.000000000000000E+000 -1.217616580310748E-015
         127           2  0.000000000000000E+000 -1.282383419689081E-015
         128           1  0.000000000000000E+000 -1.217616580310648E-015
         128           2  0.000000000000000E+000 -1.282383419688907E-015
         129           1  0.000000000000000E+000 -1.217616580310619E-015
         129           2  0.000000000000000E+000 -1.282383419688839E-015
         130           1  0.000000000000000E+000 -1.217616580310537E-015
         130           2  0.000000000000000E+000 -1.282383419688720E-015
         131           1  0.000000000000000E+000 -1.217616580310713E-015
         131           2  0.000000000000000E+000 -1.282383419688888E-015
         132           1  0.000000000000000E+000 -1.217616580310701E-015
         132           2  0.000000000000000E+000 -1.282383419689064E-015
         133           1  0.000000000000000E+000 -1.217616580310651E-015
         133           2  0.000000000000000E+000 -1.282383419688950E-015
         134           1  0.000000000000000E+000 -1.217616580310572E-015
         134           2  0.000000000000000E+000 -1.282383419688733E-015
         135           1  0.000000000000000E+000 -1.217616580310706E-015
         135           2  0.000000000000000E+000 -1.282383419688946E-015
         136           1  0.000000000000000E+000 -1.217616580310652E-015
         136           2  0.000000000000000E+000 -1.282383419688884E-015
         137           1  0.000000000000000E+000 -1.217616580310656E-015
         137           2  0.000000000000000E+000 -1.282383419688830E-015
         138           1  0.000000000000000E+000 -1.217616580310688E-015
         138           2  0.000000000000000E+000 -1.282383419689016E-015
         139           1  0.000000000000000E+000 -1.217616580310757E-015
         139           2  0.000000000000000E+000 -1.282383419688947E-015
         140           1  0.000000000000000E+000 -1.217616580310807E-015
         140           2  0.000000000000000E+000 -1.282383419689058E-015
         141           1  0.000000000000000E+000 -1.217616580310651E-015
         141           2  0.000000000000000E+000 -1.282383419688735E-015
         142           1  0.000000000000000E+000 -1.217616580310762E-015
         142           2  0.000000000000000E+000 -1.282383419689053E-015
         143           1  0.000000000000000E+000 -1.217616580310740E-015
         143           2  0.000000000000000E+000 -1.282383419689048E-015
         144           1  0.000000000000000E+000 -1.217616580310682E-015
         144           2  0.000000000000000E+000 -1.282383419688897E-015
         145           1  0.000000000000000E+000 -1.217616580310711E-015
         145           2  0.000000000000000E+000 -1.282383419689006E-015
         146           1  0.000000000000000E+000 -1.217616580310723E-015
         146           2  0.000000000000000E+000 -1.282383419689031E-015
         147           1  0.000000000000000E+000 -1.217616580310684E-015
         147           2  0.000000000000000E+000 -1.282383419689020E-015
         148           1  0.000000000000000E+000 -1.217616580310635E-015
         148           2  0.000000000000000E+000 -1.282383419688855E-015
         149           1  0.000000000000000E+000 -1.217616580310677E-015
         149           2  0.000000000000000E+000 -1.282383419689004E-015
         150           1  0.000000000000000E+000 -1.217616580310672E-015
         150           2  0.000000000000000E+000 -1.282383419688924E-015
         151           1  0.000000000000000E+000 -1.217616580310688E-015
         151           2  0.000000000000000E+000 -1.282383419688908E-015
         152           1  0.000000000000000E+000 -1.217616580310643E-015
         152           2  0.000000000000000E+000 -1.282383419688936E-015
         153           1  0.000000000000000E+000 -1.217616580310673E-015
         153           2  0.000000000000000E+000 -1.282383419688954E-015
         154           1  0.000000000000000E+000 -1.217616580310699E-015
         154           2  0.000000000000000E+000 -1.282383419688936E-015
         155           1  0.000000000000000E+000 -1.217616580310552E-015
         155           2  0.000000000000000E+000 -1.282383419688801E-015
         156           1  0.000000000000000E+000 -1.217616580310689E-015
         156           2  0.000000000000000E+000 -1.282383419688837E-015
         157           1  0.000000000000000E+000 -1.217616580310712E-015
         157           2  0.000000000000000E+000 -1.282383419688897E-015
         158           1  0.000000000000000E+000 -1.217616580310763E-015
         158           2  0.000000000000000E+000 -1.282383419689006E-015
         159           1  0.000000000000000E+000 -1.217616580310758E-015
         159           2  0.000000000000000E+000 -1.282383419688995E-015
         160           1  0.000000000000000E+000 -1.217616580310722E-015
         160           2  0.000000000000000E+000 -1.282383419688985E-015
         161           1  0.000000000000000E+000 -1.217616580310761E-015
         161           2  0.000000000000000E+000 -1.282383419688923E-015
         162           1  0.000000000000000E+000 -1.217616580310812E-015
         162           2  0.000000000000000E+000 -1.282383419689145E-015
         163           1  0.000000000000000E+000 -1.217616580310899E-015
         163           2  0.000000000000000E+000 -1.282383419689113E-015
         164           1  0.000000000000000E+000 -1.217616580310736E-015
         164           2  0.000000000000000E+000 -1.282383419688798E-015
         165           1  0.000000000000000E+000 -1.217616580310928E-015
         165           2  0.000000000000000E+000 -1.282383419689238E-015
         166           1  0.000000000000000E+000 -1.217616580310530E-015
         166           2  0.000000000000000E+000 -1.282383419688738E-015
         167           1  0.000000000000000E+000 -1.217616580310666E-015
         167           2  0.000000000000000E+000 -1.282383419688921E-015
         168           1  0.000000000000000E+000 -1.217616580310723E-015
         168           2  0.000000000000000E+000 -1.282383419688991E-015
         169           1  0.000000000000000E+000 -1.217616580310534E-015
         169           2  0.000000000000000E+000 -1.282383419688774E-015
         170           1  0.000000000000000E+000 -1.217616580310620E-015
         170           2  0.000000000000000E+000 -1.282383419688746E-015
         171           1  0.000000000000000E+000 -1.217616580310667E-015
         171           2  0.000000000000000E+000 -1.282383419688945E-015
         172           1  0.000000000000000E+000 -1.217616580310722E-015
         172           2  0.000000000000000E+000 -1.282383419689081E-015
         173           1  0.000000000000000E+000 -1.217616580310649E-015
         173           2  0.000000000000000E+000 -1.282383419688879E-015
         174           1  0.000000000000000E+000 -1.217616580310698E-015
         174           2  0.000000000000000E+000 -1.282383419688977E-015
         175           1  0.000000000000000E+000 -1.217616580310665E-015
         175           2  0.000000000000000E+000 -1.282383419688705E-015
         176           1  0.000000000000000E+000 -1.217616580310815E-015
         176           2  0.000000000000000E+000 -1.282383419689081E-015
         177           1  0.000000000000000E+000 -1.217616580310842E-015
         177           2  0.000000000000000E+000 -1.282383419689109E-015
         178           1  0.000000000000000E+000 -1.217616580310636E-015
         178           2  0.000000000000000E+000 -1.282383419688929E-015
         179           1  0.000000000000000E+000 -1.217616580310933E-015
         179           2  0.000000000000000E+000 -1.282383419689242E-015
         180           1  0.000000000000000E+000 -1.217616580310717E-015
         180           2  0.000000000000000E+000 -1.282383419688918E-015
         181           1  0.000000000000000E+000 -1.217616580310828E-015
         181           2  0.000000000000000E+000 -1.282383419689125E-015
         182           1  0.000000000000000E+000 -1.217616580310770E-015
         182           2  0.000000000000000E+000 -1.282383419689187E-015
         183           1  0.000000000000000E+000 -1.217616580310809E-015
         183           2  0.000000000000000E+000 -1.282383419689081E-015
         184           1  0.000000000000000E+000 -1.217616580310367E-015
         184           2  0.000000000000000E+000 -1.282383419688690E-015
         185           1  0.000000000000000E+000 -1.217616580310500E-015
         185           2  0.000000000000000E+000 -1.282383419688727E-015
         186           1  0.000000000000000E+000 -1.217616580310668E-015
         186           2  0.000000000000000E+000 -1.282383419688909E-015
         187           1  0.000000000000000E+000 -1.217616580310750E-015
         187           2  0.000000000000000E+000 -1.282383419689050E-015
         188           1  0.000000000000000E+000 -1.217616580310487E-015
         188           2  0.000000000000000E+000 -1.282383419688713E-015
         189           1  0.000000000000000E+000 -1.217616580310883E-015
         189           2  0.000000000000000E+000 -1.282383419689238E-015
         190           1  0.000000000000000E+000 -1.217616580310551E-015
         190           2  0.000000000000000E+000 -1.282383419688786E-015
         191           1  0.000000000000000E+000 -1.217616580310574E-015
         191           2  0.000000000000000E+000 -1.282383419688843E-015
         192           1  0.000000000000000E+000 -1.217616580310555E-015
         192           2  0.000000000000000E+000 -1.282383419688799E-015
         193           1  0.000000000000000E+000 -1.217616580310663E-015
         193           2  0.000000000000000E+000 -1.282383419688908E-015
         194           1  0.000000000000000E+000 -1.217616580310785E-015
         194           2  0.000000000000000E+000 -1.282383419689283E-015
         195           1  0.000000000000000E+000 -1.217616580310864E-015
         195           2  0.000000000000000E+000 -1.282383419689241E-015
         196           1  0.000000000000000E+000 -1.217616580310795E-015
         196           2  0.000000000000000E+000 -1.282383419689141E-015
         197           1  0.000000000000000E+000 -1.217616580310796E-015
         197           2  0.000000000000000E+000 -1.282383419689103E-015
         198           1  0.000000000000000E+000 -1.217616580310728E-015
         198           2  0.000000000000000E+000 -1.282383419688924E-015
         199           1  0.000000000000000E+000 -1.217616580310705E-015
         199           2  0.000000000000000E+000 -1.282383419688783E-015
         200           1  0.000000000000000E+000 -1.217616580310818E-015
         200           2  0.000000000000000E+000 -1.282383419689048E-015
         201           1  0.000000000000000E+000 -1.217616580310556E-015
         201           2  0.000000000000000E+000 -1.282383419688642E-015
         202           1  0.000000000000000E+000 -1.217616580310737E-015
         202           2  0.000000000000000E+000 -1.282383419689129E-015
         203           1  0.000000000000000E+000 -1.217616580310859E-015
         203           2  0.000000000000000E+000 -1.282383419689114E-015
         204           1  0.000000000000000E+000 -1.217616580310898E-015
         204           2  0.000000000000000E+000 -1.282383419689204E-015
         205           1  0.000000000000000E+000 -1.217616580310612E-015
         205           2  0.000000000000000E+000 -1.282383419688757E-015
         206           1  0.000000000000000E+000 -1.217616580310768E-015
         206           2  0.000000000000000E+000 -1.282383419689074E-015
         207           1  0.000000000000000E+000 -1.217616580310824E-015
         207           2  0.000000000000000E+000 -1.282383419689156E-015
         208           1  0.000000000000000E+000 -1.217616580310685E-015
         208           2  0.000000000000000E+000 -1.282383419688946E-015
         209           1  0.000000000000000E+000 -1.217616580310757E-015
         209           2  0.000000000000000E+000 -1.282383419689134E-015
         210           1  0.000000000000000E+000 -1.217616580310568E-015
         210           2  0.000000000000000E+000 -1.282383419688708E-015
         211           1  0.000000000000000E+000 -1.217616580310614E-015
         211           2  0.000000000000000E+000 -1.282383419688712E-015
         212           1  0.000000000000000E+000 -1.217616580310447E-015
         212           2  0.000000000000000E+000 -1.282383419688582E-015
         213           1  0.000000000000000E+000 -1.217616580310832E-015
         213           2  0.000000000000000E+000 -1.282383419689143E-015
         214           1  0.000000000000000E+000 -1.217616580311044E-015
         214           2  0.000000000000000E+000 -1.282383419689368E-015
         215           1  0.000000000000000E+000 -1.217616580310950E-015
         215           2  0.000000000000000E+000 -1.282383419689314E-015
         216           1  0.000000000000000E+000 -1.217616580310592E-015
         216           2  0.000000000000000E+000 -1.282383419688856E-015
         217           1  0.000000000000000E+000 -1.217616580310773E-015
         217           2  0.000000000000000E+000 -1.282383419689058E-015
         218           1  0.000000000000000E+000 -1.217616580310639E-015
         218           2  0.000000000000000E+000 -1.282383419688824E-015
         219           1  0.000000000000000E+000 -1.217616580310653E-015
         219           2  0.000000000000000E+000 -1.282383419688853E-015
         220           1  0.000000000000000E+000 -1.217616580310859E-015
         220           2  0.000000000000000E+000 -1.282383419689236E-015
         221           1  0.000000000000000E+000 -1.217616580310837E-015
         221           2  0.000000000000000E+000 -1.282383419689194E-015
         222           1  0.000000000000000E+000 -1.217616580310749E-015
         222           2  0.000000000000000E+000 -1.282383419689187E-015
         223           1  0.000000000000000E+000 -1.217616580310568E-015
         223           2  0.000000000000000E+000 -1.282383419688770E-015
         224           1  0.000000000000000E+000 -1.217616580310747E-015
         224           2  0.000000000000000E+000 -1.282383419689112E-015
         225           1  0.000000000000000E+000 -1.217616580310646E-015
         225           2  0.000000000000000E+000 -1.282383419688850E-015
         226           1  0.000000000000000E+000 -1.217616580310599E-015
         226           2  0.000000000000000E+000 -1.282383419688853E-015
         227           1  0.000000000000000E+000 -1.217616580310601E-015
         227           2  0.000000000000000E+000 -1.282383419688845E-015
         228           1  0.000000000000000E+000 -1.217616580310655E-015
         228           2  0.000000000000000E+000 -1.282383419688794E-015
         229           1  0.000000000000000E+000 -1.217616580310479E-015
         229           2  0.000000000000000E+000 -1.282383419688616E-015
         230           1  0.000000000000000E+000 -1.217616580310743E-015
         230           2  0.000000000000000E+000 -1.282383419689003E-015
         231           1  0.000000000000000E+000 -1.217616580310489E-015
         231           2  0.000000000000000E+000 -1.282383419688623E-015
         232           1  0.000000000000000E+000 -1.217616580310550E-015
         232           2  0.000000000000000E+000 -1.282383419688744E-015
         233           1  0.000000000000000E+000 -1.217616580310674E-015
         233           2  0.000000000000000E+000 -1.282383419689021E-015
         234           1  0.000000000000000E+000 -1.217616580310701E-015
         234           2  0.000000000000000E+000 -1.282383419689040E-015
         235           1  0.000000000000000E+000 -1.217616580310495E-015
         235           2  0.000000000000000E+000 -1.282383419688806E-015
         236           1  0.000000000000000E+000 -1.217616580310681E-015
         236           2  0.000000000000000E+000 -1.282383419688924E-015
         237           1  0.000000000000000E+000 -1.217616580310672E-015
         237           2  0.000000000000000E+000 -1.282383419688895E-015
         238           1  0.000000000000000E+000 -1.217616580310660E-015
         238           2  0.000000000000000E+000 -1.282383419688846E-015
         239           1  0.000000000000000E+000 -1.217616580310707E-015
         239           2  0.000000000000000E+000 -1.282383419689007E-015
         240           1  0.000000000000000E+000 -1.217616580310732E-015
         240           2  0.000000000000000E+000 -1.282383419688918E-015
         241           1  0.000000000000000E+000 -1.217616580310573E-015
         241           2  0.000000000000000E+000 -1.282383419688684E-015
         242           1  0.000000000000000E+000 -1.217616580311016E-015
         242           2  0.000000000000000E+000 -1.282383419689334E-015
         243           1  0.000000000000000E+000 -1.217616580310678E-015
         243           2  0.000000000000000E+000 -1.282383419688693E-015
         244           1  0.000000000000000E+000 -1.217616580310644E-015
         244           2  0.000000000000000E+000 -1.282383419688892E-015
         245           1  0.000000000000000E+000 -1.217616580310797E-015
         245           2  0.000000000000000E+000 -1.282383419689111E-015
         246           1  0.000000000000000E+000 -1.217616580310649E-015
         246           2  0.000000000000000E+000 -1.282383419688835E-015
         247           1  0.000000000000000E+000 -1.217616580310750E-015
         247           2  0.000000000000000E+000 -1.282383419689010E-015
         248           1  0.000000000000000E+000 -1.217616580310754E-015
         248           2  0.000000000000000E+000 -1.282383419688990E-015
         249           1  0.000000000000000E+000 -1.217616580310648E-015
         249           2  0.000000000000000E+000 -1.282383419688837E-015
         250           1  0.000000000000000E+000 -1.217616580310697E-015
         250           2  0.000000000000000E+000 -1.282383419688905E-015
         251           1  0.000000000000000E+000 -1.217616580310643E-015
         251           2  0.000000000000000E+000 -1.282383419688950E-015
         252           1  0.000000000000000E+000 -1.217616580310636E-015
         252           2  0.000000000000000E+000 -1.282383419688932E-015
         253           1  0.000000000000000E+000 -1.217616580310582E-015
         253           2  0.000000000000000E+000 -1.282383419688839E-015
         254           1  0.000000000000000E+000 -1.217616580310681E-015
         254           2  0.000000000000000E+000 -1.282383419688821E-015
         255           1  0.000000000000000E+000 -1.217616580311000E-015
         255           2  0.000000000000000E+000 -1.282383419689287E-015
         256           1  0.000000000000000E+000 -1.217616580310709E-015
         256           2  0.000000000000000E+000 -1.282383419688824E-015
         257           1  0.000000000000000E+000 -1.217616580310811E-015
         257           2  0.000000000000000E+000 -1.282383419689163E-015
         258           1  0.000000000000000E+000 -1.217616580310907E-015
         258           2  0.000000000000000E+000 -1.282383419689230E-015
         259           1  0.000000000000000E+000 -1.217616580310547E-015
         259           2  0.000000000000000E+000 -1.282383419688696E-015
         260           1  0.000000000000000E+000 -1.217616580310520E-015
         260           2  0.000000000000000E+000 -1.282383419688927E-015
         261           1  0.000000000000000E+000 -1.217616580310907E-015
         261           2  0.000000000000000E+000 -1.282383419689297E-015
         262           1  0.000000000000000E+000 -1.217616580310907E-015
         262           2  0.000000000000000E+000 -1.282383419689182E-015
         263           1  0.000000000000000E+000 -1.217616580310733E-015
         263           2  0.000000000000000E+000 -1.282383419688964E-015
         264           1  0.000000000000000E+000 -1.217616580310903E-015
         264           2  0.000000000000000E+000 -1.282383419689180E-015
         265           1  0.000000000000000E+000 -1.217616580310649E-015
         265           2  0.000000000000000E+000 -1.282383419688872E-015
         266           1  0.000000000000000E+000 -1.217616580310684E-015
         266           2  0.000000000000000E+000 -1.282383419688858E-015
         267           1  0.000000000000000E+000 -1.217616580310686E-015
         267           2  0.000000000000000E+000 -1.282383419688857E-015
         268           1  0.000000000000000E+000 -1.217616580310573E-015
         268           2  0.000000000000000E+000 -1.282383419688881E-015
         269           1  0.000000000000000E+000 -1.217616580310693E-015
         269           2  0.000000000000000E+000 -1.282383419688963E-015
         270           1  0.000000000000000E+000 -1.217616580310756E-015
         270           2  0.000000000000000E+000 -1.282383419689040E-015
         271           1  0.000000000000000E+000 -1.217616580310932E-015
         271           2  0.000000000000000E+000 -1.282383419689256E-015
         272           1  0.000000000000000E+000 -1.217616580310734E-015
         272           2  0.000000000000000E+000 -1.282383419689136E-015
         273           1  0.000000000000000E+000 -1.217616580310722E-015
         273           2  0.000000000000000E+000 -1.282383419689025E-015
         274           1  0.000000000000000E+000 -1.217616580310719E-015
         274           2  0.000000000000000E+000 -1.282383419689055E-015
         275           1  0.000000000000000E+000 -1.217616580310648E-015
         275           2  0.000000000000000E+000 -1.282383419688894E-015
         276           1  0.000000000000000E+000 -1.217616580310839E-015
         276           2  0.000000000000000E+000 -1.282383419689153E-015
         277           1  0.000000000000000E+000 -1.217616580310706E-015
         277           2  0.000000000000000E+000 -1.282383419688753E-015
         278           1  0.000000000000000E+000 -1.217616580311014E-015
         278           2  0.000000000000000E+000 -1.282383419689288E-015
         279           1  0.000000000000000E+000 -1.217616580310762E-015
         279           2  0.000000000000000E+000 -1.282383419689008E-015
         280           1  0.000000000000000E+000 -1.217616580310896E-015
         280           2  0.000000000000000E+000 -1.282383419689176E-015
         281           1  0.000000000000000E+000 -1.217616580310882E-015
         281           2  0.000000000000000E+000 -1.282383419689236E-015
         282           1  0.000000000000000E+000 -1.217616580310906E-015
         282           2  0.000000000000000E+000 -1.282383419689104E-015
         283           1  0.000000000000000E+000 -1.217616580310651E-015
         283           2  0.000000000000000E+000 -1.282383419688776E-015
         284           1  0.000000000000000E+000 -1.217616580310882E-015
         284           2  0.000000000000000E+000 -1.282383419689322E-015
         285           1  0.000000000000000E+000 -1.217616580310703E-015
         285           2  0.000000000000000E+000 -1.282383419688856E-015
         286           1  0.000000000000000E+000 -1.217616580310801E-015
         286           2  0.000000000000000E+000 -1.282383419689096E-015
         287           1  0.000000000000000E+000 -1.217616580310799E-015
         287           2  0.000000000000000E+000 -1.282383419689151E-015
         288           1  0.000000000000000E+000 -1.217616580310638E-015
         288           2  0.000000000000000E+000 -1.282383419688913E-015
         289           1  0.000000000000000E+000 -1.217616580310724E-015
         289           2  0.000000000000000E+000 -1.282383419689019E-015
         290           1  0.000000000000000E+000 -1.217616580310671E-015
         290           2  0.000000000000000E+000 -1.282383419688914E-015
         291           1  0.000000000000000E+000 -1.217616580310785E-015
         291           2  0.000000000000000E+000 -1.282383419689105E-015
         292           1  0.000000000000000E+000 -1.217616580310721E-015
         292           2  0.000000000000000E+000 -1.282383419689020E-015
         293           1  0.000000000000000E+000 -1.217616580310607E-015
         293           2  0.000000000000000E+000 -1.282383419688759E-015
         294           1  0.000000000000000E+000 -1.217616580310662E-015
         294           2  0.000000000000000E+000 -1.282383419688888E-015
         295           1  0.000000000000000E+000 -1.217616580310781E-015
         295           2  0.000000000000000E+000 -1.282383419688991E-015
         296           1  0.000000000000000E+000 -1.217616580310819E-015
         296           2  0.000000000000000E+000 -1.282383419688853E-015
         297           1  0.000000000000000E+000 -1.217616580310832E-015
         297           2  0.000000000000000E+000 -1.282383419689123E-015
         298           1  0.000000000000000E+000 -1.217616580310615E-015
         298           2  0.000000000000000E+000 -1.282383419688892E-015
         299           1  0.000000000000000E+000 -1.217616580311020E-015
         299           2  0.000000000000000E+000 -1.282383419689252E-015
         300           1  0.000000000000000E+000 -1.217616580310687E-015
         300           2  0.000000000000000E+000 -1.282383419688922E-015
         301           1  0.000000000000000E+000 -1.217616580310648E-015
         301           2  0.000000000000000E+000 -1.282383419688792E-015
         302           1  0.000000000000000E+000 -1.217616580310827E-015
         302           2  0.000000000000000E+000 -1.282383419689099E-015
         303           1  0.000000000000000E+000 -1.217616580310665E-015
         303           2  0.000000000000000E+000 -1.282383419688773E-015
         304           1  0.000000000000000E+000 -1.217616580311019E-015
         304           2  0.000000000000000E+000 -1.282383419689310E-015
         305           1  0.000000000000000E+000 -1.217616580310827E-015
         305           2  0.000000000000000E+000 -1.282383419689171E-015
         306           1  0.000000000000000E+000 -1.217616580310749E-015
         306           2  0.000000000000000E+000 -1.282383419688842E-015
         307           1  0.000000000000000E+000 -1.217616580310905E-015
         307           2  0.000000000000000E+000 -1.282383419689138E-015
         308           1  0.000000000000000E+000 -1.217616580310713E-015
         308           2  0.000000000000000E+000 -1.282383419688746E-015
         309           1  0.000000000000000E+000 -1.217616580310795E-015
         309           2  0.000000000000000E+000 -1.282383419689091E-015
         310           1  0.000000000000000E+000 -1.217616580310773E-015
         310           2  0.000000000000000E+000 -1.282383419688995E-015
         311           1  0.000000000000000E+000 -1.217616580310651E-015
         311           2  0.000000000000000E+000 -1.282383419688891E-015
         312           1  0.000000000000000E+000 -1.217616580310775E-015
         312           2  0.000000000000000E+000 -1.282383419688971E-015
         313           1  0.000000000000000E+000 -1.217616580310749E-015
         313           2  0.000000000000000E+000 -1.282383419689053E-015
         314           1  0.000000000000000E+000 -1.217616580310633E-015
         314           2  0.000000000000000E+000 -1.282383419688798E-015
         315           1  0.000000000000000E+000 -1.217616580310812E-015
         315           2  0.000000000000000E+000 -1.282383419689146E-015
         316           1  0.000000000000000E+000 -1.217616580310712E-015
         316           2  0.000000000000000E+000 -1.282383419688867E-015
         317           1  0.000000000000000E+000 -1.217616580310808E-015
         317           2  0.000000000000000E+000 -1.282383419689102E-015
         318           1  0.000000000000000E+000 -1.217616580310716E-015
         318           2  0.000000000000000E+000 -1.282383419688995E-015
         319           1  0.000000000000000E+000 -1.217616580310834E-015
         319           2  0.000000000000000E+000 -1.282383419689075E-015
         320           1  0.000000000000000E+000 -1.217616580310954E-015
         320           2  0.000000000000000E+000 -1.282383419689126E-015
         321           1  0.000000000000000E+000 -1.217616580310848E-015
         321           2  0.000000000000000E+000 -1.282383419689139E-015
         322           1  0.000000000000000E+000 -1.217616580310707E-015
         322           2  0.000000000000000E+000 -1.282383419688886E-015
         323           1  0.000000000000000E+000 -1.217616580310715E-015
         323           2  0.000000000000000E+000 -1.282383419689011E-015
         324           1  0.000000000000000E+000 -1.217616580310787E-015
         324           2  0.000000000000000E+000 -1.282383419689038E-015
         325           1  0.000000000000000E+000 -1.217616580310581E-015
         325           2  0.000000000000000E+000 -1.282383419688720E-015
         326           1  0.000000000000000E+000 -1.217616580310520E-015
         326           2  0.000000000000000E+000 -1.282383419688807E-015
         327           1  0.000000000000000E+000 -1.217616580310778E-015
         327           2  0.000000000000000E+000 -1.282383419689028E-015
         328           1  0.000000000000000E+000 -1.217616580310630E-015
         328           2  0.000000000000000E+000 -1.282383419688849E-015
         329           1  0.000000000000000E+000 -1.217616580310809E-015
         329           2  0.000000000000000E+000 -1.282383419689097E-015
         330           1  0.000000000000000E+000 -1.217616580310724E-015
         330           2  0.000000000000000E+000 -1.282383419688997E-015
         331           1  0.000000000000000E+000 -1.217616580310683E-015
         331           2  0.000000000000000E+000 -1.282383419688844E-015
         332           1  0.000000000000000E+000 -1.217616580310817E-015
         332           2  0.000000000000000E+000 -1.282383419689099E-015
         333           1  0.000000000000000E+000 -1.217616580310856E-015
         333           2  0.000000000000000E+000 -1.282383419689190E-015
         334           1  0.000000000000000E+000 -1.217616580310829E-015
         334           2  0.000000000000000E+000 -1.282383419688842E-015
         335           1  0.000000000000000E+000 -1.217616580310767E-015
         335           2  0.000000000000000E+000 -1.282383419689059E-015
         336           1  0.000000000000000E+000 -1.217616580310716E-015
         336           2  0.000000000000000E+000 -1.282383419688925E-015
         337           1  0.000000000000000E+000 -1.217616580310810E-015
         337           2  0.000000000000000E+000 -1.282383419689120E-015
         338           1  0.000000000000000E+000 -1.217616580310784E-015
         338           2  0.000000000000000E+000 -1.282383419688972E-015
         339           1  0.000000000000000E+000 -1.217616580310910E-015
         339           2  0.000000000000000E+000 -1.282383419689215E-015
         340           1  0.000000000000000E+000 -1.217616580310983E-015
         340           2  0.000000000000000E+000 -1.282383419689446E-015
         341           1  0.000000000000000E+000 -1.217616580310836E-015
         341           2  0.000000000000000E+000 -1.282383419689090E-015
         342           1  0.000000000000000E+000 -1.217616580310878E-015
         342           2  0.000000000000000E+000 -1.282383419689289E-015
         343           1  0.000000000000000E+000 -1.217616580310693E-015
         343           2  0.000000000000000E+000 -1.282383419688963E-015
         344           1  0.000000000000000E+000 -1.217616580310929E-015
         344           2  0.000000000000000E+000 -1.282383419689222E-015
         345           1  0.000000000000000E+000 -1.217616580310787E-015
         345           2  0.000000000000000E+000 -1.282383419689196E-015
         346           1  0.000000000000000E+000 -1.217616580310782E-015
         346           2  0.000000000000000E+000 -1.282383419688943E-015
         347           1  0.000000000000000E+000 -1.217616580310596E-015
         347           2  0.000000000000000E+000 -1.282383419688698E-015
         348           1  0.000000000000000E+000 -1.217616580310745E-015
         348           2  0.000000000000000E+000 -1.282383419689076E-015
         349           1  0.000000000000000E+000 -1.217616580310793E-015
         349           2  0.000000000000000E+000 -1.282383419689121E-015
         350           1  0.000000000000000E+000 -1.217616580310709E-015
         350           2  0.000000000000000E+000 -1.282383419688924E-015
         351           1  0.000000000000000E+000 -1.217616580310823E-015
         351           2  0.000000000000000E+000 -1.282383419689081E-015
         352           1  0.000000000000000E+000 -1.217616580310524E-015
         352           2  0.000000000000000E+000 -1.282383419688718E-015
         353           1  0.000000000000000E+000 -1.217616580310974E-015
         353           2  0.000000000000000E+000 -1.282383419689252E-015
         354           1  0.000000000000000E+000 -1.217616580310823E-015
         354           2  0.000000000000000E+000 -1.282383419689062E-015
         355           1  0.000000000000000E+000 -1.217616580310616E-015
         355           2  0.000000000000000E+000 -1.282383419688843E-015
         356           1  0.000000000000000E+000 -1.217616580310725E-015
         356           2  0.000000000000000E+000 -1.282383419688840E-015
         357           1  0.000000000000000E+000 -1.217616580310775E-015
         357           2  0.000000000000000E+000 -1.282383419688990E-015
         358           1  0.000000000000000E+000 -1.217616580310828E-015
         358           2  0.000000000000000E+000 -1.282383419689166E-015
         359           1  0.000000000000000E+000 -1.217616580310991E-015
         359           2  0.000000000000000E+000 -1.282383419689198E-015
         360           1  0.000000000000000E+000 -1.217616580310842E-015
         360           2  0.000000000000000E+000 -1.282383419689030E-015
         361           1  0.000000000000000E+000 -1.217616580310701E-015
         361           2  0.000000000000000E+000 -1.282383419688851E-015
         362           1  0.000000000000000E+000 -1.217616580310760E-015
         362           2  0.000000000000000E+000 -1.282383419688984E-015
         363           1  0.000000000000000E+000 -1.217616580310726E-015
         363           2  0.000000000000000E+000 -1.282383419688995E-015
         364           1  0.000000000000000E+000 -1.217616580310886E-015
         364           2  0.000000000000000E+000 -1.282383419689211E-015
         365           1  0.000000000000000E+000 -1.217616580310798E-015
         365           2  0.000000000000000E+000 -1.282383419689121E-015
         366           1  0.000000000000000E+000 -1.217616580310764E-015
         366           2  0.000000000000000E+000 -1.282383419689033E-015
         367           1  0.000000000000000E+000 -1.217616580310882E-015
         367           2  0.000000000000000E+000 -1.282383419689087E-015
         368           1  0.000000000000000E+000 -1.217616580310760E-015
         368           2  0.000000000000000E+000 -1.282383419689163E-015
         369           1  0.000000000000000E+000 -1.217616580310994E-015
         369           2  0.000000000000000E+000 -1.282383419689028E-015
         370           1  0.000000000000000E+000 -1.217616580310722E-015
         370           2  0.000000000000000E+000 -1.282383419688902E-015
         371           1  0.000000000000000E+000 -1.217616580310794E-015
         371           2  0.000000000000000E+000 -1.282383419689183E-015
         372           1  0.000000000000000E+000 -1.217616580310800E-015
         372           2  0.000000000000000E+000 -1.282383419689006E-015
         373           1  0.000000000000000E+000 -1.217616580310747E-015
         373           2  0.000000000000000E+000 -1.282383419688915E-015
         374           1  0.000000000000000E+000 -1.217616580310814E-015
         374           2  0.000000000000000E+000 -1.282383419688962E-015
         375           1  0.000000000000000E+000 -1.217616580310811E-015
         375           2  0.000000000000000E+000 -1.282383419688987E-015
         376           1  0.000000000000000E+000 -1.217616580310719E-015
         376           2  0.000000000000000E+000 -1.282383419688975E-015
         377           1  0.000000000000000E+000 -1.217616580310799E-015
         377           2  0.000000000000000E+000 -1.282383419688935E-015
         378           1  0.000000000000000E+000 -1.217616580310796E-015
         378           2  0.000000000000000E+000 -1.282383419689081E-015
         379           1  0.000000000000000E+000 -1.217616580310992E-015
         379           2  0.000000000000000E+000 -1.282383419689162E-015
         380           1  0.000000000000000E+000 -1.217616580311081E-015
         380           2  0.000000000000000E+000 -1.282383419689412E-015
         381           1  0.000000000000000E+000 -1.217616580310622E-015
         381           2  0.000000000000000E+000 -1.282383419688825E-015
         382           1  0.000000000000000E+000 -1.217616580310815E-015
         382           2  0.000000000000000E+000 -1.282383419689182E-015
         383           1  0.000000000000000E+000 -1.217616580310723E-015
         383           2  0.000000000000000E+000 -1.282383419689022E-015
         384           1  0.000000000000000E+000 -1.217616580310827E-015
         384           2  0.000000000000000E+000 -1.282383419688982E-015
         385           1  0.000000000000000E+000 -1.217616580310806E-015
         385           2  0.000000000000000E+000 -1.282383419689085E-015
         386           1  0.000000000000000E+000 -1.217616580310716E-015
         386           2  0.000000000000000E+000 -1.282383419688917E-015
         387           1  0.000000000000000E+000 -1.217616580310804E-015
         387           2  0.000000000000000E+000 -1.282383419689064E-015
         388           1  0.000000000000000E+000 -1.217616580310742E-015
         388           2  0.000000000000000E+000 -1.282383419688988E-015
         389           1  0.000000000000000E+000 -1.217616580310788E-015
         389           2  0.000000000000000E+000 -1.282383419689038E-015
         390           1  0.000000000000000E+000 -1.217616580310630E-015
         390           2  0.000000000000000E+000 -1.282383419688601E-015
         391           1  0.000000000000000E+000 -1.217616580310780E-015
         391           2  0.000000000000000E+000 -1.282383419688999E-015
         392           1  0.000000000000000E+000 -1.217616580310744E-015
         392           2  0.000000000000000E+000 -1.282383419689054E-015
         393           1  0.000000000000000E+000 -1.217616580310947E-015
         393           2  0.000000000000000E+000 -1.282383419689255E-015
         394           1  0.000000000000000E+000 -1.217616580310901E-015
         394           2  0.000000000000000E+000 -1.282383419689190E-015
         395           1  0.000000000000000E+000 -1.217616580310895E-015
         395           2  0.000000000000000E+000 -1.282383419689134E-015
         396           1  0.000000000000000E+000 -1.217616580310926E-015
         396           2  0.000000000000000E+000 -1.282383419689236E-015
         397           1  0.000000000000000E+000 -1.217616580310909E-015
         397           2  0.000000000000000E+000 -1.282383419689155E-015
         398           1  0.000000000000000E+000 -1.217616580310706E-015
         398           2  0.000000000000000E+000 -1.282383419688899E-015
         399           1  0.000000000000000E+000 -1.217616580310877E-015
         399           2  0.000000000000000E+000 -1.282383419689186E-015
         400           1  0.000000000000000E+000 -1.217616580310799E-015
         400           2  0.000000000000000E+000 -1.282383419689027E-015
