           1           1  0.000000000000000E+000 -1.996161228404190E-017
           1           2  0.000000000000000E+000 -5.038387715927270E-018
           2           1  0.000000000000000E+000 -1.996161228406021E-017
           2           2  0.000000000000000E+000 -5.038387715929428E-018
           3           1  0.000000000000000E+000 -1.996161228406079E-017
           3           2  0.000000000000000E+000 -5.038387715929642E-018
           4           1  0.000000000000000E+000 -1.996161228406103E-017
           4           2  0.000000000000000E+000 -5.038387715929924E-018
           5           1  0.000000000000000E+000 -1.996161228406041E-017
           5           2  0.000000000000000E+000 -5.038387715929808E-018
           6           1  0.000000000000000E+000 -1.996161228406150E-017
           6           2  0.000000000000000E+000 -5.038387715929604E-018
           7           1  0.000000000000000E+000 -1.996161228406176E-017
           7           2  0.000000000000000E+000 -5.038387715929882E-018
           8           1  0.000000000000000E+000 -1.996161228406128E-017
           8           2  0.000000000000000E+000 -5.038387715929594E-018
           9           1  0.000000000000000E+000 -1.996161228406104E-017
           9           2  0.000000000000000E+000 -5.038387715929438E-018
          10           1  0.000000000000000E+000 -1.996161228406250E-017
          10           2  0.000000000000000E+000 -5.038387715929691E-018
          11           1  0.000000000000000E+000 -1.996161228406232E-017
          11           2  0.000000000000000E+000 -5.038387715929538E-018
          12           1  0.000000000000000E+000 -1.996161228406314E-017
          12           2  0.000000000000000E+000 -5.038387715929774E-018
          13           1  0.000000000000000E+000 -1.996161228406442E-017
          13           2  0.000000000000000E+000 -5.038387715930414E-018
          14           1  0.000000000000000E+000 -1.996161228406358E-017
          14           2  0.000000000000000E+000 -5.038387715930354E-018
          15           1  0.000000000000000E+000 -1.996161228406242E-017
          15           2  0.000000000000000E+000 -5.038387715930153E-018
          16           1  0.000000000000000E+000 -1.996161228406003E-017
          16           2  0.000000000000000E+000 -5.038387715929650E-018
          17           1  0.000000000000000E+000 -1.996161228405939E-017
          17           2  0.000000000000000E+000 -5.038387715929237E-018
          18           1  0.000000000000000E+000 -1.996161228405993E-017
          18           2  0.000000000000000E+000 -5.038387715929744E-018
          19           1  0.000000000000000E+000 -1.996161228405909E-017
          19           2  0.000000000000000E+000 -5.038387715929367E-018
          20           1  0.000000000000000E+000 -1.996161228405666E-017
          20           2  0.000000000000000E+000 -5.038387715928966E-018
          21           1  0.000000000000000E+000 -1.996161228406140E-017
          21           2  0.000000000000000E+000 -5.038387715929647E-018
          22           1  0.000000000000000E+000 -1.996161228403852E-017
          22           2  0.000000000000000E+000 -5.038387715925848E-018
          23           1  0.000000000000000E+000 -1.996161228406206E-017
          23           2  0.000000000000000E+000 -5.038387715929733E-018
          24           1  0.000000000000000E+000 -1.996161228406202E-017
          24           2  0.000000000000000E+000 -5.038387715929736E-018
          25           1  0.000000000000000E+000 -1.996161228406221E-017
          25           2  0.000000000000000E+000 -5.038387715929779E-018
          26           1  0.000000000000000E+000 -1.996161228406220E-017
          26           2  0.000000000000000E+000 -5.038387715929541E-018
          27           1  0.000000000000000E+000 -1.996161228406219E-017
          27           2  0.000000000000000E+000 -5.038387715929517E-018
          28           1  0.000000000000000E+000 -1.996161228406169E-017
          28           2  0.000000000000000E+000 -5.038387715929722E-018
          29           1  0.000000000000000E+000 -1.996161228406127E-017
          29           2  0.000000000000000E+000 -5.038387715929488E-018
          30           1  0.000000000000000E+000 -1.996161228406292E-017
          30           2  0.000000000000000E+000 -5.038387715929806E-018
          31           1  0.000000000000000E+000 -1.996161228406390E-017
          31           2  0.000000000000000E+000 -5.038387715929773E-018
          32           1  0.000000000000000E+000 -1.996161228406531E-017
          32           2  0.000000000000000E+000 -5.038387715930038E-018
          33           1  0.000000000000000E+000 -1.996161228406621E-017
          33           2  0.000000000000000E+000 -5.038387715930371E-018
          34           1  0.000000000000000E+000 -1.996161228406501E-017
          34           2  0.000000000000000E+000 -5.038387715930493E-018
          35           1  0.000000000000000E+000 -1.996161228406472E-017
          35           2  0.000000000000000E+000 -5.038387715930445E-018
          36           1  0.000000000000000E+000 -1.996161228406259E-017
          36           2  0.000000000000000E+000 -5.038387715930086E-018
          37           1  0.000000000000000E+000 -1.996161228406134E-017
          37           2  0.000000000000000E+000 -5.038387715929677E-018
          38           1  0.000000000000000E+000 -1.996161228406152E-017
          38           2  0.000000000000000E+000 -5.038387715929968E-018
          39           1  0.000000000000000E+000 -1.996161228406047E-017
          39           2  0.000000000000000E+000 -5.038387715929780E-018
          40           1  0.000000000000000E+000 -1.996161228405860E-017
          40           2  0.000000000000000E+000 -5.038387715929187E-018
          41           1  0.000000000000000E+000 -1.996161228404065E-017
          41           2  0.000000000000000E+000 -5.038387715926260E-018
          42           1  0.000000000000000E+000 -1.996161228406223E-017
          42           2  0.000000000000000E+000 -5.038387715929672E-018
          43           1  0.000000000000000E+000 -1.996161228406075E-017
          43           2  0.000000000000000E+000 -5.038387715929168E-018
          44           1  0.000000000000000E+000 -1.996161228406043E-017
          44           2  0.000000000000000E+000 -5.038387715929208E-018
          45           1  0.000000000000000E+000 -1.996161228406293E-017
          45           2  0.000000000000000E+000 -5.038387715929908E-018
          46           1  0.000000000000000E+000 -1.996161228406283E-017
          46           2  0.000000000000000E+000 -5.038387715929913E-018
          47           1  0.000000000000000E+000 -1.996161228406303E-017
          47           2  0.000000000000000E+000 -5.038387715929664E-018
          48           1  0.000000000000000E+000 -1.996161228406193E-017
          48           2  0.000000000000000E+000 -5.038387715929586E-018
          49           1  0.000000000000000E+000 -1.996161228406235E-017
          49           2  0.000000000000000E+000 -5.038387715929610E-018
          50           1  0.000000000000000E+000 -1.996161228406252E-017
          50           2  0.000000000000000E+000 -5.038387715929777E-018
          51           1  0.000000000000000E+000 -1.996161228406460E-017
          51           2  0.000000000000000E+000 -5.038387715930122E-018
          52           1  0.000000000000000E+000 -1.996161228406580E-017
          52           2  0.000000000000000E+000 -5.038387715930293E-018
          53           1  0.000000000000000E+000 -1.996161228406835E-017
          53           2  0.000000000000000E+000 -5.038387715930643E-018
          54           1  0.000000000000000E+000 -1.996161228406731E-017
          54           2  0.000000000000000E+000 -5.038387715930496E-018
          55           1  0.000000000000000E+000 -1.996161228406461E-017
          55           2  0.000000000000000E+000 -5.038387715930364E-018
          56           1  0.000000000000000E+000 -1.996161228406327E-017
          56           2  0.000000000000000E+000 -5.038387715930123E-018
          57           1  0.000000000000000E+000 -1.996161228406211E-017
          57           2  0.000000000000000E+000 -5.038387715929867E-018
          58           1  0.000000000000000E+000 -1.996161228405997E-017
          58           2  0.000000000000000E+000 -5.038387715929474E-018
          59           1  0.000000000000000E+000 -1.996161228405881E-017
          59           2  0.000000000000000E+000 -5.038387715929161E-018
          60           1  0.000000000000000E+000 -1.996161228405676E-017
          60           2  0.000000000000000E+000 -5.038387715928876E-018
          61           1  0.000000000000000E+000 -1.996161228406134E-017
          61           2  0.000000000000000E+000 -5.038387715929699E-018
          62           1  0.000000000000000E+000 -1.996161228406263E-017
          62           2  0.000000000000000E+000 -5.038387715929944E-018
          63           1  0.000000000000000E+000 -1.996161228406166E-017
          63           2  0.000000000000000E+000 -5.038387715929542E-018
          64           1  0.000000000000000E+000 -1.996161228406054E-017
          64           2  0.000000000000000E+000 -5.038387715929573E-018
          65           1  0.000000000000000E+000 -1.996161228406142E-017
          65           2  0.000000000000000E+000 -5.038387715929585E-018
          66           1  0.000000000000000E+000 -1.996161228406298E-017
          66           2  0.000000000000000E+000 -5.038387715929501E-018
          67           1  0.000000000000000E+000 -1.996161228406230E-017
          67           2  0.000000000000000E+000 -5.038387715929556E-018
          68           1  0.000000000000000E+000 -1.996161228406335E-017
          68           2  0.000000000000000E+000 -5.038387715929793E-018
          69           1  0.000000000000000E+000 -1.996161228406342E-017
          69           2  0.000000000000000E+000 -5.038387715930035E-018
          70           1  0.000000000000000E+000 -1.996161228406439E-017
          70           2  0.000000000000000E+000 -5.038387715930146E-018
          71           1  0.000000000000000E+000 -1.996161228406532E-017
          71           2  0.000000000000000E+000 -5.038387715930364E-018
          72           1  0.000000000000000E+000 -1.996161228406671E-017
          72           2  0.000000000000000E+000 -5.038387715930732E-018
          73           1  0.000000000000000E+000 -1.996161228406859E-017
          73           2  0.000000000000000E+000 -5.038387715930906E-018
          74           1  0.000000000000000E+000 -1.996161228406854E-017
          74           2  0.000000000000000E+000 -5.038387715930859E-018
          75           1  0.000000000000000E+000 -1.996161228406454E-017
          75           2  0.000000000000000E+000 -5.038387715930222E-018
          76           1  0.000000000000000E+000 -1.996161228406158E-017
          76           2  0.000000000000000E+000 -5.038387715929794E-018
          77           1  0.000000000000000E+000 -1.996161228406112E-017
          77           2  0.000000000000000E+000 -5.038387715929626E-018
          78           1  0.000000000000000E+000 -1.996161228406024E-017
          78           2  0.000000000000000E+000 -5.038387715929333E-018
          79           1  0.000000000000000E+000 -1.996161228406038E-017
          79           2  0.000000000000000E+000 -5.038387715929238E-018
          80           1  0.000000000000000E+000 -1.996161228405752E-017
          80           2  0.000000000000000E+000 -5.038387715928997E-018
          81           1  0.000000000000000E+000 -1.996161228406032E-017
          81           2  0.000000000000000E+000 -5.038387715929740E-018
          82           1  0.000000000000000E+000 -1.996161228406188E-017
          82           2  0.000000000000000E+000 -5.038387715929802E-018
          83           1  0.000000000000000E+000 -1.996161228406240E-017
          83           2  0.000000000000000E+000 -5.038387715929815E-018
          84           1  0.000000000000000E+000 -1.996161228406230E-017
          84           2  0.000000000000000E+000 -5.038387715929632E-018
          85           1  0.000000000000000E+000 -1.996161228406278E-017
          85           2  0.000000000000000E+000 -5.038387715929917E-018
          86           1  0.000000000000000E+000 -1.996161228406302E-017
          86           2  0.000000000000000E+000 -5.038387715929574E-018
          87           1  0.000000000000000E+000 -1.996161228406436E-017
          87           2  0.000000000000000E+000 -5.038387715929941E-018
          88           1  0.000000000000000E+000 -1.996161228406611E-017
          88           2  0.000000000000000E+000 -5.038387715930352E-018
          89           1  0.000000000000000E+000 -1.996161228406744E-017
          89           2  0.000000000000000E+000 -5.038387715930718E-018
          90           1  0.000000000000000E+000 -1.996161228406690E-017
          90           2  0.000000000000000E+000 -5.038387715930492E-018
          91           1  0.000000000000000E+000 -1.996161228406721E-017
          91           2  0.000000000000000E+000 -5.038387715930598E-018
          92           1  0.000000000000000E+000 -1.996161228406907E-017
          92           2  0.000000000000000E+000 -5.038387715931126E-018
          93           1  0.000000000000000E+000 -1.996161228406947E-017
          93           2  0.000000000000000E+000 -5.038387715930952E-018
          94           1  0.000000000000000E+000 -1.996161228406812E-017
          94           2  0.000000000000000E+000 -5.038387715930677E-018
          95           1  0.000000000000000E+000 -1.996161228406462E-017
          95           2  0.000000000000000E+000 -5.038387715930260E-018
          96           1  0.000000000000000E+000 -1.996161228406191E-017
          96           2  0.000000000000000E+000 -5.038387715929826E-018
          97           1  0.000000000000000E+000 -1.996161228406188E-017
          97           2  0.000000000000000E+000 -5.038387715929706E-018
          98           1  0.000000000000000E+000 -1.996161228405948E-017
          98           2  0.000000000000000E+000 -5.038387715929046E-018
          99           1  0.000000000000000E+000 -1.996161228405941E-017
          99           2  0.000000000000000E+000 -5.038387715929267E-018
         100           1  0.000000000000000E+000 -1.996161228405690E-017
         100           2  0.000000000000000E+000 -5.038387715928737E-018
         101           1  0.000000000000000E+000 -1.996161228406070E-017
         101           2  0.000000000000000E+000 -5.038387715929735E-018
         102           1  0.000000000000000E+000 -1.996161228406059E-017
         102           2  0.000000000000000E+000 -5.038387715929562E-018
         103           1  0.000000000000000E+000 -1.996161228406032E-017
         103           2  0.000000000000000E+000 -5.038387715929514E-018
         104           1  0.000000000000000E+000 -1.996161228406217E-017
         104           2  0.000000000000000E+000 -5.038387715929767E-018
         105           1  0.000000000000000E+000 -1.996161228406368E-017
         105           2  0.000000000000000E+000 -5.038387715929977E-018
         106           1  0.000000000000000E+000 -1.996161228406435E-017
         106           2  0.000000000000000E+000 -5.038387715930186E-018
         107           1  0.000000000000000E+000 -1.996161228406556E-017
         107           2  0.000000000000000E+000 -5.038387715930138E-018
         108           1  0.000000000000000E+000 -1.996161228406834E-017
         108           2  0.000000000000000E+000 -5.038387715930682E-018
         109           1  0.000000000000000E+000 -1.996161228406873E-017
         109           2  0.000000000000000E+000 -5.038387715930905E-018
         110           1  0.000000000000000E+000 -1.996161228406687E-017
         110           2  0.000000000000000E+000 -5.038387715930498E-018
         111           1  0.000000000000000E+000 -1.996161228406756E-017
         111           2  0.000000000000000E+000 -5.038387715930830E-018
         112           1  0.000000000000000E+000 -1.996161228406903E-017
         112           2  0.000000000000000E+000 -5.038387715931298E-018
         113           1  0.000000000000000E+000 -1.996161228406931E-017
         113           2  0.000000000000000E+000 -5.038387715931090E-018
         114           1  0.000000000000000E+000 -1.996161228406809E-017
         114           2  0.000000000000000E+000 -5.038387715930723E-018
         115           1  0.000000000000000E+000 -1.996161228406293E-017
         115           2  0.000000000000000E+000 -5.038387715929964E-018
         116           1  0.000000000000000E+000 -1.996161228406269E-017
         116           2  0.000000000000000E+000 -5.038387715929980E-018
         117           1  0.000000000000000E+000 -1.996161228406102E-017
         117           2  0.000000000000000E+000 -5.038387715929433E-018
         118           1  0.000000000000000E+000 -1.996161228405996E-017
         118           2  0.000000000000000E+000 -5.038387715929211E-018
         119           1  0.000000000000000E+000 -1.996161228405660E-017
         119           2  0.000000000000000E+000 -5.038387715928708E-018
         120           1  0.000000000000000E+000 -1.996161228405793E-017
         120           2  0.000000000000000E+000 -5.038387715928840E-018
         121           1  0.000000000000000E+000 -1.996161228406129E-017
         121           2  0.000000000000000E+000 -5.038387715929750E-018
         122           1  0.000000000000000E+000 -1.996161228406128E-017
         122           2  0.000000000000000E+000 -5.038387715929556E-018
         123           1  0.000000000000000E+000 -1.996161228406159E-017
         123           2  0.000000000000000E+000 -5.038387715929356E-018
         124           1  0.000000000000000E+000 -1.996161228406395E-017
         124           2  0.000000000000000E+000 -5.038387715930074E-018
         125           1  0.000000000000000E+000 -1.996161228406506E-017
         125           2  0.000000000000000E+000 -5.038387715930099E-018
         126           1  0.000000000000000E+000 -1.996161228406603E-017
         126           2  0.000000000000000E+000 -5.038387715930712E-018
         127           1  0.000000000000000E+000 -1.996161228406642E-017
         127           2  0.000000000000000E+000 -5.038387715930458E-018
         128           1  0.000000000000000E+000 -1.996161228406813E-017
         128           2  0.000000000000000E+000 -5.038387715930611E-018
         129           1  0.000000000000000E+000 -1.996161228406772E-017
         129           2  0.000000000000000E+000 -5.038387715930941E-018
         130           1  0.000000000000000E+000 -1.996161228406703E-017
         130           2  0.000000000000000E+000 -5.038387715930894E-018
         131           1  0.000000000000000E+000 -1.996161228406825E-017
         131           2  0.000000000000000E+000 -5.038387715931211E-018
         132           1  0.000000000000000E+000 -1.996161228406943E-017
         132           2  0.000000000000000E+000 -5.038387715931325E-018
         133           1  0.000000000000000E+000 -1.996161228406977E-017
         133           2  0.000000000000000E+000 -5.038387715931448E-018
         134           1  0.000000000000000E+000 -1.996161228406811E-017
         134           2  0.000000000000000E+000 -5.038387715930786E-018
         135           1  0.000000000000000E+000 -1.996161228406634E-017
         135           2  0.000000000000000E+000 -5.038387715930425E-018
         136           1  0.000000000000000E+000 -1.996161228406615E-017
         136           2  0.000000000000000E+000 -5.038387715930303E-018
         137           1  0.000000000000000E+000 -1.996161228406499E-017
         137           2  0.000000000000000E+000 -5.038387715930113E-018
         138           1  0.000000000000000E+000 -1.996161228406381E-017
         138           2  0.000000000000000E+000 -5.038387715929750E-018
         139           1  0.000000000000000E+000 -1.996161228405937E-017
         139           2  0.000000000000000E+000 -5.038387715929256E-018
         140           1  0.000000000000000E+000 -1.996161228405611E-017
         140           2  0.000000000000000E+000 -5.038387715928626E-018
         141           1  0.000000000000000E+000 -1.996161228406141E-017
         141           2  0.000000000000000E+000 -5.038387715929787E-018
         142           1  0.000000000000000E+000 -1.996161228406180E-017
         142           2  0.000000000000000E+000 -5.038387715929692E-018
         143           1  0.000000000000000E+000 -1.996161228406151E-017
         143           2  0.000000000000000E+000 -5.038387715929773E-018
         144           1  0.000000000000000E+000 -1.996161228406431E-017
         144           2  0.000000000000000E+000 -5.038387715930311E-018
         145           1  0.000000000000000E+000 -1.996161228406624E-017
         145           2  0.000000000000000E+000 -5.038387715930319E-018
         146           1  0.000000000000000E+000 -1.996161228406634E-017
         146           2  0.000000000000000E+000 -5.038387715930618E-018
         147           1  0.000000000000000E+000 -1.996161228406694E-017
         147           2  0.000000000000000E+000 -5.038387715930494E-018
         148           1  0.000000000000000E+000 -1.996161228406747E-017
         148           2  0.000000000000000E+000 -5.038387715930644E-018
         149           1  0.000000000000000E+000 -1.996161228406812E-017
         149           2  0.000000000000000E+000 -5.038387715930995E-018
         150           1  0.000000000000000E+000 -1.996161228406843E-017
         150           2  0.000000000000000E+000 -5.038387715931359E-018
         151           1  0.000000000000000E+000 -1.996161228407215E-017
         151           2  0.000000000000000E+000 -5.038387715931617E-018
         152           1  0.000000000000000E+000 -1.996161228407063E-017
         152           2  0.000000000000000E+000 -5.038387715931438E-018
         153           1  0.000000000000000E+000 -1.996161228407059E-017
         153           2  0.000000000000000E+000 -5.038387715931364E-018
         154           1  0.000000000000000E+000 -1.996161228407114E-017
         154           2  0.000000000000000E+000 -5.038387715931502E-018
         155           1  0.000000000000000E+000 -1.996161228406781E-017
         155           2  0.000000000000000E+000 -5.038387715930591E-018
         156           1  0.000000000000000E+000 -1.996161228407298E-017
         156           2  0.000000000000000E+000 -5.038387715931565E-018
         157           1  0.000000000000000E+000 -1.996161228407131E-017
         157           2  0.000000000000000E+000 -5.038387715931066E-018
         158           1  0.000000000000000E+000 -1.996161228406588E-017
         158           2  0.000000000000000E+000 -5.038387715929928E-018
         159           1  0.000000000000000E+000 -1.996161228406014E-017
         159           2  0.000000000000000E+000 -5.038387715929454E-018
         160           1  0.000000000000000E+000 -1.996161228405817E-017
         160           2  0.000000000000000E+000 -5.038387715928988E-018
         161           1  0.000000000000000E+000 -1.996161228406089E-017
         161           2  0.000000000000000E+000 -5.038387715929576E-018
         162           1  0.000000000000000E+000 -1.996161228406319E-017
         162           2  0.000000000000000E+000 -5.038387715929908E-018
         163           1  0.000000000000000E+000 -1.996161228406357E-017
         163           2  0.000000000000000E+000 -5.038387715929971E-018
         164           1  0.000000000000000E+000 -1.996161228406485E-017
         164           2  0.000000000000000E+000 -5.038387715930350E-018
         165           1  0.000000000000000E+000 -1.996161228406672E-017
         165           2  0.000000000000000E+000 -5.038387715930595E-018
         166           1  0.000000000000000E+000 -1.996161228406621E-017
         166           2  0.000000000000000E+000 -5.038387715930694E-018
         167           1  0.000000000000000E+000 -1.996161228406611E-017
         167           2  0.000000000000000E+000 -5.038387715930408E-018
         168           1  0.000000000000000E+000 -1.996161228406714E-017
         168           2  0.000000000000000E+000 -5.038387715930483E-018
         169           1  0.000000000000000E+000 -1.996161228406851E-017
         169           2  0.000000000000000E+000 -5.038387715930692E-018
         170           1  0.000000000000000E+000 -1.996161228406970E-017
         170           2  0.000000000000000E+000 -5.038387715931206E-018
         171           1  0.000000000000000E+000 -1.996161228407108E-017
         171           2  0.000000000000000E+000 -5.038387715931359E-018
         172           1  0.000000000000000E+000 -1.996161228407202E-017
         172           2  0.000000000000000E+000 -5.038387715931427E-018
         173           1  0.000000000000000E+000 -1.996161228407332E-017
         173           2  0.000000000000000E+000 -5.038387715931555E-018
         174           1  0.000000000000000E+000 -1.996161228406928E-017
         174           2  0.000000000000000E+000 -5.038387715930978E-018
         175           1  0.000000000000000E+000 -1.996161228406558E-017
         175           2  0.000000000000000E+000 -5.038387715930464E-018
         176           1  0.000000000000000E+000 -1.996161228407142E-017
         176           2  0.000000000000000E+000 -5.038387715931581E-018
         177           1  0.000000000000000E+000 -1.996161228407167E-017
         177           2  0.000000000000000E+000 -5.038387715931267E-018
         178           1  0.000000000000000E+000 -1.996161228406507E-017
         178           2  0.000000000000000E+000 -5.038387715930184E-018
         179           1  0.000000000000000E+000 -1.996161228406252E-017
         179           2  0.000000000000000E+000 -5.038387715929602E-018
         180           1  0.000000000000000E+000 -1.996161228406126E-017
         180           2  0.000000000000000E+000 -5.038387715929522E-018
         181           1  0.000000000000000E+000 -1.996161228406115E-017
         181           2  0.000000000000000E+000 -5.038387715929565E-018
         182           1  0.000000000000000E+000 -1.996161228406362E-017
         182           2  0.000000000000000E+000 -5.038387715929976E-018
         183           1  0.000000000000000E+000 -1.996161228406263E-017
         183           2  0.000000000000000E+000 -5.038387715929939E-018
         184           1  0.000000000000000E+000 -1.996161228406496E-017
         184           2  0.000000000000000E+000 -5.038387715930413E-018
         185           1  0.000000000000000E+000 -1.996161228406655E-017
         185           2  0.000000000000000E+000 -5.038387715930663E-018
         186           1  0.000000000000000E+000 -1.996161228406512E-017
         186           2  0.000000000000000E+000 -5.038387715930521E-018
         187           1  0.000000000000000E+000 -1.996161228406539E-017
         187           2  0.000000000000000E+000 -5.038387715930278E-018
         188           1  0.000000000000000E+000 -1.996161228406616E-017
         188           2  0.000000000000000E+000 -5.038387715930379E-018
         189           1  0.000000000000000E+000 -1.996161228406718E-017
         189           2  0.000000000000000E+000 -5.038387715930749E-018
         190           1  0.000000000000000E+000 -1.996161228406948E-017
         190           2  0.000000000000000E+000 -5.038387715930978E-018
         191           1  0.000000000000000E+000 -1.996161228407163E-017
         191           2  0.000000000000000E+000 -5.038387715931426E-018
         192           1  0.000000000000000E+000 -1.996161228407370E-017
         192           2  0.000000000000000E+000 -5.038387715931623E-018
         193           1  0.000000000000000E+000 -1.996161228407487E-017
         193           2  0.000000000000000E+000 -5.038387715931508E-018
         194           1  0.000000000000000E+000 -1.996161228407030E-017
         194           2  0.000000000000000E+000 -5.038387715931209E-018
         195           1  0.000000000000000E+000 -1.996161228406728E-017
         195           2  0.000000000000000E+000 -5.038387715930776E-018
         196           1  0.000000000000000E+000 -1.996161228406907E-017
         196           2  0.000000000000000E+000 -5.038387715931033E-018
         197           1  0.000000000000000E+000 -1.996161228406810E-017
         197           2  0.000000000000000E+000 -5.038387715930746E-018
         198           1  0.000000000000000E+000 -1.996161228406505E-017
         198           2  0.000000000000000E+000 -5.038387715930005E-018
         199           1  0.000000000000000E+000 -1.996161228406336E-017
         199           2  0.000000000000000E+000 -5.038387715929473E-018
         200           1  0.000000000000000E+000 -1.996161228406165E-017
         200           2  0.000000000000000E+000 -5.038387715929639E-018
         201           1  0.000000000000000E+000 -1.996161228406251E-017
         201           2  0.000000000000000E+000 -5.038387715929916E-018
         202           1  0.000000000000000E+000 -1.996161228403792E-017
         202           2  0.000000000000000E+000 -5.038387715926010E-018
         203           1  0.000000000000000E+000 -1.996161228406376E-017
         203           2  0.000000000000000E+000 -5.038387715929745E-018
         204           1  0.000000000000000E+000 -1.996161228406513E-017
         204           2  0.000000000000000E+000 -5.038387715930143E-018
         205           1  0.000000000000000E+000 -1.996161228406536E-017
         205           2  0.000000000000000E+000 -5.038387715930258E-018
         206           1  0.000000000000000E+000 -1.996161228406534E-017
         206           2  0.000000000000000E+000 -5.038387715930137E-018
         207           1  0.000000000000000E+000 -1.996161228406599E-017
         207           2  0.000000000000000E+000 -5.038387715930425E-018
         208           1  0.000000000000000E+000 -1.996161228406619E-017
         208           2  0.000000000000000E+000 -5.038387715930421E-018
         209           1  0.000000000000000E+000 -1.996161228406716E-017
         209           2  0.000000000000000E+000 -5.038387715930668E-018
         210           1  0.000000000000000E+000 -1.996161228406897E-017
         210           2  0.000000000000000E+000 -5.038387715930886E-018
         211           1  0.000000000000000E+000 -1.996161228407085E-017
         211           2  0.000000000000000E+000 -5.038387715931213E-018
         212           1  0.000000000000000E+000 -1.996161228407368E-017
         212           2  0.000000000000000E+000 -5.038387715931737E-018
         213           1  0.000000000000000E+000 -1.996161228407448E-017
         213           2  0.000000000000000E+000 -5.038387715931974E-018
         214           1  0.000000000000000E+000 -1.996161228407108E-017
         214           2  0.000000000000000E+000 -5.038387715931245E-018
         215           1  0.000000000000000E+000 -1.996161228406775E-017
         215           2  0.000000000000000E+000 -5.038387715930876E-018
         216           1  0.000000000000000E+000 -1.996161228406810E-017
         216           2  0.000000000000000E+000 -5.038387715930914E-018
         217           1  0.000000000000000E+000 -1.996161228406735E-017
         217           2  0.000000000000000E+000 -5.038387715930838E-018
         218           1  0.000000000000000E+000 -1.996161228406205E-017
         218           2  0.000000000000000E+000 -5.038387715929620E-018
         219           1  0.000000000000000E+000 -1.996161228406263E-017
         219           2  0.000000000000000E+000 -5.038387715929397E-018
         220           1  0.000000000000000E+000 -1.996161228406404E-017
         220           2  0.000000000000000E+000 -5.038387715929982E-018
         221           1  0.000000000000000E+000 -1.996161228404050E-017
         221           2  0.000000000000000E+000 -5.038387715926264E-018
         222           1  0.000000000000000E+000 -1.996161228404178E-017
         222           2  0.000000000000000E+000 -5.038387715926653E-018
         223           1  0.000000000000000E+000 -1.996161228403889E-017
         223           2  0.000000000000000E+000 -5.038387715925435E-018
         224           1  0.000000000000000E+000 -1.996161228406427E-017
         224           2  0.000000000000000E+000 -5.038387715929928E-018
         225           1  0.000000000000000E+000 -1.996161228406563E-017
         225           2  0.000000000000000E+000 -5.038387715930073E-018
         226           1  0.000000000000000E+000 -1.996161228406600E-017
         226           2  0.000000000000000E+000 -5.038387715930227E-018
         227           1  0.000000000000000E+000 -1.996161228406677E-017
         227           2  0.000000000000000E+000 -5.038387715930523E-018
         228           1  0.000000000000000E+000 -1.996161228406622E-017
         228           2  0.000000000000000E+000 -5.038387715930514E-018
         229           1  0.000000000000000E+000 -1.996161228406681E-017
         229           2  0.000000000000000E+000 -5.038387715930719E-018
         230           1  0.000000000000000E+000 -1.996161228406791E-017
         230           2  0.000000000000000E+000 -5.038387715931037E-018
         231           1  0.000000000000000E+000 -1.996161228407049E-017
         231           2  0.000000000000000E+000 -5.038387715931112E-018
         232           1  0.000000000000000E+000 -1.996161228407170E-017
         232           2  0.000000000000000E+000 -5.038387715931258E-018
         233           1  0.000000000000000E+000 -1.996161228407108E-017
         233           2  0.000000000000000E+000 -5.038387715931349E-018
         234           1  0.000000000000000E+000 -1.996161228407061E-017
         234           2  0.000000000000000E+000 -5.038387715931209E-018
         235           1  0.000000000000000E+000 -1.996161228406993E-017
         235           2  0.000000000000000E+000 -5.038387715930952E-018
         236           1  0.000000000000000E+000 -1.996161228406771E-017
         236           2  0.000000000000000E+000 -5.038387715930455E-018
         237           1  0.000000000000000E+000 -1.996161228406729E-017
         237           2  0.000000000000000E+000 -5.038387715930558E-018
         238           1  0.000000000000000E+000 -1.996161228406325E-017
         238           2  0.000000000000000E+000 -5.038387715930048E-018
         239           1  0.000000000000000E+000 -1.996161228406383E-017
         239           2  0.000000000000000E+000 -5.038387715930052E-018
         240           1  0.000000000000000E+000 -1.996161228406271E-017
         240           2  0.000000000000000E+000 -5.038387715930232E-018
         241           1  0.000000000000000E+000 -1.996161228403943E-017
         241           2  0.000000000000000E+000 -5.038387715926075E-018
         242           1  0.000000000000000E+000 -1.996161228404313E-017
         242           2  0.000000000000000E+000 -5.038387715927267E-018
         243           1  0.000000000000000E+000 -1.996161228404811E-017
         243           2  0.000000000000000E+000 -5.038387715927005E-018
         244           1  0.000000000000000E+000 -1.996161228404341E-017
         244           2  0.000000000000000E+000 -5.038387715925341E-018
         245           1  0.000000000000000E+000 -1.996161228406518E-017
         245           2  0.000000000000000E+000 -5.038387715930185E-018
         246           1  0.000000000000000E+000 -1.996161228406623E-017
         246           2  0.000000000000000E+000 -5.038387715930150E-018
         247           1  0.000000000000000E+000 -1.996161228406654E-017
         247           2  0.000000000000000E+000 -5.038387715930597E-018
         248           1  0.000000000000000E+000 -1.996161228406567E-017
         248           2  0.000000000000000E+000 -5.038387715930523E-018
         249           1  0.000000000000000E+000 -1.996161228406633E-017
         249           2  0.000000000000000E+000 -5.038387715930753E-018
         250           1  0.000000000000000E+000 -1.996161228406777E-017
         250           2  0.000000000000000E+000 -5.038387715930639E-018
         251           1  0.000000000000000E+000 -1.996161228407075E-017
         251           2  0.000000000000000E+000 -5.038387715930988E-018
         252           1  0.000000000000000E+000 -1.996161228407211E-017
         252           2  0.000000000000000E+000 -5.038387715931312E-018
         253           1  0.000000000000000E+000 -1.996161228407127E-017
         253           2  0.000000000000000E+000 -5.038387715931367E-018
         254           1  0.000000000000000E+000 -1.996161228407084E-017
         254           2  0.000000000000000E+000 -5.038387715931152E-018
         255           1  0.000000000000000E+000 -1.996161228406978E-017
         255           2  0.000000000000000E+000 -5.038387715931042E-018
         256           1  0.000000000000000E+000 -1.996161228406817E-017
         256           2  0.000000000000000E+000 -5.038387715930692E-018
         257           1  0.000000000000000E+000 -1.996161228406625E-017
         257           2  0.000000000000000E+000 -5.038387715930562E-018
         258           1  0.000000000000000E+000 -1.996161228406437E-017
         258           2  0.000000000000000E+000 -5.038387715930364E-018
         259           1  0.000000000000000E+000 -1.996161228406243E-017
         259           2  0.000000000000000E+000 -5.038387715929853E-018
         260           1  0.000000000000000E+000 -1.996161228406240E-017
         260           2  0.000000000000000E+000 -5.038387715929991E-018
         261           1  0.000000000000000E+000 -1.996161228404108E-017
         261           2  0.000000000000000E+000 -5.038387715925946E-018
         262           1  0.000000000000000E+000 -1.996161228404254E-017
         262           2  0.000000000000000E+000 -5.038387715926710E-018
         263           1  0.000000000000000E+000 -1.996161228404411E-017
         263           2  0.000000000000000E+000 -5.038387715927198E-018
         264           1  0.000000000000000E+000 -1.996161228404434E-017
         264           2  0.000000000000000E+000 -5.038387715926160E-018
         265           1  0.000000000000000E+000 -1.996161228406529E-017
         265           2  0.000000000000000E+000 -5.038387715930134E-018
         266           1  0.000000000000000E+000 -1.996161228406647E-017
         266           2  0.000000000000000E+000 -5.038387715930361E-018
         267           1  0.000000000000000E+000 -1.996161228406754E-017
         267           2  0.000000000000000E+000 -5.038387715930684E-018
         268           1  0.000000000000000E+000 -1.996161228406688E-017
         268           2  0.000000000000000E+000 -5.038387715930584E-018
         269           1  0.000000000000000E+000 -1.996161228406690E-017
         269           2  0.000000000000000E+000 -5.038387715930593E-018
         270           1  0.000000000000000E+000 -1.996161228406792E-017
         270           2  0.000000000000000E+000 -5.038387715930317E-018
         271           1  0.000000000000000E+000 -1.996161228406969E-017
         271           2  0.000000000000000E+000 -5.038387715930968E-018
         272           1  0.000000000000000E+000 -1.996161228407102E-017
         272           2  0.000000000000000E+000 -5.038387715931447E-018
         273           1  0.000000000000000E+000 -1.996161228406962E-017
         273           2  0.000000000000000E+000 -5.038387715931457E-018
         274           1  0.000000000000000E+000 -1.996161228406967E-017
         274           2  0.000000000000000E+000 -5.038387715931206E-018
         275           1  0.000000000000000E+000 -1.996161228406872E-017
         275           2  0.000000000000000E+000 -5.038387715931066E-018
         276           1  0.000000000000000E+000 -1.996161228406823E-017
         276           2  0.000000000000000E+000 -5.038387715930833E-018
         277           1  0.000000000000000E+000 -1.996161228406622E-017
         277           2  0.000000000000000E+000 -5.038387715930468E-018
         278           1  0.000000000000000E+000 -1.996161228406409E-017
         278           2  0.000000000000000E+000 -5.038387715930159E-018
         279           1  0.000000000000000E+000 -1.996161228406377E-017
         279           2  0.000000000000000E+000 -5.038387715929886E-018
         280           1  0.000000000000000E+000 -1.996161228406229E-017
         280           2  0.000000000000000E+000 -5.038387715929814E-018
         281           1  0.000000000000000E+000 -1.996161228404203E-017
         281           2  0.000000000000000E+000 -5.038387715925918E-018
         282           1  0.000000000000000E+000 -1.996161228404487E-017
         282           2  0.000000000000000E+000 -5.038387715926432E-018
         283           1  0.000000000000000E+000 -1.996161228404261E-017
         283           2  0.000000000000000E+000 -5.038387715926877E-018
         284           1  0.000000000000000E+000 -1.996161228404300E-017
         284           2  0.000000000000000E+000 -5.038387715926368E-018
         285           1  0.000000000000000E+000 -1.996161228406499E-017
         285           2  0.000000000000000E+000 -5.038387715930254E-018
         286           1  0.000000000000000E+000 -1.996161228406635E-017
         286           2  0.000000000000000E+000 -5.038387715930494E-018
         287           1  0.000000000000000E+000 -1.996161228406688E-017
         287           2  0.000000000000000E+000 -5.038387715930618E-018
         288           1  0.000000000000000E+000 -1.996161228406638E-017
         288           2  0.000000000000000E+000 -5.038387715930521E-018
         289           1  0.000000000000000E+000 -1.996161228406629E-017
         289           2  0.000000000000000E+000 -5.038387715930619E-018
         290           1  0.000000000000000E+000 -1.996161228406729E-017
         290           2  0.000000000000000E+000 -5.038387715930366E-018
         291           1  0.000000000000000E+000 -1.996161228406926E-017
         291           2  0.000000000000000E+000 -5.038387715930624E-018
         292           1  0.000000000000000E+000 -1.996161228407008E-017
         292           2  0.000000000000000E+000 -5.038387715931168E-018
         293           1  0.000000000000000E+000 -1.996161228406956E-017
         293           2  0.000000000000000E+000 -5.038387715930925E-018
         294           1  0.000000000000000E+000 -1.996161228406983E-017
         294           2  0.000000000000000E+000 -5.038387715931016E-018
         295           1  0.000000000000000E+000 -1.996161228406878E-017
         295           2  0.000000000000000E+000 -5.038387715931136E-018
         296           1  0.000000000000000E+000 -1.996161228406803E-017
         296           2  0.000000000000000E+000 -5.038387715930696E-018
         297           1  0.000000000000000E+000 -1.996161228406582E-017
         297           2  0.000000000000000E+000 -5.038387715930303E-018
         298           1  0.000000000000000E+000 -1.996161228406522E-017
         298           2  0.000000000000000E+000 -5.038387715930272E-018
         299           1  0.000000000000000E+000 -1.996161228406431E-017
         299           2  0.000000000000000E+000 -5.038387715930008E-018
         300           1  0.000000000000000E+000 -1.996161228406226E-017
         300           2  0.000000000000000E+000 -5.038387715929944E-018
         301           1  0.000000000000000E+000 -1.996161228403942E-017
         301           2  0.000000000000000E+000 -5.038387715926226E-018
         302           1  0.000000000000000E+000 -1.996161228404360E-017
         302           2  0.000000000000000E+000 -5.038387715926680E-018
         303           1  0.000000000000000E+000 -1.996161228404179E-017
         303           2  0.000000000000000E+000 -5.038387715927586E-018
         304           1  0.000000000000000E+000 -1.996161228403647E-017
         304           2  0.000000000000000E+000 -5.038387715925851E-018
         305           1  0.000000000000000E+000 -1.996161228406417E-017
         305           2  0.000000000000000E+000 -5.038387715929970E-018
         306           1  0.000000000000000E+000 -1.996161228406481E-017
         306           2  0.000000000000000E+000 -5.038387715930172E-018
         307           1  0.000000000000000E+000 -1.996161228406517E-017
         307           2  0.000000000000000E+000 -5.038387715930230E-018
         308           1  0.000000000000000E+000 -1.996161228406485E-017
         308           2  0.000000000000000E+000 -5.038387715930359E-018
         309           1  0.000000000000000E+000 -1.996161228406473E-017
         309           2  0.000000000000000E+000 -5.038387715930459E-018
         310           1  0.000000000000000E+000 -1.996161228406511E-017
         310           2  0.000000000000000E+000 -5.038387715930169E-018
         311           1  0.000000000000000E+000 -1.996161228406609E-017
         311           2  0.000000000000000E+000 -5.038387715930185E-018
         312           1  0.000000000000000E+000 -1.996161228406800E-017
         312           2  0.000000000000000E+000 -5.038387715930882E-018
         313           1  0.000000000000000E+000 -1.996161228406943E-017
         313           2  0.000000000000000E+000 -5.038387715931144E-018
         314           1  0.000000000000000E+000 -1.996161228407000E-017
         314           2  0.000000000000000E+000 -5.038387715931198E-018
         315           1  0.000000000000000E+000 -1.996161228406869E-017
         315           2  0.000000000000000E+000 -5.038387715931027E-018
         316           1  0.000000000000000E+000 -1.996161228406704E-017
         316           2  0.000000000000000E+000 -5.038387715930744E-018
         317           1  0.000000000000000E+000 -1.996161228406773E-017
         317           2  0.000000000000000E+000 -5.038387715930538E-018
         318           1  0.000000000000000E+000 -1.996161228406602E-017
         318           2  0.000000000000000E+000 -5.038387715930355E-018
         319           1  0.000000000000000E+000 -1.996161228406325E-017
         319           2  0.000000000000000E+000 -5.038387715930265E-018
         320           1  0.000000000000000E+000 -1.996161228406213E-017
         320           2  0.000000000000000E+000 -5.038387715929881E-018
         321           1  0.000000000000000E+000 -1.996161228403874E-017
         321           2  0.000000000000000E+000 -5.038387715926344E-018
         322           1  0.000000000000000E+000 -1.996161228404220E-017
         322           2  0.000000000000000E+000 -5.038387715925987E-018
         323           1  0.000000000000000E+000 -1.996161228403770E-017
         323           2  0.000000000000000E+000 -5.038387715925827E-018
         324           1  0.000000000000000E+000 -1.996161228406222E-017
         324           2  0.000000000000000E+000 -5.038387715929698E-018
         325           1  0.000000000000000E+000 -1.996161228406261E-017
         325           2  0.000000000000000E+000 -5.038387715929923E-018
         326           1  0.000000000000000E+000 -1.996161228406327E-017
         326           2  0.000000000000000E+000 -5.038387715930131E-018
         327           1  0.000000000000000E+000 -1.996161228406507E-017
         327           2  0.000000000000000E+000 -5.038387715930192E-018
         328           1  0.000000000000000E+000 -1.996161228406297E-017
         328           2  0.000000000000000E+000 -5.038387715930031E-018
         329           1  0.000000000000000E+000 -1.996161228406200E-017
         329           2  0.000000000000000E+000 -5.038387715929770E-018
         330           1  0.000000000000000E+000 -1.996161228406164E-017
         330           2  0.000000000000000E+000 -5.038387715929572E-018
         331           1  0.000000000000000E+000 -1.996161228406181E-017
         331           2  0.000000000000000E+000 -5.038387715929532E-018
         332           1  0.000000000000000E+000 -1.996161228406507E-017
         332           2  0.000000000000000E+000 -5.038387715930099E-018
         333           1  0.000000000000000E+000 -1.996161228406673E-017
         333           2  0.000000000000000E+000 -5.038387715930650E-018
         334           1  0.000000000000000E+000 -1.996161228406657E-017
         334           2  0.000000000000000E+000 -5.038387715930559E-018
         335           1  0.000000000000000E+000 -1.996161228406579E-017
         335           2  0.000000000000000E+000 -5.038387715930705E-018
         336           1  0.000000000000000E+000 -1.996161228406466E-017
         336           2  0.000000000000000E+000 -5.038387715930313E-018
         337           1  0.000000000000000E+000 -1.996161228406547E-017
         337           2  0.000000000000000E+000 -5.038387715930309E-018
         338           1  0.000000000000000E+000 -1.996161228406499E-017
         338           2  0.000000000000000E+000 -5.038387715930199E-018
         339           1  0.000000000000000E+000 -1.996161228406259E-017
         339           2  0.000000000000000E+000 -5.038387715929955E-018
         340           1  0.000000000000000E+000 -1.996161228406018E-017
         340           2  0.000000000000000E+000 -5.038387715929310E-018
         341           1  0.000000000000000E+000 -1.996161228403910E-017
         341           2  0.000000000000000E+000 -5.038387715925929E-018
         342           1  0.000000000000000E+000 -1.996161228404379E-017
         342           2  0.000000000000000E+000 -5.038387715925687E-018
         343           1  0.000000000000000E+000 -1.996161228403010E-017
         343           2  0.000000000000000E+000 -5.038387715924740E-018
         344           1  0.000000000000000E+000 -1.996161228403414E-017
         344           2  0.000000000000000E+000 -5.038387715925348E-018
         345           1  0.000000000000000E+000 -1.996161228406197E-017
         345           2  0.000000000000000E+000 -5.038387715929844E-018
         346           1  0.000000000000000E+000 -1.996161228406344E-017
         346           2  0.000000000000000E+000 -5.038387715930053E-018
         347           1  0.000000000000000E+000 -1.996161228406330E-017
         347           2  0.000000000000000E+000 -5.038387715929763E-018
         348           1  0.000000000000000E+000 -1.996161228406019E-017
         348           2  0.000000000000000E+000 -5.038387715929472E-018
         349           1  0.000000000000000E+000 -1.996161228405943E-017
         349           2  0.000000000000000E+000 -5.038387715929369E-018
         350           1  0.000000000000000E+000 -1.996161228405914E-017
         350           2  0.000000000000000E+000 -5.038387715929299E-018
         351           1  0.000000000000000E+000 -1.996161228406000E-017
         351           2  0.000000000000000E+000 -5.038387715929360E-018
         352           1  0.000000000000000E+000 -1.996161228406335E-017
         352           2  0.000000000000000E+000 -5.038387715929951E-018
         353           1  0.000000000000000E+000 -1.996161228406460E-017
         353           2  0.000000000000000E+000 -5.038387715930360E-018
         354           1  0.000000000000000E+000 -1.996161228406552E-017
         354           2  0.000000000000000E+000 -5.038387715930179E-018
         355           1  0.000000000000000E+000 -1.996161228406494E-017
         355           2  0.000000000000000E+000 -5.038387715930212E-018
         356           1  0.000000000000000E+000 -1.996161228406372E-017
         356           2  0.000000000000000E+000 -5.038387715929622E-018
         357           1  0.000000000000000E+000 -1.996161228406348E-017
         357           2  0.000000000000000E+000 -5.038387715929934E-018
         358           1  0.000000000000000E+000 -1.996161228406306E-017
         358           2  0.000000000000000E+000 -5.038387715930077E-018
         359           1  0.000000000000000E+000 -1.996161228406129E-017
         359           2  0.000000000000000E+000 -5.038387715929760E-018
         360           1  0.000000000000000E+000 -1.996161228405962E-017
         360           2  0.000000000000000E+000 -5.038387715929170E-018
         361           1  0.000000000000000E+000 -1.996161228403672E-017
         361           2  0.000000000000000E+000 -5.038387715925398E-018
         362           1  0.000000000000000E+000 -1.996161228404199E-017
         362           2  0.000000000000000E+000 -5.038387715926060E-018
         363           1  0.000000000000000E+000 -1.996161228403530E-017
         363           2  0.000000000000000E+000 -5.038387715925045E-018
         364           1  0.000000000000000E+000 -1.996161228403870E-017
         364           2  0.000000000000000E+000 -5.038387715925526E-018
         365           1  0.000000000000000E+000 -1.996161228406318E-017
         365           2  0.000000000000000E+000 -5.038387715929870E-018
         366           1  0.000000000000000E+000 -1.996161228406425E-017
         366           2  0.000000000000000E+000 -5.038387715929943E-018
         367           1  0.000000000000000E+000 -1.996161228406128E-017
         367           2  0.000000000000000E+000 -5.038387715929402E-018
         368           1  0.000000000000000E+000 -1.996161228405862E-017
         368           2  0.000000000000000E+000 -5.038387715929307E-018
         369           1  0.000000000000000E+000 -1.996161228405829E-017
         369           2  0.000000000000000E+000 -5.038387715928997E-018
         370           1  0.000000000000000E+000 -1.996161228405697E-017
         370           2  0.000000000000000E+000 -5.038387715928827E-018
         371           1  0.000000000000000E+000 -1.996161228405983E-017
         371           2  0.000000000000000E+000 -5.038387715929240E-018
         372           1  0.000000000000000E+000 -1.996161228406342E-017
         372           2  0.000000000000000E+000 -5.038387715929867E-018
         373           1  0.000000000000000E+000 -1.996161228406496E-017
         373           2  0.000000000000000E+000 -5.038387715929921E-018
         374           1  0.000000000000000E+000 -1.996161228406586E-017
         374           2  0.000000000000000E+000 -5.038387715930162E-018
         375           1  0.000000000000000E+000 -1.996161228406442E-017
         375           2  0.000000000000000E+000 -5.038387715930069E-018
         376           1  0.000000000000000E+000 -1.996161228406336E-017
         376           2  0.000000000000000E+000 -5.038387715929828E-018
         377           1  0.000000000000000E+000 -1.996161228406265E-017
         377           2  0.000000000000000E+000 -5.038387715929838E-018
         378           1  0.000000000000000E+000 -1.996161228406230E-017
         378           2  0.000000000000000E+000 -5.038387715930042E-018
         379           1  0.000000000000000E+000 -1.996161228406095E-017
         379           2  0.000000000000000E+000 -5.038387715929721E-018
         380           1  0.000000000000000E+000 -1.996161228405794E-017
         380           2  0.000000000000000E+000 -5.038387715928846E-018
         381           1  0.000000000000000E+000 -1.996161228403554E-017
         381           2  0.000000000000000E+000 -5.038387715925623E-018
         382           1  0.000000000000000E+000 -1.996161228403735E-017
         382           2  0.000000000000000E+000 -5.038387715926095E-018
         383           1  0.000000000000000E+000 -1.996161228403545E-017
         383           2  0.000000000000000E+000 -5.038387715924902E-018
         384           1  0.000000000000000E+000 -1.996161228403355E-017
         384           2  0.000000000000000E+000 -5.038387715924812E-018
         385           1  0.000000000000000E+000 -1.996161228406248E-017
         385           2  0.000000000000000E+000 -5.038387715929856E-018
         386           1  0.000000000000000E+000 -1.996161228406297E-017
         386           2  0.000000000000000E+000 -5.038387715929924E-018
         387           1  0.000000000000000E+000 -1.996161228405956E-017
         387           2  0.000000000000000E+000 -5.038387715928957E-018
         388           1  0.000000000000000E+000 -1.996161228405611E-017
         388           2  0.000000000000000E+000 -5.038387715928510E-018
         389           1  0.000000000000000E+000 -1.996161228405570E-017
         389           2  0.000000000000000E+000 -5.038387715928569E-018
         390           1  0.000000000000000E+000 -1.996161228405750E-017
         390           2  0.000000000000000E+000 -5.038387715928988E-018
         391           1  0.000000000000000E+000 -1.996161228405954E-017
         391           2  0.000000000000000E+000 -5.038387715929290E-018
         392           1  0.000000000000000E+000 -1.996161228406383E-017
         392           2  0.000000000000000E+000 -5.038387715929836E-018
         393           1  0.000000000000000E+000 -1.996161228406396E-017
         393           2  0.000000000000000E+000 -5.038387715929803E-018
         394           1  0.000000000000000E+000 -1.996161228406384E-017
         394           2  0.000000000000000E+000 -5.038387715929928E-018
         395           1  0.000000000000000E+000 -1.996161228406341E-017
         395           2  0.000000000000000E+000 -5.038387715929924E-018
         396           1  0.000000000000000E+000 -1.996161228406217E-017
         396           2  0.000000000000000E+000 -5.038387715929837E-018
         397           1  0.000000000000000E+000 -1.996161228406183E-017
         397           2  0.000000000000000E+000 -5.038387715929647E-018
         398           1  0.000000000000000E+000 -1.996161228406087E-017
         398           2  0.000000000000000E+000 -5.038387715929605E-018
         399           1  0.000000000000000E+000 -1.996161228405936E-017
         399           2  0.000000000000000E+000 -5.038387715929328E-018
         400           1  0.000000000000000E+000 -1.996161228405614E-017
         400           2  0.000000000000000E+000 -5.038387715928759E-018
