           1           1  0.000000000000000E+000 -3.117098445596452E-017
           1           2  0.000000000000000E+000 -3.282901554405697E-017
           2           1  0.000000000000000E+000 -3.117098445596819E-017
           2           2  0.000000000000000E+000 -3.282901554406285E-017
           3           1  0.000000000000000E+000 -3.117098445595255E-017
           3           2  0.000000000000000E+000 -3.282901554403333E-017
           4           1  0.000000000000000E+000 -3.117098445595775E-017
           4           2  0.000000000000000E+000 -3.282901554404793E-017
           5           1  0.000000000000000E+000 -3.117098445596286E-017
           5           2  0.000000000000000E+000 -3.282901554405087E-017
           6           1  0.000000000000000E+000 -3.117098445595940E-017
           6           2  0.000000000000000E+000 -3.282901554404209E-017
           7           1  0.000000000000000E+000 -3.117098445595173E-017
           7           2  0.000000000000000E+000 -3.282901554403290E-017
           8           1  0.000000000000000E+000 -3.117098445595229E-017
           8           2  0.000000000000000E+000 -3.282901554403702E-017
           9           1  0.000000000000000E+000 -3.117098445595494E-017
           9           2  0.000000000000000E+000 -3.282901554404453E-017
          10           1  0.000000000000000E+000 -3.117098445595332E-017
          10           2  0.000000000000000E+000 -3.282901554404162E-017
          11           1  0.000000000000000E+000 -3.117098445595501E-017
          11           2  0.000000000000000E+000 -3.282901554404292E-017
          12           1  0.000000000000000E+000 -3.117098445595565E-017
          12           2  0.000000000000000E+000 -3.282901554404920E-017
          13           1  0.000000000000000E+000 -3.117098445595867E-017
          13           2  0.000000000000000E+000 -3.282901554405335E-017
          14           1  0.000000000000000E+000 -3.117098445595921E-017
          14           2  0.000000000000000E+000 -3.282901554405354E-017
          15           1  0.000000000000000E+000 -3.117098445595701E-017
          15           2  0.000000000000000E+000 -3.282901554404886E-017
          16           1  0.000000000000000E+000 -3.117098445595780E-017
          16           2  0.000000000000000E+000 -3.282901554404724E-017
          17           1  0.000000000000000E+000 -3.117098445595976E-017
          17           2  0.000000000000000E+000 -3.282901554405533E-017
          18           1  0.000000000000000E+000 -3.117098445596202E-017
          18           2  0.000000000000000E+000 -3.282901554405703E-017
          19           1  0.000000000000000E+000 -3.117098445596121E-017
          19           2  0.000000000000000E+000 -3.282901554405562E-017
          20           1  0.000000000000000E+000 -3.117098445595999E-017
          20           2  0.000000000000000E+000 -3.282901554405364E-017
          21           1  0.000000000000000E+000 -3.117098445595987E-017
          21           2  0.000000000000000E+000 -3.282901554405016E-017
          22           1  0.000000000000000E+000 -3.117098445597544E-017
          22           2  0.000000000000000E+000 -3.282901554406397E-017
          23           1  0.000000000000000E+000 -3.117098445597937E-017
          23           2  0.000000000000000E+000 -3.282901554407864E-017
          24           1  0.000000000000000E+000 -3.117098445594595E-017
          24           2  0.000000000000000E+000 -3.282901554403137E-017
          25           1  0.000000000000000E+000 -3.117098445595350E-017
          25           2  0.000000000000000E+000 -3.282901554403360E-017
          26           1  0.000000000000000E+000 -3.117098445595253E-017
          26           2  0.000000000000000E+000 -3.282901554402983E-017
          27           1  0.000000000000000E+000 -3.117098445595231E-017
          27           2  0.000000000000000E+000 -3.282901554403340E-017
          28           1  0.000000000000000E+000 -3.117098445595401E-017
          28           2  0.000000000000000E+000 -3.282901554403954E-017
          29           1  0.000000000000000E+000 -3.117098445595329E-017
          29           2  0.000000000000000E+000 -3.282901554404635E-017
          30           1  0.000000000000000E+000 -3.117098445595048E-017
          30           2  0.000000000000000E+000 -3.282901554404629E-017
          31           1  0.000000000000000E+000 -3.117098445595249E-017
          31           2  0.000000000000000E+000 -3.282901554404535E-017
          32           1  0.000000000000000E+000 -3.117098445595461E-017
          32           2  0.000000000000000E+000 -3.282901554404592E-017
          33           1  0.000000000000000E+000 -3.117098445595716E-017
          33           2  0.000000000000000E+000 -3.282901554404799E-017
          34           1  0.000000000000000E+000 -3.117098445595918E-017
          34           2  0.000000000000000E+000 -3.282901554404950E-017
          35           1  0.000000000000000E+000 -3.117098445595803E-017
          35           2  0.000000000000000E+000 -3.282901554404597E-017
          36           1  0.000000000000000E+000 -3.117098445595488E-017
          36           2  0.000000000000000E+000 -3.282901554405194E-017
          37           1  0.000000000000000E+000 -3.117098445595870E-017
          37           2  0.000000000000000E+000 -3.282901554405685E-017
          38           1  0.000000000000000E+000 -3.117098445596240E-017
          38           2  0.000000000000000E+000 -3.282901554405682E-017
          39           1  0.000000000000000E+000 -3.117098445596345E-017
          39           2  0.000000000000000E+000 -3.282901554405664E-017
          40           1  0.000000000000000E+000 -3.117098445596238E-017
          40           2  0.000000000000000E+000 -3.282901554405372E-017
          41           1  0.000000000000000E+000 -3.117098445595766E-017
          41           2  0.000000000000000E+000 -3.282901554405355E-017
          42           1  0.000000000000000E+000 -3.117098445596927E-017
          42           2  0.000000000000000E+000 -3.282901554407062E-017
          43           1  0.000000000000000E+000 -3.117098445596812E-017
          43           2  0.000000000000000E+000 -3.282901554406858E-017
          44           1  0.000000000000000E+000 -3.117098445595620E-017
          44           2  0.000000000000000E+000 -3.282901554404461E-017
          45           1  0.000000000000000E+000 -3.117098445595392E-017
          45           2  0.000000000000000E+000 -3.282901554403601E-017
          46           1  0.000000000000000E+000 -3.117098445595354E-017
          46           2  0.000000000000000E+000 -3.282901554403602E-017
          47           1  0.000000000000000E+000 -3.117098445595079E-017
          47           2  0.000000000000000E+000 -3.282901554403103E-017
          48           1  0.000000000000000E+000 -3.117098445595295E-017
          48           2  0.000000000000000E+000 -3.282901554403219E-017
          49           1  0.000000000000000E+000 -3.117098445595349E-017
          49           2  0.000000000000000E+000 -3.282901554403747E-017
          50           1  0.000000000000000E+000 -3.117098445595385E-017
          50           2  0.000000000000000E+000 -3.282901554404212E-017
          51           1  0.000000000000000E+000 -3.117098445595428E-017
          51           2  0.000000000000000E+000 -3.282901554404491E-017
          52           1  0.000000000000000E+000 -3.117098445595650E-017
          52           2  0.000000000000000E+000 -3.282901554404373E-017
          53           1  0.000000000000000E+000 -3.117098445595877E-017
          53           2  0.000000000000000E+000 -3.282901554404345E-017
          54           1  0.000000000000000E+000 -3.117098445596117E-017
          54           2  0.000000000000000E+000 -3.282901554404441E-017
          55           1  0.000000000000000E+000 -3.117098445596221E-017
          55           2  0.000000000000000E+000 -3.282901554404594E-017
          56           1  0.000000000000000E+000 -3.117098445595663E-017
          56           2  0.000000000000000E+000 -3.282901554404566E-017
          57           1  0.000000000000000E+000 -3.117098445595899E-017
          57           2  0.000000000000000E+000 -3.282901554405069E-017
          58           1  0.000000000000000E+000 -3.117098445596031E-017
          58           2  0.000000000000000E+000 -3.282901554405247E-017
          59           1  0.000000000000000E+000 -3.117098445595756E-017
          59           2  0.000000000000000E+000 -3.282901554405602E-017
          60           1  0.000000000000000E+000 -3.117098445596008E-017
          60           2  0.000000000000000E+000 -3.282901554405496E-017
          61           1  0.000000000000000E+000 -3.117098445594425E-017
          61           2  0.000000000000000E+000 -3.282901554403089E-017
          62           1  0.000000000000000E+000 -3.117098445594800E-017
          62           2  0.000000000000000E+000 -3.282901554403447E-017
          63           1  0.000000000000000E+000 -3.117098445594483E-017
          63           2  0.000000000000000E+000 -3.282901554402670E-017
          64           1  0.000000000000000E+000 -3.117098445595084E-017
          64           2  0.000000000000000E+000 -3.282901554403199E-017
          65           1  0.000000000000000E+000 -3.117098445594779E-017
          65           2  0.000000000000000E+000 -3.282901554403148E-017
          66           1  0.000000000000000E+000 -3.117098445594244E-017
          66           2  0.000000000000000E+000 -3.282901554401798E-017
          67           1  0.000000000000000E+000 -3.117098445595077E-017
          67           2  0.000000000000000E+000 -3.282901554402800E-017
          68           1  0.000000000000000E+000 -3.117098445595269E-017
          68           2  0.000000000000000E+000 -3.282901554403340E-017
          69           1  0.000000000000000E+000 -3.117098445595321E-017
          69           2  0.000000000000000E+000 -3.282901554403763E-017
          70           1  0.000000000000000E+000 -3.117098445595031E-017
          70           2  0.000000000000000E+000 -3.282901554403810E-017
          71           1  0.000000000000000E+000 -3.117098445594946E-017
          71           2  0.000000000000000E+000 -3.282901554404068E-017
          72           1  0.000000000000000E+000 -3.117098445595663E-017
          72           2  0.000000000000000E+000 -3.282901554404260E-017
          73           1  0.000000000000000E+000 -3.117098445595929E-017
          73           2  0.000000000000000E+000 -3.282901554404067E-017
          74           1  0.000000000000000E+000 -3.117098445596310E-017
          74           2  0.000000000000000E+000 -3.282901554404169E-017
          75           1  0.000000000000000E+000 -3.117098445596448E-017
          75           2  0.000000000000000E+000 -3.282901554404619E-017
          76           1  0.000000000000000E+000 -3.117098445595833E-017
          76           2  0.000000000000000E+000 -3.282901554404280E-017
          77           1  0.000000000000000E+000 -3.117098445595862E-017
          77           2  0.000000000000000E+000 -3.282901554404949E-017
          78           1  0.000000000000000E+000 -3.117098445595869E-017
          78           2  0.000000000000000E+000 -3.282901554404745E-017
          79           1  0.000000000000000E+000 -3.117098445595635E-017
          79           2  0.000000000000000E+000 -3.282901554405353E-017
          80           1  0.000000000000000E+000 -3.117098445595409E-017
          80           2  0.000000000000000E+000 -3.282901554405430E-017
          81           1  0.000000000000000E+000 -3.117098445595443E-017
          81           2  0.000000000000000E+000 -3.282901554402200E-017
          82           1  0.000000000000000E+000 -3.117098445594576E-017
          82           2  0.000000000000000E+000 -3.282901554402112E-017
          83           1  0.000000000000000E+000 -3.117098445593991E-017
          83           2  0.000000000000000E+000 -3.282901554401025E-017
          84           1  0.000000000000000E+000 -3.117098445593830E-017
          84           2  0.000000000000000E+000 -3.282901554400665E-017
          85           1  0.000000000000000E+000 -3.117098445593940E-017
          85           2  0.000000000000000E+000 -3.282901554401431E-017
          86           1  0.000000000000000E+000 -3.117098445594124E-017
          86           2  0.000000000000000E+000 -3.282901554401680E-017
          87           1  0.000000000000000E+000 -3.117098445595346E-017
          87           2  0.000000000000000E+000 -3.282901554403818E-017
          88           1  0.000000000000000E+000 -3.117098445595460E-017
          88           2  0.000000000000000E+000 -3.282901554404374E-017
          89           1  0.000000000000000E+000 -3.117098445595345E-017
          89           2  0.000000000000000E+000 -3.282901554404272E-017
          90           1  0.000000000000000E+000 -3.117098445595315E-017
          90           2  0.000000000000000E+000 -3.282901554404486E-017
          91           1  0.000000000000000E+000 -3.117098445595375E-017
          91           2  0.000000000000000E+000 -3.282901554404575E-017
          92           1  0.000000000000000E+000 -3.117098445595624E-017
          92           2  0.000000000000000E+000 -3.282901554404320E-017
          93           1  0.000000000000000E+000 -3.117098445595929E-017
          93           2  0.000000000000000E+000 -3.282901554403914E-017
          94           1  0.000000000000000E+000 -3.117098445595953E-017
          94           2  0.000000000000000E+000 -3.282901554403780E-017
          95           1  0.000000000000000E+000 -3.117098445595971E-017
          95           2  0.000000000000000E+000 -3.282901554403977E-017
          96           1  0.000000000000000E+000 -3.117098445595852E-017
          96           2  0.000000000000000E+000 -3.282901554404248E-017
          97           1  0.000000000000000E+000 -3.117098445595934E-017
          97           2  0.000000000000000E+000 -3.282901554404481E-017
          98           1  0.000000000000000E+000 -3.117098445595843E-017
          98           2  0.000000000000000E+000 -3.282901554404568E-017
          99           1  0.000000000000000E+000 -3.117098445595510E-017
          99           2  0.000000000000000E+000 -3.282901554404910E-017
         100           1  0.000000000000000E+000 -3.117098445595362E-017
         100           2  0.000000000000000E+000 -3.282901554404830E-017
         101           1  0.000000000000000E+000 -3.117098445594924E-017
         101           2  0.000000000000000E+000 -3.282901554401039E-017
         102           1  0.000000000000000E+000 -3.117098445594444E-017
         102           2  0.000000000000000E+000 -3.282901554400854E-017
         103           1  0.000000000000000E+000 -3.117098445594820E-017
         103           2  0.000000000000000E+000 -3.282901554401661E-017
         104           1  0.000000000000000E+000 -3.117098445594420E-017
         104           2  0.000000000000000E+000 -3.282901554401304E-017
         105           1  0.000000000000000E+000 -3.117098445593504E-017
         105           2  0.000000000000000E+000 -3.282901554400095E-017
         106           1  0.000000000000000E+000 -3.117098445593533E-017
         106           2  0.000000000000000E+000 -3.282901554400548E-017
         107           1  0.000000000000000E+000 -3.117098445595587E-017
         107           2  0.000000000000000E+000 -3.282901554404368E-017
         108           1  0.000000000000000E+000 -3.117098445595883E-017
         108           2  0.000000000000000E+000 -3.282901554405128E-017
         109           1  0.000000000000000E+000 -3.117098445595797E-017
         109           2  0.000000000000000E+000 -3.282901554404743E-017
         110           1  0.000000000000000E+000 -3.117098445595928E-017
         110           2  0.000000000000000E+000 -3.282901554404664E-017
         111           1  0.000000000000000E+000 -3.117098445595467E-017
         111           2  0.000000000000000E+000 -3.282901554404621E-017
         112           1  0.000000000000000E+000 -3.117098445595383E-017
         112           2  0.000000000000000E+000 -3.282901554404454E-017
         113           1  0.000000000000000E+000 -3.117098445595588E-017
         113           2  0.000000000000000E+000 -3.282901554403895E-017
         114           1  0.000000000000000E+000 -3.117098445595591E-017
         114           2  0.000000000000000E+000 -3.282901554403660E-017
         115           1  0.000000000000000E+000 -3.117098445595203E-017
         115           2  0.000000000000000E+000 -3.282901554403388E-017
         116           1  0.000000000000000E+000 -3.117098445595780E-017
         116           2  0.000000000000000E+000 -3.282901554403950E-017
         117           1  0.000000000000000E+000 -3.117098445596026E-017
         117           2  0.000000000000000E+000 -3.282901554404445E-017
         118           1  0.000000000000000E+000 -3.117098445595755E-017
         118           2  0.000000000000000E+000 -3.282901554404502E-017
         119           1  0.000000000000000E+000 -3.117098445595521E-017
         119           2  0.000000000000000E+000 -3.282901554404625E-017
         120           1  0.000000000000000E+000 -3.117098445595441E-017
         120           2  0.000000000000000E+000 -3.282901554404287E-017
         121           1  0.000000000000000E+000 -3.117098445594291E-017
         121           2  0.000000000000000E+000 -3.282901554400102E-017
         122           1  0.000000000000000E+000 -3.117098445593701E-017
         122           2  0.000000000000000E+000 -3.282901554400382E-017
         123           1  0.000000000000000E+000 -3.117098445594070E-017
         123           2  0.000000000000000E+000 -3.282901554401309E-017
         124           1  0.000000000000000E+000 -3.117098445594494E-017
         124           2  0.000000000000000E+000 -3.282901554401703E-017
         125           1  0.000000000000000E+000 -3.117098445593813E-017
         125           2  0.000000000000000E+000 -3.282901554401542E-017
         126           1  0.000000000000000E+000 -3.117098445594945E-017
         126           2  0.000000000000000E+000 -3.282901554402886E-017
         127           1  0.000000000000000E+000 -3.117098445596428E-017
         127           2  0.000000000000000E+000 -3.282901554405448E-017
         128           1  0.000000000000000E+000 -3.117098445596373E-017
         128           2  0.000000000000000E+000 -3.282901554405551E-017
         129           1  0.000000000000000E+000 -3.117098445596392E-017
         129           2  0.000000000000000E+000 -3.282901554405101E-017
         130           1  0.000000000000000E+000 -3.117098445596189E-017
         130           2  0.000000000000000E+000 -3.282901554404836E-017
         131           1  0.000000000000000E+000 -3.117098445595671E-017
         131           2  0.000000000000000E+000 -3.282901554404227E-017
         132           1  0.000000000000000E+000 -3.117098445595381E-017
         132           2  0.000000000000000E+000 -3.282901554404306E-017
         133           1  0.000000000000000E+000 -3.117098445595303E-017
         133           2  0.000000000000000E+000 -3.282901554403920E-017
         134           1  0.000000000000000E+000 -3.117098445595339E-017
         134           2  0.000000000000000E+000 -3.282901554403590E-017
         135           1  0.000000000000000E+000 -3.117098445595277E-017
         135           2  0.000000000000000E+000 -3.282901554403391E-017
         136           1  0.000000000000000E+000 -3.117098445595438E-017
         136           2  0.000000000000000E+000 -3.282901554403789E-017
         137           1  0.000000000000000E+000 -3.117098445595653E-017
         137           2  0.000000000000000E+000 -3.282901554403749E-017
         138           1  0.000000000000000E+000 -3.117098445595337E-017
         138           2  0.000000000000000E+000 -3.282901554404315E-017
         139           1  0.000000000000000E+000 -3.117098445595381E-017
         139           2  0.000000000000000E+000 -3.282901554404280E-017
         140           1  0.000000000000000E+000 -3.117098445595403E-017
         140           2  0.000000000000000E+000 -3.282901554404121E-017
         141           1  0.000000000000000E+000 -3.117098445594073E-017
         141           2  0.000000000000000E+000 -3.282901554400372E-017
         142           1  0.000000000000000E+000 -3.117098445593663E-017
         142           2  0.000000000000000E+000 -3.282901554401144E-017
         143           1  0.000000000000000E+000 -3.117098445594256E-017
         143           2  0.000000000000000E+000 -3.282901554401621E-017
         144           1  0.000000000000000E+000 -3.117098445594801E-017
         144           2  0.000000000000000E+000 -3.282901554402545E-017
         145           1  0.000000000000000E+000 -3.117098445594868E-017
         145           2  0.000000000000000E+000 -3.282901554403379E-017
         146           1  0.000000000000000E+000 -3.117098445596417E-017
         146           2  0.000000000000000E+000 -3.282901554405111E-017
         147           1  0.000000000000000E+000 -3.117098445597419E-017
         147           2  0.000000000000000E+000 -3.282901554407000E-017
         148           1  0.000000000000000E+000 -3.117098445596822E-017
         148           2  0.000000000000000E+000 -3.282901554406274E-017
         149           1  0.000000000000000E+000 -3.117098445596607E-017
         149           2  0.000000000000000E+000 -3.282901554405650E-017
         150           1  0.000000000000000E+000 -3.117098445596325E-017
         150           2  0.000000000000000E+000 -3.282901554405059E-017
         151           1  0.000000000000000E+000 -3.117098445595934E-017
         151           2  0.000000000000000E+000 -3.282901554404378E-017
         152           1  0.000000000000000E+000 -3.117098445595421E-017
         152           2  0.000000000000000E+000 -3.282901554404456E-017
         153           1  0.000000000000000E+000 -3.117098445595204E-017
         153           2  0.000000000000000E+000 -3.282901554404326E-017
         154           1  0.000000000000000E+000 -3.117098445595046E-017
         154           2  0.000000000000000E+000 -3.282901554403524E-017
         155           1  0.000000000000000E+000 -3.117098445595331E-017
         155           2  0.000000000000000E+000 -3.282901554403438E-017
         156           1  0.000000000000000E+000 -3.117098445595391E-017
         156           2  0.000000000000000E+000 -3.282901554403551E-017
         157           1  0.000000000000000E+000 -3.117098445595485E-017
         157           2  0.000000000000000E+000 -3.282901554403535E-017
         158           1  0.000000000000000E+000 -3.117098445595426E-017
         158           2  0.000000000000000E+000 -3.282901554403901E-017
         159           1  0.000000000000000E+000 -3.117098445595194E-017
         159           2  0.000000000000000E+000 -3.282901554403833E-017
         160           1  0.000000000000000E+000 -3.117098445595114E-017
         160           2  0.000000000000000E+000 -3.282901554403454E-017
         161           1  0.000000000000000E+000 -3.117098445594480E-017
         161           2  0.000000000000000E+000 -3.282901554401896E-017
         162           1  0.000000000000000E+000 -3.117098445594839E-017
         162           2  0.000000000000000E+000 -3.282901554403120E-017
         163           1  0.000000000000000E+000 -3.117098445595035E-017
         163           2  0.000000000000000E+000 -3.282901554403757E-017
         164           1  0.000000000000000E+000 -3.117098445594866E-017
         164           2  0.000000000000000E+000 -3.282901554404194E-017
         165           1  0.000000000000000E+000 -3.117098445595300E-017
         165           2  0.000000000000000E+000 -3.282901554404669E-017
         166           1  0.000000000000000E+000 -3.117098445596984E-017
         166           2  0.000000000000000E+000 -3.282901554406656E-017
         167           1  0.000000000000000E+000 -3.117098445597570E-017
         167           2  0.000000000000000E+000 -3.282901554407075E-017
         168           1  0.000000000000000E+000 -3.117098445597279E-017
         168           2  0.000000000000000E+000 -3.282901554406992E-017
         169           1  0.000000000000000E+000 -3.117098445596559E-017
         169           2  0.000000000000000E+000 -3.282901554406602E-017
         170           1  0.000000000000000E+000 -3.117098445596206E-017
         170           2  0.000000000000000E+000 -3.282901554405641E-017
         171           1  0.000000000000000E+000 -3.117098445595725E-017
         171           2  0.000000000000000E+000 -3.282901554405136E-017
         172           1  0.000000000000000E+000 -3.117098445595184E-017
         172           2  0.000000000000000E+000 -3.282901554404601E-017
         173           1  0.000000000000000E+000 -3.117098445595179E-017
         173           2  0.000000000000000E+000 -3.282901554403951E-017
         174           1  0.000000000000000E+000 -3.117098445594830E-017
         174           2  0.000000000000000E+000 -3.282901554403408E-017
         175           1  0.000000000000000E+000 -3.117098445595161E-017
         175           2  0.000000000000000E+000 -3.282901554403333E-017
         176           1  0.000000000000000E+000 -3.117098445595273E-017
         176           2  0.000000000000000E+000 -3.282901554403850E-017
         177           1  0.000000000000000E+000 -3.117098445595291E-017
         177           2  0.000000000000000E+000 -3.282901554403832E-017
         178           1  0.000000000000000E+000 -3.117098445595402E-017
         178           2  0.000000000000000E+000 -3.282901554403793E-017
         179           1  0.000000000000000E+000 -3.117098445595051E-017
         179           2  0.000000000000000E+000 -3.282901554403615E-017
         180           1  0.000000000000000E+000 -3.117098445594751E-017
         180           2  0.000000000000000E+000 -3.282901554403288E-017
         181           1  0.000000000000000E+000 -3.117098445594853E-017
         181           2  0.000000000000000E+000 -3.282901554402939E-017
         182           1  0.000000000000000E+000 -3.117098445594953E-017
         182           2  0.000000000000000E+000 -3.282901554403654E-017
         183           1  0.000000000000000E+000 -3.117098445595055E-017
         183           2  0.000000000000000E+000 -3.282901554404588E-017
         184           1  0.000000000000000E+000 -3.117098445595069E-017
         184           2  0.000000000000000E+000 -3.282901554404380E-017
         185           1  0.000000000000000E+000 -3.117098445595145E-017
         185           2  0.000000000000000E+000 -3.282901554404480E-017
         186           1  0.000000000000000E+000 -3.117098445596577E-017
         186           2  0.000000000000000E+000 -3.282901554405784E-017
         187           1  0.000000000000000E+000 -3.117098445597372E-017
         187           2  0.000000000000000E+000 -3.282901554406182E-017
         188           1  0.000000000000000E+000 -3.117098445597414E-017
         188           2  0.000000000000000E+000 -3.282901554406497E-017
         189           1  0.000000000000000E+000 -3.117098445596638E-017
         189           2  0.000000000000000E+000 -3.282901554406368E-017
         190           1  0.000000000000000E+000 -3.117098445596020E-017
         190           2  0.000000000000000E+000 -3.282901554405674E-017
         191           1  0.000000000000000E+000 -3.117098445595626E-017
         191           2  0.000000000000000E+000 -3.282901554405339E-017
         192           1  0.000000000000000E+000 -3.117098445595381E-017
         192           2  0.000000000000000E+000 -3.282901554404581E-017
         193           1  0.000000000000000E+000 -3.117098445595085E-017
         193           2  0.000000000000000E+000 -3.282901554404044E-017
         194           1  0.000000000000000E+000 -3.117098445594800E-017
         194           2  0.000000000000000E+000 -3.282901554403800E-017
         195           1  0.000000000000000E+000 -3.117098445594969E-017
         195           2  0.000000000000000E+000 -3.282901554403835E-017
         196           1  0.000000000000000E+000 -3.117098445595252E-017
         196           2  0.000000000000000E+000 -3.282901554403786E-017
         197           1  0.000000000000000E+000 -3.117098445595281E-017
         197           2  0.000000000000000E+000 -3.282901554403810E-017
         198           1  0.000000000000000E+000 -3.117098445595304E-017
         198           2  0.000000000000000E+000 -3.282901554403662E-017
         199           1  0.000000000000000E+000 -3.117098445594914E-017
         199           2  0.000000000000000E+000 -3.282901554403445E-017
         200           1  0.000000000000000E+000 -3.117098445594763E-017
         200           2  0.000000000000000E+000 -3.282901554403460E-017
         201           1  0.000000000000000E+000 -3.117098445595060E-017
         201           2  0.000000000000000E+000 -3.282901554403093E-017
         202           1  0.000000000000000E+000 -3.117098445595033E-017
         202           2  0.000000000000000E+000 -3.282901554403504E-017
         203           1  0.000000000000000E+000 -3.117098445594886E-017
         203           2  0.000000000000000E+000 -3.282901554403890E-017
         204           1  0.000000000000000E+000 -3.117098445594875E-017
         204           2  0.000000000000000E+000 -3.282901554404266E-017
         205           1  0.000000000000000E+000 -3.117098445594904E-017
         205           2  0.000000000000000E+000 -3.282901554404422E-017
         206           1  0.000000000000000E+000 -3.117098445595774E-017
         206           2  0.000000000000000E+000 -3.282901554404688E-017
         207           1  0.000000000000000E+000 -3.117098445596674E-017
         207           2  0.000000000000000E+000 -3.282901554405583E-017
         208           1  0.000000000000000E+000 -3.117098445596940E-017
         208           2  0.000000000000000E+000 -3.282901554405813E-017
         209           1  0.000000000000000E+000 -3.117098445596534E-017
         209           2  0.000000000000000E+000 -3.282901554405773E-017
         210           1  0.000000000000000E+000 -3.117098445596053E-017
         210           2  0.000000000000000E+000 -3.282901554405479E-017
         211           1  0.000000000000000E+000 -3.117098445595672E-017
         211           2  0.000000000000000E+000 -3.282901554404978E-017
         212           1  0.000000000000000E+000 -3.117098445595233E-017
         212           2  0.000000000000000E+000 -3.282901554404502E-017
         213           1  0.000000000000000E+000 -3.117098445594956E-017
         213           2  0.000000000000000E+000 -3.282901554404035E-017
         214           1  0.000000000000000E+000 -3.117098445594929E-017
         214           2  0.000000000000000E+000 -3.282901554403821E-017
         215           1  0.000000000000000E+000 -3.117098445595288E-017
         215           2  0.000000000000000E+000 -3.282901554403956E-017
         216           1  0.000000000000000E+000 -3.117098445595083E-017
         216           2  0.000000000000000E+000 -3.282901554403989E-017
         217           1  0.000000000000000E+000 -3.117098445595009E-017
         217           2  0.000000000000000E+000 -3.282901554403864E-017
         218           1  0.000000000000000E+000 -3.117098445595385E-017
         218           2  0.000000000000000E+000 -3.282901554403912E-017
         219           1  0.000000000000000E+000 -3.117098445595087E-017
         219           2  0.000000000000000E+000 -3.282901554403656E-017
         220           1  0.000000000000000E+000 -3.117098445594865E-017
         220           2  0.000000000000000E+000 -3.282901554403859E-017
         221           1  0.000000000000000E+000 -3.117098445595240E-017
         221           2  0.000000000000000E+000 -3.282901554402966E-017
         222           1  0.000000000000000E+000 -3.117098445595032E-017
         222           2  0.000000000000000E+000 -3.282901554403211E-017
         223           1  0.000000000000000E+000 -3.117098445595161E-017
         223           2  0.000000000000000E+000 -3.282901554403496E-017
         224           1  0.000000000000000E+000 -3.117098445594887E-017
         224           2  0.000000000000000E+000 -3.282901554403563E-017
         225           1  0.000000000000000E+000 -3.117098445595037E-017
         225           2  0.000000000000000E+000 -3.282901554403533E-017
         226           1  0.000000000000000E+000 -3.117098445595442E-017
         226           2  0.000000000000000E+000 -3.282901554404108E-017
         227           1  0.000000000000000E+000 -3.117098445595957E-017
         227           2  0.000000000000000E+000 -3.282901554404361E-017
         228           1  0.000000000000000E+000 -3.117098445596175E-017
         228           2  0.000000000000000E+000 -3.282901554404735E-017
         229           1  0.000000000000000E+000 -3.117098445595912E-017
         229           2  0.000000000000000E+000 -3.282901554405329E-017
         230           1  0.000000000000000E+000 -3.117098445595631E-017
         230           2  0.000000000000000E+000 -3.282901554405280E-017
         231           1  0.000000000000000E+000 -3.117098445595599E-017
         231           2  0.000000000000000E+000 -3.282901554404436E-017
         232           1  0.000000000000000E+000 -3.117098445595118E-017
         232           2  0.000000000000000E+000 -3.282901554404266E-017
         233           1  0.000000000000000E+000 -3.117098445595023E-017
         233           2  0.000000000000000E+000 -3.282901554403830E-017
         234           1  0.000000000000000E+000 -3.117098445594962E-017
         234           2  0.000000000000000E+000 -3.282901554403701E-017
         235           1  0.000000000000000E+000 -3.117098445595117E-017
         235           2  0.000000000000000E+000 -3.282901554403921E-017
         236           1  0.000000000000000E+000 -3.117098445595168E-017
         236           2  0.000000000000000E+000 -3.282901554404022E-017
         237           1  0.000000000000000E+000 -3.117098445595241E-017
         237           2  0.000000000000000E+000 -3.282901554403721E-017
         238           1  0.000000000000000E+000 -3.117098445595242E-017
         238           2  0.000000000000000E+000 -3.282901554403868E-017
         239           1  0.000000000000000E+000 -3.117098445595136E-017
         239           2  0.000000000000000E+000 -3.282901554403660E-017
         240           1  0.000000000000000E+000 -3.117098445594976E-017
         240           2  0.000000000000000E+000 -3.282901554403889E-017
         241           1  0.000000000000000E+000 -3.117098445595295E-017
         241           2  0.000000000000000E+000 -3.282901554402703E-017
         242           1  0.000000000000000E+000 -3.117098445595310E-017
         242           2  0.000000000000000E+000 -3.282901554403114E-017
         243           1  0.000000000000000E+000 -3.117098445595249E-017
         243           2  0.000000000000000E+000 -3.282901554403276E-017
         244           1  0.000000000000000E+000 -3.117098445595038E-017
         244           2  0.000000000000000E+000 -3.282901554402929E-017
         245           1  0.000000000000000E+000 -3.117098445595052E-017
         245           2  0.000000000000000E+000 -3.282901554403119E-017
         246           1  0.000000000000000E+000 -3.117098445595268E-017
         246           2  0.000000000000000E+000 -3.282901554403587E-017
         247           1  0.000000000000000E+000 -3.117098445595479E-017
         247           2  0.000000000000000E+000 -3.282901554403434E-017
         248           1  0.000000000000000E+000 -3.117098445595663E-017
         248           2  0.000000000000000E+000 -3.282901554403970E-017
         249           1  0.000000000000000E+000 -3.117098445595491E-017
         249           2  0.000000000000000E+000 -3.282901554404222E-017
         250           1  0.000000000000000E+000 -3.117098445595504E-017
         250           2  0.000000000000000E+000 -3.282901554404164E-017
         251           1  0.000000000000000E+000 -3.117098445595401E-017
         251           2  0.000000000000000E+000 -3.282901554403938E-017
         252           1  0.000000000000000E+000 -3.117098445595109E-017
         252           2  0.000000000000000E+000 -3.282901554403423E-017
         253           1  0.000000000000000E+000 -3.117098445595017E-017
         253           2  0.000000000000000E+000 -3.282901554403247E-017
         254           1  0.000000000000000E+000 -3.117098445595141E-017
         254           2  0.000000000000000E+000 -3.282901554403304E-017
         255           1  0.000000000000000E+000 -3.117098445595327E-017
         255           2  0.000000000000000E+000 -3.282901554403497E-017
         256           1  0.000000000000000E+000 -3.117098445595211E-017
         256           2  0.000000000000000E+000 -3.282901554403717E-017
         257           1  0.000000000000000E+000 -3.117098445595185E-017
         257           2  0.000000000000000E+000 -3.282901554403513E-017
         258           1  0.000000000000000E+000 -3.117098445594981E-017
         258           2  0.000000000000000E+000 -3.282901554403503E-017
         259           1  0.000000000000000E+000 -3.117098445594936E-017
         259           2  0.000000000000000E+000 -3.282901554403860E-017
         260           1  0.000000000000000E+000 -3.117098445594850E-017
         260           2  0.000000000000000E+000 -3.282901554403858E-017
         261           1  0.000000000000000E+000 -3.117098445595238E-017
         261           2  0.000000000000000E+000 -3.282901554402943E-017
         262           1  0.000000000000000E+000 -3.117098445595178E-017
         262           2  0.000000000000000E+000 -3.282901554403243E-017
         263           1  0.000000000000000E+000 -3.117098445595240E-017
         263           2  0.000000000000000E+000 -3.282901554403156E-017
         264           1  0.000000000000000E+000 -3.117098445595043E-017
         264           2  0.000000000000000E+000 -3.282901554402862E-017
         265           1  0.000000000000000E+000 -3.117098445594788E-017
         265           2  0.000000000000000E+000 -3.282901554402682E-017
         266           1  0.000000000000000E+000 -3.117098445594952E-017
         266           2  0.000000000000000E+000 -3.282901554402874E-017
         267           1  0.000000000000000E+000 -3.117098445595035E-017
         267           2  0.000000000000000E+000 -3.282901554402925E-017
         268           1  0.000000000000000E+000 -3.117098445595069E-017
         268           2  0.000000000000000E+000 -3.282901554403354E-017
         269           1  0.000000000000000E+000 -3.117098445595048E-017
         269           2  0.000000000000000E+000 -3.282901554403548E-017
         270           1  0.000000000000000E+000 -3.117098445595118E-017
         270           2  0.000000000000000E+000 -3.282901554403738E-017
         271           1  0.000000000000000E+000 -3.117098445595076E-017
         271           2  0.000000000000000E+000 -3.282901554403603E-017
         272           1  0.000000000000000E+000 -3.117098445595202E-017
         272           2  0.000000000000000E+000 -3.282901554403371E-017
         273           1  0.000000000000000E+000 -3.117098445595229E-017
         273           2  0.000000000000000E+000 -3.282901554403110E-017
         274           1  0.000000000000000E+000 -3.117098445595231E-017
         274           2  0.000000000000000E+000 -3.282901554403329E-017
         275           1  0.000000000000000E+000 -3.117098445595202E-017
         275           2  0.000000000000000E+000 -3.282901554403277E-017
         276           1  0.000000000000000E+000 -3.117098445595258E-017
         276           2  0.000000000000000E+000 -3.282901554403492E-017
         277           1  0.000000000000000E+000 -3.117098445595172E-017
         277           2  0.000000000000000E+000 -3.282901554403461E-017
         278           1  0.000000000000000E+000 -3.117098445594972E-017
         278           2  0.000000000000000E+000 -3.282901554403415E-017
         279           1  0.000000000000000E+000 -3.117098445594872E-017
         279           2  0.000000000000000E+000 -3.282901554403590E-017
         280           1  0.000000000000000E+000 -3.117098445594895E-017
         280           2  0.000000000000000E+000 -3.282901554403686E-017
         281           1  0.000000000000000E+000 -3.117098445595367E-017
         281           2  0.000000000000000E+000 -3.282901554403609E-017
         282           1  0.000000000000000E+000 -3.117098445595319E-017
         282           2  0.000000000000000E+000 -3.282901554403947E-017
         283           1  0.000000000000000E+000 -3.117098445595233E-017
         283           2  0.000000000000000E+000 -3.282901554403815E-017
         284           1  0.000000000000000E+000 -3.117098445594841E-017
         284           2  0.000000000000000E+000 -3.282901554403201E-017
         285           1  0.000000000000000E+000 -3.117098445594549E-017
         285           2  0.000000000000000E+000 -3.282901554402985E-017
         286           1  0.000000000000000E+000 -3.117098445594758E-017
         286           2  0.000000000000000E+000 -3.282901554402517E-017
         287           1  0.000000000000000E+000 -3.117098445594592E-017
         287           2  0.000000000000000E+000 -3.282901554402564E-017
         288           1  0.000000000000000E+000 -3.117098445594604E-017
         288           2  0.000000000000000E+000 -3.282901554402947E-017
         289           1  0.000000000000000E+000 -3.117098445594730E-017
         289           2  0.000000000000000E+000 -3.282901554403244E-017
         290           1  0.000000000000000E+000 -3.117098445594895E-017
         290           2  0.000000000000000E+000 -3.282901554403502E-017
         291           1  0.000000000000000E+000 -3.117098445594830E-017
         291           2  0.000000000000000E+000 -3.282901554403490E-017
         292           1  0.000000000000000E+000 -3.117098445595165E-017
         292           2  0.000000000000000E+000 -3.282901554403212E-017
         293           1  0.000000000000000E+000 -3.117098445595165E-017
         293           2  0.000000000000000E+000 -3.282901554402994E-017
         294           1  0.000000000000000E+000 -3.117098445594837E-017
         294           2  0.000000000000000E+000 -3.282901554402946E-017
         295           1  0.000000000000000E+000 -3.117098445594784E-017
         295           2  0.000000000000000E+000 -3.282901554403260E-017
         296           1  0.000000000000000E+000 -3.117098445595132E-017
         296           2  0.000000000000000E+000 -3.282901554403620E-017
         297           1  0.000000000000000E+000 -3.117098445595125E-017
         297           2  0.000000000000000E+000 -3.282901554403664E-017
         298           1  0.000000000000000E+000 -3.117098445595172E-017
         298           2  0.000000000000000E+000 -3.282901554403909E-017
         299           1  0.000000000000000E+000 -3.117098445595167E-017
         299           2  0.000000000000000E+000 -3.282901554403859E-017
         300           1  0.000000000000000E+000 -3.117098445595099E-017
         300           2  0.000000000000000E+000 -3.282901554403908E-017
         301           1  0.000000000000000E+000 -3.117098445595634E-017
         301           2  0.000000000000000E+000 -3.282901554404728E-017
         302           1  0.000000000000000E+000 -3.117098445595590E-017
         302           2  0.000000000000000E+000 -3.282901554404433E-017
         303           1  0.000000000000000E+000 -3.117098445595607E-017
         303           2  0.000000000000000E+000 -3.282901554404269E-017
         304           1  0.000000000000000E+000 -3.117098445595429E-017
         304           2  0.000000000000000E+000 -3.282901554403893E-017
         305           1  0.000000000000000E+000 -3.117098445594706E-017
         305           2  0.000000000000000E+000 -3.282901554403392E-017
         306           1  0.000000000000000E+000 -3.117098445594472E-017
         306           2  0.000000000000000E+000 -3.282901554403320E-017
         307           1  0.000000000000000E+000 -3.117098445594852E-017
         307           2  0.000000000000000E+000 -3.282901554402727E-017
         308           1  0.000000000000000E+000 -3.117098445594707E-017
         308           2  0.000000000000000E+000 -3.282901554402452E-017
         309           1  0.000000000000000E+000 -3.117098445594600E-017
         309           2  0.000000000000000E+000 -3.282901554402767E-017
         310           1  0.000000000000000E+000 -3.117098445594646E-017
         310           2  0.000000000000000E+000 -3.282901554403221E-017
         311           1  0.000000000000000E+000 -3.117098445594828E-017
         311           2  0.000000000000000E+000 -3.282901554403692E-017
         312           1  0.000000000000000E+000 -3.117098445594874E-017
         312           2  0.000000000000000E+000 -3.282901554403683E-017
         313           1  0.000000000000000E+000 -3.117098445594721E-017
         313           2  0.000000000000000E+000 -3.282901554403523E-017
         314           1  0.000000000000000E+000 -3.117098445594899E-017
         314           2  0.000000000000000E+000 -3.282901554403373E-017
         315           1  0.000000000000000E+000 -3.117098445595065E-017
         315           2  0.000000000000000E+000 -3.282901554403347E-017
         316           1  0.000000000000000E+000 -3.117098445595247E-017
         316           2  0.000000000000000E+000 -3.282901554403468E-017
         317           1  0.000000000000000E+000 -3.117098445595170E-017
         317           2  0.000000000000000E+000 -3.282901554403830E-017
         318           1  0.000000000000000E+000 -3.117098445595308E-017
         318           2  0.000000000000000E+000 -3.282901554403815E-017
         319           1  0.000000000000000E+000 -3.117098445595308E-017
         319           2  0.000000000000000E+000 -3.282901554403680E-017
         320           1  0.000000000000000E+000 -3.117098445595318E-017
         320           2  0.000000000000000E+000 -3.282901554403914E-017
         321           1  0.000000000000000E+000 -3.117098445595293E-017
         321           2  0.000000000000000E+000 -3.282901554405385E-017
         322           1  0.000000000000000E+000 -3.117098445595313E-017
         322           2  0.000000000000000E+000 -3.282901554405133E-017
         323           1  0.000000000000000E+000 -3.117098445595635E-017
         323           2  0.000000000000000E+000 -3.282901554404486E-017
         324           1  0.000000000000000E+000 -3.117098445595854E-017
         324           2  0.000000000000000E+000 -3.282901554404615E-017
         325           1  0.000000000000000E+000 -3.117098445595553E-017
         325           2  0.000000000000000E+000 -3.282901554404566E-017
         326           1  0.000000000000000E+000 -3.117098445595005E-017
         326           2  0.000000000000000E+000 -3.282901554403848E-017
         327           1  0.000000000000000E+000 -3.117098445594636E-017
         327           2  0.000000000000000E+000 -3.282901554403217E-017
         328           1  0.000000000000000E+000 -3.117098445594576E-017
         328           2  0.000000000000000E+000 -3.282901554402247E-017
         329           1  0.000000000000000E+000 -3.117098445594675E-017
         329           2  0.000000000000000E+000 -3.282901554402456E-017
         330           1  0.000000000000000E+000 -3.117098445594508E-017
         330           2  0.000000000000000E+000 -3.282901554402827E-017
         331           1  0.000000000000000E+000 -3.117098445594809E-017
         331           2  0.000000000000000E+000 -3.282901554403495E-017
         332           1  0.000000000000000E+000 -3.117098445594783E-017
         332           2  0.000000000000000E+000 -3.282901554403751E-017
         333           1  0.000000000000000E+000 -3.117098445594790E-017
         333           2  0.000000000000000E+000 -3.282901554403240E-017
         334           1  0.000000000000000E+000 -3.117098445594906E-017
         334           2  0.000000000000000E+000 -3.282901554403265E-017
         335           1  0.000000000000000E+000 -3.117098445595107E-017
         335           2  0.000000000000000E+000 -3.282901554403501E-017
         336           1  0.000000000000000E+000 -3.117098445595350E-017
         336           2  0.000000000000000E+000 -3.282901554403839E-017
         337           1  0.000000000000000E+000 -3.117098445595275E-017
         337           2  0.000000000000000E+000 -3.282901554403708E-017
         338           1  0.000000000000000E+000 -3.117098445595400E-017
         338           2  0.000000000000000E+000 -3.282901554403401E-017
         339           1  0.000000000000000E+000 -3.117098445595284E-017
         339           2  0.000000000000000E+000 -3.282901554403926E-017
         340           1  0.000000000000000E+000 -3.117098445595420E-017
         340           2  0.000000000000000E+000 -3.282901554403996E-017
         341           1  0.000000000000000E+000 -3.117098445595178E-017
         341           2  0.000000000000000E+000 -3.282901554404555E-017
         342           1  0.000000000000000E+000 -3.117098445595653E-017
         342           2  0.000000000000000E+000 -3.282901554404347E-017
         343           1  0.000000000000000E+000 -3.117098445595817E-017
         343           2  0.000000000000000E+000 -3.282901554403836E-017
         344           1  0.000000000000000E+000 -3.117098445595668E-017
         344           2  0.000000000000000E+000 -3.282901554404337E-017
         345           1  0.000000000000000E+000 -3.117098445595835E-017
         345           2  0.000000000000000E+000 -3.282901554404797E-017
         346           1  0.000000000000000E+000 -3.117098445595557E-017
         346           2  0.000000000000000E+000 -3.282901554404357E-017
         347           1  0.000000000000000E+000 -3.117098445595186E-017
         347           2  0.000000000000000E+000 -3.282901554403288E-017
         348           1  0.000000000000000E+000 -3.117098445594824E-017
         348           2  0.000000000000000E+000 -3.282901554402417E-017
         349           1  0.000000000000000E+000 -3.117098445594951E-017
         349           2  0.000000000000000E+000 -3.282901554402751E-017
         350           1  0.000000000000000E+000 -3.117098445594914E-017
         350           2  0.000000000000000E+000 -3.282901554403289E-017
         351           1  0.000000000000000E+000 -3.117098445594770E-017
         351           2  0.000000000000000E+000 -3.282901554403700E-017
         352           1  0.000000000000000E+000 -3.117098445594878E-017
         352           2  0.000000000000000E+000 -3.282901554403916E-017
         353           1  0.000000000000000E+000 -3.117098445594953E-017
         353           2  0.000000000000000E+000 -3.282901554403411E-017
         354           1  0.000000000000000E+000 -3.117098445595271E-017
         354           2  0.000000000000000E+000 -3.282901554403376E-017
         355           1  0.000000000000000E+000 -3.117098445595186E-017
         355           2  0.000000000000000E+000 -3.282901554403267E-017
         356           1  0.000000000000000E+000 -3.117098445595247E-017
         356           2  0.000000000000000E+000 -3.282901554403524E-017
         357           1  0.000000000000000E+000 -3.117098445595567E-017
         357           2  0.000000000000000E+000 -3.282901554403561E-017
         358           1  0.000000000000000E+000 -3.117098445595625E-017
         358           2  0.000000000000000E+000 -3.282901554403258E-017
         359           1  0.000000000000000E+000 -3.117098445595244E-017
         359           2  0.000000000000000E+000 -3.282901554403452E-017
         360           1  0.000000000000000E+000 -3.117098445595449E-017
         360           2  0.000000000000000E+000 -3.282901554403787E-017
         361           1  0.000000000000000E+000 -3.117098445595654E-017
         361           2  0.000000000000000E+000 -3.282901554404641E-017
         362           1  0.000000000000000E+000 -3.117098445595975E-017
         362           2  0.000000000000000E+000 -3.282901554404381E-017
         363           1  0.000000000000000E+000 -3.117098445596214E-017
         363           2  0.000000000000000E+000 -3.282901554404138E-017
         364           1  0.000000000000000E+000 -3.117098445595813E-017
         364           2  0.000000000000000E+000 -3.282901554404248E-017
         365           1  0.000000000000000E+000 -3.117098445595878E-017
         365           2  0.000000000000000E+000 -3.282901554404355E-017
         366           1  0.000000000000000E+000 -3.117098445595926E-017
         366           2  0.000000000000000E+000 -3.282901554404033E-017
         367           1  0.000000000000000E+000 -3.117098445595197E-017
         367           2  0.000000000000000E+000 -3.282901554402975E-017
         368           1  0.000000000000000E+000 -3.117098445594792E-017
         368           2  0.000000000000000E+000 -3.282901554402844E-017
         369           1  0.000000000000000E+000 -3.117098445594884E-017
         369           2  0.000000000000000E+000 -3.282901554402891E-017
         370           1  0.000000000000000E+000 -3.117098445594770E-017
         370           2  0.000000000000000E+000 -3.282901554403265E-017
         371           1  0.000000000000000E+000 -3.117098445594639E-017
         371           2  0.000000000000000E+000 -3.282901554403841E-017
         372           1  0.000000000000000E+000 -3.117098445594784E-017
         372           2  0.000000000000000E+000 -3.282901554403771E-017
         373           1  0.000000000000000E+000 -3.117098445595100E-017
         373           2  0.000000000000000E+000 -3.282901554403533E-017
         374           1  0.000000000000000E+000 -3.117098445595302E-017
         374           2  0.000000000000000E+000 -3.282901554403459E-017
         375           1  0.000000000000000E+000 -3.117098445595269E-017
         375           2  0.000000000000000E+000 -3.282901554403360E-017
         376           1  0.000000000000000E+000 -3.117098445595204E-017
         376           2  0.000000000000000E+000 -3.282901554403608E-017
         377           1  0.000000000000000E+000 -3.117098445595271E-017
         377           2  0.000000000000000E+000 -3.282901554403986E-017
         378           1  0.000000000000000E+000 -3.117098445595369E-017
         378           2  0.000000000000000E+000 -3.282901554403396E-017
         379           1  0.000000000000000E+000 -3.117098445595427E-017
         379           2  0.000000000000000E+000 -3.282901554403349E-017
         380           1  0.000000000000000E+000 -3.117098445595268E-017
         380           2  0.000000000000000E+000 -3.282901554403754E-017
         381           1  0.000000000000000E+000 -3.117098445595615E-017
         381           2  0.000000000000000E+000 -3.282901554404752E-017
         382           1  0.000000000000000E+000 -3.117098445596027E-017
         382           2  0.000000000000000E+000 -3.282901554404359E-017
         383           1  0.000000000000000E+000 -3.117098445596061E-017
         383           2  0.000000000000000E+000 -3.282901554404176E-017
         384           1  0.000000000000000E+000 -3.117098445595896E-017
         384           2  0.000000000000000E+000 -3.282901554404250E-017
         385           1  0.000000000000000E+000 -3.117098445595939E-017
         385           2  0.000000000000000E+000 -3.282901554404570E-017
         386           1  0.000000000000000E+000 -3.117098445596049E-017
         386           2  0.000000000000000E+000 -3.282901554403984E-017
         387           1  0.000000000000000E+000 -3.117098445595282E-017
         387           2  0.000000000000000E+000 -3.282901554402975E-017
         388           1  0.000000000000000E+000 -3.117098445594853E-017
         388           2  0.000000000000000E+000 -3.282901554402810E-017
         389           1  0.000000000000000E+000 -3.117098445594896E-017
         389           2  0.000000000000000E+000 -3.282901554402888E-017
         390           1  0.000000000000000E+000 -3.117098445594810E-017
         390           2  0.000000000000000E+000 -3.282901554403037E-017
         391           1  0.000000000000000E+000 -3.117098445594729E-017
         391           2  0.000000000000000E+000 -3.282901554403539E-017
         392           1  0.000000000000000E+000 -3.117098445594901E-017
         392           2  0.000000000000000E+000 -3.282901554403707E-017
         393           1  0.000000000000000E+000 -3.117098445594811E-017
         393           2  0.000000000000000E+000 -3.282901554403455E-017
         394           1  0.000000000000000E+000 -3.117098445595000E-017
         394           2  0.000000000000000E+000 -3.282901554403461E-017
         395           1  0.000000000000000E+000 -3.117098445595202E-017
         395           2  0.000000000000000E+000 -3.282901554403445E-017
         396           1  0.000000000000000E+000 -3.117098445595304E-017
         396           2  0.000000000000000E+000 -3.282901554403905E-017
         397           1  0.000000000000000E+000 -3.117098445595491E-017
         397           2  0.000000000000000E+000 -3.282901554404076E-017
         398           1  0.000000000000000E+000 -3.117098445595598E-017
         398           2  0.000000000000000E+000 -3.282901554403657E-017
         399           1  0.000000000000000E+000 -3.117098445595387E-017
         399           2  0.000000000000000E+000 -3.282901554403772E-017
         400           1  0.000000000000000E+000 -3.117098445595265E-017
         400           2  0.000000000000000E+000 -3.282901554403811E-017
