           1           1  0.000000000000000E+000 -1.095854922279205E-016
           1           2  0.000000000000000E+000 -1.154145077719559E-016
           2           1  0.000000000000000E+000 -1.095854922278634E-016
           2           2  0.000000000000000E+000 -1.154145077718507E-016
           3           1  0.000000000000000E+000 -1.095854922279316E-016
           3           2  0.000000000000000E+000 -1.154145077719642E-016
           4           1  0.000000000000000E+000 -1.095854922278539E-016
           4           2  0.000000000000000E+000 -1.154145077718806E-016
           5           1  0.000000000000000E+000 -1.095854922278631E-016
           5           2  0.000000000000000E+000 -1.154145077718665E-016
           6           1  0.000000000000000E+000 -1.095854922278592E-016
           6           2  0.000000000000000E+000 -1.154145077718748E-016
           7           1  0.000000000000000E+000 -1.095854922278689E-016
           7           2  0.000000000000000E+000 -1.154145077718586E-016
           8           1  0.000000000000000E+000 -1.095854922279039E-016
           8           2  0.000000000000000E+000 -1.154145077718543E-016
           9           1  0.000000000000000E+000 -1.095854922279119E-016
           9           2  0.000000000000000E+000 -1.154145077718783E-016
          10           1  0.000000000000000E+000 -1.095854922279174E-016
          10           2  0.000000000000000E+000 -1.154145077719158E-016
          11           1  0.000000000000000E+000 -1.095854922279640E-016
          11           2  0.000000000000000E+000 -1.154145077719858E-016
          12           1  0.000000000000000E+000 -1.095854922279764E-016
          12           2  0.000000000000000E+000 -1.154145077720352E-016
          13           1  0.000000000000000E+000 -1.095854922278792E-016
          13           2  0.000000000000000E+000 -1.154145077718961E-016
          14           1  0.000000000000000E+000 -1.095854922278372E-016
          14           2  0.000000000000000E+000 -1.154145077717356E-016
          15           1  0.000000000000000E+000 -1.095854922278830E-016
          15           2  0.000000000000000E+000 -1.154145077718445E-016
          16           1  0.000000000000000E+000 -1.095854922278898E-016
          16           2  0.000000000000000E+000 -1.154145077718784E-016
          17           1  0.000000000000000E+000 -1.095854922279471E-016
          17           2  0.000000000000000E+000 -1.154145077719597E-016
          18           1  0.000000000000000E+000 -1.095854922279006E-016
          18           2  0.000000000000000E+000 -1.154145077718892E-016
          19           1  0.000000000000000E+000 -1.095854922278688E-016
          19           2  0.000000000000000E+000 -1.154145077718759E-016
          20           1  0.000000000000000E+000 -1.095854922278748E-016
          20           2  0.000000000000000E+000 -1.154145077718883E-016
          21           1  0.000000000000000E+000 -1.095854922279291E-016
          21           2  0.000000000000000E+000 -1.154145077719447E-016
          22           1  0.000000000000000E+000 -1.095854922278668E-016
          22           2  0.000000000000000E+000 -1.154145077718785E-016
          23           1  0.000000000000000E+000 -1.095854922278850E-016
          23           2  0.000000000000000E+000 -1.154145077718668E-016
          24           1  0.000000000000000E+000 -1.095854922278866E-016
          24           2  0.000000000000000E+000 -1.154145077718855E-016
          25           1  0.000000000000000E+000 -1.095854922278808E-016
          25           2  0.000000000000000E+000 -1.154145077718838E-016
          26           1  0.000000000000000E+000 -1.095854922278826E-016
          26           2  0.000000000000000E+000 -1.154145077718733E-016
          27           1  0.000000000000000E+000 -1.095854922278695E-016
          27           2  0.000000000000000E+000 -1.154145077718910E-016
          28           1  0.000000000000000E+000 -1.095854922278905E-016
          28           2  0.000000000000000E+000 -1.154145077719091E-016
          29           1  0.000000000000000E+000 -1.095854922278983E-016
          29           2  0.000000000000000E+000 -1.154145077719341E-016
          30           1  0.000000000000000E+000 -1.095854922279238E-016
          30           2  0.000000000000000E+000 -1.154145077719680E-016
          31           1  0.000000000000000E+000 -1.095854922279666E-016
          31           2  0.000000000000000E+000 -1.154145077719926E-016
          32           1  0.000000000000000E+000 -1.095854922279920E-016
          32           2  0.000000000000000E+000 -1.154145077720705E-016
          33           1  0.000000000000000E+000 -1.095854922279058E-016
          33           2  0.000000000000000E+000 -1.154145077719824E-016
          34           1  0.000000000000000E+000 -1.095854922278061E-016
          34           2  0.000000000000000E+000 -1.154145077717459E-016
          35           1  0.000000000000000E+000 -1.095854922278409E-016
          35           2  0.000000000000000E+000 -1.154145077717848E-016
          36           1  0.000000000000000E+000 -1.095854922278969E-016
          36           2  0.000000000000000E+000 -1.154145077719154E-016
          37           1  0.000000000000000E+000 -1.095854922278758E-016
          37           2  0.000000000000000E+000 -1.154145077719052E-016
          38           1  0.000000000000000E+000 -1.095854922278603E-016
          38           2  0.000000000000000E+000 -1.154145077718983E-016
          39           1  0.000000000000000E+000 -1.095854922278664E-016
          39           2  0.000000000000000E+000 -1.154145077719031E-016
          40           1  0.000000000000000E+000 -1.095854922278835E-016
          40           2  0.000000000000000E+000 -1.154145077719007E-016
          41           1  0.000000000000000E+000 -1.095854922279305E-016
          41           2  0.000000000000000E+000 -1.154145077719733E-016
          42           1  0.000000000000000E+000 -1.095854922278757E-016
          42           2  0.000000000000000E+000 -1.154145077719018E-016
          43           1  0.000000000000000E+000 -1.095854922278808E-016
          43           2  0.000000000000000E+000 -1.154145077718913E-016
          44           1  0.000000000000000E+000 -1.095854922278880E-016
          44           2  0.000000000000000E+000 -1.154145077718858E-016
          45           1  0.000000000000000E+000 -1.095854922278922E-016
          45           2  0.000000000000000E+000 -1.154145077719067E-016
          46           1  0.000000000000000E+000 -1.095854922279024E-016
          46           2  0.000000000000000E+000 -1.154145077719383E-016
          47           1  0.000000000000000E+000 -1.095854922278923E-016
          47           2  0.000000000000000E+000 -1.154145077719491E-016
          48           1  0.000000000000000E+000 -1.095854922278927E-016
          48           2  0.000000000000000E+000 -1.154145077719406E-016
          49           1  0.000000000000000E+000 -1.095854922279080E-016
          49           2  0.000000000000000E+000 -1.154145077719696E-016
          50           1  0.000000000000000E+000 -1.095854922279588E-016
          50           2  0.000000000000000E+000 -1.154145077720135E-016
          51           1  0.000000000000000E+000 -1.095854922279885E-016
          51           2  0.000000000000000E+000 -1.154145077720245E-016
          52           1  0.000000000000000E+000 -1.095854922279869E-016
          52           2  0.000000000000000E+000 -1.154145077720579E-016
          53           1  0.000000000000000E+000 -1.095854922279389E-016
          53           2  0.000000000000000E+000 -1.154145077720350E-016
          54           1  0.000000000000000E+000 -1.095854922278440E-016
          54           2  0.000000000000000E+000 -1.154145077718311E-016
          55           1  0.000000000000000E+000 -1.095854922278708E-016
          55           2  0.000000000000000E+000 -1.154145077718479E-016
          56           1  0.000000000000000E+000 -1.095854922279225E-016
          56           2  0.000000000000000E+000 -1.154145077719504E-016
          57           1  0.000000000000000E+000 -1.095854922278957E-016
          57           2  0.000000000000000E+000 -1.154145077719213E-016
          58           1  0.000000000000000E+000 -1.095854922278869E-016
          58           2  0.000000000000000E+000 -1.154145077719379E-016
          59           1  0.000000000000000E+000 -1.095854922278868E-016
          59           2  0.000000000000000E+000 -1.154145077719393E-016
          60           1  0.000000000000000E+000 -1.095854922278794E-016
          60           2  0.000000000000000E+000 -1.154145077719134E-016
          61           1  0.000000000000000E+000 -1.095854922279475E-016
          61           2  0.000000000000000E+000 -1.154145077719999E-016
          62           1  0.000000000000000E+000 -1.095854922278860E-016
          62           2  0.000000000000000E+000 -1.154145077719432E-016
          63           1  0.000000000000000E+000 -1.095854922278911E-016
          63           2  0.000000000000000E+000 -1.154145077719400E-016
          64           1  0.000000000000000E+000 -1.095854922278942E-016
          64           2  0.000000000000000E+000 -1.154145077719104E-016
          65           1  0.000000000000000E+000 -1.095854922278806E-016
          65           2  0.000000000000000E+000 -1.154145077719341E-016
          66           1  0.000000000000000E+000 -1.095854922278797E-016
          66           2  0.000000000000000E+000 -1.154145077719634E-016
          67           1  0.000000000000000E+000 -1.095854922278910E-016
          67           2  0.000000000000000E+000 -1.154145077719510E-016
          68           1  0.000000000000000E+000 -1.095854922279005E-016
          68           2  0.000000000000000E+000 -1.154145077719214E-016
          69           1  0.000000000000000E+000 -1.095854922279028E-016
          69           2  0.000000000000000E+000 -1.154145077719093E-016
          70           1  0.000000000000000E+000 -1.095854922279377E-016
          70           2  0.000000000000000E+000 -1.154145077719448E-016
          71           1  0.000000000000000E+000 -1.095854922279769E-016
          71           2  0.000000000000000E+000 -1.154145077719813E-016
          72           1  0.000000000000000E+000 -1.095854922279736E-016
          72           2  0.000000000000000E+000 -1.154145077720461E-016
          73           1  0.000000000000000E+000 -1.095854922279722E-016
          73           2  0.000000000000000E+000 -1.154145077720686E-016
          74           1  0.000000000000000E+000 -1.095854922279318E-016
          74           2  0.000000000000000E+000 -1.154145077719672E-016
          75           1  0.000000000000000E+000 -1.095854922279186E-016
          75           2  0.000000000000000E+000 -1.154145077718997E-016
          76           1  0.000000000000000E+000 -1.095854922279220E-016
          76           2  0.000000000000000E+000 -1.154145077719289E-016
          77           1  0.000000000000000E+000 -1.095854922279105E-016
          77           2  0.000000000000000E+000 -1.154145077719261E-016
          78           1  0.000000000000000E+000 -1.095854922279014E-016
          78           2  0.000000000000000E+000 -1.154145077719542E-016
          79           1  0.000000000000000E+000 -1.095854922279051E-016
          79           2  0.000000000000000E+000 -1.154145077719643E-016
          80           1  0.000000000000000E+000 -1.095854922279023E-016
          80           2  0.000000000000000E+000 -1.154145077719426E-016
          81           1  0.000000000000000E+000 -1.095854922279489E-016
          81           2  0.000000000000000E+000 -1.154145077719908E-016
          82           1  0.000000000000000E+000 -1.095854922279506E-016
          82           2  0.000000000000000E+000 -1.154145077719969E-016
          83           1  0.000000000000000E+000 -1.095854922278955E-016
          83           2  0.000000000000000E+000 -1.154145077719260E-016
          84           1  0.000000000000000E+000 -1.095854922278836E-016
          84           2  0.000000000000000E+000 -1.154145077719244E-016
          85           1  0.000000000000000E+000 -1.095854922278887E-016
          85           2  0.000000000000000E+000 -1.154145077719403E-016
          86           1  0.000000000000000E+000 -1.095854922278948E-016
          86           2  0.000000000000000E+000 -1.154145077719929E-016
          87           1  0.000000000000000E+000 -1.095854922278983E-016
          87           2  0.000000000000000E+000 -1.154145077719764E-016
          88           1  0.000000000000000E+000 -1.095854922278960E-016
          88           2  0.000000000000000E+000 -1.154145077719283E-016
          89           1  0.000000000000000E+000 -1.095854922279085E-016
          89           2  0.000000000000000E+000 -1.154145077719169E-016
          90           1  0.000000000000000E+000 -1.095854922279156E-016
          90           2  0.000000000000000E+000 -1.154145077719535E-016
          91           1  0.000000000000000E+000 -1.095854922279626E-016
          91           2  0.000000000000000E+000 -1.154145077720079E-016
          92           1  0.000000000000000E+000 -1.095854922279731E-016
          92           2  0.000000000000000E+000 -1.154145077720596E-016
          93           1  0.000000000000000E+000 -1.095854922280004E-016
          93           2  0.000000000000000E+000 -1.154145077721174E-016
          94           1  0.000000000000000E+000 -1.095854922280269E-016
          94           2  0.000000000000000E+000 -1.154145077721192E-016
          95           1  0.000000000000000E+000 -1.095854922280151E-016
          95           2  0.000000000000000E+000 -1.154145077720903E-016
          96           1  0.000000000000000E+000 -1.095854922279841E-016
          96           2  0.000000000000000E+000 -1.154145077720404E-016
          97           1  0.000000000000000E+000 -1.095854922279526E-016
          97           2  0.000000000000000E+000 -1.154145077720060E-016
          98           1  0.000000000000000E+000 -1.095854922279364E-016
          98           2  0.000000000000000E+000 -1.154145077719981E-016
          99           1  0.000000000000000E+000 -1.095854922279333E-016
          99           2  0.000000000000000E+000 -1.154145077719947E-016
         100           1  0.000000000000000E+000 -1.095854922279376E-016
         100           2  0.000000000000000E+000 -1.154145077719824E-016
         101           1  0.000000000000000E+000 -1.095854922279507E-016
         101           2  0.000000000000000E+000 -1.154145077719662E-016
         102           1  0.000000000000000E+000 -1.095854922278849E-016
         102           2  0.000000000000000E+000 -1.154145077718872E-016
         103           1  0.000000000000000E+000 -1.095854922278760E-016
         103           2  0.000000000000000E+000 -1.154145077718680E-016
         104           1  0.000000000000000E+000 -1.095854922278944E-016
         104           2  0.000000000000000E+000 -1.154145077719015E-016
         105           1  0.000000000000000E+000 -1.095854922279107E-016
         105           2  0.000000000000000E+000 -1.154145077719784E-016
         106           1  0.000000000000000E+000 -1.095854922279463E-016
         106           2  0.000000000000000E+000 -1.154145077720382E-016
         107           1  0.000000000000000E+000 -1.095854922279532E-016
         107           2  0.000000000000000E+000 -1.154145077720109E-016
         108           1  0.000000000000000E+000 -1.095854922279385E-016
         108           2  0.000000000000000E+000 -1.154145077719796E-016
         109           1  0.000000000000000E+000 -1.095854922279142E-016
         109           2  0.000000000000000E+000 -1.154145077719785E-016
         110           1  0.000000000000000E+000 -1.095854922279312E-016
         110           2  0.000000000000000E+000 -1.154145077720235E-016
         111           1  0.000000000000000E+000 -1.095854922279736E-016
         111           2  0.000000000000000E+000 -1.154145077720667E-016
         112           1  0.000000000000000E+000 -1.095854922280199E-016
         112           2  0.000000000000000E+000 -1.154145077721246E-016
         113           1  0.000000000000000E+000 -1.095854922280339E-016
         113           2  0.000000000000000E+000 -1.154145077721686E-016
         114           1  0.000000000000000E+000 -1.095854922280604E-016
         114           2  0.000000000000000E+000 -1.154145077721979E-016
         115           1  0.000000000000000E+000 -1.095854922280222E-016
         115           2  0.000000000000000E+000 -1.154145077721722E-016
         116           1  0.000000000000000E+000 -1.095854922279970E-016
         116           2  0.000000000000000E+000 -1.154145077721215E-016
         117           1  0.000000000000000E+000 -1.095854922279905E-016
         117           2  0.000000000000000E+000 -1.154145077720690E-016
         118           1  0.000000000000000E+000 -1.095854922279744E-016
         118           2  0.000000000000000E+000 -1.154145077720575E-016
         119           1  0.000000000000000E+000 -1.095854922279499E-016
         119           2  0.000000000000000E+000 -1.154145077720311E-016
         120           1  0.000000000000000E+000 -1.095854922279426E-016
         120           2  0.000000000000000E+000 -1.154145077720083E-016
         121           1  0.000000000000000E+000 -1.095854922279339E-016
         121           2  0.000000000000000E+000 -1.154145077719544E-016
         122           1  0.000000000000000E+000 -1.095854922278262E-016
         122           2  0.000000000000000E+000 -1.154145077718093E-016
         123           1  0.000000000000000E+000 -1.095854922278404E-016
         123           2  0.000000000000000E+000 -1.154145077718310E-016
         124           1  0.000000000000000E+000 -1.095854922278831E-016
         124           2  0.000000000000000E+000 -1.154145077718857E-016
         125           1  0.000000000000000E+000 -1.095854922279307E-016
         125           2  0.000000000000000E+000 -1.154145077719834E-016
         126           1  0.000000000000000E+000 -1.095854922279779E-016
         126           2  0.000000000000000E+000 -1.154145077720655E-016
         127           1  0.000000000000000E+000 -1.095854922279767E-016
         127           2  0.000000000000000E+000 -1.154145077720655E-016
         128           1  0.000000000000000E+000 -1.095854922279548E-016
         128           2  0.000000000000000E+000 -1.154145077720157E-016
         129           1  0.000000000000000E+000 -1.095854922279184E-016
         129           2  0.000000000000000E+000 -1.154145077720011E-016
         130           1  0.000000000000000E+000 -1.095854922279200E-016
         130           2  0.000000000000000E+000 -1.154145077720188E-016
         131           1  0.000000000000000E+000 -1.095854922279656E-016
         131           2  0.000000000000000E+000 -1.154145077720604E-016
         132           1  0.000000000000000E+000 -1.095854922279987E-016
         132           2  0.000000000000000E+000 -1.154145077721142E-016
         133           1  0.000000000000000E+000 -1.095854922280196E-016
         133           2  0.000000000000000E+000 -1.154145077721434E-016
         134           1  0.000000000000000E+000 -1.095854922280337E-016
         134           2  0.000000000000000E+000 -1.154145077721789E-016
         135           1  0.000000000000000E+000 -1.095854922280112E-016
         135           2  0.000000000000000E+000 -1.154145077721721E-016
         136           1  0.000000000000000E+000 -1.095854922279896E-016
         136           2  0.000000000000000E+000 -1.154145077721208E-016
         137           1  0.000000000000000E+000 -1.095854922279921E-016
         137           2  0.000000000000000E+000 -1.154145077720667E-016
         138           1  0.000000000000000E+000 -1.095854922279717E-016
         138           2  0.000000000000000E+000 -1.154145077720535E-016
         139           1  0.000000000000000E+000 -1.095854922279466E-016
         139           2  0.000000000000000E+000 -1.154145077720116E-016
         140           1  0.000000000000000E+000 -1.095854922279380E-016
         140           2  0.000000000000000E+000 -1.154145077719709E-016
         141           1  0.000000000000000E+000 -1.095854922278282E-016
         141           2  0.000000000000000E+000 -1.154145077717870E-016
         142           1  0.000000000000000E+000 -1.095854922278312E-016
         142           2  0.000000000000000E+000 -1.154145077718345E-016
         143           1  0.000000000000000E+000 -1.095854922278504E-016
         143           2  0.000000000000000E+000 -1.154145077718545E-016
         144           1  0.000000000000000E+000 -1.095854922278672E-016
         144           2  0.000000000000000E+000 -1.154145077718872E-016
         145           1  0.000000000000000E+000 -1.095854922279309E-016
         145           2  0.000000000000000E+000 -1.154145077719748E-016
         146           1  0.000000000000000E+000 -1.095854922279725E-016
         146           2  0.000000000000000E+000 -1.154145077720563E-016
         147           1  0.000000000000000E+000 -1.095854922279781E-016
         147           2  0.000000000000000E+000 -1.154145077720658E-016
         148           1  0.000000000000000E+000 -1.095854922279576E-016
         148           2  0.000000000000000E+000 -1.154145077720207E-016
         149           1  0.000000000000000E+000 -1.095854922279187E-016
         149           2  0.000000000000000E+000 -1.154145077719585E-016
         150           1  0.000000000000000E+000 -1.095854922278984E-016
         150           2  0.000000000000000E+000 -1.154145077719403E-016
         151           1  0.000000000000000E+000 -1.095854922279040E-016
         151           2  0.000000000000000E+000 -1.154145077719676E-016
         152           1  0.000000000000000E+000 -1.095854922279413E-016
         152           2  0.000000000000000E+000 -1.154145077719992E-016
         153           1  0.000000000000000E+000 -1.095854922279741E-016
         153           2  0.000000000000000E+000 -1.154145077720483E-016
         154           1  0.000000000000000E+000 -1.095854922279827E-016
         154           2  0.000000000000000E+000 -1.154145077720819E-016
         155           1  0.000000000000000E+000 -1.095854922279764E-016
         155           2  0.000000000000000E+000 -1.154145077720991E-016
         156           1  0.000000000000000E+000 -1.095854922279779E-016
         156           2  0.000000000000000E+000 -1.154145077720678E-016
         157           1  0.000000000000000E+000 -1.095854922279582E-016
         157           2  0.000000000000000E+000 -1.154145077720328E-016
         158           1  0.000000000000000E+000 -1.095854922279481E-016
         158           2  0.000000000000000E+000 -1.154145077720118E-016
         159           1  0.000000000000000E+000 -1.095854922279257E-016
         159           2  0.000000000000000E+000 -1.154145077719803E-016
         160           1  0.000000000000000E+000 -1.095854922279230E-016
         160           2  0.000000000000000E+000 -1.154145077719123E-016
         161           1  0.000000000000000E+000 -1.095854922279061E-016
         161           2  0.000000000000000E+000 -1.154145077718669E-016
         162           1  0.000000000000000E+000 -1.095854922278860E-016
         162           2  0.000000000000000E+000 -1.154145077718796E-016
         163           1  0.000000000000000E+000 -1.095854922278891E-016
         163           2  0.000000000000000E+000 -1.154145077718983E-016
         164           1  0.000000000000000E+000 -1.095854922278766E-016
         164           2  0.000000000000000E+000 -1.154145077718863E-016
         165           1  0.000000000000000E+000 -1.095854922279110E-016
         165           2  0.000000000000000E+000 -1.154145077719665E-016
         166           1  0.000000000000000E+000 -1.095854922279392E-016
         166           2  0.000000000000000E+000 -1.154145077720373E-016
         167           1  0.000000000000000E+000 -1.095854922279673E-016
         167           2  0.000000000000000E+000 -1.154145077720544E-016
         168           1  0.000000000000000E+000 -1.095854922279615E-016
         168           2  0.000000000000000E+000 -1.154145077720049E-016
         169           1  0.000000000000000E+000 -1.095854922279320E-016
         169           2  0.000000000000000E+000 -1.154145077719308E-016
         170           1  0.000000000000000E+000 -1.095854922278968E-016
         170           2  0.000000000000000E+000 -1.154145077718665E-016
         171           1  0.000000000000000E+000 -1.095854922278826E-016
         171           2  0.000000000000000E+000 -1.154145077718837E-016
         172           1  0.000000000000000E+000 -1.095854922278896E-016
         172           2  0.000000000000000E+000 -1.154145077719366E-016
         173           1  0.000000000000000E+000 -1.095854922279274E-016
         173           2  0.000000000000000E+000 -1.154145077719547E-016
         174           1  0.000000000000000E+000 -1.095854922279355E-016
         174           2  0.000000000000000E+000 -1.154145077719793E-016
         175           1  0.000000000000000E+000 -1.095854922279417E-016
         175           2  0.000000000000000E+000 -1.154145077719989E-016
         176           1  0.000000000000000E+000 -1.095854922279525E-016
         176           2  0.000000000000000E+000 -1.154145077720035E-016
         177           1  0.000000000000000E+000 -1.095854922279466E-016
         177           2  0.000000000000000E+000 -1.154145077719883E-016
         178           1  0.000000000000000E+000 -1.095854922279260E-016
         178           2  0.000000000000000E+000 -1.154145077719841E-016
         179           1  0.000000000000000E+000 -1.095854922279190E-016
         179           2  0.000000000000000E+000 -1.154145077719426E-016
         180           1  0.000000000000000E+000 -1.095854922279217E-016
         180           2  0.000000000000000E+000 -1.154145077718848E-016
         181           1  0.000000000000000E+000 -1.095854922279639E-016
         181           2  0.000000000000000E+000 -1.154145077720137E-016
         182           1  0.000000000000000E+000 -1.095854922279564E-016
         182           2  0.000000000000000E+000 -1.154145077719497E-016
         183           1  0.000000000000000E+000 -1.095854922279281E-016
         183           2  0.000000000000000E+000 -1.154145077719281E-016
         184           1  0.000000000000000E+000 -1.095854922278794E-016
         184           2  0.000000000000000E+000 -1.154145077718819E-016
         185           1  0.000000000000000E+000 -1.095854922279106E-016
         185           2  0.000000000000000E+000 -1.154145077719497E-016
         186           1  0.000000000000000E+000 -1.095854922279432E-016
         186           2  0.000000000000000E+000 -1.154145077720260E-016
         187           1  0.000000000000000E+000 -1.095854922279766E-016
         187           2  0.000000000000000E+000 -1.154145077720329E-016
         188           1  0.000000000000000E+000 -1.095854922279455E-016
         188           2  0.000000000000000E+000 -1.154145077719901E-016
         189           1  0.000000000000000E+000 -1.095854922279034E-016
         189           2  0.000000000000000E+000 -1.154145077719210E-016
         190           1  0.000000000000000E+000 -1.095854922278765E-016
         190           2  0.000000000000000E+000 -1.154145077718746E-016
         191           1  0.000000000000000E+000 -1.095854922278571E-016
         191           2  0.000000000000000E+000 -1.154145077718686E-016
         192           1  0.000000000000000E+000 -1.095854922278537E-016
         192           2  0.000000000000000E+000 -1.154145077718729E-016
         193           1  0.000000000000000E+000 -1.095854922278761E-016
         193           2  0.000000000000000E+000 -1.154145077719036E-016
         194           1  0.000000000000000E+000 -1.095854922278979E-016
         194           2  0.000000000000000E+000 -1.154145077719299E-016
         195           1  0.000000000000000E+000 -1.095854922279021E-016
         195           2  0.000000000000000E+000 -1.154145077719621E-016
         196           1  0.000000000000000E+000 -1.095854922279357E-016
         196           2  0.000000000000000E+000 -1.154145077719796E-016
         197           1  0.000000000000000E+000 -1.095854922279341E-016
         197           2  0.000000000000000E+000 -1.154145077719866E-016
         198           1  0.000000000000000E+000 -1.095854922279335E-016
         198           2  0.000000000000000E+000 -1.154145077719973E-016
         199           1  0.000000000000000E+000 -1.095854922279380E-016
         199           2  0.000000000000000E+000 -1.154145077719538E-016
         200           1  0.000000000000000E+000 -1.095854922279390E-016
         200           2  0.000000000000000E+000 -1.154145077719350E-016
         201           1  0.000000000000000E+000 -1.095854922279661E-016
         201           2  0.000000000000000E+000 -1.154145077720151E-016
         202           1  0.000000000000000E+000 -1.095854922279397E-016
         202           2  0.000000000000000E+000 -1.154145077719725E-016
         203           1  0.000000000000000E+000 -1.095854922279092E-016
         203           2  0.000000000000000E+000 -1.154145077719484E-016
         204           1  0.000000000000000E+000 -1.095854922278808E-016
         204           2  0.000000000000000E+000 -1.154145077719113E-016
         205           1  0.000000000000000E+000 -1.095854922279187E-016
         205           2  0.000000000000000E+000 -1.154145077719578E-016
         206           1  0.000000000000000E+000 -1.095854922279659E-016
         206           2  0.000000000000000E+000 -1.154145077720229E-016
         207           1  0.000000000000000E+000 -1.095854922279781E-016
         207           2  0.000000000000000E+000 -1.154145077720459E-016
         208           1  0.000000000000000E+000 -1.095854922279351E-016
         208           2  0.000000000000000E+000 -1.154145077720019E-016
         209           1  0.000000000000000E+000 -1.095854922278777E-016
         209           2  0.000000000000000E+000 -1.154145077719435E-016
         210           1  0.000000000000000E+000 -1.095854922278707E-016
         210           2  0.000000000000000E+000 -1.154145077719170E-016
         211           1  0.000000000000000E+000 -1.095854922278827E-016
         211           2  0.000000000000000E+000 -1.154145077719220E-016
         212           1  0.000000000000000E+000 -1.095854922278810E-016
         212           2  0.000000000000000E+000 -1.154145077719130E-016
         213           1  0.000000000000000E+000 -1.095854922278726E-016
         213           2  0.000000000000000E+000 -1.154145077719122E-016
         214           1  0.000000000000000E+000 -1.095854922278834E-016
         214           2  0.000000000000000E+000 -1.154145077719435E-016
         215           1  0.000000000000000E+000 -1.095854922278995E-016
         215           2  0.000000000000000E+000 -1.154145077719713E-016
         216           1  0.000000000000000E+000 -1.095854922279318E-016
         216           2  0.000000000000000E+000 -1.154145077720038E-016
         217           1  0.000000000000000E+000 -1.095854922279520E-016
         217           2  0.000000000000000E+000 -1.154145077720314E-016
         218           1  0.000000000000000E+000 -1.095854922279661E-016
         218           2  0.000000000000000E+000 -1.154145077720419E-016
         219           1  0.000000000000000E+000 -1.095854922279652E-016
         219           2  0.000000000000000E+000 -1.154145077720154E-016
         220           1  0.000000000000000E+000 -1.095854922279582E-016
         220           2  0.000000000000000E+000 -1.154145077720003E-016
         221           1  0.000000000000000E+000 -1.095854922279577E-016
         221           2  0.000000000000000E+000 -1.154145077719973E-016
         222           1  0.000000000000000E+000 -1.095854922279594E-016
         222           2  0.000000000000000E+000 -1.154145077720122E-016
         223           1  0.000000000000000E+000 -1.095854922278960E-016
         223           2  0.000000000000000E+000 -1.154145077719704E-016
         224           1  0.000000000000000E+000 -1.095854922278893E-016
         224           2  0.000000000000000E+000 -1.154145077719239E-016
         225           1  0.000000000000000E+000 -1.095854922279471E-016
         225           2  0.000000000000000E+000 -1.154145077719875E-016
         226           1  0.000000000000000E+000 -1.095854922279847E-016
         226           2  0.000000000000000E+000 -1.154145077720548E-016
         227           1  0.000000000000000E+000 -1.095854922279827E-016
         227           2  0.000000000000000E+000 -1.154145077720625E-016
         228           1  0.000000000000000E+000 -1.095854922279382E-016
         228           2  0.000000000000000E+000 -1.154145077719913E-016
         229           1  0.000000000000000E+000 -1.095854922278887E-016
         229           2  0.000000000000000E+000 -1.154145077719246E-016
         230           1  0.000000000000000E+000 -1.095854922278716E-016
         230           2  0.000000000000000E+000 -1.154145077718954E-016
         231           1  0.000000000000000E+000 -1.095854922278849E-016
         231           2  0.000000000000000E+000 -1.154145077719038E-016
         232           1  0.000000000000000E+000 -1.095854922279011E-016
         232           2  0.000000000000000E+000 -1.154145077719176E-016
         233           1  0.000000000000000E+000 -1.095854922279107E-016
         233           2  0.000000000000000E+000 -1.154145077719268E-016
         234           1  0.000000000000000E+000 -1.095854922279057E-016
         234           2  0.000000000000000E+000 -1.154145077719611E-016
         235           1  0.000000000000000E+000 -1.095854922279309E-016
         235           2  0.000000000000000E+000 -1.154145077720069E-016
         236           1  0.000000000000000E+000 -1.095854922279806E-016
         236           2  0.000000000000000E+000 -1.154145077720295E-016
         237           1  0.000000000000000E+000 -1.095854922280001E-016
         237           2  0.000000000000000E+000 -1.154145077720655E-016
         238           1  0.000000000000000E+000 -1.095854922279933E-016
         238           2  0.000000000000000E+000 -1.154145077720689E-016
         239           1  0.000000000000000E+000 -1.095854922279857E-016
         239           2  0.000000000000000E+000 -1.154145077720592E-016
         240           1  0.000000000000000E+000 -1.095854922279926E-016
         240           2  0.000000000000000E+000 -1.154145077720444E-016
         241           1  0.000000000000000E+000 -1.095854922279593E-016
         241           2  0.000000000000000E+000 -1.154145077719947E-016
         242           1  0.000000000000000E+000 -1.095854922279643E-016
         242           2  0.000000000000000E+000 -1.154145077720005E-016
         243           1  0.000000000000000E+000 -1.095854922279131E-016
         243           2  0.000000000000000E+000 -1.154145077719510E-016
         244           1  0.000000000000000E+000 -1.095854922279019E-016
         244           2  0.000000000000000E+000 -1.154145077719451E-016
         245           1  0.000000000000000E+000 -1.095854922279456E-016
         245           2  0.000000000000000E+000 -1.154145077720104E-016
         246           1  0.000000000000000E+000 -1.095854922279880E-016
         246           2  0.000000000000000E+000 -1.154145077720891E-016
         247           1  0.000000000000000E+000 -1.095854922279829E-016
         247           2  0.000000000000000E+000 -1.154145077720881E-016
         248           1  0.000000000000000E+000 -1.095854922279489E-016
         248           2  0.000000000000000E+000 -1.154145077720114E-016
         249           1  0.000000000000000E+000 -1.095854922279046E-016
         249           2  0.000000000000000E+000 -1.154145077719136E-016
         250           1  0.000000000000000E+000 -1.095854922278846E-016
         250           2  0.000000000000000E+000 -1.154145077718817E-016
         251           1  0.000000000000000E+000 -1.095854922278696E-016
         251           2  0.000000000000000E+000 -1.154145077718888E-016
         252           1  0.000000000000000E+000 -1.095854922279040E-016
         252           2  0.000000000000000E+000 -1.154145077719006E-016
         253           1  0.000000000000000E+000 -1.095854922279378E-016
         253           2  0.000000000000000E+000 -1.154145077719366E-016
         254           1  0.000000000000000E+000 -1.095854922279560E-016
         254           2  0.000000000000000E+000 -1.154145077720031E-016
         255           1  0.000000000000000E+000 -1.095854922279686E-016
         255           2  0.000000000000000E+000 -1.154145077720606E-016
         256           1  0.000000000000000E+000 -1.095854922280121E-016
         256           2  0.000000000000000E+000 -1.154145077720815E-016
         257           1  0.000000000000000E+000 -1.095854922280333E-016
         257           2  0.000000000000000E+000 -1.154145077720964E-016
         258           1  0.000000000000000E+000 -1.095854922280180E-016
         258           2  0.000000000000000E+000 -1.154145077720970E-016
         259           1  0.000000000000000E+000 -1.095854922279927E-016
         259           2  0.000000000000000E+000 -1.154145077720876E-016
         260           1  0.000000000000000E+000 -1.095854922279852E-016
         260           2  0.000000000000000E+000 -1.154145077720925E-016
         261           1  0.000000000000000E+000 -1.095854922279331E-016
         261           2  0.000000000000000E+000 -1.154145077719545E-016
         262           1  0.000000000000000E+000 -1.095854922279300E-016
         262           2  0.000000000000000E+000 -1.154145077719468E-016
         263           1  0.000000000000000E+000 -1.095854922279380E-016
         263           2  0.000000000000000E+000 -1.154145077719709E-016
         264           1  0.000000000000000E+000 -1.095854922279178E-016
         264           2  0.000000000000000E+000 -1.154145077719662E-016
         265           1  0.000000000000000E+000 -1.095854922279485E-016
         265           2  0.000000000000000E+000 -1.154145077720442E-016
         266           1  0.000000000000000E+000 -1.095854922279696E-016
         266           2  0.000000000000000E+000 -1.154145077721097E-016
         267           1  0.000000000000000E+000 -1.095854922279734E-016
         267           2  0.000000000000000E+000 -1.154145077721014E-016
         268           1  0.000000000000000E+000 -1.095854922279578E-016
         268           2  0.000000000000000E+000 -1.154145077720212E-016
         269           1  0.000000000000000E+000 -1.095854922279173E-016
         269           2  0.000000000000000E+000 -1.154145077719280E-016
         270           1  0.000000000000000E+000 -1.095854922278940E-016
         270           2  0.000000000000000E+000 -1.154145077718992E-016
         271           1  0.000000000000000E+000 -1.095854922278927E-016
         271           2  0.000000000000000E+000 -1.154145077719058E-016
         272           1  0.000000000000000E+000 -1.095854922279365E-016
         272           2  0.000000000000000E+000 -1.154145077719353E-016
         273           1  0.000000000000000E+000 -1.095854922279596E-016
         273           2  0.000000000000000E+000 -1.154145077719920E-016
         274           1  0.000000000000000E+000 -1.095854922279826E-016
         274           2  0.000000000000000E+000 -1.154145077720749E-016
         275           1  0.000000000000000E+000 -1.095854922279941E-016
         275           2  0.000000000000000E+000 -1.154145077721202E-016
         276           1  0.000000000000000E+000 -1.095854922280181E-016
         276           2  0.000000000000000E+000 -1.154145077721262E-016
         277           1  0.000000000000000E+000 -1.095854922280275E-016
         277           2  0.000000000000000E+000 -1.154145077721322E-016
         278           1  0.000000000000000E+000 -1.095854922280058E-016
         278           2  0.000000000000000E+000 -1.154145077721264E-016
         279           1  0.000000000000000E+000 -1.095854922279953E-016
         279           2  0.000000000000000E+000 -1.154145077720818E-016
         280           1  0.000000000000000E+000 -1.095854922279894E-016
         280           2  0.000000000000000E+000 -1.154145077720639E-016
         281           1  0.000000000000000E+000 -1.095854922279603E-016
         281           2  0.000000000000000E+000 -1.154145077719977E-016
         282           1  0.000000000000000E+000 -1.095854922279593E-016
         282           2  0.000000000000000E+000 -1.154145077720012E-016
         283           1  0.000000000000000E+000 -1.095854922279352E-016
         283           2  0.000000000000000E+000 -1.154145077719728E-016
         284           1  0.000000000000000E+000 -1.095854922279234E-016
         284           2  0.000000000000000E+000 -1.154145077719847E-016
         285           1  0.000000000000000E+000 -1.095854922279455E-016
         285           2  0.000000000000000E+000 -1.154145077720288E-016
         286           1  0.000000000000000E+000 -1.095854922279560E-016
         286           2  0.000000000000000E+000 -1.154145077720720E-016
         287           1  0.000000000000000E+000 -1.095854922279376E-016
         287           2  0.000000000000000E+000 -1.154145077720455E-016
         288           1  0.000000000000000E+000 -1.095854922279332E-016
         288           2  0.000000000000000E+000 -1.154145077719895E-016
         289           1  0.000000000000000E+000 -1.095854922279137E-016
         289           2  0.000000000000000E+000 -1.154145077719235E-016
         290           1  0.000000000000000E+000 -1.095854922279040E-016
         290           2  0.000000000000000E+000 -1.154145077719050E-016
         291           1  0.000000000000000E+000 -1.095854922279206E-016
         291           2  0.000000000000000E+000 -1.154145077719309E-016
         292           1  0.000000000000000E+000 -1.095854922279412E-016
         292           2  0.000000000000000E+000 -1.154145077719716E-016
         293           1  0.000000000000000E+000 -1.095854922279712E-016
         293           2  0.000000000000000E+000 -1.154145077720207E-016
         294           1  0.000000000000000E+000 -1.095854922279953E-016
         294           2  0.000000000000000E+000 -1.154145077720938E-016
         295           1  0.000000000000000E+000 -1.095854922279976E-016
         295           2  0.000000000000000E+000 -1.154145077721333E-016
         296           1  0.000000000000000E+000 -1.095854922280255E-016
         296           2  0.000000000000000E+000 -1.154145077721507E-016
         297           1  0.000000000000000E+000 -1.095854922280250E-016
         297           2  0.000000000000000E+000 -1.154145077721574E-016
         298           1  0.000000000000000E+000 -1.095854922279913E-016
         298           2  0.000000000000000E+000 -1.154145077720981E-016
         299           1  0.000000000000000E+000 -1.095854922279771E-016
         299           2  0.000000000000000E+000 -1.154145077720231E-016
         300           1  0.000000000000000E+000 -1.095854922279691E-016
         300           2  0.000000000000000E+000 -1.154145077720158E-016
         301           1  0.000000000000000E+000 -1.095854922279574E-016
         301           2  0.000000000000000E+000 -1.154145077719886E-016
         302           1  0.000000000000000E+000 -1.095854922279257E-016
         302           2  0.000000000000000E+000 -1.154145077719703E-016
         303           1  0.000000000000000E+000 -1.095854922279030E-016
         303           2  0.000000000000000E+000 -1.154145077719667E-016
         304           1  0.000000000000000E+000 -1.095854922279002E-016
         304           2  0.000000000000000E+000 -1.154145077719556E-016
         305           1  0.000000000000000E+000 -1.095854922279234E-016
         305           2  0.000000000000000E+000 -1.154145077719754E-016
         306           1  0.000000000000000E+000 -1.095854922279301E-016
         306           2  0.000000000000000E+000 -1.154145077719907E-016
         307           1  0.000000000000000E+000 -1.095854922279215E-016
         307           2  0.000000000000000E+000 -1.154145077719739E-016
         308           1  0.000000000000000E+000 -1.095854922279055E-016
         308           2  0.000000000000000E+000 -1.154145077719377E-016
         309           1  0.000000000000000E+000 -1.095854922278916E-016
         309           2  0.000000000000000E+000 -1.154145077719204E-016
         310           1  0.000000000000000E+000 -1.095854922278971E-016
         310           2  0.000000000000000E+000 -1.154145077719269E-016
         311           1  0.000000000000000E+000 -1.095854922279353E-016
         311           2  0.000000000000000E+000 -1.154145077719430E-016
         312           1  0.000000000000000E+000 -1.095854922279514E-016
         312           2  0.000000000000000E+000 -1.154145077719894E-016
         313           1  0.000000000000000E+000 -1.095854922279758E-016
         313           2  0.000000000000000E+000 -1.154145077720366E-016
         314           1  0.000000000000000E+000 -1.095854922280062E-016
         314           2  0.000000000000000E+000 -1.154145077720733E-016
         315           1  0.000000000000000E+000 -1.095854922280388E-016
         315           2  0.000000000000000E+000 -1.154145077721030E-016
         316           1  0.000000000000000E+000 -1.095854922280357E-016
         316           2  0.000000000000000E+000 -1.154145077721308E-016
         317           1  0.000000000000000E+000 -1.095854922280193E-016
         317           2  0.000000000000000E+000 -1.154145077721196E-016
         318           1  0.000000000000000E+000 -1.095854922279659E-016
         318           2  0.000000000000000E+000 -1.154145077720386E-016
         319           1  0.000000000000000E+000 -1.095854922279447E-016
         319           2  0.000000000000000E+000 -1.154145077719709E-016
         320           1  0.000000000000000E+000 -1.095854922279382E-016
         320           2  0.000000000000000E+000 -1.154145077719730E-016
         321           1  0.000000000000000E+000 -1.095854922279075E-016
         321           2  0.000000000000000E+000 -1.154145077719575E-016
         322           1  0.000000000000000E+000 -1.095854922278998E-016
         322           2  0.000000000000000E+000 -1.154145077719519E-016
         323           1  0.000000000000000E+000 -1.095854922278917E-016
         323           2  0.000000000000000E+000 -1.154145077719568E-016
         324           1  0.000000000000000E+000 -1.095854922279022E-016
         324           2  0.000000000000000E+000 -1.154145077719324E-016
         325           1  0.000000000000000E+000 -1.095854922279037E-016
         325           2  0.000000000000000E+000 -1.154145077719341E-016
         326           1  0.000000000000000E+000 -1.095854922279099E-016
         326           2  0.000000000000000E+000 -1.154145077719416E-016
         327           1  0.000000000000000E+000 -1.095854922278917E-016
         327           2  0.000000000000000E+000 -1.154145077719226E-016
         328           1  0.000000000000000E+000 -1.095854922278844E-016
         328           2  0.000000000000000E+000 -1.154145077719095E-016
         329           1  0.000000000000000E+000 -1.095854922278879E-016
         329           2  0.000000000000000E+000 -1.154145077719339E-016
         330           1  0.000000000000000E+000 -1.095854922279246E-016
         330           2  0.000000000000000E+000 -1.154145077719814E-016
         331           1  0.000000000000000E+000 -1.095854922279478E-016
         331           2  0.000000000000000E+000 -1.154145077719953E-016
         332           1  0.000000000000000E+000 -1.095854922279553E-016
         332           2  0.000000000000000E+000 -1.154145077719908E-016
         333           1  0.000000000000000E+000 -1.095854922279710E-016
         333           2  0.000000000000000E+000 -1.154145077720363E-016
         334           1  0.000000000000000E+000 -1.095854922279956E-016
         334           2  0.000000000000000E+000 -1.154145077720616E-016
         335           1  0.000000000000000E+000 -1.095854922280349E-016
         335           2  0.000000000000000E+000 -1.154145077720788E-016
         336           1  0.000000000000000E+000 -1.095854922280201E-016
         336           2  0.000000000000000E+000 -1.154145077720942E-016
         337           1  0.000000000000000E+000 -1.095854922279846E-016
         337           2  0.000000000000000E+000 -1.154145077720275E-016
         338           1  0.000000000000000E+000 -1.095854922278758E-016
         338           2  0.000000000000000E+000 -1.154145077718695E-016
         339           1  0.000000000000000E+000 -1.095854922278625E-016
         339           2  0.000000000000000E+000 -1.154145077718371E-016
         340           1  0.000000000000000E+000 -1.095854922278518E-016
         340           2  0.000000000000000E+000 -1.154145077718262E-016
         341           1  0.000000000000000E+000 -1.095854922278898E-016
         341           2  0.000000000000000E+000 -1.154145077719065E-016
         342           1  0.000000000000000E+000 -1.095854922279065E-016
         342           2  0.000000000000000E+000 -1.154145077719321E-016
         343           1  0.000000000000000E+000 -1.095854922279136E-016
         343           2  0.000000000000000E+000 -1.154145077719381E-016
         344           1  0.000000000000000E+000 -1.095854922278874E-016
         344           2  0.000000000000000E+000 -1.154145077719171E-016
         345           1  0.000000000000000E+000 -1.095854922278977E-016
         345           2  0.000000000000000E+000 -1.154145077719310E-016
         346           1  0.000000000000000E+000 -1.095854922278914E-016
         346           2  0.000000000000000E+000 -1.154145077719320E-016
         347           1  0.000000000000000E+000 -1.095854922278860E-016
         347           2  0.000000000000000E+000 -1.154145077719173E-016
         348           1  0.000000000000000E+000 -1.095854922278772E-016
         348           2  0.000000000000000E+000 -1.154145077718982E-016
         349           1  0.000000000000000E+000 -1.095854922278968E-016
         349           2  0.000000000000000E+000 -1.154145077719313E-016
         350           1  0.000000000000000E+000 -1.095854922279429E-016
         350           2  0.000000000000000E+000 -1.154145077719900E-016
         351           1  0.000000000000000E+000 -1.095854922279518E-016
         351           2  0.000000000000000E+000 -1.154145077720022E-016
         352           1  0.000000000000000E+000 -1.095854922279439E-016
         352           2  0.000000000000000E+000 -1.154145077720011E-016
         353           1  0.000000000000000E+000 -1.095854922279513E-016
         353           2  0.000000000000000E+000 -1.154145077720375E-016
         354           1  0.000000000000000E+000 -1.095854922279799E-016
         354           2  0.000000000000000E+000 -1.154145077720736E-016
         355           1  0.000000000000000E+000 -1.095854922280012E-016
         355           2  0.000000000000000E+000 -1.154145077720882E-016
         356           1  0.000000000000000E+000 -1.095854922279719E-016
         356           2  0.000000000000000E+000 -1.154145077720547E-016
         357           1  0.000000000000000E+000 -1.095854922278886E-016
         357           2  0.000000000000000E+000 -1.154145077719115E-016
         358           1  0.000000000000000E+000 -1.095854922278203E-016
         358           2  0.000000000000000E+000 -1.154145077717915E-016
         359           1  0.000000000000000E+000 -1.095854922278445E-016
         359           2  0.000000000000000E+000 -1.154145077718141E-016
         360           1  0.000000000000000E+000 -1.095854922278351E-016
         360           2  0.000000000000000E+000 -1.154145077717816E-016
         361           1  0.000000000000000E+000 -1.095854922278856E-016
         361           2  0.000000000000000E+000 -1.154145077718985E-016
         362           1  0.000000000000000E+000 -1.095854922279028E-016
         362           2  0.000000000000000E+000 -1.154145077718941E-016
         363           1  0.000000000000000E+000 -1.095854922279125E-016
         363           2  0.000000000000000E+000 -1.154145077719086E-016
         364           1  0.000000000000000E+000 -1.095854922278995E-016
         364           2  0.000000000000000E+000 -1.154145077719029E-016
         365           1  0.000000000000000E+000 -1.095854922278907E-016
         365           2  0.000000000000000E+000 -1.154145077719106E-016
         366           1  0.000000000000000E+000 -1.095854922278828E-016
         366           2  0.000000000000000E+000 -1.154145077718944E-016
         367           1  0.000000000000000E+000 -1.095854922278735E-016
         367           2  0.000000000000000E+000 -1.154145077718817E-016
         368           1  0.000000000000000E+000 -1.095854922278964E-016
         368           2  0.000000000000000E+000 -1.154145077718672E-016
         369           1  0.000000000000000E+000 -1.095854922278909E-016
         369           2  0.000000000000000E+000 -1.154145077718897E-016
         370           1  0.000000000000000E+000 -1.095854922279292E-016
         370           2  0.000000000000000E+000 -1.154145077719482E-016
         371           1  0.000000000000000E+000 -1.095854922279226E-016
         371           2  0.000000000000000E+000 -1.154145077719824E-016
         372           1  0.000000000000000E+000 -1.095854922279310E-016
         372           2  0.000000000000000E+000 -1.154145077720034E-016
         373           1  0.000000000000000E+000 -1.095854922279515E-016
         373           2  0.000000000000000E+000 -1.154145077720332E-016
         374           1  0.000000000000000E+000 -1.095854922279828E-016
         374           2  0.000000000000000E+000 -1.154145077720759E-016
         375           1  0.000000000000000E+000 -1.095854922279780E-016
         375           2  0.000000000000000E+000 -1.154145077720720E-016
         376           1  0.000000000000000E+000 -1.095854922279555E-016
         376           2  0.000000000000000E+000 -1.154145077720207E-016
         377           1  0.000000000000000E+000 -1.095854922278754E-016
         377           2  0.000000000000000E+000 -1.154145077718672E-016
         378           1  0.000000000000000E+000 -1.095854922278355E-016
         378           2  0.000000000000000E+000 -1.154145077718012E-016
         379           1  0.000000000000000E+000 -1.095854922278366E-016
         379           2  0.000000000000000E+000 -1.154145077717956E-016
         380           1  0.000000000000000E+000 -1.095854922278374E-016
         380           2  0.000000000000000E+000 -1.154145077717879E-016
         381           1  0.000000000000000E+000 -1.095854922278790E-016
         381           2  0.000000000000000E+000 -1.154145077718996E-016
         382           1  0.000000000000000E+000 -1.095854922278735E-016
         382           2  0.000000000000000E+000 -1.154145077718989E-016
         383           1  0.000000000000000E+000 -1.095854922278716E-016
         383           2  0.000000000000000E+000 -1.154145077718846E-016
         384           1  0.000000000000000E+000 -1.095854922278741E-016
         384           2  0.000000000000000E+000 -1.154145077718829E-016
         385           1  0.000000000000000E+000 -1.095854922278744E-016
         385           2  0.000000000000000E+000 -1.154145077718813E-016
         386           1  0.000000000000000E+000 -1.095854922278748E-016
         386           2  0.000000000000000E+000 -1.154145077718505E-016
         387           1  0.000000000000000E+000 -1.095854922278870E-016
         387           2  0.000000000000000E+000 -1.154145077718352E-016
         388           1  0.000000000000000E+000 -1.095854922278854E-016
         388           2  0.000000000000000E+000 -1.154145077718358E-016
         389           1  0.000000000000000E+000 -1.095854922278827E-016
         389           2  0.000000000000000E+000 -1.154145077718587E-016
         390           1  0.000000000000000E+000 -1.095854922279000E-016
         390           2  0.000000000000000E+000 -1.154145077719293E-016
         391           1  0.000000000000000E+000 -1.095854922279167E-016
         391           2  0.000000000000000E+000 -1.154145077719747E-016
         392           1  0.000000000000000E+000 -1.095854922279323E-016
         392           2  0.000000000000000E+000 -1.154145077719744E-016
         393           1  0.000000000000000E+000 -1.095854922279626E-016
         393           2  0.000000000000000E+000 -1.154145077720223E-016
         394           1  0.000000000000000E+000 -1.095854922279877E-016
         394           2  0.000000000000000E+000 -1.154145077720440E-016
         395           1  0.000000000000000E+000 -1.095854922279739E-016
         395           2  0.000000000000000E+000 -1.154145077720536E-016
         396           1  0.000000000000000E+000 -1.095854922279572E-016
         396           2  0.000000000000000E+000 -1.154145077720060E-016
         397           1  0.000000000000000E+000 -1.095854922278690E-016
         397           2  0.000000000000000E+000 -1.154145077718285E-016
         398           1  0.000000000000000E+000 -1.095854922278111E-016
         398           2  0.000000000000000E+000 -1.154145077717656E-016
         399           1  0.000000000000000E+000 -1.095854922278175E-016
         399           2  0.000000000000000E+000 -1.154145077717556E-016
         400           1  0.000000000000000E+000 -1.095854922278365E-016
         400           2  0.000000000000000E+000 -1.154145077717398E-016
