           1           1  0.000000000000000E+000 -2.695464362851001E-018
           1           2  0.000000000000000E+000 -6.304535637151349E-018
           2           1  0.000000000000000E+000 -2.695464362850743E-018
           2           2  0.000000000000000E+000 -6.304535637149148E-018
           3           1  0.000000000000000E+000 -2.695464362850446E-018
           3           2  0.000000000000000E+000 -6.304535637147032E-018
           4           1  0.000000000000000E+000 -2.695464362850135E-018
           4           2  0.000000000000000E+000 -6.304535637147451E-018
           5           1  0.000000000000000E+000 -2.695464362849650E-018
           5           2  0.000000000000000E+000 -6.304535637146593E-018
           6           1  0.000000000000000E+000 -2.695464362848608E-018
           6           2  0.000000000000000E+000 -6.304535637144728E-018
           7           1  0.000000000000000E+000 -2.695464362848935E-018
           7           2  0.000000000000000E+000 -6.304535637143443E-018
           8           1  0.000000000000000E+000 -2.695464362848380E-018
           8           2  0.000000000000000E+000 -6.304535637142626E-018
           9           1  0.000000000000000E+000 -2.695464362848284E-018
           9           2  0.000000000000000E+000 -6.304535637141737E-018
          10           1  0.000000000000000E+000 -2.695464362848986E-018
          10           2  0.000000000000000E+000 -6.304535637142921E-018
          11           1  0.000000000000000E+000 -2.695464362849482E-018
          11           2  0.000000000000000E+000 -6.304535637143969E-018
          12           1  0.000000000000000E+000 -2.695464362849430E-018
          12           2  0.000000000000000E+000 -6.304535637145358E-018
          13           1  0.000000000000000E+000 -2.695464362849647E-018
          13           2  0.000000000000000E+000 -6.304535637146926E-018
          14           1  0.000000000000000E+000 -2.695464362850552E-018
          14           2  0.000000000000000E+000 -6.304535637146867E-018
          15           1  0.000000000000000E+000 -2.695464362850715E-018
          15           2  0.000000000000000E+000 -6.304535637147043E-018
          16           1  0.000000000000000E+000 -2.695464362850641E-018
          16           2  0.000000000000000E+000 -6.304535637146370E-018
          17           1  0.000000000000000E+000 -2.695464362849871E-018
          17           2  0.000000000000000E+000 -6.304535637146217E-018
          18           1  0.000000000000000E+000 -2.695464362849659E-018
          18           2  0.000000000000000E+000 -6.304535637147076E-018
          19           1  0.000000000000000E+000 -2.695464362849903E-018
          19           2  0.000000000000000E+000 -6.304535637146841E-018
          20           1  0.000000000000000E+000 -2.695464362849762E-018
          20           2  0.000000000000000E+000 -6.304535637145408E-018
          21           1  0.000000000000000E+000 -2.695464362850950E-018
          21           2  0.000000000000000E+000 -6.304535637150209E-018
          22           1  0.000000000000000E+000 -2.695464362851052E-018
          22           2  0.000000000000000E+000 -6.304535637149486E-018
          23           1  0.000000000000000E+000 -2.695464362850324E-018
          23           2  0.000000000000000E+000 -6.304535637147747E-018
          24           1  0.000000000000000E+000 -2.695464362850088E-018
          24           2  0.000000000000000E+000 -6.304535637146867E-018
          25           1  0.000000000000000E+000 -2.695464362849882E-018
          25           2  0.000000000000000E+000 -6.304535637146626E-018
          26           1  0.000000000000000E+000 -2.695464362849395E-018
          26           2  0.000000000000000E+000 -6.304535637144642E-018
          27           1  0.000000000000000E+000 -2.695464362849450E-018
          27           2  0.000000000000000E+000 -6.304535637144240E-018
          28           1  0.000000000000000E+000 -2.695464362849140E-018
          28           2  0.000000000000000E+000 -6.304535637142998E-018
          29           1  0.000000000000000E+000 -2.695464362848515E-018
          29           2  0.000000000000000E+000 -6.304535637141955E-018
          30           1  0.000000000000000E+000 -2.695464362848766E-018
          30           2  0.000000000000000E+000 -6.304535637144242E-018
          31           1  0.000000000000000E+000 -2.695464362849336E-018
          31           2  0.000000000000000E+000 -6.304535637144868E-018
          32           1  0.000000000000000E+000 -2.695464362849403E-018
          32           2  0.000000000000000E+000 -6.304535637145686E-018
          33           1  0.000000000000000E+000 -2.695464362849659E-018
          33           2  0.000000000000000E+000 -6.304535637146722E-018
          34           1  0.000000000000000E+000 -2.695464362850582E-018
          34           2  0.000000000000000E+000 -6.304535637146828E-018
          35           1  0.000000000000000E+000 -2.695464362850960E-018
          35           2  0.000000000000000E+000 -6.304535637146837E-018
          36           1  0.000000000000000E+000 -2.695464362851016E-018
          36           2  0.000000000000000E+000 -6.304535637146806E-018
          37           1  0.000000000000000E+000 -2.695464362849959E-018
          37           2  0.000000000000000E+000 -6.304535637146564E-018
          38           1  0.000000000000000E+000 -2.695464362849983E-018
          38           2  0.000000000000000E+000 -6.304535637147894E-018
          39           1  0.000000000000000E+000 -2.695464362850080E-018
          39           2  0.000000000000000E+000 -6.304535637147774E-018
          40           1  0.000000000000000E+000 -2.695464362849926E-018
          40           2  0.000000000000000E+000 -6.304535637146184E-018
          41           1  0.000000000000000E+000 -2.695464362850095E-018
          41           2  0.000000000000000E+000 -6.304535637148934E-018
          42           1  0.000000000000000E+000 -2.695464362850829E-018
          42           2  0.000000000000000E+000 -6.304535637148357E-018
          43           1  0.000000000000000E+000 -2.695464362850758E-018
          43           2  0.000000000000000E+000 -6.304535637148622E-018
          44           1  0.000000000000000E+000 -2.695464362850479E-018
          44           2  0.000000000000000E+000 -6.304535637147624E-018
          45           1  0.000000000000000E+000 -2.695464362849980E-018
          45           2  0.000000000000000E+000 -6.304535637146223E-018
          46           1  0.000000000000000E+000 -2.695464362849940E-018
          46           2  0.000000000000000E+000 -6.304535637144297E-018
          47           1  0.000000000000000E+000 -2.695464362849537E-018
          47           2  0.000000000000000E+000 -6.304535637144094E-018
          48           1  0.000000000000000E+000 -2.695464362848942E-018
          48           2  0.000000000000000E+000 -6.304535637142775E-018
          49           1  0.000000000000000E+000 -2.695464362848825E-018
          49           2  0.000000000000000E+000 -6.304535637142553E-018
          50           1  0.000000000000000E+000 -2.695464362848977E-018
          50           2  0.000000000000000E+000 -6.304535637143612E-018
          51           1  0.000000000000000E+000 -2.695464362849506E-018
          51           2  0.000000000000000E+000 -6.304535637145078E-018
          52           1  0.000000000000000E+000 -2.695464362849398E-018
          52           2  0.000000000000000E+000 -6.304535637145785E-018
          53           1  0.000000000000000E+000 -2.695464362850365E-018
          53           2  0.000000000000000E+000 -6.304535637146642E-018
          54           1  0.000000000000000E+000 -2.695464362850501E-018
          54           2  0.000000000000000E+000 -6.304535637146862E-018
          55           1  0.000000000000000E+000 -2.695464362850919E-018
          55           2  0.000000000000000E+000 -6.304535637146713E-018
          56           1  0.000000000000000E+000 -2.695464362850894E-018
          56           2  0.000000000000000E+000 -6.304535637146900E-018
          57           1  0.000000000000000E+000 -2.695464362850451E-018
          57           2  0.000000000000000E+000 -6.304535637146889E-018
          58           1  0.000000000000000E+000 -2.695464362850243E-018
          58           2  0.000000000000000E+000 -6.304535637146835E-018
          59           1  0.000000000000000E+000 -2.695464362849570E-018
          59           2  0.000000000000000E+000 -6.304535637146845E-018
          60           1  0.000000000000000E+000 -2.695464362849322E-018
          60           2  0.000000000000000E+000 -6.304535637146004E-018
          61           1  0.000000000000000E+000 -2.695464362850147E-018
          61           2  0.000000000000000E+000 -6.304535637148743E-018
          62           1  0.000000000000000E+000 -2.695464362850973E-018
          62           2  0.000000000000000E+000 -6.304535637148674E-018
          63           1  0.000000000000000E+000 -2.695464362850673E-018
          63           2  0.000000000000000E+000 -6.304535637148826E-018
          64           1  0.000000000000000E+000 -2.695464362850770E-018
          64           2  0.000000000000000E+000 -6.304535637148473E-018
          65           1  0.000000000000000E+000 -2.695464362850604E-018
          65           2  0.000000000000000E+000 -6.304535637146802E-018
          66           1  0.000000000000000E+000 -2.695464362849976E-018
          66           2  0.000000000000000E+000 -6.304535637143557E-018
          67           1  0.000000000000000E+000 -2.695464362849596E-018
          67           2  0.000000000000000E+000 -6.304535637143623E-018
          68           1  0.000000000000000E+000 -2.695464362849856E-018
          68           2  0.000000000000000E+000 -6.304535637144147E-018
          69           1  0.000000000000000E+000 -2.695464362849563E-018
          69           2  0.000000000000000E+000 -6.304535637144085E-018
          70           1  0.000000000000000E+000 -2.695464362849448E-018
          70           2  0.000000000000000E+000 -6.304535637144963E-018
          71           1  0.000000000000000E+000 -2.695464362849569E-018
          71           2  0.000000000000000E+000 -6.304535637145297E-018
          72           1  0.000000000000000E+000 -2.695464362849706E-018
          72           2  0.000000000000000E+000 -6.304535637145627E-018
          73           1  0.000000000000000E+000 -2.695464362850488E-018
          73           2  0.000000000000000E+000 -6.304535637146039E-018
          74           1  0.000000000000000E+000 -2.695464362850306E-018
          74           2  0.000000000000000E+000 -6.304535637146558E-018
          75           1  0.000000000000000E+000 -2.695464362850427E-018
          75           2  0.000000000000000E+000 -6.304535637147166E-018
          76           1  0.000000000000000E+000 -2.695464362850692E-018
          76           2  0.000000000000000E+000 -6.304535637147649E-018
          77           1  0.000000000000000E+000 -2.695464362850602E-018
          77           2  0.000000000000000E+000 -6.304535637147545E-018
          78           1  0.000000000000000E+000 -2.695464362850368E-018
          78           2  0.000000000000000E+000 -6.304535637146260E-018
          79           1  0.000000000000000E+000 -2.695464362850115E-018
          79           2  0.000000000000000E+000 -6.304535637145840E-018
          80           1  0.000000000000000E+000 -2.695464362849587E-018
          80           2  0.000000000000000E+000 -6.304535637145373E-018
          81           1  0.000000000000000E+000 -2.695464362849999E-018
          81           2  0.000000000000000E+000 -6.304535637146904E-018
          82           1  0.000000000000000E+000 -2.695464362850783E-018
          82           2  0.000000000000000E+000 -6.304535637146133E-018
          83           1  0.000000000000000E+000 -2.695464362850739E-018
          83           2  0.000000000000000E+000 -6.304535637146901E-018
          84           1  0.000000000000000E+000 -2.695464362850820E-018
          84           2  0.000000000000000E+000 -6.304535637147332E-018
          85           1  0.000000000000000E+000 -2.695464362850462E-018
          85           2  0.000000000000000E+000 -6.304535637145103E-018
          86           1  0.000000000000000E+000 -2.695464362850151E-018
          86           2  0.000000000000000E+000 -6.304535637143922E-018
          87           1  0.000000000000000E+000 -2.695464362850329E-018
          87           2  0.000000000000000E+000 -6.304535637144413E-018
          88           1  0.000000000000000E+000 -2.695464362850453E-018
          88           2  0.000000000000000E+000 -6.304535637145763E-018
          89           1  0.000000000000000E+000 -2.695464362850494E-018
          89           2  0.000000000000000E+000 -6.304535637146099E-018
          90           1  0.000000000000000E+000 -2.695464362850022E-018
          90           2  0.000000000000000E+000 -6.304535637146438E-018
          91           1  0.000000000000000E+000 -2.695464362849888E-018
          91           2  0.000000000000000E+000 -6.304535637146623E-018
          92           1  0.000000000000000E+000 -2.695464362850215E-018
          92           2  0.000000000000000E+000 -6.304535637146529E-018
          93           1  0.000000000000000E+000 -2.695464362850536E-018
          93           2  0.000000000000000E+000 -6.304535637146629E-018
          94           1  0.000000000000000E+000 -2.695464362850434E-018
          94           2  0.000000000000000E+000 -6.304535637146952E-018
          95           1  0.000000000000000E+000 -2.695464362850540E-018
          95           2  0.000000000000000E+000 -6.304535637147606E-018
          96           1  0.000000000000000E+000 -2.695464362850599E-018
          96           2  0.000000000000000E+000 -6.304535637147329E-018
          97           1  0.000000000000000E+000 -2.695464362850592E-018
          97           2  0.000000000000000E+000 -6.304535637146743E-018
          98           1  0.000000000000000E+000 -2.695464362850324E-018
          98           2  0.000000000000000E+000 -6.304535637145375E-018
          99           1  0.000000000000000E+000 -2.695464362850124E-018
          99           2  0.000000000000000E+000 -6.304535637145271E-018
         100           1  0.000000000000000E+000 -2.695464362849582E-018
         100           2  0.000000000000000E+000 -6.304535637144821E-018
         101           1  0.000000000000000E+000 -2.695464362849845E-018
         101           2  0.000000000000000E+000 -6.304535637143761E-018
         102           1  0.000000000000000E+000 -2.695464362849940E-018
         102           2  0.000000000000000E+000 -6.304535637144000E-018
         103           1  0.000000000000000E+000 -2.695464362849678E-018
         103           2  0.000000000000000E+000 -6.304535637143542E-018
         104           1  0.000000000000000E+000 -2.695464362849412E-018
         104           2  0.000000000000000E+000 -6.304535637142950E-018
         105           1  0.000000000000000E+000 -2.695464362849491E-018
         105           2  0.000000000000000E+000 -6.304535637142969E-018
         106           1  0.000000000000000E+000 -2.695464362849853E-018
         106           2  0.000000000000000E+000 -6.304535637144141E-018
         107           1  0.000000000000000E+000 -2.695464362850317E-018
         107           2  0.000000000000000E+000 -6.304535637144980E-018
         108           1  0.000000000000000E+000 -2.695464362850584E-018
         108           2  0.000000000000000E+000 -6.304535637145559E-018
         109           1  0.000000000000000E+000 -2.695464362850990E-018
         109           2  0.000000000000000E+000 -6.304535637146417E-018
         110           1  0.000000000000000E+000 -2.695464362850535E-018
         110           2  0.000000000000000E+000 -6.304535637147221E-018
         111           1  0.000000000000000E+000 -2.695464362850328E-018
         111           2  0.000000000000000E+000 -6.304535637147615E-018
         112           1  0.000000000000000E+000 -2.695464362850643E-018
         112           2  0.000000000000000E+000 -6.304535637147499E-018
         113           1  0.000000000000000E+000 -2.695464362850849E-018
         113           2  0.000000000000000E+000 -6.304535637147414E-018
         114           1  0.000000000000000E+000 -2.695464362850711E-018
         114           2  0.000000000000000E+000 -6.304535637147239E-018
         115           1  0.000000000000000E+000 -2.695464362850761E-018
         115           2  0.000000000000000E+000 -6.304535637147329E-018
         116           1  0.000000000000000E+000 -2.695464362850242E-018
         116           2  0.000000000000000E+000 -6.304535637146666E-018
         117           1  0.000000000000000E+000 -2.695464362850431E-018
         117           2  0.000000000000000E+000 -6.304535637145643E-018
         118           1  0.000000000000000E+000 -2.695464362850238E-018
         118           2  0.000000000000000E+000 -6.304535637144970E-018
         119           1  0.000000000000000E+000 -2.695464362849625E-018
         119           2  0.000000000000000E+000 -6.304535637144573E-018
         120           1  0.000000000000000E+000 -2.695464362848933E-018
         120           2  0.000000000000000E+000 -6.304535637144408E-018
         121           1  0.000000000000000E+000 -2.695464362849512E-018
         121           2  0.000000000000000E+000 -6.304535637143146E-018
         122           1  0.000000000000000E+000 -2.695464362849340E-018
         122           2  0.000000000000000E+000 -6.304535637144246E-018
         123           1  0.000000000000000E+000 -2.695464362849623E-018
         123           2  0.000000000000000E+000 -6.304535637143818E-018
         124           1  0.000000000000000E+000 -2.695464362849378E-018
         124           2  0.000000000000000E+000 -6.304535637143606E-018
         125           1  0.000000000000000E+000 -2.695464362849676E-018
         125           2  0.000000000000000E+000 -6.304535637143995E-018
         126           1  0.000000000000000E+000 -2.695464362849752E-018
         126           2  0.000000000000000E+000 -6.304535637144702E-018
         127           1  0.000000000000000E+000 -2.695464362850277E-018
         127           2  0.000000000000000E+000 -6.304535637144572E-018
         128           1  0.000000000000000E+000 -2.695464362850926E-018
         128           2  0.000000000000000E+000 -6.304535637145734E-018
         129           1  0.000000000000000E+000 -2.695464362851148E-018
         129           2  0.000000000000000E+000 -6.304535637146582E-018
         130           1  0.000000000000000E+000 -2.695464362850676E-018
         130           2  0.000000000000000E+000 -6.304535637147851E-018
         131           1  0.000000000000000E+000 -2.695464362850391E-018
         131           2  0.000000000000000E+000 -6.304535637148260E-018
         132           1  0.000000000000000E+000 -2.695464362850415E-018
         132           2  0.000000000000000E+000 -6.304535637148314E-018
         133           1  0.000000000000000E+000 -2.695464362850647E-018
         133           2  0.000000000000000E+000 -6.304535637147394E-018
         134           1  0.000000000000000E+000 -2.695464362850646E-018
         134           2  0.000000000000000E+000 -6.304535637147307E-018
         135           1  0.000000000000000E+000 -2.695464362850752E-018
         135           2  0.000000000000000E+000 -6.304535637147085E-018
         136           1  0.000000000000000E+000 -2.695464362850418E-018
         136           2  0.000000000000000E+000 -6.304535637146197E-018
         137           1  0.000000000000000E+000 -2.695464362850221E-018
         137           2  0.000000000000000E+000 -6.304535637145712E-018
         138           1  0.000000000000000E+000 -2.695464362849770E-018
         138           2  0.000000000000000E+000 -6.304535637145580E-018
         139           1  0.000000000000000E+000 -2.695464362849440E-018
         139           2  0.000000000000000E+000 -6.304535637145382E-018
         140           1  0.000000000000000E+000 -2.695464362848984E-018
         140           2  0.000000000000000E+000 -6.304535637144298E-018
         141           1  0.000000000000000E+000 -2.695464362849257E-018
         141           2  0.000000000000000E+000 -6.304535637144482E-018
         142           1  0.000000000000000E+000 -2.695464362848808E-018
         142           2  0.000000000000000E+000 -6.304535637145556E-018
         143           1  0.000000000000000E+000 -2.695464362849679E-018
         143           2  0.000000000000000E+000 -6.304535637144825E-018
         144           1  0.000000000000000E+000 -2.695464362849105E-018
         144           2  0.000000000000000E+000 -6.304535637143994E-018
         145           1  0.000000000000000E+000 -2.695464362849821E-018
         145           2  0.000000000000000E+000 -6.304535637144975E-018
         146           1  0.000000000000000E+000 -2.695464362849858E-018
         146           2  0.000000000000000E+000 -6.304535637144929E-018
         147           1  0.000000000000000E+000 -2.695464362849895E-018
         147           2  0.000000000000000E+000 -6.304535637145560E-018
         148           1  0.000000000000000E+000 -2.695464362850472E-018
         148           2  0.000000000000000E+000 -6.304535637147562E-018
         149           1  0.000000000000000E+000 -2.695464362850758E-018
         149           2  0.000000000000000E+000 -6.304535637147671E-018
         150           1  0.000000000000000E+000 -2.695464362850593E-018
         150           2  0.000000000000000E+000 -6.304535637148342E-018
         151           1  0.000000000000000E+000 -2.695464362850577E-018
         151           2  0.000000000000000E+000 -6.304535637149188E-018
         152           1  0.000000000000000E+000 -2.695464362850337E-018
         152           2  0.000000000000000E+000 -6.304535637148946E-018
         153           1  0.000000000000000E+000 -2.695464362850383E-018
         153           2  0.000000000000000E+000 -6.304535637148024E-018
         154           1  0.000000000000000E+000 -2.695464362850620E-018
         154           2  0.000000000000000E+000 -6.304535637147252E-018
         155           1  0.000000000000000E+000 -2.695464362850777E-018
         155           2  0.000000000000000E+000 -6.304535637146718E-018
         156           1  0.000000000000000E+000 -2.695464362850495E-018
         156           2  0.000000000000000E+000 -6.304535637146079E-018
         157           1  0.000000000000000E+000 -2.695464362850378E-018
         157           2  0.000000000000000E+000 -6.304535637146146E-018
         158           1  0.000000000000000E+000 -2.695464362849837E-018
         158           2  0.000000000000000E+000 -6.304535637146462E-018
         159           1  0.000000000000000E+000 -2.695464362849418E-018
         159           2  0.000000000000000E+000 -6.304535637145282E-018
         160           1  0.000000000000000E+000 -2.695464362849819E-018
         160           2  0.000000000000000E+000 -6.304535637144582E-018
         161           1  0.000000000000000E+000 -2.695464362848593E-018
         161           2  0.000000000000000E+000 -6.304535637144127E-018
         162           1  0.000000000000000E+000 -2.695464362848943E-018
         162           2  0.000000000000000E+000 -6.304535637144955E-018
         163           1  0.000000000000000E+000 -2.695464362849289E-018
         163           2  0.000000000000000E+000 -6.304535637144838E-018
         164           1  0.000000000000000E+000 -2.695464362849572E-018
         164           2  0.000000000000000E+000 -6.304535637146077E-018
         165           1  0.000000000000000E+000 -2.695464362850080E-018
         165           2  0.000000000000000E+000 -6.304535637146324E-018
         166           1  0.000000000000000E+000 -2.695464362849832E-018
         166           2  0.000000000000000E+000 -6.304535637146458E-018
         167           1  0.000000000000000E+000 -2.695464362849610E-018
         167           2  0.000000000000000E+000 -6.304535637147328E-018
         168           1  0.000000000000000E+000 -2.695464362850221E-018
         168           2  0.000000000000000E+000 -6.304535637148575E-018
         169           1  0.000000000000000E+000 -2.695464362851091E-018
         169           2  0.000000000000000E+000 -6.304535637149518E-018
         170           1  0.000000000000000E+000 -2.695464362851114E-018
         170           2  0.000000000000000E+000 -6.304535637150352E-018
         171           1  0.000000000000000E+000 -2.695464362850916E-018
         171           2  0.000000000000000E+000 -6.304535637150233E-018
         172           1  0.000000000000000E+000 -2.695464362850679E-018
         172           2  0.000000000000000E+000 -6.304535637149213E-018
         173           1  0.000000000000000E+000 -2.695464362850533E-018
         173           2  0.000000000000000E+000 -6.304535637148276E-018
         174           1  0.000000000000000E+000 -2.695464362850619E-018
         174           2  0.000000000000000E+000 -6.304535637147469E-018
         175           1  0.000000000000000E+000 -2.695464362850975E-018
         175           2  0.000000000000000E+000 -6.304535637146871E-018
         176           1  0.000000000000000E+000 -2.695464362850934E-018
         176           2  0.000000000000000E+000 -6.304535637146841E-018
         177           1  0.000000000000000E+000 -2.695464362850246E-018
         177           2  0.000000000000000E+000 -6.304535637146761E-018
         178           1  0.000000000000000E+000 -2.695464362850141E-018
         178           2  0.000000000000000E+000 -6.304535637146116E-018
         179           1  0.000000000000000E+000 -2.695464362849847E-018
         179           2  0.000000000000000E+000 -6.304535637145328E-018
         180           1  0.000000000000000E+000 -2.695464362849438E-018
         180           2  0.000000000000000E+000 -6.304535637144225E-018
         181           1  0.000000000000000E+000 -2.695464362848747E-018
         181           2  0.000000000000000E+000 -6.304535637142983E-018
         182           1  0.000000000000000E+000 -2.695464362848712E-018
         182           2  0.000000000000000E+000 -6.304535637143994E-018
         183           1  0.000000000000000E+000 -2.695464362849690E-018
         183           2  0.000000000000000E+000 -6.304535637145838E-018
         184           1  0.000000000000000E+000 -2.695464362850237E-018
         184           2  0.000000000000000E+000 -6.304535637147717E-018
         185           1  0.000000000000000E+000 -2.695464362850377E-018
         185           2  0.000000000000000E+000 -6.304535637147180E-018
         186           1  0.000000000000000E+000 -2.695464362849864E-018
         186           2  0.000000000000000E+000 -6.304535637147473E-018
         187           1  0.000000000000000E+000 -2.695464362849853E-018
         187           2  0.000000000000000E+000 -6.304535637147911E-018
         188           1  0.000000000000000E+000 -2.695464362850430E-018
         188           2  0.000000000000000E+000 -6.304535637149105E-018
         189           1  0.000000000000000E+000 -2.695464362851069E-018
         189           2  0.000000000000000E+000 -6.304535637150578E-018
         190           1  0.000000000000000E+000 -2.695464362851500E-018
         190           2  0.000000000000000E+000 -6.304535637151178E-018
         191           1  0.000000000000000E+000 -2.695464362851172E-018
         191           2  0.000000000000000E+000 -6.304535637150435E-018
         192           1  0.000000000000000E+000 -2.695464362850839E-018
         192           2  0.000000000000000E+000 -6.304535637149464E-018
         193           1  0.000000000000000E+000 -2.695464362850338E-018
         193           2  0.000000000000000E+000 -6.304535637148726E-018
         194           1  0.000000000000000E+000 -2.695464362850351E-018
         194           2  0.000000000000000E+000 -6.304535637148343E-018
         195           1  0.000000000000000E+000 -2.695464362850992E-018
         195           2  0.000000000000000E+000 -6.304535637147673E-018
         196           1  0.000000000000000E+000 -2.695464362850972E-018
         196           2  0.000000000000000E+000 -6.304535637148132E-018
         197           1  0.000000000000000E+000 -2.695464362850480E-018
         197           2  0.000000000000000E+000 -6.304535637147816E-018
         198           1  0.000000000000000E+000 -2.695464362850056E-018
         198           2  0.000000000000000E+000 -6.304535637146253E-018
         199           1  0.000000000000000E+000 -2.695464362849963E-018
         199           2  0.000000000000000E+000 -6.304535637144972E-018
         200           1  0.000000000000000E+000 -2.695464362849168E-018
         200           2  0.000000000000000E+000 -6.304535637143743E-018
         201           1  0.000000000000000E+000 -2.695464362849753E-018
         201           2  0.000000000000000E+000 -6.304535637143052E-018
         202           1  0.000000000000000E+000 -2.695464362849789E-018
         202           2  0.000000000000000E+000 -6.304535637143983E-018
         203           1  0.000000000000000E+000 -2.695464362849630E-018
         203           2  0.000000000000000E+000 -6.304535637144043E-018
         204           1  0.000000000000000E+000 -2.695464362850123E-018
         204           2  0.000000000000000E+000 -6.304535637147153E-018
         205           1  0.000000000000000E+000 -2.695464362850242E-018
         205           2  0.000000000000000E+000 -6.304535637147086E-018
         206           1  0.000000000000000E+000 -2.695464362850450E-018
         206           2  0.000000000000000E+000 -6.304535637147107E-018
         207           1  0.000000000000000E+000 -2.695464362850535E-018
         207           2  0.000000000000000E+000 -6.304535637147735E-018
         208           1  0.000000000000000E+000 -2.695464362850834E-018
         208           2  0.000000000000000E+000 -6.304535637149472E-018
         209           1  0.000000000000000E+000 -2.695464362851389E-018
         209           2  0.000000000000000E+000 -6.304535637150957E-018
         210           1  0.000000000000000E+000 -2.695464362851725E-018
         210           2  0.000000000000000E+000 -6.304535637151458E-018
         211           1  0.000000000000000E+000 -2.695464362851207E-018
         211           2  0.000000000000000E+000 -6.304535637150108E-018
         212           1  0.000000000000000E+000 -2.695464362850830E-018
         212           2  0.000000000000000E+000 -6.304535637149560E-018
         213           1  0.000000000000000E+000 -2.695464362850521E-018
         213           2  0.000000000000000E+000 -6.304535637149331E-018
         214           1  0.000000000000000E+000 -2.695464362850758E-018
         214           2  0.000000000000000E+000 -6.304535637148808E-018
         215           1  0.000000000000000E+000 -2.695464362851422E-018
         215           2  0.000000000000000E+000 -6.304535637148225E-018
         216           1  0.000000000000000E+000 -2.695464362851234E-018
         216           2  0.000000000000000E+000 -6.304535637148361E-018
         217           1  0.000000000000000E+000 -2.695464362850515E-018
         217           2  0.000000000000000E+000 -6.304535637148170E-018
         218           1  0.000000000000000E+000 -2.695464362849760E-018
         218           2  0.000000000000000E+000 -6.304535637144948E-018
         219           1  0.000000000000000E+000 -2.695464362849445E-018
         219           2  0.000000000000000E+000 -6.304535637144107E-018
         220           1  0.000000000000000E+000 -2.695464362848771E-018
         220           2  0.000000000000000E+000 -6.304535637143573E-018
         221           1  0.000000000000000E+000 -2.695464362848961E-018
         221           2  0.000000000000000E+000 -6.304535637142567E-018
         222           1  0.000000000000000E+000 -2.695464362850012E-018
         222           2  0.000000000000000E+000 -6.304535637144207E-018
         223           1  0.000000000000000E+000 -2.695464362849165E-018
         223           2  0.000000000000000E+000 -6.304535637142654E-018
         224           1  0.000000000000000E+000 -2.695464362849621E-018
         224           2  0.000000000000000E+000 -6.304535637145228E-018
         225           1  0.000000000000000E+000 -2.695464362849939E-018
         225           2  0.000000000000000E+000 -6.304535637146136E-018
         226           1  0.000000000000000E+000 -2.695464362849891E-018
         226           2  0.000000000000000E+000 -6.304535637146268E-018
         227           1  0.000000000000000E+000 -2.695464362850287E-018
         227           2  0.000000000000000E+000 -6.304535637147257E-018
         228           1  0.000000000000000E+000 -2.695464362850804E-018
         228           2  0.000000000000000E+000 -6.304535637149172E-018
         229           1  0.000000000000000E+000 -2.695464362851287E-018
         229           2  0.000000000000000E+000 -6.304535637150969E-018
         230           1  0.000000000000000E+000 -2.695464362851500E-018
         230           2  0.000000000000000E+000 -6.304535637150422E-018
         231           1  0.000000000000000E+000 -2.695464362851282E-018
         231           2  0.000000000000000E+000 -6.304535637149604E-018
         232           1  0.000000000000000E+000 -2.695464362850615E-018
         232           2  0.000000000000000E+000 -6.304535637149355E-018
         233           1  0.000000000000000E+000 -2.695464362850391E-018
         233           2  0.000000000000000E+000 -6.304535637149449E-018
         234           1  0.000000000000000E+000 -2.695464362850984E-018
         234           2  0.000000000000000E+000 -6.304535637149419E-018
         235           1  0.000000000000000E+000 -2.695464362851591E-018
         235           2  0.000000000000000E+000 -6.304535637148268E-018
         236           1  0.000000000000000E+000 -2.695464362851594E-018
         236           2  0.000000000000000E+000 -6.304535637147966E-018
         237           1  0.000000000000000E+000 -2.695464362850497E-018
         237           2  0.000000000000000E+000 -6.304535637148058E-018
         238           1  0.000000000000000E+000 -2.695464362849681E-018
         238           2  0.000000000000000E+000 -6.304535637145775E-018
         239           1  0.000000000000000E+000 -2.695464362849187E-018
         239           2  0.000000000000000E+000 -6.304535637144818E-018
         240           1  0.000000000000000E+000 -2.695464362849054E-018
         240           2  0.000000000000000E+000 -6.304535637143301E-018
         241           1  0.000000000000000E+000 -2.695464362848578E-018
         241           2  0.000000000000000E+000 -6.304535637142457E-018
         242           1  0.000000000000000E+000 -2.695464362849654E-018
         242           2  0.000000000000000E+000 -6.304535637144059E-018
         243           1  0.000000000000000E+000 -2.695464362849559E-018
         243           2  0.000000000000000E+000 -6.304535637142875E-018
         244           1  0.000000000000000E+000 -2.695464362849631E-018
         244           2  0.000000000000000E+000 -6.304535637143422E-018
         245           1  0.000000000000000E+000 -2.695464362849792E-018
         245           2  0.000000000000000E+000 -6.304535637145075E-018
         246           1  0.000000000000000E+000 -2.695464362849782E-018
         246           2  0.000000000000000E+000 -6.304535637145228E-018
         247           1  0.000000000000000E+000 -2.695464362850161E-018
         247           2  0.000000000000000E+000 -6.304535637146132E-018
         248           1  0.000000000000000E+000 -2.695464362850643E-018
         248           2  0.000000000000000E+000 -6.304535637148464E-018
         249           1  0.000000000000000E+000 -2.695464362850903E-018
         249           2  0.000000000000000E+000 -6.304535637149533E-018
         250           1  0.000000000000000E+000 -2.695464362850892E-018
         250           2  0.000000000000000E+000 -6.304535637149240E-018
         251           1  0.000000000000000E+000 -2.695464362850872E-018
         251           2  0.000000000000000E+000 -6.304535637149044E-018
         252           1  0.000000000000000E+000 -2.695464362850679E-018
         252           2  0.000000000000000E+000 -6.304535637148890E-018
         253           1  0.000000000000000E+000 -2.695464362850449E-018
         253           2  0.000000000000000E+000 -6.304535637149316E-018
         254           1  0.000000000000000E+000 -2.695464362851118E-018
         254           2  0.000000000000000E+000 -6.304535637149297E-018
         255           1  0.000000000000000E+000 -2.695464362851626E-018
         255           2  0.000000000000000E+000 -6.304535637148540E-018
         256           1  0.000000000000000E+000 -2.695464362851540E-018
         256           2  0.000000000000000E+000 -6.304535637147926E-018
         257           1  0.000000000000000E+000 -2.695464362850489E-018
         257           2  0.000000000000000E+000 -6.304535637147521E-018
         258           1  0.000000000000000E+000 -2.695464362849960E-018
         258           2  0.000000000000000E+000 -6.304535637146703E-018
         259           1  0.000000000000000E+000 -2.695464362849253E-018
         259           2  0.000000000000000E+000 -6.304535637145228E-018
         260           1  0.000000000000000E+000 -2.695464362849166E-018
         260           2  0.000000000000000E+000 -6.304535637143778E-018
         261           1  0.000000000000000E+000 -2.695464362848675E-018
         261           2  0.000000000000000E+000 -6.304535637141936E-018
         262           1  0.000000000000000E+000 -2.695464362848970E-018
         262           2  0.000000000000000E+000 -6.304535637141983E-018
         263           1  0.000000000000000E+000 -2.695464362848883E-018
         263           2  0.000000000000000E+000 -6.304535637141182E-018
         264           1  0.000000000000000E+000 -2.695464362849474E-018
         264           2  0.000000000000000E+000 -6.304535637142872E-018
         265           1  0.000000000000000E+000 -2.695464362849578E-018
         265           2  0.000000000000000E+000 -6.304535637142837E-018
         266           1  0.000000000000000E+000 -2.695464362850023E-018
         266           2  0.000000000000000E+000 -6.304535637143712E-018
         267           1  0.000000000000000E+000 -2.695464362850451E-018
         267           2  0.000000000000000E+000 -6.304535637145192E-018
         268           1  0.000000000000000E+000 -2.695464362850327E-018
         268           2  0.000000000000000E+000 -6.304535637146114E-018
         269           1  0.000000000000000E+000 -2.695464362850553E-018
         269           2  0.000000000000000E+000 -6.304535637147254E-018
         270           1  0.000000000000000E+000 -2.695464362850979E-018
         270           2  0.000000000000000E+000 -6.304535637148122E-018
         271           1  0.000000000000000E+000 -2.695464362850960E-018
         271           2  0.000000000000000E+000 -6.304535637148254E-018
         272           1  0.000000000000000E+000 -2.695464362850711E-018
         272           2  0.000000000000000E+000 -6.304535637148370E-018
         273           1  0.000000000000000E+000 -2.695464362850645E-018
         273           2  0.000000000000000E+000 -6.304535637148419E-018
         274           1  0.000000000000000E+000 -2.695464362851118E-018
         274           2  0.000000000000000E+000 -6.304535637148066E-018
         275           1  0.000000000000000E+000 -2.695464362851159E-018
         275           2  0.000000000000000E+000 -6.304535637147966E-018
         276           1  0.000000000000000E+000 -2.695464362850906E-018
         276           2  0.000000000000000E+000 -6.304535637148192E-018
         277           1  0.000000000000000E+000 -2.695464362850119E-018
         277           2  0.000000000000000E+000 -6.304535637147649E-018
         278           1  0.000000000000000E+000 -2.695464362849772E-018
         278           2  0.000000000000000E+000 -6.304535637146357E-018
         279           1  0.000000000000000E+000 -2.695464362849633E-018
         279           2  0.000000000000000E+000 -6.304535637144854E-018
         280           1  0.000000000000000E+000 -2.695464362849730E-018
         280           2  0.000000000000000E+000 -6.304535637143899E-018
         281           1  0.000000000000000E+000 -2.695464362848932E-018
         281           2  0.000000000000000E+000 -6.304535637142208E-018
         282           1  0.000000000000000E+000 -2.695464362849081E-018
         282           2  0.000000000000000E+000 -6.304535637143657E-018
         283           1  0.000000000000000E+000 -2.695464362849313E-018
         283           2  0.000000000000000E+000 -6.304535637142815E-018
         284           1  0.000000000000000E+000 -2.695464362849414E-018
         284           2  0.000000000000000E+000 -6.304535637143080E-018
         285           1  0.000000000000000E+000 -2.695464362850129E-018
         285           2  0.000000000000000E+000 -6.304535637143808E-018
         286           1  0.000000000000000E+000 -2.695464362850975E-018
         286           2  0.000000000000000E+000 -6.304535637145281E-018
         287           1  0.000000000000000E+000 -2.695464362850774E-018
         287           2  0.000000000000000E+000 -6.304535637144455E-018
         288           1  0.000000000000000E+000 -2.695464362850285E-018
         288           2  0.000000000000000E+000 -6.304535637144751E-018
         289           1  0.000000000000000E+000 -2.695464362850812E-018
         289           2  0.000000000000000E+000 -6.304535637146619E-018
         290           1  0.000000000000000E+000 -2.695464362851101E-018
         290           2  0.000000000000000E+000 -6.304535637148433E-018
         291           1  0.000000000000000E+000 -2.695464362851096E-018
         291           2  0.000000000000000E+000 -6.304535637148377E-018
         292           1  0.000000000000000E+000 -2.695464362850927E-018
         292           2  0.000000000000000E+000 -6.304535637148384E-018
         293           1  0.000000000000000E+000 -2.695464362851099E-018
         293           2  0.000000000000000E+000 -6.304535637147847E-018
         294           1  0.000000000000000E+000 -2.695464362851426E-018
         294           2  0.000000000000000E+000 -6.304535637147916E-018
         295           1  0.000000000000000E+000 -2.695464362851562E-018
         295           2  0.000000000000000E+000 -6.304535637148334E-018
         296           1  0.000000000000000E+000 -2.695464362850938E-018
         296           2  0.000000000000000E+000 -6.304535637148330E-018
         297           1  0.000000000000000E+000 -2.695464362850189E-018
         297           2  0.000000000000000E+000 -6.304535637148031E-018
         298           1  0.000000000000000E+000 -2.695464362850349E-018
         298           2  0.000000000000000E+000 -6.304535637146606E-018
         299           1  0.000000000000000E+000 -2.695464362850344E-018
         299           2  0.000000000000000E+000 -6.304535637145723E-018
         300           1  0.000000000000000E+000 -2.695464362850136E-018
         300           2  0.000000000000000E+000 -6.304535637144748E-018
         301           1  0.000000000000000E+000 -2.695464362850651E-018
         301           2  0.000000000000000E+000 -6.304535637147196E-018
         302           1  0.000000000000000E+000 -2.695464362849920E-018
         302           2  0.000000000000000E+000 -6.304535637145029E-018
         303           1  0.000000000000000E+000 -2.695464362850076E-018
         303           2  0.000000000000000E+000 -6.304535637145299E-018
         304           1  0.000000000000000E+000 -2.695464362850282E-018
         304           2  0.000000000000000E+000 -6.304535637146190E-018
         305           1  0.000000000000000E+000 -2.695464362850644E-018
         305           2  0.000000000000000E+000 -6.304535637147491E-018
         306           1  0.000000000000000E+000 -2.695464362851091E-018
         306           2  0.000000000000000E+000 -6.304535637146824E-018
         307           1  0.000000000000000E+000 -2.695464362850765E-018
         307           2  0.000000000000000E+000 -6.304535637145350E-018
         308           1  0.000000000000000E+000 -2.695464362850647E-018
         308           2  0.000000000000000E+000 -6.304535637145596E-018
         309           1  0.000000000000000E+000 -2.695464362850602E-018
         309           2  0.000000000000000E+000 -6.304535637147012E-018
         310           1  0.000000000000000E+000 -2.695464362850896E-018
         310           2  0.000000000000000E+000 -6.304535637148860E-018
         311           1  0.000000000000000E+000 -2.695464362851438E-018
         311           2  0.000000000000000E+000 -6.304535637149457E-018
         312           1  0.000000000000000E+000 -2.695464362851590E-018
         312           2  0.000000000000000E+000 -6.304535637148756E-018
         313           1  0.000000000000000E+000 -2.695464362851464E-018
         313           2  0.000000000000000E+000 -6.304535637148542E-018
         314           1  0.000000000000000E+000 -2.695464362851356E-018
         314           2  0.000000000000000E+000 -6.304535637147923E-018
         315           1  0.000000000000000E+000 -2.695464362851484E-018
         315           2  0.000000000000000E+000 -6.304535637148595E-018
         316           1  0.000000000000000E+000 -2.695464362850676E-018
         316           2  0.000000000000000E+000 -6.304535637148696E-018
         317           1  0.000000000000000E+000 -2.695464362850512E-018
         317           2  0.000000000000000E+000 -6.304535637148122E-018
         318           1  0.000000000000000E+000 -2.695464362850159E-018
         318           2  0.000000000000000E+000 -6.304535637147357E-018
         319           1  0.000000000000000E+000 -2.695464362850162E-018
         319           2  0.000000000000000E+000 -6.304535637145727E-018
         320           1  0.000000000000000E+000 -2.695464362850150E-018
         320           2  0.000000000000000E+000 -6.304535637145460E-018
         321           1  0.000000000000000E+000 -2.695464362852022E-018
         321           2  0.000000000000000E+000 -6.304535637151058E-018
         322           1  0.000000000000000E+000 -2.695464362851012E-018
         322           2  0.000000000000000E+000 -6.304535637147272E-018
         323           1  0.000000000000000E+000 -2.695464362850664E-018
         323           2  0.000000000000000E+000 -6.304535637148068E-018
         324           1  0.000000000000000E+000 -2.695464362850677E-018
         324           2  0.000000000000000E+000 -6.304535637148516E-018
         325           1  0.000000000000000E+000 -2.695464362850604E-018
         325           2  0.000000000000000E+000 -6.304535637147153E-018
         326           1  0.000000000000000E+000 -2.695464362850425E-018
         326           2  0.000000000000000E+000 -6.304535637145568E-018
         327           1  0.000000000000000E+000 -2.695464362850391E-018
         327           2  0.000000000000000E+000 -6.304535637143922E-018
         328           1  0.000000000000000E+000 -2.695464362850198E-018
         328           2  0.000000000000000E+000 -6.304535637145163E-018
         329           1  0.000000000000000E+000 -2.695464362850302E-018
         329           2  0.000000000000000E+000 -6.304535637147123E-018
         330           1  0.000000000000000E+000 -2.695464362850974E-018
         330           2  0.000000000000000E+000 -6.304535637149274E-018
         331           1  0.000000000000000E+000 -2.695464362851069E-018
         331           2  0.000000000000000E+000 -6.304535637149415E-018
         332           1  0.000000000000000E+000 -2.695464362851263E-018
         332           2  0.000000000000000E+000 -6.304535637148313E-018
         333           1  0.000000000000000E+000 -2.695464362850848E-018
         333           2  0.000000000000000E+000 -6.304535637148184E-018
         334           1  0.000000000000000E+000 -2.695464362850984E-018
         334           2  0.000000000000000E+000 -6.304535637148109E-018
         335           1  0.000000000000000E+000 -2.695464362851108E-018
         335           2  0.000000000000000E+000 -6.304535637148269E-018
         336           1  0.000000000000000E+000 -2.695464362850833E-018
         336           2  0.000000000000000E+000 -6.304535637148773E-018
         337           1  0.000000000000000E+000 -2.695464362850619E-018
         337           2  0.000000000000000E+000 -6.304535637148996E-018
         338           1  0.000000000000000E+000 -2.695464362850403E-018
         338           2  0.000000000000000E+000 -6.304535637148438E-018
         339           1  0.000000000000000E+000 -2.695464362850371E-018
         339           2  0.000000000000000E+000 -6.304535637147076E-018
         340           1  0.000000000000000E+000 -2.695464362849979E-018
         340           2  0.000000000000000E+000 -6.304535637146505E-018
         341           1  0.000000000000000E+000 -2.695464362851946E-018
         341           2  0.000000000000000E+000 -6.304535637153027E-018
         342           1  0.000000000000000E+000 -2.695464362850470E-018
         342           2  0.000000000000000E+000 -6.304535637149042E-018
         343           1  0.000000000000000E+000 -2.695464362850307E-018
         343           2  0.000000000000000E+000 -6.304535637146638E-018
         344           1  0.000000000000000E+000 -2.695464362850337E-018
         344           2  0.000000000000000E+000 -6.304535637147092E-018
         345           1  0.000000000000000E+000 -2.695464362850311E-018
         345           2  0.000000000000000E+000 -6.304535637144714E-018
         346           1  0.000000000000000E+000 -2.695464362850460E-018
         346           2  0.000000000000000E+000 -6.304535637143939E-018
         347           1  0.000000000000000E+000 -2.695464362850497E-018
         347           2  0.000000000000000E+000 -6.304535637144267E-018
         348           1  0.000000000000000E+000 -2.695464362850359E-018
         348           2  0.000000000000000E+000 -6.304535637145965E-018
         349           1  0.000000000000000E+000 -2.695464362850375E-018
         349           2  0.000000000000000E+000 -6.304535637147089E-018
         350           1  0.000000000000000E+000 -2.695464362850147E-018
         350           2  0.000000000000000E+000 -6.304535637146243E-018
         351           1  0.000000000000000E+000 -2.695464362850252E-018
         351           2  0.000000000000000E+000 -6.304535637147709E-018
         352           1  0.000000000000000E+000 -2.695464362850775E-018
         352           2  0.000000000000000E+000 -6.304535637148048E-018
         353           1  0.000000000000000E+000 -2.695464362850603E-018
         353           2  0.000000000000000E+000 -6.304535637147698E-018
         354           1  0.000000000000000E+000 -2.695464362850941E-018
         354           2  0.000000000000000E+000 -6.304535637147574E-018
         355           1  0.000000000000000E+000 -2.695464362851029E-018
         355           2  0.000000000000000E+000 -6.304535637148231E-018
         356           1  0.000000000000000E+000 -2.695464362850573E-018
         356           2  0.000000000000000E+000 -6.304535637149036E-018
         357           1  0.000000000000000E+000 -2.695464362850581E-018
         357           2  0.000000000000000E+000 -6.304535637149722E-018
         358           1  0.000000000000000E+000 -2.695464362850591E-018
         358           2  0.000000000000000E+000 -6.304535637148296E-018
         359           1  0.000000000000000E+000 -2.695464362850445E-018
         359           2  0.000000000000000E+000 -6.304535637147857E-018
         360           1  0.000000000000000E+000 -2.695464362850283E-018
         360           2  0.000000000000000E+000 -6.304535637147119E-018
         361           1  0.000000000000000E+000 -2.695464362850537E-018
         361           2  0.000000000000000E+000 -6.304535637151019E-018
         362           1  0.000000000000000E+000 -2.695464362849668E-018
         362           2  0.000000000000000E+000 -6.304535637148512E-018
         363           1  0.000000000000000E+000 -2.695464362850002E-018
         363           2  0.000000000000000E+000 -6.304535637145866E-018
         364           1  0.000000000000000E+000 -2.695464362849665E-018
         364           2  0.000000000000000E+000 -6.304535637144948E-018
         365           1  0.000000000000000E+000 -2.695464362849954E-018
         365           2  0.000000000000000E+000 -6.304535637143610E-018
         366           1  0.000000000000000E+000 -2.695464362850331E-018
         366           2  0.000000000000000E+000 -6.304535637144773E-018
         367           1  0.000000000000000E+000 -2.695464362850682E-018
         367           2  0.000000000000000E+000 -6.304535637145099E-018
         368           1  0.000000000000000E+000 -2.695464362850440E-018
         368           2  0.000000000000000E+000 -6.304535637147305E-018
         369           1  0.000000000000000E+000 -2.695464362850629E-018
         369           2  0.000000000000000E+000 -6.304535637148105E-018
         370           1  0.000000000000000E+000 -2.695464362850059E-018
         370           2  0.000000000000000E+000 -6.304535637145838E-018
         371           1  0.000000000000000E+000 -2.695464362850231E-018
         371           2  0.000000000000000E+000 -6.304535637147522E-018
         372           1  0.000000000000000E+000 -2.695464362850702E-018
         372           2  0.000000000000000E+000 -6.304535637148038E-018
         373           1  0.000000000000000E+000 -2.695464362850781E-018
         373           2  0.000000000000000E+000 -6.304535637147397E-018
         374           1  0.000000000000000E+000 -2.695464362850549E-018
         374           2  0.000000000000000E+000 -6.304535637147027E-018
         375           1  0.000000000000000E+000 -2.695464362850672E-018
         375           2  0.000000000000000E+000 -6.304535637147611E-018
         376           1  0.000000000000000E+000 -2.695464362850716E-018
         376           2  0.000000000000000E+000 -6.304535637149013E-018
         377           1  0.000000000000000E+000 -2.695464362850911E-018
         377           2  0.000000000000000E+000 -6.304535637149889E-018
         378           1  0.000000000000000E+000 -2.695464362850698E-018
         378           2  0.000000000000000E+000 -6.304535637148726E-018
         379           1  0.000000000000000E+000 -2.695464362850611E-018
         379           2  0.000000000000000E+000 -6.304535637148498E-018
         380           1  0.000000000000000E+000 -2.695464362850413E-018
         380           2  0.000000000000000E+000 -6.304535637147970E-018
         381           1  0.000000000000000E+000 -2.695464362850475E-018
         381           2  0.000000000000000E+000 -6.304535637147535E-018
         382           1  0.000000000000000E+000 -2.695464362850287E-018
         382           2  0.000000000000000E+000 -6.304535637147528E-018
         383           1  0.000000000000000E+000 -2.695464362850340E-018
         383           2  0.000000000000000E+000 -6.304535637148324E-018
         384           1  0.000000000000000E+000 -2.695464362849542E-018
         384           2  0.000000000000000E+000 -6.304535637145859E-018
         385           1  0.000000000000000E+000 -2.695464362849362E-018
         385           2  0.000000000000000E+000 -6.304535637144236E-018
         386           1  0.000000000000000E+000 -2.695464362849949E-018
         386           2  0.000000000000000E+000 -6.304535637144402E-018
         387           1  0.000000000000000E+000 -2.695464362850321E-018
         387           2  0.000000000000000E+000 -6.304535637146013E-018
         388           1  0.000000000000000E+000 -2.695464362851073E-018
         388           2  0.000000000000000E+000 -6.304535637148951E-018
         389           1  0.000000000000000E+000 -2.695464362850436E-018
         389           2  0.000000000000000E+000 -6.304535637147907E-018
         390           1  0.000000000000000E+000 -2.695464362850426E-018
         390           2  0.000000000000000E+000 -6.304535637146047E-018
         391           1  0.000000000000000E+000 -2.695464362850099E-018
         391           2  0.000000000000000E+000 -6.304535637147405E-018
         392           1  0.000000000000000E+000 -2.695464362850134E-018
         392           2  0.000000000000000E+000 -6.304535637148236E-018
         393           1  0.000000000000000E+000 -2.695464362850481E-018
         393           2  0.000000000000000E+000 -6.304535637147302E-018
         394           1  0.000000000000000E+000 -2.695464362850516E-018
         394           2  0.000000000000000E+000 -6.304535637147083E-018
         395           1  0.000000000000000E+000 -2.695464362850389E-018
         395           2  0.000000000000000E+000 -6.304535637147786E-018
         396           1  0.000000000000000E+000 -2.695464362850836E-018
         396           2  0.000000000000000E+000 -6.304535637149067E-018
         397           1  0.000000000000000E+000 -2.695464362851342E-018
         397           2  0.000000000000000E+000 -6.304535637149774E-018
         398           1  0.000000000000000E+000 -2.695464362850915E-018
         398           2  0.000000000000000E+000 -6.304535637148600E-018
         399           1  0.000000000000000E+000 -2.695464362850514E-018
         399           2  0.000000000000000E+000 -6.304535637148461E-018
         400           1  0.000000000000000E+000 -2.695464362850717E-018
         400           2  0.000000000000000E+000 -6.304535637147160E-018
