           1           1  0.000000000000000E+000 -1.323060830381308E-016
           1           2  0.000000000000000E+000 -9.269391696169031E-017
           2           1  0.000000000000000E+000 -1.323060830381391E-016
           2           2  0.000000000000000E+000 -9.269391696167175E-017
           3           1  0.000000000000000E+000 -1.323060830381580E-016
           3           2  0.000000000000000E+000 -9.269391696168772E-017
           4           1  0.000000000000000E+000 -1.323060830381697E-016
           4           2  0.000000000000000E+000 -9.269391696169178E-017
           5           1  0.000000000000000E+000 -1.323060830381837E-016
           5           2  0.000000000000000E+000 -9.269391696169662E-017
           6           1  0.000000000000000E+000 -1.323060830381749E-016
           6           2  0.000000000000000E+000 -9.269391696169308E-017
           7           1  0.000000000000000E+000 -1.323060830381645E-016
           7           2  0.000000000000000E+000 -9.269391696168469E-017
           8           1  0.000000000000000E+000 -1.323060830381478E-016
           8           2  0.000000000000000E+000 -9.269391696168243E-017
           9           1  0.000000000000000E+000 -1.323060830381463E-016
           9           2  0.000000000000000E+000 -9.269391696167849E-017
          10           1  0.000000000000000E+000 -1.323060830381108E-016
          10           2  0.000000000000000E+000 -9.269391696168413E-017
          11           1  0.000000000000000E+000 -1.323060830381614E-016
          11           2  0.000000000000000E+000 -9.269391696169346E-017
          12           1  0.000000000000000E+000 -1.323060830382032E-016
          12           2  0.000000000000000E+000 -9.269391696168126E-017
          13           1  0.000000000000000E+000 -1.323060830382270E-016
          13           2  0.000000000000000E+000 -9.269391696169089E-017
          14           1  0.000000000000000E+000 -1.323060830382598E-016
          14           2  0.000000000000000E+000 -9.269391696169489E-017
          15           1  0.000000000000000E+000 -1.323060830382710E-016
          15           2  0.000000000000000E+000 -9.269391696169403E-017
          16           1  0.000000000000000E+000 -1.323060830382550E-016
          16           2  0.000000000000000E+000 -9.269391696169062E-017
          17           1  0.000000000000000E+000 -1.323060830382427E-016
          17           2  0.000000000000000E+000 -9.269391696168597E-017
          18           1  0.000000000000000E+000 -1.323060830382218E-016
          18           2  0.000000000000000E+000 -9.269391696167955E-017
          19           1  0.000000000000000E+000 -1.323060830382028E-016
          19           2  0.000000000000000E+000 -9.269391696168291E-017
          20           1  0.000000000000000E+000 -1.323060830381540E-016
          20           2  0.000000000000000E+000 -9.269391696169116E-017
          21           1  0.000000000000000E+000 -1.323060830381661E-016
          21           2  0.000000000000000E+000 -9.269391696169685E-017
          22           1  0.000000000000000E+000 -1.323060830382378E-016
          22           2  0.000000000000000E+000 -9.269391696169917E-017
          23           1  0.000000000000000E+000 -1.323060830382699E-016
          23           2  0.000000000000000E+000 -9.269391696170341E-017
          24           1  0.000000000000000E+000 -1.323060830382841E-016
          24           2  0.000000000000000E+000 -9.269391696170007E-017
          25           1  0.000000000000000E+000 -1.323060830383014E-016
          25           2  0.000000000000000E+000 -9.269391696169448E-017
          26           1  0.000000000000000E+000 -1.323060830382934E-016
          26           2  0.000000000000000E+000 -9.269391696169174E-017
          27           1  0.000000000000000E+000 -1.323060830382860E-016
          27           2  0.000000000000000E+000 -9.269391696169614E-017
          28           1  0.000000000000000E+000 -1.323060830382547E-016
          28           2  0.000000000000000E+000 -9.269391696169306E-017
          29           1  0.000000000000000E+000 -1.323060830382272E-016
          29           2  0.000000000000000E+000 -9.269391696168828E-017
          30           1  0.000000000000000E+000 -1.323060830381599E-016
          30           2  0.000000000000000E+000 -9.269391696168890E-017
          31           1  0.000000000000000E+000 -1.323060830381720E-016
          31           2  0.000000000000000E+000 -9.269391696169734E-017
          32           1  0.000000000000000E+000 -1.323060830382636E-016
          32           2  0.000000000000000E+000 -9.269391696170243E-017
          33           1  0.000000000000000E+000 -1.323060830382928E-016
          33           2  0.000000000000000E+000 -9.269391696169944E-017
          34           1  0.000000000000000E+000 -1.323060830382805E-016
          34           2  0.000000000000000E+000 -9.269391696169059E-017
          35           1  0.000000000000000E+000 -1.323060830382887E-016
          35           2  0.000000000000000E+000 -9.269391696168538E-017
          36           1  0.000000000000000E+000 -1.323060830382955E-016
          36           2  0.000000000000000E+000 -9.269391696169602E-017
          37           1  0.000000000000000E+000 -1.323060830383084E-016
          37           2  0.000000000000000E+000 -9.269391696170270E-017
          38           1  0.000000000000000E+000 -1.323060830382754E-016
          38           2  0.000000000000000E+000 -9.269391696169515E-017
          39           1  0.000000000000000E+000 -1.323060830382497E-016
          39           2  0.000000000000000E+000 -9.269391696168962E-017
          40           1  0.000000000000000E+000 -1.323060830381587E-016
          40           2  0.000000000000000E+000 -9.269391696168783E-017
          41           1  0.000000000000000E+000 -1.323060830381662E-016
          41           2  0.000000000000000E+000 -9.269391696168656E-017
          42           1  0.000000000000000E+000 -1.323060830382545E-016
          42           2  0.000000000000000E+000 -9.269391696168676E-017
          43           1  0.000000000000000E+000 -1.323060830382811E-016
          43           2  0.000000000000000E+000 -9.269391696168624E-017
          44           1  0.000000000000000E+000 -1.323060830382897E-016
          44           2  0.000000000000000E+000 -9.269391696168335E-017
          45           1  0.000000000000000E+000 -1.323060830382914E-016
          45           2  0.000000000000000E+000 -9.269391696168561E-017
          46           1  0.000000000000000E+000 -1.323060830382995E-016
          46           2  0.000000000000000E+000 -9.269391696169639E-017
          47           1  0.000000000000000E+000 -1.323060830382967E-016
          47           2  0.000000000000000E+000 -9.269391696169779E-017
          48           1  0.000000000000000E+000 -1.323060830382922E-016
          48           2  0.000000000000000E+000 -9.269391696169247E-017
          49           1  0.000000000000000E+000 -1.323060830382553E-016
          49           2  0.000000000000000E+000 -9.269391696169120E-017
          50           1  0.000000000000000E+000 -1.323060830381643E-016
          50           2  0.000000000000000E+000 -9.269391696168333E-017
          51           1  0.000000000000000E+000 -1.323060830381624E-016
          51           2  0.000000000000000E+000 -9.269391696168152E-017
          52           1  0.000000000000000E+000 -1.323060830382552E-016
          52           2  0.000000000000000E+000 -9.269391696168789E-017
          53           1  0.000000000000000E+000 -1.323060830382791E-016
          53           2  0.000000000000000E+000 -9.269391696168432E-017
          54           1  0.000000000000000E+000 -1.323060830382782E-016
          54           2  0.000000000000000E+000 -9.269391696168320E-017
          55           1  0.000000000000000E+000 -1.323060830382952E-016
          55           2  0.000000000000000E+000 -9.269391696169073E-017
          56           1  0.000000000000000E+000 -1.323060830383024E-016
          56           2  0.000000000000000E+000 -9.269391696170054E-017
          57           1  0.000000000000000E+000 -1.323060830382924E-016
          57           2  0.000000000000000E+000 -9.269391696170177E-017
          58           1  0.000000000000000E+000 -1.323060830382964E-016
          58           2  0.000000000000000E+000 -9.269391696169206E-017
          59           1  0.000000000000000E+000 -1.323060830382667E-016
          59           2  0.000000000000000E+000 -9.269391696170165E-017
          60           1  0.000000000000000E+000 -1.323060830381651E-016
          60           2  0.000000000000000E+000 -9.269391696169743E-017
          61           1  0.000000000000000E+000 -1.323060830381678E-016
          61           2  0.000000000000000E+000 -9.269391696168485E-017
          62           1  0.000000000000000E+000 -1.323060830382480E-016
          62           2  0.000000000000000E+000 -9.269391696168561E-017
          63           1  0.000000000000000E+000 -1.323060830382692E-016
          63           2  0.000000000000000E+000 -9.269391696168192E-017
          64           1  0.000000000000000E+000 -1.323060830382868E-016
          64           2  0.000000000000000E+000 -9.269391696168558E-017
          65           1  0.000000000000000E+000 -1.323060830382859E-016
          65           2  0.000000000000000E+000 -9.269391696169199E-017
          66           1  0.000000000000000E+000 -1.323060830383035E-016
          66           2  0.000000000000000E+000 -9.269391696170411E-017
          67           1  0.000000000000000E+000 -1.323060830383027E-016
          67           2  0.000000000000000E+000 -9.269391696170386E-017
          68           1  0.000000000000000E+000 -1.323060830382802E-016
          68           2  0.000000000000000E+000 -9.269391696169794E-017
          69           1  0.000000000000000E+000 -1.323060830382551E-016
          69           2  0.000000000000000E+000 -9.269391696169390E-017
          70           1  0.000000000000000E+000 -1.323060830381669E-016
          70           2  0.000000000000000E+000 -9.269391696169130E-017
          71           1  0.000000000000000E+000 -1.323060830381575E-016
          71           2  0.000000000000000E+000 -9.269391696168268E-017
          72           1  0.000000000000000E+000 -1.323060830382258E-016
          72           2  0.000000000000000E+000 -9.269391696168208E-017
          73           1  0.000000000000000E+000 -1.323060830382446E-016
          73           2  0.000000000000000E+000 -9.269391696168164E-017
          74           1  0.000000000000000E+000 -1.323060830382731E-016
          74           2  0.000000000000000E+000 -9.269391696168447E-017
          75           1  0.000000000000000E+000 -1.323060830382928E-016
          75           2  0.000000000000000E+000 -9.269391696169454E-017
          76           1  0.000000000000000E+000 -1.323060830383043E-016
          76           2  0.000000000000000E+000 -9.269391696170283E-017
          77           1  0.000000000000000E+000 -1.323060830382908E-016
          77           2  0.000000000000000E+000 -9.269391696170801E-017
          78           1  0.000000000000000E+000 -1.323060830382716E-016
          78           2  0.000000000000000E+000 -9.269391696170754E-017
          79           1  0.000000000000000E+000 -1.323060830382432E-016
          79           2  0.000000000000000E+000 -9.269391696169725E-017
          80           1  0.000000000000000E+000 -1.323060830381595E-016
          80           2  0.000000000000000E+000 -9.269391696168734E-017
          81           1  0.000000000000000E+000 -1.323060830381467E-016
          81           2  0.000000000000000E+000 -9.269391696168051E-017
          82           1  0.000000000000000E+000 -1.323060830382008E-016
          82           2  0.000000000000000E+000 -9.269391696167843E-017
          83           1  0.000000000000000E+000 -1.323060830382250E-016
          83           2  0.000000000000000E+000 -9.269391696167887E-017
          84           1  0.000000000000000E+000 -1.323060830382558E-016
          84           2  0.000000000000000E+000 -9.269391696168919E-017
          85           1  0.000000000000000E+000 -1.323060830382637E-016
          85           2  0.000000000000000E+000 -9.269391696170029E-017
          86           1  0.000000000000000E+000 -1.323060830382707E-016
          86           2  0.000000000000000E+000 -9.269391696170462E-017
          87           1  0.000000000000000E+000 -1.323060830382598E-016
          87           2  0.000000000000000E+000 -9.269391696169911E-017
          88           1  0.000000000000000E+000 -1.323060830382292E-016
          88           2  0.000000000000000E+000 -9.269391696168417E-017
          89           1  0.000000000000000E+000 -1.323060830381956E-016
          89           2  0.000000000000000E+000 -9.269391696167793E-017
          90           1  0.000000000000000E+000 -1.323060830381510E-016
          90           2  0.000000000000000E+000 -9.269391696167924E-017
          91           1  0.000000000000000E+000 -1.323060830381082E-016
          91           2  0.000000000000000E+000 -9.269391696167955E-017
          92           1  0.000000000000000E+000 -1.323060830381355E-016
          92           2  0.000000000000000E+000 -9.269391696167196E-017
          93           1  0.000000000000000E+000 -1.323060830381489E-016
          93           2  0.000000000000000E+000 -9.269391696168296E-017
          94           1  0.000000000000000E+000 -1.323060830381612E-016
          94           2  0.000000000000000E+000 -9.269391696168551E-017
          95           1  0.000000000000000E+000 -1.323060830381775E-016
          95           2  0.000000000000000E+000 -9.269391696169907E-017
          96           1  0.000000000000000E+000 -1.323060830381921E-016
          96           2  0.000000000000000E+000 -9.269391696169920E-017
          97           1  0.000000000000000E+000 -1.323060830381762E-016
          97           2  0.000000000000000E+000 -9.269391696169238E-017
          98           1  0.000000000000000E+000 -1.323060830381540E-016
          98           2  0.000000000000000E+000 -9.269391696167902E-017
          99           1  0.000000000000000E+000 -1.323060830381545E-016
          99           2  0.000000000000000E+000 -9.269391696168219E-017
         100           1  0.000000000000000E+000 -1.323060830380999E-016
         100           2  0.000000000000000E+000 -9.269391696167119E-017
