           1           1  0.000000000000000E+000 -1.666666666666802E-017
           1           2  0.000000000000000E+000 -8.333333333333722E-018
           2           1  0.000000000000000E+000 -1.666666666667518E-017
           2           2  0.000000000000000E+000 -8.333333333336281E-018
           3           1  0.000000000000000E+000 -1.666666666667770E-017
           3           2  0.000000000000000E+000 -8.333333333337366E-018
           4           1  0.000000000000000E+000 -1.666666666666946E-017
           4           2  0.000000000000000E+000 -8.333333333333597E-018
           5           1  0.000000000000000E+000 -1.666666666666686E-017
           5           2  0.000000000000000E+000 -8.333333333333010E-018
           6           1  0.000000000000000E+000 -1.666666666667330E-017
           6           2  0.000000000000000E+000 -8.333333333335660E-018
           7           1  0.000000000000000E+000 -1.666666666667352E-017
           7           2  0.000000000000000E+000 -8.333333333335221E-018
           8           1  0.000000000000000E+000 -1.666666666667224E-017
           8           2  0.000000000000000E+000 -8.333333333334856E-018
           9           1  0.000000000000000E+000 -1.666666666666697E-017
           9           2  0.000000000000000E+000 -8.333333333332777E-018
          10           1  0.000000000000000E+000 -1.666666666666542E-017
          10           2  0.000000000000000E+000 -8.333333333332460E-018
          11           1  0.000000000000000E+000 -1.666666666667078E-017
          11           2  0.000000000000000E+000 -8.333333333335179E-018
          12           1  0.000000000000000E+000 -1.666666666667305E-017
          12           2  0.000000000000000E+000 -8.333333333335605E-018
          13           1  0.000000000000000E+000 -1.666666666667573E-017
          13           2  0.000000000000000E+000 -8.333333333336509E-018
          14           1  0.000000000000000E+000 -1.666666666666702E-017
          14           2  0.000000000000000E+000 -8.333333333333542E-018
          15           1  0.000000000000000E+000 -1.666666666666589E-017
          15           2  0.000000000000000E+000 -8.333333333333032E-018
          16           1  0.000000000000000E+000 -1.666666666667278E-017
          16           2  0.000000000000000E+000 -8.333333333335281E-018
          17           1  0.000000000000000E+000 -1.666666666667442E-017
          17           2  0.000000000000000E+000 -8.333333333335730E-018
          18           1  0.000000000000000E+000 -1.666666666667265E-017
          18           2  0.000000000000000E+000 -8.333333333335603E-018
          19           1  0.000000000000000E+000 -1.666666666666934E-017
          19           2  0.000000000000000E+000 -8.333333333334204E-018
          20           1  0.000000000000000E+000 -1.666666666666730E-017
          20           2  0.000000000000000E+000 -8.333333333333152E-018
          21           1  0.000000000000000E+000 -1.666666666667261E-017
          21           2  0.000000000000000E+000 -8.333333333335170E-018
          22           1  0.000000000000000E+000 -1.666666666667286E-017
          22           2  0.000000000000000E+000 -8.333333333335773E-018
          23           1  0.000000000000000E+000 -1.666666666667763E-017
          23           2  0.000000000000000E+000 -8.333333333337606E-018
          24           1  0.000000000000000E+000 -1.666666666667032E-017
          24           2  0.000000000000000E+000 -8.333333333334238E-018
          25           1  0.000000000000000E+000 -1.666666666666843E-017
          25           2  0.000000000000000E+000 -8.333333333333979E-018
          26           1  0.000000000000000E+000 -1.666666666667087E-017
          26           2  0.000000000000000E+000 -8.333333333335252E-018
          27           1  0.000000000000000E+000 -1.666666666667472E-017
          27           2  0.000000000000000E+000 -8.333333333336669E-018
          28           1  0.000000000000000E+000 -1.666666666667703E-017
          28           2  0.000000000000000E+000 -8.333333333336542E-018
          29           1  0.000000000000000E+000 -1.666666666667373E-017
          29           2  0.000000000000000E+000 -8.333333333334973E-018
          30           1  0.000000000000000E+000 -1.666666666666771E-017
          30           2  0.000000000000000E+000 -8.333333333333440E-018
          31           1  0.000000000000000E+000 -1.666666666666554E-017
          31           2  0.000000000000000E+000 -8.333333333332791E-018
          32           1  0.000000000000000E+000 -1.666666666666671E-017
          32           2  0.000000000000000E+000 -8.333333333332804E-018
          33           1  0.000000000000000E+000 -1.666666666667073E-017
          33           2  0.000000000000000E+000 -8.333333333334292E-018
          34           1  0.000000000000000E+000 -1.666666666666620E-017
          34           2  0.000000000000000E+000 -8.333333333332969E-018
          35           1  0.000000000000000E+000 -1.666666666667053E-017
          35           2  0.000000000000000E+000 -8.333333333334375E-018
          36           1  0.000000000000000E+000 -1.666666666666925E-017
          36           2  0.000000000000000E+000 -8.333333333334223E-018
          37           1  0.000000000000000E+000 -1.666666666666983E-017
          37           2  0.000000000000000E+000 -8.333333333334354E-018
          38           1  0.000000000000000E+000 -1.666666666667086E-017
          38           2  0.000000000000000E+000 -8.333333333334674E-018
          39           1  0.000000000000000E+000 -1.666666666667136E-017
          39           2  0.000000000000000E+000 -8.333333333333807E-018
          40           1  0.000000000000000E+000 -1.666666666666921E-017
          40           2  0.000000000000000E+000 -8.333333333333651E-018
          41           1  0.000000000000000E+000 -1.666666666666592E-017
          41           2  0.000000000000000E+000 -8.333333333332378E-018
          42           1  0.000000000000000E+000 -1.666666666667415E-017
          42           2  0.000000000000000E+000 -8.333333333335418E-018
          43           1  0.000000000000000E+000 -1.666666666666665E-017
          43           2  0.000000000000000E+000 -8.333333333331902E-018
          44           1  0.000000000000000E+000 -1.666666666666946E-017
          44           2  0.000000000000000E+000 -8.333333333334076E-018
          45           1  0.000000000000000E+000 -1.666666666667051E-017
          45           2  0.000000000000000E+000 -8.333333333334773E-018
          46           1  0.000000000000000E+000 -1.666666666667020E-017
          46           2  0.000000000000000E+000 -8.333333333334349E-018
          47           1  0.000000000000000E+000 -1.666666666666682E-017
          47           2  0.000000000000000E+000 -8.333333333333710E-018
          48           1  0.000000000000000E+000 -1.666666666667115E-017
          48           2  0.000000000000000E+000 -8.333333333335591E-018
          49           1  0.000000000000000E+000 -1.666666666667221E-017
          49           2  0.000000000000000E+000 -8.333333333334870E-018
          50           1  0.000000000000000E+000 -1.666666666667129E-017
          50           2  0.000000000000000E+000 -8.333333333334756E-018
          51           1  0.000000000000000E+000 -1.666666666667024E-017
          51           2  0.000000000000000E+000 -8.333333333334232E-018
          52           1  0.000000000000000E+000 -1.666666666665612E-017
          52           2  0.000000000000000E+000 -8.333333333327339E-018
          53           1  0.000000000000000E+000 -1.666666666665830E-017
          53           2  0.000000000000000E+000 -8.333333333328513E-018
          54           1  0.000000000000000E+000 -1.666666666667069E-017
          54           2  0.000000000000000E+000 -8.333333333334400E-018
          55           1  0.000000000000000E+000 -1.666666666667013E-017
          55           2  0.000000000000000E+000 -8.333333333333888E-018
          56           1  0.000000000000000E+000 -1.666666666666999E-017
          56           2  0.000000000000000E+000 -8.333333333334577E-018
          57           1  0.000000000000000E+000 -1.666666666666630E-017
          57           2  0.000000000000000E+000 -8.333333333333728E-018
          58           1  0.000000000000000E+000 -1.666666666667196E-017
          58           2  0.000000000000000E+000 -8.333333333335680E-018
          59           1  0.000000000000000E+000 -1.666666666666930E-017
          59           2  0.000000000000000E+000 -8.333333333333120E-018
          60           1  0.000000000000000E+000 -1.666666666666829E-017
          60           2  0.000000000000000E+000 -8.333333333333135E-018
          61           1  0.000000000000000E+000 -1.666666666666208E-017
          61           2  0.000000000000000E+000 -8.333333333329959E-018
          62           1  0.000000000000000E+000 -1.666666666665288E-017
          62           2  0.000000000000000E+000 -8.333333333327748E-018
          63           1  0.000000000000000E+000 -1.666666666666908E-017
          63           2  0.000000000000000E+000 -8.333333333334334E-018
          64           1  0.000000000000000E+000 -1.666666666667525E-017
          64           2  0.000000000000000E+000 -8.333333333336851E-018
          65           1  0.000000000000000E+000 -1.666666666667594E-017
          65           2  0.000000000000000E+000 -8.333333333337561E-018
          66           1  0.000000000000000E+000 -1.666666666666355E-017
          66           2  0.000000000000000E+000 -8.333333333330955E-018
          67           1  0.000000000000000E+000 -1.666666666666819E-017
          67           2  0.000000000000000E+000 -8.333333333333648E-018
          68           1  0.000000000000000E+000 -1.666666666667338E-017
          68           2  0.000000000000000E+000 -8.333333333335931E-018
          69           1  0.000000000000000E+000 -1.666666666666398E-017
          69           2  0.000000000000000E+000 -8.333333333332377E-018
          70           1  0.000000000000000E+000 -1.666666666666552E-017
          70           2  0.000000000000000E+000 -8.333333333331360E-018
          71           1  0.000000000000000E+000 -1.666666666665993E-017
          71           2  0.000000000000000E+000 -8.333333333330134E-018
          72           1  0.000000000000000E+000 -1.666666666665563E-017
          72           2  0.000000000000000E+000 -8.333333333329180E-018
          73           1  0.000000000000000E+000 -1.666666666666978E-017
          73           2  0.000000000000000E+000 -8.333333333336424E-018
          74           1  0.000000000000000E+000 -1.666666666667484E-017
          74           2  0.000000000000000E+000 -8.333333333338090E-018
          75           1  0.000000000000000E+000 -1.666666666666365E-017
          75           2  0.000000000000000E+000 -8.333333333332274E-018
          76           1  0.000000000000000E+000 -1.666666666666070E-017
          76           2  0.000000000000000E+000 -8.333333333329708E-018
          77           1  0.000000000000000E+000 -1.666666666667370E-017
          77           2  0.000000000000000E+000 -8.333333333335569E-018
          78           1  0.000000000000000E+000 -1.666666666667396E-017
          78           2  0.000000000000000E+000 -8.333333333335055E-018
          79           1  0.000000000000000E+000 -1.666666666667372E-017
          79           2  0.000000000000000E+000 -8.333333333335082E-018
          80           1  0.000000000000000E+000 -1.666666666667379E-017
          80           2  0.000000000000000E+000 -8.333333333335457E-018
          81           1  0.000000000000000E+000 -1.666666666666460E-017
          81           2  0.000000000000000E+000 -8.333333333332477E-018
          82           1  0.000000000000000E+000 -1.666666666667096E-017
          82           2  0.000000000000000E+000 -8.333333333334542E-018
          83           1  0.000000000000000E+000 -1.666666666667454E-017
          83           2  0.000000000000000E+000 -8.333333333333867E-018
          84           1  0.000000000000000E+000 -1.666666666666751E-017
          84           2  0.000000000000000E+000 -8.333333333331284E-018
          85           1  0.000000000000000E+000 -1.666666666666555E-017
          85           2  0.000000000000000E+000 -8.333333333332588E-018
          86           1  0.000000000000000E+000 -1.666666666666442E-017
          86           2  0.000000000000000E+000 -8.333333333331229E-018
          87           1  0.000000000000000E+000 -1.666666666667193E-017
          87           2  0.000000000000000E+000 -8.333333333334215E-018
          88           1  0.000000000000000E+000 -1.666666666667986E-017
          88           2  0.000000000000000E+000 -8.333333333337149E-018
          89           1  0.000000000000000E+000 -1.666666666666976E-017
          89           2  0.000000000000000E+000 -8.333333333334440E-018
          90           1  0.000000000000000E+000 -1.666666666667126E-017
          90           2  0.000000000000000E+000 -8.333333333335203E-018
          91           1  0.000000000000000E+000 -1.666666666666254E-017
          91           2  0.000000000000000E+000 -8.333333333331536E-018
          92           1  0.000000000000000E+000 -1.666666666666982E-017
          92           2  0.000000000000000E+000 -8.333333333332941E-018
          93           1  0.000000000000000E+000 -1.666666666667192E-017
          93           2  0.000000000000000E+000 -8.333333333333905E-018
          94           1  0.000000000000000E+000 -1.666666666667060E-017
          94           2  0.000000000000000E+000 -8.333333333332844E-018
          95           1  0.000000000000000E+000 -1.666666666665602E-017
          95           2  0.000000000000000E+000 -8.333333333326627E-018
          96           1  0.000000000000000E+000 -1.666666666666968E-017
          96           2  0.000000000000000E+000 -8.333333333333576E-018
          97           1  0.000000000000000E+000 -1.666666666667140E-017
          97           2  0.000000000000000E+000 -8.333333333333455E-018
          98           1  0.000000000000000E+000 -1.666666666667767E-017
          98           2  0.000000000000000E+000 -8.333333333337357E-018
          99           1  0.000000000000000E+000 -1.666666666667148E-017
          99           2  0.000000000000000E+000 -8.333333333334398E-018
         100           1  0.000000000000000E+000 -1.666666666666674E-017
         100           2  0.000000000000000E+000 -8.333333333333830E-018
