           1           1  0.000000000000000E+000 -1.523437500000033E-017
           1           2  0.000000000000000E+000 -9.765625000000037E-018
           2           1  0.000000000000000E+000 -1.523437499999954E-017
           2           2  0.000000000000000E+000 -9.765624999999327E-018
           3           1  0.000000000000000E+000 -1.523437500000093E-017
           3           2  0.000000000000000E+000 -9.765625000000336E-018
           4           1  0.000000000000000E+000 -1.523437500000144E-017
           4           2  0.000000000000000E+000 -9.765625000000402E-018
           5           1  0.000000000000000E+000 -1.523437500000040E-017
           5           2  0.000000000000000E+000 -9.765624999999954E-018
           6           1  0.000000000000000E+000 -1.523437499999949E-017
           6           2  0.000000000000000E+000 -9.765624999999851E-018
           7           1  0.000000000000000E+000 -1.523437499999991E-017
           7           2  0.000000000000000E+000 -9.765624999999977E-018
           8           1  0.000000000000000E+000 -1.523437499999917E-017
           8           2  0.000000000000000E+000 -9.765624999999194E-018
           9           1  0.000000000000000E+000 -1.523437500000078E-017
           9           2  0.000000000000000E+000 -9.765624999999998E-018
          10           1  0.000000000000000E+000 -1.523437499999694E-017
          10           2  0.000000000000000E+000 -9.765624999998598E-018
          11           1  0.000000000000000E+000 -1.523437499999878E-017
          11           2  0.000000000000000E+000 -9.765624999998901E-018
          12           1  0.000000000000000E+000 -1.523437500000355E-017
          12           2  0.000000000000000E+000 -9.765625000001521E-018
          13           1  0.000000000000000E+000 -1.523437499999866E-017
          13           2  0.000000000000000E+000 -9.765624999999273E-018
          14           1  0.000000000000000E+000 -1.523437500000010E-017
          14           2  0.000000000000000E+000 -9.765624999999740E-018
          15           1  0.000000000000000E+000 -1.523437499999759E-017
          15           2  0.000000000000000E+000 -9.765624999999145E-018
          16           1  0.000000000000000E+000 -1.523437499999758E-017
          16           2  0.000000000000000E+000 -9.765624999997852E-018
          17           1  0.000000000000000E+000 -1.523437499999875E-017
          17           2  0.000000000000000E+000 -9.765624999998986E-018
          18           1  0.000000000000000E+000 -1.523437499999919E-017
          18           2  0.000000000000000E+000 -9.765625000000273E-018
          19           1  0.000000000000000E+000 -1.523437500000187E-017
          19           2  0.000000000000000E+000 -9.765625000000545E-018
          20           1  0.000000000000000E+000 -1.523437499999983E-017
          20           2  0.000000000000000E+000 -9.765624999999974E-018
          21           1  0.000000000000000E+000 -1.523437499999907E-017
          21           2  0.000000000000000E+000 -9.765624999999126E-018
          22           1  0.000000000000000E+000 -1.523437500000237E-017
          22           2  0.000000000000000E+000 -9.765625000000519E-018
          23           1  0.000000000000000E+000 -1.523437500000084E-017
          23           2  0.000000000000000E+000 -9.765625000000274E-018
          24           1  0.000000000000000E+000 -1.523437500000109E-017
          24           2  0.000000000000000E+000 -9.765625000000475E-018
          25           1  0.000000000000000E+000 -1.523437499999908E-017
          25           2  0.000000000000000E+000 -9.765624999999690E-018
          26           1  0.000000000000000E+000 -1.523437500000041E-017
          26           2  0.000000000000000E+000 -9.765625000000912E-018
          27           1  0.000000000000000E+000 -1.523437499999762E-017
          27           2  0.000000000000000E+000 -9.765624999998955E-018
          28           1  0.000000000000000E+000 -1.523437499999993E-017
          28           2  0.000000000000000E+000 -9.765624999999747E-018
          29           1  0.000000000000000E+000 -1.523437500000082E-017
          29           2  0.000000000000000E+000 -9.765625000000800E-018
          30           1  0.000000000000000E+000 -1.523437500000122E-017
          30           2  0.000000000000000E+000 -9.765625000000958E-018
          31           1  0.000000000000000E+000 -1.523437499999803E-017
          31           2  0.000000000000000E+000 -9.765624999998780E-018
          32           1  0.000000000000000E+000 -1.523437500000252E-017
          32           2  0.000000000000000E+000 -9.765625000001236E-018
          33           1  0.000000000000000E+000 -1.523437499999736E-017
          33           2  0.000000000000000E+000 -9.765624999998345E-018
          34           1  0.000000000000000E+000 -1.523437499999774E-017
          34           2  0.000000000000000E+000 -9.765624999998783E-018
          35           1  0.000000000000000E+000 -1.523437499999805E-017
          35           2  0.000000000000000E+000 -9.765624999999116E-018
          36           1  0.000000000000000E+000 -1.523437499999840E-017
          36           2  0.000000000000000E+000 -9.765624999998452E-018
          37           1  0.000000000000000E+000 -1.523437499999918E-017
          37           2  0.000000000000000E+000 -9.765624999998943E-018
          38           1  0.000000000000000E+000 -1.523437499999886E-017
          38           2  0.000000000000000E+000 -9.765624999999581E-018
          39           1  0.000000000000000E+000 -1.523437499999951E-017
          39           2  0.000000000000000E+000 -9.765625000000208E-018
          40           1  0.000000000000000E+000 -1.523437500000002E-017
          40           2  0.000000000000000E+000 -9.765624999999840E-018
          41           1  0.000000000000000E+000 -1.523437500000102E-017
          41           2  0.000000000000000E+000 -9.765625000001077E-018
          42           1  0.000000000000000E+000 -1.523437500000166E-017
          42           2  0.000000000000000E+000 -9.765625000000810E-018
          43           1  0.000000000000000E+000 -1.523437500000056E-017
          43           2  0.000000000000000E+000 -9.765625000000220E-018
          44           1  0.000000000000000E+000 -1.523437500000028E-017
          44           2  0.000000000000000E+000 -9.765625000000314E-018
          45           1  0.000000000000000E+000 -1.523437500000276E-017
          45           2  0.000000000000000E+000 -9.765625000002003E-018
          46           1  0.000000000000000E+000 -1.523437500000075E-017
          46           2  0.000000000000000E+000 -9.765625000000199E-018
          47           1  0.000000000000000E+000 -1.523437499999988E-017
          47           2  0.000000000000000E+000 -9.765624999999649E-018
          48           1  0.000000000000000E+000 -1.523437499999787E-017
          48           2  0.000000000000000E+000 -9.765624999999193E-018
          49           1  0.000000000000000E+000 -1.523437499999926E-017
          49           2  0.000000000000000E+000 -9.765625000000103E-018
          50           1  0.000000000000000E+000 -1.523437500000202E-017
          50           2  0.000000000000000E+000 -9.765625000001058E-018
          51           1  0.000000000000000E+000 -1.523437500000027E-017
          51           2  0.000000000000000E+000 -9.765624999999986E-018
          52           1  0.000000000000000E+000 -1.523437499999833E-017
          52           2  0.000000000000000E+000 -9.765624999999049E-018
          53           1  0.000000000000000E+000 -1.523437499999892E-017
          53           2  0.000000000000000E+000 -9.765624999999099E-018
          54           1  0.000000000000000E+000 -1.523437499999805E-017
          54           2  0.000000000000000E+000 -9.765624999998562E-018
          55           1  0.000000000000000E+000 -1.523437500000206E-017
          55           2  0.000000000000000E+000 -9.765625000001222E-018
          56           1  0.000000000000000E+000 -1.523437500000080E-017
          56           2  0.000000000000000E+000 -9.765625000000293E-018
          57           1  0.000000000000000E+000 -1.523437499999827E-017
          57           2  0.000000000000000E+000 -9.765624999998555E-018
          58           1  0.000000000000000E+000 -1.523437499999803E-017
          58           2  0.000000000000000E+000 -9.765624999998786E-018
          59           1  0.000000000000000E+000 -1.523437499999898E-017
          59           2  0.000000000000000E+000 -9.765624999998894E-018
          60           1  0.000000000000000E+000 -1.523437499999972E-017
          60           2  0.000000000000000E+000 -9.765625000000283E-018
          61           1  0.000000000000000E+000 -1.523437500000158E-017
          61           2  0.000000000000000E+000 -9.765625000000684E-018
          62           1  0.000000000000000E+000 -1.523437500000025E-017
          62           2  0.000000000000000E+000 -9.765625000000598E-018
          63           1  0.000000000000000E+000 -1.523437500000032E-017
          63           2  0.000000000000000E+000 -9.765625000000257E-018
          64           1  0.000000000000000E+000 -1.523437500000100E-017
          64           2  0.000000000000000E+000 -9.765625000000337E-018
          65           1  0.000000000000000E+000 -1.523437499999909E-017
          65           2  0.000000000000000E+000 -9.765624999999769E-018
          66           1  0.000000000000000E+000 -1.523437499999975E-017
          66           2  0.000000000000000E+000 -9.765625000000442E-018
          67           1  0.000000000000000E+000 -1.523437500000069E-017
          67           2  0.000000000000000E+000 -9.765625000000934E-018
          68           1  0.000000000000000E+000 -1.523437499999673E-017
          68           2  0.000000000000000E+000 -9.765624999998652E-018
          69           1  0.000000000000000E+000 -1.523437499999879E-017
          69           2  0.000000000000000E+000 -9.765624999999347E-018
          70           1  0.000000000000000E+000 -1.523437499999901E-017
          70           2  0.000000000000000E+000 -9.765624999999188E-018
          71           1  0.000000000000000E+000 -1.523437499999768E-017
          71           2  0.000000000000000E+000 -9.765624999999388E-018
          72           1  0.000000000000000E+000 -1.523437499999989E-017
          72           2  0.000000000000000E+000 -9.765625000000359E-018
          73           1  0.000000000000000E+000 -1.523437499999927E-017
          73           2  0.000000000000000E+000 -9.765624999999082E-018
          74           1  0.000000000000000E+000 -1.523437500000375E-017
          74           2  0.000000000000000E+000 -9.765625000001924E-018
          75           1  0.000000000000000E+000 -1.523437500000350E-017
          75           2  0.000000000000000E+000 -9.765625000002308E-018
          76           1  0.000000000000000E+000 -1.523437500000239E-017
          76           2  0.000000000000000E+000 -9.765625000001156E-018
          77           1  0.000000000000000E+000 -1.523437500000115E-017
          77           2  0.000000000000000E+000 -9.765624999999787E-018
          78           1  0.000000000000000E+000 -1.523437500000073E-017
          78           2  0.000000000000000E+000 -9.765625000000484E-018
          79           1  0.000000000000000E+000 -1.523437500000018E-017
          79           2  0.000000000000000E+000 -9.765625000000091E-018
          80           1  0.000000000000000E+000 -1.523437499999893E-017
          80           2  0.000000000000000E+000 -9.765624999999191E-018
          81           1  0.000000000000000E+000 -1.523437500000220E-017
          81           2  0.000000000000000E+000 -9.765625000000800E-018
          82           1  0.000000000000000E+000 -1.523437500000203E-017
          82           2  0.000000000000000E+000 -9.765625000000983E-018
          83           1  0.000000000000000E+000 -1.523437500000052E-017
          83           2  0.000000000000000E+000 -9.765625000000308E-018
          84           1  0.000000000000000E+000 -1.523437499999867E-017
          84           2  0.000000000000000E+000 -9.765624999999476E-018
          85           1  0.000000000000000E+000 -1.523437499999958E-017
          85           2  0.000000000000000E+000 -9.765624999999806E-018
          86           1  0.000000000000000E+000 -1.523437499999926E-017
          86           2  0.000000000000000E+000 -9.765625000000210E-018
          87           1  0.000000000000000E+000 -1.523437500000125E-017
          87           2  0.000000000000000E+000 -9.765625000000991E-018
          88           1  0.000000000000000E+000 -1.523437500000047E-017
          88           2  0.000000000000000E+000 -9.765624999999606E-018
          89           1  0.000000000000000E+000 -1.523437499999756E-017
          89           2  0.000000000000000E+000 -9.765624999998848E-018
          90           1  0.000000000000000E+000 -1.523437499999811E-017
          90           2  0.000000000000000E+000 -9.765624999999211E-018
          91           1  0.000000000000000E+000 -1.523437499999652E-017
          91           2  0.000000000000000E+000 -9.765624999998982E-018
          92           1  0.000000000000000E+000 -1.523437499999908E-017
          92           2  0.000000000000000E+000 -9.765624999999693E-018
          93           1  0.000000000000000E+000 -1.523437500000224E-017
          93           2  0.000000000000000E+000 -9.765625000000920E-018
          94           1  0.000000000000000E+000 -1.523437500000252E-017
          94           2  0.000000000000000E+000 -9.765625000001236E-018
          95           1  0.000000000000000E+000 -1.523437500000170E-017
          95           2  0.000000000000000E+000 -9.765625000001627E-018
          96           1  0.000000000000000E+000 -1.523437499999928E-017
          96           2  0.000000000000000E+000 -9.765624999999729E-018
          97           1  0.000000000000000E+000 -1.523437499999995E-017
          97           2  0.000000000000000E+000 -9.765624999999851E-018
          98           1  0.000000000000000E+000 -1.523437500000119E-017
          98           2  0.000000000000000E+000 -9.765625000000672E-018
          99           1  0.000000000000000E+000 -1.523437500000054E-017
          99           2  0.000000000000000E+000 -9.765625000000661E-018
         100           1  0.000000000000000E+000 -1.523437499999995E-017
         100           2  0.000000000000000E+000 -9.765625000000079E-018
         101           1  0.000000000000000E+000 -1.523437500000127E-017
         101           2  0.000000000000000E+000 -9.765625000001102E-018
         102           1  0.000000000000000E+000 -1.523437500000124E-017
         102           2  0.000000000000000E+000 -9.765625000000949E-018
         103           1  0.000000000000000E+000 -1.523437500000053E-017
         103           2  0.000000000000000E+000 -9.765625000000405E-018
         104           1  0.000000000000000E+000 -1.523437500000047E-017
         104           2  0.000000000000000E+000 -9.765624999999840E-018
         105           1  0.000000000000000E+000 -1.523437499999816E-017
         105           2  0.000000000000000E+000 -9.765624999999687E-018
         106           1  0.000000000000000E+000 -1.523437500000005E-017
         106           2  0.000000000000000E+000 -9.765625000000314E-018
         107           1  0.000000000000000E+000 -1.523437500000156E-017
         107           2  0.000000000000000E+000 -9.765625000001193E-018
         108           1  0.000000000000000E+000 -1.523437499999939E-017
         108           2  0.000000000000000E+000 -9.765624999999895E-018
         109           1  0.000000000000000E+000 -1.523437499999727E-017
         109           2  0.000000000000000E+000 -9.765624999998962E-018
         110           1  0.000000000000000E+000 -1.523437499999602E-017
         110           2  0.000000000000000E+000 -9.765624999998485E-018
         111           1  0.000000000000000E+000 -1.523437499999612E-017
         111           2  0.000000000000000E+000 -9.765624999998214E-018
         112           1  0.000000000000000E+000 -1.523437499999722E-017
         112           2  0.000000000000000E+000 -9.765624999998601E-018
         113           1  0.000000000000000E+000 -1.523437499999683E-017
         113           2  0.000000000000000E+000 -9.765624999998330E-018
         114           1  0.000000000000000E+000 -1.523437499999906E-017
         114           2  0.000000000000000E+000 -9.765624999999524E-018
         115           1  0.000000000000000E+000 -1.523437499999811E-017
         115           2  0.000000000000000E+000 -9.765624999999513E-018
         116           1  0.000000000000000E+000 -1.523437499999832E-017
         116           2  0.000000000000000E+000 -9.765624999999604E-018
         117           1  0.000000000000000E+000 -1.523437499999787E-017
         117           2  0.000000000000000E+000 -9.765624999999046E-018
         118           1  0.000000000000000E+000 -1.523437499999822E-017
         118           2  0.000000000000000E+000 -9.765624999998851E-018
         119           1  0.000000000000000E+000 -1.523437499999987E-017
         119           2  0.000000000000000E+000 -9.765625000000572E-018
         120           1  0.000000000000000E+000 -1.523437499999872E-017
         120           2  0.000000000000000E+000 -9.765624999999345E-018
         121           1  0.000000000000000E+000 -1.523437499999895E-017
         121           2  0.000000000000000E+000 -9.765624999999143E-018
         122           1  0.000000000000000E+000 -1.523437499999966E-017
         122           2  0.000000000000000E+000 -9.765625000000032E-018
         123           1  0.000000000000000E+000 -1.523437500000163E-017
         123           2  0.000000000000000E+000 -9.765625000000696E-018
         124           1  0.000000000000000E+000 -1.523437499999853E-017
         124           2  0.000000000000000E+000 -9.765624999999533E-018
         125           1  0.000000000000000E+000 -1.523437499999759E-017
         125           2  0.000000000000000E+000 -9.765624999998982E-018
         126           1  0.000000000000000E+000 -1.523437499999956E-017
         126           2  0.000000000000000E+000 -9.765625000000533E-018
         127           1  0.000000000000000E+000 -1.523437500000193E-017
         127           2  0.000000000000000E+000 -9.765625000001160E-018
         128           1  0.000000000000000E+000 -1.523437499999766E-017
         128           2  0.000000000000000E+000 -9.765624999999311E-018
         129           1  0.000000000000000E+000 -1.523437499999702E-017
         129           2  0.000000000000000E+000 -9.765624999998798E-018
         130           1  0.000000000000000E+000 -1.523437499999702E-017
         130           2  0.000000000000000E+000 -9.765624999998854E-018
         131           1  0.000000000000000E+000 -1.523437499999676E-017
         131           2  0.000000000000000E+000 -9.765624999998567E-018
         132           1  0.000000000000000E+000 -1.523437499999581E-017
         132           2  0.000000000000000E+000 -9.765624999998242E-018
         133           1  0.000000000000000E+000 -1.523437499999805E-017
         133           2  0.000000000000000E+000 -9.765624999999207E-018
         134           1  0.000000000000000E+000 -1.523437499999769E-017
         134           2  0.000000000000000E+000 -9.765624999998757E-018
         135           1  0.000000000000000E+000 -1.523437499999859E-017
         135           2  0.000000000000000E+000 -9.765624999999271E-018
         136           1  0.000000000000000E+000 -1.523437500000065E-017
         136           2  0.000000000000000E+000 -9.765624999999729E-018
         137           1  0.000000000000000E+000 -1.523437499999837E-017
         137           2  0.000000000000000E+000 -9.765624999998749E-018
         138           1  0.000000000000000E+000 -1.523437499999751E-017
         138           2  0.000000000000000E+000 -9.765624999998139E-018
         139           1  0.000000000000000E+000 -1.523437499999801E-017
         139           2  0.000000000000000E+000 -9.765624999998974E-018
         140           1  0.000000000000000E+000 -1.523437499999743E-017
         140           2  0.000000000000000E+000 -9.765624999998319E-018
         141           1  0.000000000000000E+000 -1.523437499999736E-017
         141           2  0.000000000000000E+000 -9.765624999997849E-018
         142           1  0.000000000000000E+000 -1.523437499999837E-017
         142           2  0.000000000000000E+000 -9.765624999998492E-018
         143           1  0.000000000000000E+000 -1.523437500000296E-017
         143           2  0.000000000000000E+000 -9.765625000000732E-018
         144           1  0.000000000000000E+000 -1.523437499999819E-017
         144           2  0.000000000000000E+000 -9.765624999998897E-018
         145           1  0.000000000000000E+000 -1.523437499999613E-017
         145           2  0.000000000000000E+000 -9.765624999998074E-018
         146           1  0.000000000000000E+000 -1.523437499999889E-017
         146           2  0.000000000000000E+000 -9.765624999999284E-018
         147           1  0.000000000000000E+000 -1.523437500000354E-017
         147           2  0.000000000000000E+000 -9.765625000002399E-018
         148           1  0.000000000000000E+000 -1.523437499999835E-017
         148           2  0.000000000000000E+000 -9.765624999998767E-018
         149           1  0.000000000000000E+000 -1.523437499999893E-017
         149           2  0.000000000000000E+000 -9.765624999999096E-018
         150           1  0.000000000000000E+000 -1.523437499999892E-017
         150           2  0.000000000000000E+000 -9.765624999999368E-018
         151           1  0.000000000000000E+000 -1.523437499999886E-017
         151           2  0.000000000000000E+000 -9.765624999999231E-018
         152           1  0.000000000000000E+000 -1.523437499999845E-017
         152           2  0.000000000000000E+000 -9.765624999999248E-018
         153           1  0.000000000000000E+000 -1.523437499999876E-017
         153           2  0.000000000000000E+000 -9.765624999999325E-018
         154           1  0.000000000000000E+000 -1.523437499999797E-017
         154           2  0.000000000000000E+000 -9.765624999999125E-018
         155           1  0.000000000000000E+000 -1.523437499999836E-017
         155           2  0.000000000000000E+000 -9.765624999999207E-018
         156           1  0.000000000000000E+000 -1.523437499999877E-017
         156           2  0.000000000000000E+000 -9.765624999999034E-018
         157           1  0.000000000000000E+000 -1.523437499999800E-017
         157           2  0.000000000000000E+000 -9.765624999998485E-018
         158           1  0.000000000000000E+000 -1.523437499999706E-017
         158           2  0.000000000000000E+000 -9.765624999997831E-018
         159           1  0.000000000000000E+000 -1.523437499999556E-017
         159           2  0.000000000000000E+000 -9.765624999997966E-018
         160           1  0.000000000000000E+000 -1.523437499999755E-017
         160           2  0.000000000000000E+000 -9.765624999998407E-018
         161           1  0.000000000000000E+000 -1.523437500000225E-017
         161           2  0.000000000000000E+000 -9.765625000000023E-018
         162           1  0.000000000000000E+000 -1.523437499999894E-017
         162           2  0.000000000000000E+000 -9.765624999998301E-018
         163           1  0.000000000000000E+000 -1.523437499999919E-017
         163           2  0.000000000000000E+000 -9.765624999999786E-018
         164           1  0.000000000000000E+000 -1.523437499999924E-017
         164           2  0.000000000000000E+000 -9.765624999999829E-018
         165           1  0.000000000000000E+000 -1.523437500000067E-017
         165           2  0.000000000000000E+000 -9.765624999999810E-018
         166           1  0.000000000000000E+000 -1.523437499999938E-017
         166           2  0.000000000000000E+000 -9.765624999999958E-018
         167           1  0.000000000000000E+000 -1.523437499999609E-017
         167           2  0.000000000000000E+000 -9.765624999997906E-018
         168           1  0.000000000000000E+000 -1.523437499999920E-017
         168           2  0.000000000000000E+000 -9.765624999999547E-018
         169           1  0.000000000000000E+000 -1.523437499999698E-017
         169           2  0.000000000000000E+000 -9.765624999998690E-018
         170           1  0.000000000000000E+000 -1.523437499999925E-017
         170           2  0.000000000000000E+000 -9.765624999999361E-018
         171           1  0.000000000000000E+000 -1.523437499999876E-017
         171           2  0.000000000000000E+000 -9.765624999999479E-018
         172           1  0.000000000000000E+000 -1.523437500000238E-017
         172           2  0.000000000000000E+000 -9.765625000001451E-018
         173           1  0.000000000000000E+000 -1.523437499999684E-017
         173           2  0.000000000000000E+000 -9.765624999998153E-018
         174           1  0.000000000000000E+000 -1.523437499999977E-017
         174           2  0.000000000000000E+000 -9.765624999999798E-018
         175           1  0.000000000000000E+000 -1.523437500000050E-017
         175           2  0.000000000000000E+000 -9.765625000000159E-018
         176           1  0.000000000000000E+000 -1.523437499999962E-017
         176           2  0.000000000000000E+000 -9.765624999999586E-018
         177           1  0.000000000000000E+000 -1.523437499999870E-017
         177           2  0.000000000000000E+000 -9.765624999999391E-018
         178           1  0.000000000000000E+000 -1.523437499999799E-017
         178           2  0.000000000000000E+000 -9.765624999998980E-018
         179           1  0.000000000000000E+000 -1.523437499999781E-017
         179           2  0.000000000000000E+000 -9.765624999999331E-018
         180           1  0.000000000000000E+000 -1.523437499999755E-017
         180           2  0.000000000000000E+000 -9.765624999998294E-018
         181           1  0.000000000000000E+000 -1.523437499999994E-017
         181           2  0.000000000000000E+000 -9.765624999999733E-018
         182           1  0.000000000000000E+000 -1.523437499999914E-017
         182           2  0.000000000000000E+000 -9.765624999999659E-018
         183           1  0.000000000000000E+000 -1.523437500000052E-017
         183           2  0.000000000000000E+000 -9.765624999999752E-018
         184           1  0.000000000000000E+000 -1.523437500000005E-017
         184           2  0.000000000000000E+000 -9.765624999999869E-018
         185           1  0.000000000000000E+000 -1.523437499999867E-017
         185           2  0.000000000000000E+000 -9.765624999999381E-018
         186           1  0.000000000000000E+000 -1.523437500000097E-017
         186           2  0.000000000000000E+000 -9.765625000000527E-018
         187           1  0.000000000000000E+000 -1.523437499999754E-017
         187           2  0.000000000000000E+000 -9.765624999999099E-018
         188           1  0.000000000000000E+000 -1.523437500000021E-017
         188           2  0.000000000000000E+000 -9.765625000000589E-018
         189           1  0.000000000000000E+000 -1.523437499999909E-017
         189           2  0.000000000000000E+000 -9.765624999999339E-018
         190           1  0.000000000000000E+000 -1.523437499999894E-017
         190           2  0.000000000000000E+000 -9.765625000000263E-018
         191           1  0.000000000000000E+000 -1.523437499999710E-017
         191           2  0.000000000000000E+000 -9.765624999998975E-018
         192           1  0.000000000000000E+000 -1.523437500000059E-017
         192           2  0.000000000000000E+000 -9.765625000000880E-018
         193           1  0.000000000000000E+000 -1.523437499999807E-017
         193           2  0.000000000000000E+000 -9.765624999998935E-018
         194           1  0.000000000000000E+000 -1.523437500000030E-017
         194           2  0.000000000000000E+000 -9.765624999999488E-018
         195           1  0.000000000000000E+000 -1.523437500000052E-017
         195           2  0.000000000000000E+000 -9.765624999999635E-018
         196           1  0.000000000000000E+000 -1.523437499999932E-017
         196           2  0.000000000000000E+000 -9.765624999999482E-018
         197           1  0.000000000000000E+000 -1.523437499999851E-017
         197           2  0.000000000000000E+000 -9.765624999999313E-018
         198           1  0.000000000000000E+000 -1.523437500000000E-017
         198           2  0.000000000000000E+000 -9.765624999999935E-018
         199           1  0.000000000000000E+000 -1.523437499999789E-017
         199           2  0.000000000000000E+000 -9.765624999999394E-018
         200           1  0.000000000000000E+000 -1.523437499999906E-017
         200           2  0.000000000000000E+000 -9.765624999999364E-018
         201           1  0.000000000000000E+000 -1.523437500000092E-017
         201           2  0.000000000000000E+000 -9.765625000000149E-018
         202           1  0.000000000000000E+000 -1.523437499999972E-017
         202           2  0.000000000000000E+000 -9.765625000000291E-018
         203           1  0.000000000000000E+000 -1.523437499999892E-017
         203           2  0.000000000000000E+000 -9.765625000000496E-018
         204           1  0.000000000000000E+000 -1.523437500000109E-017
         204           2  0.000000000000000E+000 -9.765625000000037E-018
         205           1  0.000000000000000E+000 -1.523437500000034E-017
         205           2  0.000000000000000E+000 -9.765624999999952E-018
         206           1  0.000000000000000E+000 -1.523437500000076E-017
         206           2  0.000000000000000E+000 -9.765625000000174E-018
         207           1  0.000000000000000E+000 -1.523437499999825E-017
         207           2  0.000000000000000E+000 -9.765624999999453E-018
         208           1  0.000000000000000E+000 -1.523437499999502E-017
         208           2  0.000000000000000E+000 -9.765624999998179E-018
         209           1  0.000000000000000E+000 -1.523437499999617E-017
         209           2  0.000000000000000E+000 -9.765624999998348E-018
         210           1  0.000000000000000E+000 -1.523437500000446E-017
         210           2  0.000000000000000E+000 -9.765625000003661E-018
         211           1  0.000000000000000E+000 -1.523437499999976E-017
         211           2  0.000000000000000E+000 -9.765625000000060E-018
         212           1  0.000000000000000E+000 -1.523437500000162E-017
         212           2  0.000000000000000E+000 -9.765625000002667E-018
         213           1  0.000000000000000E+000 -1.523437499999753E-017
         213           2  0.000000000000000E+000 -9.765624999998972E-018
         214           1  0.000000000000000E+000 -1.523437500000007E-017
         214           2  0.000000000000000E+000 -9.765625000000468E-018
         215           1  0.000000000000000E+000 -1.523437499999955E-017
         215           2  0.000000000000000E+000 -9.765625000000039E-018
         216           1  0.000000000000000E+000 -1.523437499999994E-017
         216           2  0.000000000000000E+000 -9.765624999999481E-018
         217           1  0.000000000000000E+000 -1.523437499999983E-017
         217           2  0.000000000000000E+000 -9.765624999999898E-018
         218           1  0.000000000000000E+000 -1.523437499999898E-017
         218           2  0.000000000000000E+000 -9.765624999999852E-018
         219           1  0.000000000000000E+000 -1.523437500000015E-017
         219           2  0.000000000000000E+000 -9.765624999999549E-018
         220           1  0.000000000000000E+000 -1.523437500000256E-017
         220           2  0.000000000000000E+000 -9.765625000001045E-018
         221           1  0.000000000000000E+000 -1.523437500000158E-017
         221           2  0.000000000000000E+000 -9.765625000001548E-018
         222           1  0.000000000000000E+000 -1.523437500000199E-017
         222           2  0.000000000000000E+000 -9.765625000001572E-018
         223           1  0.000000000000000E+000 -1.523437500000029E-017
         223           2  0.000000000000000E+000 -9.765625000000168E-018
         224           1  0.000000000000000E+000 -1.523437500000293E-017
         224           2  0.000000000000000E+000 -9.765625000002154E-018
         225           1  0.000000000000000E+000 -1.523437499999699E-017
         225           2  0.000000000000000E+000 -9.765624999997986E-018
         226           1  0.000000000000000E+000 -1.523437500000128E-017
         226           2  0.000000000000000E+000 -9.765625000000471E-018
         227           1  0.000000000000000E+000 -1.523437499999958E-017
         227           2  0.000000000000000E+000 -9.765624999999809E-018
         228           1  0.000000000000000E+000 -1.523437499999608E-017
         228           2  0.000000000000000E+000 -9.765624999997231E-018
         229           1  0.000000000000000E+000 -1.523437499999235E-017
         229           2  0.000000000000000E+000 -9.765624999995515E-018
         230           1  0.000000000000000E+000 -1.523437499999712E-017
         230           2  0.000000000000000E+000 -9.765624999997541E-018
         231           1  0.000000000000000E+000 -1.523437499999492E-017
         231           2  0.000000000000000E+000 -9.765624999996835E-018
         232           1  0.000000000000000E+000 -1.523437499999664E-017
         232           2  0.000000000000000E+000 -9.765624999998532E-018
         233           1  0.000000000000000E+000 -1.523437500000268E-017
         233           2  0.000000000000000E+000 -9.765625000002575E-018
         234           1  0.000000000000000E+000 -1.523437500000037E-017
         234           2  0.000000000000000E+000 -9.765625000000536E-018
         235           1  0.000000000000000E+000 -1.523437500000089E-017
         235           2  0.000000000000000E+000 -9.765625000000137E-018
         236           1  0.000000000000000E+000 -1.523437500000127E-017
         236           2  0.000000000000000E+000 -9.765625000000317E-018
         237           1  0.000000000000000E+000 -1.523437500000260E-017
         237           2  0.000000000000000E+000 -9.765624999999986E-018
         238           1  0.000000000000000E+000 -1.523437499999799E-017
         238           2  0.000000000000000E+000 -9.765624999999082E-018
         239           1  0.000000000000000E+000 -1.523437500000055E-017
         239           2  0.000000000000000E+000 -9.765625000000362E-018
         240           1  0.000000000000000E+000 -1.523437500000178E-017
         240           2  0.000000000000000E+000 -9.765625000000314E-018
         241           1  0.000000000000000E+000 -1.523437500000298E-017
         241           2  0.000000000000000E+000 -9.765625000000949E-018
         242           1  0.000000000000000E+000 -1.523437500000354E-017
         242           2  0.000000000000000E+000 -9.765625000001376E-018
         243           1  0.000000000000000E+000 -1.523437500000230E-017
         243           2  0.000000000000000E+000 -9.765625000001277E-018
         244           1  0.000000000000000E+000 -1.523437500000061E-017
         244           2  0.000000000000000E+000 -9.765625000000553E-018
         245           1  0.000000000000000E+000 -1.523437499999520E-017
         245           2  0.000000000000000E+000 -9.765624999996311E-018
         246           1  0.000000000000000E+000 -1.523437499999588E-017
         246           2  0.000000000000000E+000 -9.765624999997222E-018
         247           1  0.000000000000000E+000 -1.523437500000013E-017
         247           2  0.000000000000000E+000 -9.765624999999556E-018
         248           1  0.000000000000000E+000 -1.523437499999929E-017
         248           2  0.000000000000000E+000 -9.765624999999881E-018
         249           1  0.000000000000000E+000 -1.523437499999970E-017
         249           2  0.000000000000000E+000 -9.765624999999703E-018
         250           1  0.000000000000000E+000 -1.523437500000109E-017
         250           2  0.000000000000000E+000 -9.765625000000263E-018
         251           1  0.000000000000000E+000 -1.523437500000078E-017
         251           2  0.000000000000000E+000 -9.765625000000319E-018
         252           1  0.000000000000000E+000 -1.523437499999796E-017
         252           2  0.000000000000000E+000 -9.765624999998254E-018
         253           1  0.000000000000000E+000 -1.523437499999769E-017
         253           2  0.000000000000000E+000 -9.765624999998869E-018
         254           1  0.000000000000000E+000 -1.523437499999990E-017
         254           2  0.000000000000000E+000 -9.765624999999940E-018
         255           1  0.000000000000000E+000 -1.523437500000148E-017
         255           2  0.000000000000000E+000 -9.765625000000470E-018
         256           1  0.000000000000000E+000 -1.523437500000365E-017
         256           2  0.000000000000000E+000 -9.765625000002277E-018
         257           1  0.000000000000000E+000 -1.523437500000452E-017
         257           2  0.000000000000000E+000 -9.765625000002610E-018
         258           1  0.000000000000000E+000 -1.523437500000093E-017
         258           2  0.000000000000000E+000 -9.765625000000273E-018
         259           1  0.000000000000000E+000 -1.523437500000017E-017
         259           2  0.000000000000000E+000 -9.765625000000254E-018
         260           1  0.000000000000000E+000 -1.523437500000087E-017
         260           2  0.000000000000000E+000 -9.765625000000265E-018
         261           1  0.000000000000000E+000 -1.523437500000197E-017
         261           2  0.000000000000000E+000 -9.765625000001525E-018
         262           1  0.000000000000000E+000 -1.523437500000102E-017
         262           2  0.000000000000000E+000 -9.765625000001248E-018
         263           1  0.000000000000000E+000 -1.523437500000091E-017
         263           2  0.000000000000000E+000 -9.765625000000666E-018
         264           1  0.000000000000000E+000 -1.523437499999954E-017
         264           2  0.000000000000000E+000 -9.765624999999589E-018
         265           1  0.000000000000000E+000 -1.523437499999758E-017
         265           2  0.000000000000000E+000 -9.765624999998025E-018
         266           1  0.000000000000000E+000 -1.523437499999813E-017
         266           2  0.000000000000000E+000 -9.765624999998401E-018
         267           1  0.000000000000000E+000 -1.523437499999792E-017
         267           2  0.000000000000000E+000 -9.765624999998994E-018
         268           1  0.000000000000000E+000 -1.523437500000084E-017
         268           2  0.000000000000000E+000 -9.765625000000646E-018
         269           1  0.000000000000000E+000 -1.523437500000026E-017
         269           2  0.000000000000000E+000 -9.765625000000337E-018
         270           1  0.000000000000000E+000 -1.523437499999928E-017
         270           2  0.000000000000000E+000 -9.765624999999421E-018
         271           1  0.000000000000000E+000 -1.523437499999797E-017
         271           2  0.000000000000000E+000 -9.765624999999499E-018
         272           1  0.000000000000000E+000 -1.523437499999615E-017
         272           2  0.000000000000000E+000 -9.765624999997632E-018
         273           1  0.000000000000000E+000 -1.523437499999967E-017
         273           2  0.000000000000000E+000 -9.765624999999932E-018
         274           1  0.000000000000000E+000 -1.523437500000206E-017
         274           2  0.000000000000000E+000 -9.765625000000798E-018
         275           1  0.000000000000000E+000 -1.523437500000034E-017
         275           2  0.000000000000000E+000 -9.765625000000344E-018
         276           1  0.000000000000000E+000 -1.523437500000120E-017
         276           2  0.000000000000000E+000 -9.765625000000553E-018
         277           1  0.000000000000000E+000 -1.523437500000032E-017
         277           2  0.000000000000000E+000 -9.765625000000319E-018
         278           1  0.000000000000000E+000 -1.523437500000057E-017
         278           2  0.000000000000000E+000 -9.765625000000125E-018
         279           1  0.000000000000000E+000 -1.523437499999908E-017
         279           2  0.000000000000000E+000 -9.765624999999915E-018
         280           1  0.000000000000000E+000 -1.523437500000076E-017
         280           2  0.000000000000000E+000 -9.765625000000367E-018
         281           1  0.000000000000000E+000 -1.523437500000224E-017
         281           2  0.000000000000000E+000 -9.765625000001277E-018
         282           1  0.000000000000000E+000 -1.523437500000518E-017
         282           2  0.000000000000000E+000 -9.765625000003445E-018
         283           1  0.000000000000000E+000 -1.523437500000398E-017
         283           2  0.000000000000000E+000 -9.765625000003077E-018
         284           1  0.000000000000000E+000 -1.523437499999918E-017
         284           2  0.000000000000000E+000 -9.765624999998871E-018
         285           1  0.000000000000000E+000 -1.523437499999742E-017
         285           2  0.000000000000000E+000 -9.765624999998239E-018
         286           1  0.000000000000000E+000 -1.523437499999893E-017
         286           2  0.000000000000000E+000 -9.765624999999179E-018
         287           1  0.000000000000000E+000 -1.523437499999941E-017
         287           2  0.000000000000000E+000 -9.765624999999804E-018
         288           1  0.000000000000000E+000 -1.523437499999788E-017
         288           2  0.000000000000000E+000 -9.765624999999439E-018
         289           1  0.000000000000000E+000 -1.523437499999982E-017
         289           2  0.000000000000000E+000 -9.765624999999492E-018
         290           1  0.000000000000000E+000 -1.523437499999816E-017
         290           2  0.000000000000000E+000 -9.765624999999424E-018
         291           1  0.000000000000000E+000 -1.523437499999789E-017
         291           2  0.000000000000000E+000 -9.765624999998809E-018
         292           1  0.000000000000000E+000 -1.523437499999652E-017
         292           2  0.000000000000000E+000 -9.765624999998510E-018
         293           1  0.000000000000000E+000 -1.523437499999867E-017
         293           2  0.000000000000000E+000 -9.765624999999914E-018
         294           1  0.000000000000000E+000 -1.523437500000013E-017
         294           2  0.000000000000000E+000 -9.765625000000231E-018
         295           1  0.000000000000000E+000 -1.523437500000154E-017
         295           2  0.000000000000000E+000 -9.765625000000371E-018
         296           1  0.000000000000000E+000 -1.523437500000057E-017
         296           2  0.000000000000000E+000 -9.765625000000350E-018
         297           1  0.000000000000000E+000 -1.523437500000032E-017
         297           2  0.000000000000000E+000 -9.765625000000371E-018
         298           1  0.000000000000000E+000 -1.523437500000049E-017
         298           2  0.000000000000000E+000 -9.765625000000216E-018
         299           1  0.000000000000000E+000 -1.523437499999991E-017
         299           2  0.000000000000000E+000 -9.765625000000222E-018
         300           1  0.000000000000000E+000 -1.523437499999971E-017
         300           2  0.000000000000000E+000 -9.765625000000307E-018
         301           1  0.000000000000000E+000 -1.523437500000127E-017
         301           2  0.000000000000000E+000 -9.765624999999929E-018
         302           1  0.000000000000000E+000 -1.523437500000098E-017
         302           2  0.000000000000000E+000 -9.765625000000565E-018
         303           1  0.000000000000000E+000 -1.523437500000477E-017
         303           2  0.000000000000000E+000 -9.765625000003736E-018
         304           1  0.000000000000000E+000 -1.523437500000177E-017
         304           2  0.000000000000000E+000 -9.765625000000821E-018
         305           1  0.000000000000000E+000 -1.523437499999616E-017
         305           2  0.000000000000000E+000 -9.765624999997661E-018
         306           1  0.000000000000000E+000 -1.523437499999986E-017
         306           2  0.000000000000000E+000 -9.765624999999760E-018
         307           1  0.000000000000000E+000 -1.523437499999922E-017
         307           2  0.000000000000000E+000 -9.765624999999536E-018
         308           1  0.000000000000000E+000 -1.523437499999712E-017
         308           2  0.000000000000000E+000 -9.765624999998450E-018
         309           1  0.000000000000000E+000 -1.523437499999743E-017
         309           2  0.000000000000000E+000 -9.765624999999085E-018
         310           1  0.000000000000000E+000 -1.523437499999970E-017
         310           2  0.000000000000000E+000 -9.765624999999599E-018
         311           1  0.000000000000000E+000 -1.523437500000097E-017
         311           2  0.000000000000000E+000 -9.765625000000202E-018
         312           1  0.000000000000000E+000 -1.523437500000117E-017
         312           2  0.000000000000000E+000 -9.765624999999894E-018
         313           1  0.000000000000000E+000 -1.523437499999899E-017
         313           2  0.000000000000000E+000 -9.765624999999900E-018
         314           1  0.000000000000000E+000 -1.523437500000054E-017
         314           2  0.000000000000000E+000 -9.765625000000165E-018
         315           1  0.000000000000000E+000 -1.523437499999930E-017
         315           2  0.000000000000000E+000 -9.765624999999981E-018
         316           1  0.000000000000000E+000 -1.523437500000015E-017
         316           2  0.000000000000000E+000 -9.765625000000365E-018
         317           1  0.000000000000000E+000 -1.523437500000050E-017
         317           2  0.000000000000000E+000 -9.765625000000166E-018
         318           1  0.000000000000000E+000 -1.523437500000059E-017
         318           2  0.000000000000000E+000 -9.765625000000197E-018
         319           1  0.000000000000000E+000 -1.523437499999914E-017
         319           2  0.000000000000000E+000 -9.765625000000005E-018
         320           1  0.000000000000000E+000 -1.523437499999903E-017
         320           2  0.000000000000000E+000 -9.765624999999758E-018
         321           1  0.000000000000000E+000 -1.523437500000147E-017
         321           2  0.000000000000000E+000 -9.765625000000458E-018
         322           1  0.000000000000000E+000 -1.523437500000428E-017
         322           2  0.000000000000000E+000 -9.765625000002926E-018
         323           1  0.000000000000000E+000 -1.523437500000112E-017
         323           2  0.000000000000000E+000 -9.765625000001017E-018
         324           1  0.000000000000000E+000 -1.523437499999951E-017
         324           2  0.000000000000000E+000 -9.765624999999607E-018
         325           1  0.000000000000000E+000 -1.523437499999918E-017
         325           2  0.000000000000000E+000 -9.765624999999573E-018
         326           1  0.000000000000000E+000 -1.523437499999650E-017
         326           2  0.000000000000000E+000 -9.765624999997869E-018
         327           1  0.000000000000000E+000 -1.523437499999845E-017
         327           2  0.000000000000000E+000 -9.765624999999807E-018
         328           1  0.000000000000000E+000 -1.523437499999763E-017
         328           2  0.000000000000000E+000 -9.765624999998176E-018
         329           1  0.000000000000000E+000 -1.523437499999668E-017
         329           2  0.000000000000000E+000 -9.765624999997701E-018
         330           1  0.000000000000000E+000 -1.523437500000026E-017
         330           2  0.000000000000000E+000 -9.765625000000011E-018
         331           1  0.000000000000000E+000 -1.523437500000035E-017
         331           2  0.000000000000000E+000 -9.765624999999937E-018
         332           1  0.000000000000000E+000 -1.523437500000189E-017
         332           2  0.000000000000000E+000 -9.765625000000975E-018
         333           1  0.000000000000000E+000 -1.523437499999941E-017
         333           2  0.000000000000000E+000 -9.765625000000185E-018
         334           1  0.000000000000000E+000 -1.523437500000027E-017
         334           2  0.000000000000000E+000 -9.765624999999753E-018
         335           1  0.000000000000000E+000 -1.523437499999948E-017
         335           2  0.000000000000000E+000 -9.765624999999914E-018
         336           1  0.000000000000000E+000 -1.523437500000028E-017
         336           2  0.000000000000000E+000 -9.765625000000223E-018
         337           1  0.000000000000000E+000 -1.523437500000316E-017
         337           2  0.000000000000000E+000 -9.765625000001625E-018
         338           1  0.000000000000000E+000 -1.523437499999991E-017
         338           2  0.000000000000000E+000 -9.765625000000381E-018
         339           1  0.000000000000000E+000 -1.523437500000025E-017
         339           2  0.000000000000000E+000 -9.765624999999957E-018
         340           1  0.000000000000000E+000 -1.523437499999930E-017
         340           2  0.000000000000000E+000 -9.765624999999578E-018
         341           1  0.000000000000000E+000 -1.523437500000220E-017
         341           2  0.000000000000000E+000 -9.765625000001052E-018
         342           1  0.000000000000000E+000 -1.523437500000071E-017
         342           2  0.000000000000000E+000 -9.765625000000572E-018
         343           1  0.000000000000000E+000 -1.523437500000097E-017
         343           2  0.000000000000000E+000 -9.765625000000442E-018
         344           1  0.000000000000000E+000 -1.523437499999880E-017
         344           2  0.000000000000000E+000 -9.765624999999293E-018
         345           1  0.000000000000000E+000 -1.523437500000057E-017
         345           2  0.000000000000000E+000 -9.765625000000407E-018
         346           1  0.000000000000000E+000 -1.523437499999822E-017
         346           2  0.000000000000000E+000 -9.765624999998872E-018
         347           1  0.000000000000000E+000 -1.523437500000067E-017
         347           2  0.000000000000000E+000 -9.765625000000699E-018
         348           1  0.000000000000000E+000 -1.523437500000659E-017
         348           2  0.000000000000000E+000 -9.765625000004283E-018
         349           1  0.000000000000000E+000 -1.523437499999804E-017
         349           2  0.000000000000000E+000 -9.765624999997957E-018
         350           1  0.000000000000000E+000 -1.523437500000078E-017
         350           2  0.000000000000000E+000 -9.765625000000308E-018
         351           1  0.000000000000000E+000 -1.523437500000158E-017
         351           2  0.000000000000000E+000 -9.765625000000797E-018
         352           1  0.000000000000000E+000 -1.523437500000031E-017
         352           2  0.000000000000000E+000 -9.765624999999482E-018
         353           1  0.000000000000000E+000 -1.523437500000124E-017
         353           2  0.000000000000000E+000 -9.765625000000377E-018
         354           1  0.000000000000000E+000 -1.523437499999950E-017
         354           2  0.000000000000000E+000 -9.765624999999898E-018
         355           1  0.000000000000000E+000 -1.523437499999990E-017
         355           2  0.000000000000000E+000 -9.765624999999854E-018
         356           1  0.000000000000000E+000 -1.523437500000305E-017
         356           2  0.000000000000000E+000 -9.765625000001518E-018
         357           1  0.000000000000000E+000 -1.523437500000228E-017
         357           2  0.000000000000000E+000 -9.765625000001951E-018
         358           1  0.000000000000000E+000 -1.523437499999967E-017
         358           2  0.000000000000000E+000 -9.765625000000106E-018
         359           1  0.000000000000000E+000 -1.523437499999991E-017
         359           2  0.000000000000000E+000 -9.765625000000217E-018
         360           1  0.000000000000000E+000 -1.523437500000055E-017
         360           2  0.000000000000000E+000 -9.765625000000119E-018
         361           1  0.000000000000000E+000 -1.523437500000068E-017
         361           2  0.000000000000000E+000 -9.765624999999814E-018
         362           1  0.000000000000000E+000 -1.523437500000241E-017
         362           2  0.000000000000000E+000 -9.765625000002054E-018
         363           1  0.000000000000000E+000 -1.523437500000026E-017
         363           2  0.000000000000000E+000 -9.765625000000703E-018
         364           1  0.000000000000000E+000 -1.523437500000084E-017
         364           2  0.000000000000000E+000 -9.765624999999912E-018
         365           1  0.000000000000000E+000 -1.523437500000016E-017
         365           2  0.000000000000000E+000 -9.765625000000069E-018
         366           1  0.000000000000000E+000 -1.523437500000122E-017
         366           2  0.000000000000000E+000 -9.765625000001712E-018
         367           1  0.000000000000000E+000 -1.523437500000237E-017
         367           2  0.000000000000000E+000 -9.765625000002277E-018
         368           1  0.000000000000000E+000 -1.523437500000142E-017
         368           2  0.000000000000000E+000 -9.765625000001416E-018
         369           1  0.000000000000000E+000 -1.523437500000458E-017
         369           2  0.000000000000000E+000 -9.765625000003028E-018
         370           1  0.000000000000000E+000 -1.523437500000461E-017
         370           2  0.000000000000000E+000 -9.765625000002462E-018
         371           1  0.000000000000000E+000 -1.523437500000205E-017
         371           2  0.000000000000000E+000 -9.765625000000860E-018
         372           1  0.000000000000000E+000 -1.523437499999577E-017
         372           2  0.000000000000000E+000 -9.765624999997290E-018
         373           1  0.000000000000000E+000 -1.523437500000152E-017
         373           2  0.000000000000000E+000 -9.765625000000838E-018
         374           1  0.000000000000000E+000 -1.523437499999707E-017
         374           2  0.000000000000000E+000 -9.765624999998036E-018
         375           1  0.000000000000000E+000 -1.523437500000056E-017
         375           2  0.000000000000000E+000 -9.765625000000337E-018
         376           1  0.000000000000000E+000 -1.523437500000012E-017
         376           2  0.000000000000000E+000 -9.765625000000934E-018
         377           1  0.000000000000000E+000 -1.523437500000044E-017
         377           2  0.000000000000000E+000 -9.765625000000193E-018
         378           1  0.000000000000000E+000 -1.523437500000048E-017
         378           2  0.000000000000000E+000 -9.765625000000194E-018
         379           1  0.000000000000000E+000 -1.523437500000119E-017
         379           2  0.000000000000000E+000 -9.765625000000738E-018
         380           1  0.000000000000000E+000 -1.523437499999966E-017
         380           2  0.000000000000000E+000 -9.765625000000049E-018
         381           1  0.000000000000000E+000 -1.523437499999936E-017
         381           2  0.000000000000000E+000 -9.765624999999636E-018
         382           1  0.000000000000000E+000 -1.523437500000023E-017
         382           2  0.000000000000000E+000 -9.765625000000282E-018
         383           1  0.000000000000000E+000 -1.523437500000118E-017
         383           2  0.000000000000000E+000 -9.765625000001017E-018
         384           1  0.000000000000000E+000 -1.523437499999873E-017
         384           2  0.000000000000000E+000 -9.765624999999695E-018
         385           1  0.000000000000000E+000 -1.523437499999863E-017
         385           2  0.000000000000000E+000 -9.765624999999680E-018
         386           1  0.000000000000000E+000 -1.523437500000130E-017
         386           2  0.000000000000000E+000 -9.765625000000545E-018
         387           1  0.000000000000000E+000 -1.523437500000100E-017
         387           2  0.000000000000000E+000 -9.765625000000773E-018
         388           1  0.000000000000000E+000 -1.523437500000440E-017
         388           2  0.000000000000000E+000 -9.765625000002490E-018
         389           1  0.000000000000000E+000 -1.523437500000132E-017
         389           2  0.000000000000000E+000 -9.765625000000758E-018
         390           1  0.000000000000000E+000 -1.523437500000119E-017
         390           2  0.000000000000000E+000 -9.765625000000727E-018
         391           1  0.000000000000000E+000 -1.523437499999898E-017
         391           2  0.000000000000000E+000 -9.765624999999539E-018
         392           1  0.000000000000000E+000 -1.523437499999899E-017
         392           2  0.000000000000000E+000 -9.765624999999259E-018
         393           1  0.000000000000000E+000 -1.523437500000076E-017
         393           2  0.000000000000000E+000 -9.765625000000060E-018
         394           1  0.000000000000000E+000 -1.523437500000009E-017
         394           2  0.000000000000000E+000 -9.765624999999661E-018
         395           1  0.000000000000000E+000 -1.523437500000071E-017
         395           2  0.000000000000000E+000 -9.765624999999867E-018
         396           1  0.000000000000000E+000 -1.523437500000007E-017
         396           2  0.000000000000000E+000 -9.765625000000057E-018
         397           1  0.000000000000000E+000 -1.523437499999970E-017
         397           2  0.000000000000000E+000 -9.765624999999832E-018
         398           1  0.000000000000000E+000 -1.523437500000070E-017
         398           2  0.000000000000000E+000 -9.765625000000003E-018
         399           1  0.000000000000000E+000 -1.523437500000071E-017
         399           2  0.000000000000000E+000 -9.765625000000479E-018
         400           1  0.000000000000000E+000 -1.523437500000039E-017
         400           2  0.000000000000000E+000 -9.765624999999877E-018
