           1           1  0.000000000000000E+000 -5.215827338128258E-018
           1           2  0.000000000000000E+000 -1.978417266186575E-017
           2           1  0.000000000000000E+000 -5.215827338128761E-018
           2           2  0.000000000000000E+000 -1.978417266186668E-017
           3           1  0.000000000000000E+000 -5.215827338129276E-018
           3           2  0.000000000000000E+000 -1.978417266186771E-017
           4           1  0.000000000000000E+000 -5.215827338130394E-018
           4           2  0.000000000000000E+000 -1.978417266187393E-017
           5           1  0.000000000000000E+000 -5.215827338131177E-018
           5           2  0.000000000000000E+000 -1.978417266187612E-017
           6           1  0.000000000000000E+000 -5.215827338130903E-018
           6           2  0.000000000000000E+000 -1.978417266187418E-017
           7           1  0.000000000000000E+000 -5.215827338130577E-018
           7           2  0.000000000000000E+000 -1.978417266187458E-017
           8           1  0.000000000000000E+000 -5.215827338130195E-018
           8           2  0.000000000000000E+000 -1.978417266187332E-017
           9           1  0.000000000000000E+000 -5.215827338129964E-018
           9           2  0.000000000000000E+000 -1.978417266187317E-017
          10           1  0.000000000000000E+000 -5.215827338130200E-018
          10           2  0.000000000000000E+000 -1.978417266187332E-017
          11           1  0.000000000000000E+000 -5.215827338130948E-018
          11           2  0.000000000000000E+000 -1.978417266187223E-017
          12           1  0.000000000000000E+000 -5.215827338131421E-018
          12           2  0.000000000000000E+000 -1.978417266187504E-017
          13           1  0.000000000000000E+000 -5.215827338131772E-018
          13           2  0.000000000000000E+000 -1.978417266187742E-017
          14           1  0.000000000000000E+000 -5.215827338131635E-018
          14           2  0.000000000000000E+000 -1.978417266187721E-017
          15           1  0.000000000000000E+000 -5.215827338132252E-018
          15           2  0.000000000000000E+000 -1.978417266187948E-017
          16           1  0.000000000000000E+000 -5.215827338129050E-018
          16           2  0.000000000000000E+000 -1.978417266186895E-017
          17           1  0.000000000000000E+000 -5.215827338127756E-018
          17           2  0.000000000000000E+000 -1.978417266186505E-017
          18           1  0.000000000000000E+000 -5.215827338128560E-018
          18           2  0.000000000000000E+000 -1.978417266186944E-017
          19           1  0.000000000000000E+000 -5.215827338129147E-018
          19           2  0.000000000000000E+000 -1.978417266187093E-017
          20           1  0.000000000000000E+000 -5.215827338133354E-018
          20           2  0.000000000000000E+000 -1.978417266188564E-017
          21           1  0.000000000000000E+000 -5.215827338128572E-018
          21           2  0.000000000000000E+000 -1.978417266186731E-017
          22           1  0.000000000000000E+000 -5.215827338128688E-018
          22           2  0.000000000000000E+000 -1.978417266186681E-017
          23           1  0.000000000000000E+000 -5.215827338128875E-018
          23           2  0.000000000000000E+000 -1.978417266186745E-017
          24           1  0.000000000000000E+000 -5.215827338129564E-018
          24           2  0.000000000000000E+000 -1.978417266187268E-017
          25           1  0.000000000000000E+000 -5.215827338131125E-018
          25           2  0.000000000000000E+000 -1.978417266187649E-017
          26           1  0.000000000000000E+000 -5.215827338130858E-018
          26           2  0.000000000000000E+000 -1.978417266187466E-017
          27           1  0.000000000000000E+000 -5.215827338129905E-018
          27           2  0.000000000000000E+000 -1.978417266187262E-017
          28           1  0.000000000000000E+000 -5.215827338129660E-018
          28           2  0.000000000000000E+000 -1.978417266187266E-017
          29           1  0.000000000000000E+000 -5.215827338130059E-018
          29           2  0.000000000000000E+000 -1.978417266187237E-017
          30           1  0.000000000000000E+000 -5.215827338130096E-018
          30           2  0.000000000000000E+000 -1.978417266187130E-017
          31           1  0.000000000000000E+000 -5.215827338130773E-018
          31           2  0.000000000000000E+000 -1.978417266187224E-017
          32           1  0.000000000000000E+000 -5.215827338131362E-018
          32           2  0.000000000000000E+000 -1.978417266187418E-017
          33           1  0.000000000000000E+000 -5.215827338131069E-018
          33           2  0.000000000000000E+000 -1.978417266187639E-017
          34           1  0.000000000000000E+000 -5.215827338131586E-018
          34           2  0.000000000000000E+000 -1.978417266187745E-017
          35           1  0.000000000000000E+000 -5.215827338131392E-018
          35           2  0.000000000000000E+000 -1.978417266187502E-017
          36           1  0.000000000000000E+000 -5.215827338128134E-018
          36           2  0.000000000000000E+000 -1.978417266186479E-017
          37           1  0.000000000000000E+000 -5.215827338128597E-018
          37           2  0.000000000000000E+000 -1.978417266186602E-017
          38           1  0.000000000000000E+000 -5.215827338130545E-018
          38           2  0.000000000000000E+000 -1.978417266187334E-017
          39           1  0.000000000000000E+000 -5.215827338127656E-018
          39           2  0.000000000000000E+000 -1.978417266186274E-017
          40           1  0.000000000000000E+000 -5.215827338127748E-018
          40           2  0.000000000000000E+000 -1.978417266186586E-017
          41           1  0.000000000000000E+000 -5.215827338128175E-018
          41           2  0.000000000000000E+000 -1.978417266186487E-017
          42           1  0.000000000000000E+000 -5.215827338128370E-018
          42           2  0.000000000000000E+000 -1.978417266186799E-017
          43           1  0.000000000000000E+000 -5.215827338128618E-018
          43           2  0.000000000000000E+000 -1.978417266186766E-017
          44           1  0.000000000000000E+000 -5.215827338129248E-018
          44           2  0.000000000000000E+000 -1.978417266187018E-017
          45           1  0.000000000000000E+000 -5.215827338130616E-018
          45           2  0.000000000000000E+000 -1.978417266187466E-017
          46           1  0.000000000000000E+000 -5.215827338130220E-018
          46           2  0.000000000000000E+000 -1.978417266187378E-017
          47           1  0.000000000000000E+000 -5.215827338129175E-018
          47           2  0.000000000000000E+000 -1.978417266187206E-017
          48           1  0.000000000000000E+000 -5.215827338129060E-018
          48           2  0.000000000000000E+000 -1.978417266187082E-017
          49           1  0.000000000000000E+000 -5.215827338129959E-018
          49           2  0.000000000000000E+000 -1.978417266186963E-017
          50           1  0.000000000000000E+000 -5.215827338129761E-018
          50           2  0.000000000000000E+000 -1.978417266187096E-017
          51           1  0.000000000000000E+000 -5.215827338130392E-018
          51           2  0.000000000000000E+000 -1.978417266187179E-017
          52           1  0.000000000000000E+000 -5.215827338131323E-018
          52           2  0.000000000000000E+000 -1.978417266187490E-017
          53           1  0.000000000000000E+000 -5.215827338131067E-018
          53           2  0.000000000000000E+000 -1.978417266187404E-017
          54           1  0.000000000000000E+000 -5.215827338131396E-018
          54           2  0.000000000000000E+000 -1.978417266187620E-017
          55           1  0.000000000000000E+000 -5.215827338131141E-018
          55           2  0.000000000000000E+000 -1.978417266187579E-017
          56           1  0.000000000000000E+000 -5.215827338132106E-018
          56           2  0.000000000000000E+000 -1.978417266187885E-017
          57           1  0.000000000000000E+000 -5.215827338126242E-018
          57           2  0.000000000000000E+000 -1.978417266185662E-017
          58           1  0.000000000000000E+000 -5.215827338129894E-018
          58           2  0.000000000000000E+000 -1.978417266187085E-017
          59           1  0.000000000000000E+000 -5.215827338128067E-018
          59           2  0.000000000000000E+000 -1.978417266186465E-017
          60           1  0.000000000000000E+000 -5.215827338129821E-018
          60           2  0.000000000000000E+000 -1.978417266187261E-017
          61           1  0.000000000000000E+000 -5.215827338128039E-018
          61           2  0.000000000000000E+000 -1.978417266186607E-017
          62           1  0.000000000000000E+000 -5.215827338128396E-018
          62           2  0.000000000000000E+000 -1.978417266186729E-017
          63           1  0.000000000000000E+000 -5.215827338128631E-018
          63           2  0.000000000000000E+000 -1.978417266186747E-017
          64           1  0.000000000000000E+000 -5.215827338128961E-018
          64           2  0.000000000000000E+000 -1.978417266186921E-017
          65           1  0.000000000000000E+000 -5.215827338130617E-018
          65           2  0.000000000000000E+000 -1.978417266187451E-017
          66           1  0.000000000000000E+000 -5.215827338130312E-018
          66           2  0.000000000000000E+000 -1.978417266187431E-017
          67           1  0.000000000000000E+000 -5.215827338128936E-018
          67           2  0.000000000000000E+000 -1.978417266187064E-017
          68           1  0.000000000000000E+000 -5.215827338128583E-018
          68           2  0.000000000000000E+000 -1.978417266186936E-017
          69           1  0.000000000000000E+000 -5.215827338129147E-018
          69           2  0.000000000000000E+000 -1.978417266186795E-017
          70           1  0.000000000000000E+000 -5.215827338130425E-018
          70           2  0.000000000000000E+000 -1.978417266187018E-017
          71           1  0.000000000000000E+000 -5.215827338130764E-018
          71           2  0.000000000000000E+000 -1.978417266187179E-017
          72           1  0.000000000000000E+000 -5.215827338131189E-018
          72           2  0.000000000000000E+000 -1.978417266187281E-017
          73           1  0.000000000000000E+000 -5.215827338130965E-018
          73           2  0.000000000000000E+000 -1.978417266187277E-017
          74           1  0.000000000000000E+000 -5.215827338130576E-018
          74           2  0.000000000000000E+000 -1.978417266187417E-017
          75           1  0.000000000000000E+000 -5.215827338131660E-018
          75           2  0.000000000000000E+000 -1.978417266187542E-017
          76           1  0.000000000000000E+000 -5.215827338132489E-018
          76           2  0.000000000000000E+000 -1.978417266187929E-017
          77           1  0.000000000000000E+000 -5.215827338131133E-018
          77           2  0.000000000000000E+000 -1.978417266187688E-017
          78           1  0.000000000000000E+000 -5.215827338129787E-018
          78           2  0.000000000000000E+000 -1.978417266187205E-017
          79           1  0.000000000000000E+000 -5.215827338124450E-018
          79           2  0.000000000000000E+000 -1.978417266185036E-017
          80           1  0.000000000000000E+000 -5.215827338124722E-018
          80           2  0.000000000000000E+000 -1.978417266185208E-017
          81           1  0.000000000000000E+000 -5.215827338128199E-018
          81           2  0.000000000000000E+000 -1.978417266186386E-017
          82           1  0.000000000000000E+000 -5.215827338128690E-018
          82           2  0.000000000000000E+000 -1.978417266186629E-017
          83           1  0.000000000000000E+000 -5.215827338128046E-018
          83           2  0.000000000000000E+000 -1.978417266186607E-017
          84           1  0.000000000000000E+000 -5.215827338128143E-018
          84           2  0.000000000000000E+000 -1.978417266186643E-017
          85           1  0.000000000000000E+000 -5.215827338129182E-018
          85           2  0.000000000000000E+000 -1.978417266187030E-017
          86           1  0.000000000000000E+000 -5.215827338129515E-018
          86           2  0.000000000000000E+000 -1.978417266187064E-017
          87           1  0.000000000000000E+000 -5.215827338128179E-018
          87           2  0.000000000000000E+000 -1.978417266186710E-017
          88           1  0.000000000000000E+000 -5.215827338128090E-018
          88           2  0.000000000000000E+000 -1.978417266186787E-017
          89           1  0.000000000000000E+000 -5.215827338128735E-018
          89           2  0.000000000000000E+000 -1.978417266186591E-017
          90           1  0.000000000000000E+000 -5.215827338129848E-018
          90           2  0.000000000000000E+000 -1.978417266186976E-017
          91           1  0.000000000000000E+000 -5.215827338130750E-018
          91           2  0.000000000000000E+000 -1.978417266187183E-017
          92           1  0.000000000000000E+000 -5.215827338131126E-018
          92           2  0.000000000000000E+000 -1.978417266187276E-017
          93           1  0.000000000000000E+000 -5.215827338131294E-018
          93           2  0.000000000000000E+000 -1.978417266187349E-017
          94           1  0.000000000000000E+000 -5.215827338130382E-018
          94           2  0.000000000000000E+000 -1.978417266187463E-017
          95           1  0.000000000000000E+000 -5.215827338131510E-018
          95           2  0.000000000000000E+000 -1.978417266187601E-017
          96           1  0.000000000000000E+000 -5.215827338132343E-018
          96           2  0.000000000000000E+000 -1.978417266187917E-017
          97           1  0.000000000000000E+000 -5.215827338131026E-018
          97           2  0.000000000000000E+000 -1.978417266187484E-017
          98           1  0.000000000000000E+000 -5.215827338127141E-018
          98           2  0.000000000000000E+000 -1.978417266185999E-017
          99           1  0.000000000000000E+000 -5.215827338126866E-018
          99           2  0.000000000000000E+000 -1.978417266185979E-017
         100           1  0.000000000000000E+000 -5.215827338127366E-018
         100           2  0.000000000000000E+000 -1.978417266186359E-017
         101           1  0.000000000000000E+000 -5.215827338127804E-018
         101           2  0.000000000000000E+000 -1.978417266186387E-017
         102           1  0.000000000000000E+000 -5.215827338128451E-018
         102           2  0.000000000000000E+000 -1.978417266186650E-017
         103           1  0.000000000000000E+000 -5.215827338128749E-018
         103           2  0.000000000000000E+000 -1.978417266186627E-017
         104           1  0.000000000000000E+000 -5.215827338128544E-018
         104           2  0.000000000000000E+000 -1.978417266186610E-017
         105           1  0.000000000000000E+000 -5.215827338128098E-018
         105           2  0.000000000000000E+000 -1.978417266186560E-017
         106           1  0.000000000000000E+000 -5.215827338127357E-018
         106           2  0.000000000000000E+000 -1.978417266186385E-017
         107           1  0.000000000000000E+000 -5.215827338127524E-018
         107           2  0.000000000000000E+000 -1.978417266186291E-017
         108           1  0.000000000000000E+000 -5.215827338128072E-018
         108           2  0.000000000000000E+000 -1.978417266186409E-017
         109           1  0.000000000000000E+000 -5.215827338129026E-018
         109           2  0.000000000000000E+000 -1.978417266186734E-017
         110           1  0.000000000000000E+000 -5.215827338129825E-018
         110           2  0.000000000000000E+000 -1.978417266186998E-017
         111           1  0.000000000000000E+000 -5.215827338130162E-018
         111           2  0.000000000000000E+000 -1.978417266187095E-017
         112           1  0.000000000000000E+000 -5.215827338130760E-018
         112           2  0.000000000000000E+000 -1.978417266187241E-017
         113           1  0.000000000000000E+000 -5.215827338130598E-018
         113           2  0.000000000000000E+000 -1.978417266187276E-017
         114           1  0.000000000000000E+000 -5.215827338130556E-018
         114           2  0.000000000000000E+000 -1.978417266187387E-017
         115           1  0.000000000000000E+000 -5.215827338130915E-018
         115           2  0.000000000000000E+000 -1.978417266187586E-017
         116           1  0.000000000000000E+000 -5.215827338131918E-018
         116           2  0.000000000000000E+000 -1.978417266187787E-017
         117           1  0.000000000000000E+000 -5.215827338130640E-018
         117           2  0.000000000000000E+000 -1.978417266187180E-017
         118           1  0.000000000000000E+000 -5.215827338128750E-018
         118           2  0.000000000000000E+000 -1.978417266186894E-017
         119           1  0.000000000000000E+000 -5.215827338129462E-018
         119           2  0.000000000000000E+000 -1.978417266187287E-017
         120           1  0.000000000000000E+000 -5.215827338130143E-018
         120           2  0.000000000000000E+000 -1.978417266187617E-017
         121           1  0.000000000000000E+000 -5.215827338127027E-018
         121           2  0.000000000000000E+000 -1.978417266186216E-017
         122           1  0.000000000000000E+000 -5.215827338128305E-018
         122           2  0.000000000000000E+000 -1.978417266186482E-017
         123           1  0.000000000000000E+000 -5.215827338128270E-018
         123           2  0.000000000000000E+000 -1.978417266186476E-017
         124           1  0.000000000000000E+000 -5.215827338128230E-018
         124           2  0.000000000000000E+000 -1.978417266186511E-017
         125           1  0.000000000000000E+000 -5.215827338127894E-018
         125           2  0.000000000000000E+000 -1.978417266186440E-017
         126           1  0.000000000000000E+000 -5.215827338127539E-018
         126           2  0.000000000000000E+000 -1.978417266186288E-017
         127           1  0.000000000000000E+000 -5.215827338127790E-018
         127           2  0.000000000000000E+000 -1.978417266186161E-017
         128           1  0.000000000000000E+000 -5.215827338128322E-018
         128           2  0.000000000000000E+000 -1.978417266186261E-017
         129           1  0.000000000000000E+000 -5.215827338129201E-018
         129           2  0.000000000000000E+000 -1.978417266186661E-017
         130           1  0.000000000000000E+000 -5.215827338129788E-018
         130           2  0.000000000000000E+000 -1.978417266187118E-017
         131           1  0.000000000000000E+000 -5.215827338129664E-018
         131           2  0.000000000000000E+000 -1.978417266187174E-017
         132           1  0.000000000000000E+000 -5.215827338130073E-018
         132           2  0.000000000000000E+000 -1.978417266187256E-017
         133           1  0.000000000000000E+000 -5.215827338130079E-018
         133           2  0.000000000000000E+000 -1.978417266187322E-017
         134           1  0.000000000000000E+000 -5.215827338130457E-018
         134           2  0.000000000000000E+000 -1.978417266187406E-017
         135           1  0.000000000000000E+000 -5.215827338130836E-018
         135           2  0.000000000000000E+000 -1.978417266187653E-017
         136           1  0.000000000000000E+000 -5.215827338131750E-018
         136           2  0.000000000000000E+000 -1.978417266187683E-017
         137           1  0.000000000000000E+000 -5.215827338131456E-018
         137           2  0.000000000000000E+000 -1.978417266187486E-017
         138           1  0.000000000000000E+000 -5.215827338130758E-018
         138           2  0.000000000000000E+000 -1.978417266187673E-017
         139           1  0.000000000000000E+000 -5.215827338131043E-018
         139           2  0.000000000000000E+000 -1.978417266187774E-017
         140           1  0.000000000000000E+000 -5.215827338131945E-018
         140           2  0.000000000000000E+000 -1.978417266187986E-017
         141           1  0.000000000000000E+000 -5.215827338127568E-018
         141           2  0.000000000000000E+000 -1.978417266186250E-017
         142           1  0.000000000000000E+000 -5.215827338128468E-018
         142           2  0.000000000000000E+000 -1.978417266186417E-017
         143           1  0.000000000000000E+000 -5.215827338128104E-018
         143           2  0.000000000000000E+000 -1.978417266186372E-017
         144           1  0.000000000000000E+000 -5.215827338127980E-018
         144           2  0.000000000000000E+000 -1.978417266186367E-017
         145           1  0.000000000000000E+000 -5.215827338128013E-018
         145           2  0.000000000000000E+000 -1.978417266186437E-017
         146           1  0.000000000000000E+000 -5.215827338128125E-018
         146           2  0.000000000000000E+000 -1.978417266186263E-017
         147           1  0.000000000000000E+000 -5.215827338128182E-018
         147           2  0.000000000000000E+000 -1.978417266186151E-017
         148           1  0.000000000000000E+000 -5.215827338128493E-018
         148           2  0.000000000000000E+000 -1.978417266186286E-017
         149           1  0.000000000000000E+000 -5.215827338128956E-018
         149           2  0.000000000000000E+000 -1.978417266186539E-017
         150           1  0.000000000000000E+000 -5.215827338129864E-018
         150           2  0.000000000000000E+000 -1.978417266186871E-017
         151           1  0.000000000000000E+000 -5.215827338129388E-018
         151           2  0.000000000000000E+000 -1.978417266187134E-017
         152           1  0.000000000000000E+000 -5.215827338129556E-018
         152           2  0.000000000000000E+000 -1.978417266187260E-017
         153           1  0.000000000000000E+000 -5.215827338129834E-018
         153           2  0.000000000000000E+000 -1.978417266187271E-017
         154           1  0.000000000000000E+000 -5.215827338130731E-018
         154           2  0.000000000000000E+000 -1.978417266187468E-017
         155           1  0.000000000000000E+000 -5.215827338131183E-018
         155           2  0.000000000000000E+000 -1.978417266187631E-017
         156           1  0.000000000000000E+000 -5.215827338132003E-018
         156           2  0.000000000000000E+000 -1.978417266187755E-017
         157           1  0.000000000000000E+000 -5.215827338132030E-018
         157           2  0.000000000000000E+000 -1.978417266187738E-017
         158           1  0.000000000000000E+000 -5.215827338131772E-018
         158           2  0.000000000000000E+000 -1.978417266187721E-017
         159           1  0.000000000000000E+000 -5.215827338132029E-018
         159           2  0.000000000000000E+000 -1.978417266187905E-017
         160           1  0.000000000000000E+000 -5.215827338132105E-018
         160           2  0.000000000000000E+000 -1.978417266187984E-017
         161           1  0.000000000000000E+000 -5.215827338127793E-018
         161           2  0.000000000000000E+000 -1.978417266186076E-017
         162           1  0.000000000000000E+000 -5.215827338127898E-018
         162           2  0.000000000000000E+000 -1.978417266186257E-017
         163           1  0.000000000000000E+000 -5.215827338128086E-018
         163           2  0.000000000000000E+000 -1.978417266186305E-017
         164           1  0.000000000000000E+000 -5.215827338128188E-018
         164           2  0.000000000000000E+000 -1.978417266186319E-017
         165           1  0.000000000000000E+000 -5.215827338127798E-018
         165           2  0.000000000000000E+000 -1.978417266186454E-017
         166           1  0.000000000000000E+000 -5.215827338128000E-018
         166           2  0.000000000000000E+000 -1.978417266186327E-017
         167           1  0.000000000000000E+000 -5.215827338128340E-018
         167           2  0.000000000000000E+000 -1.978417266186357E-017
         168           1  0.000000000000000E+000 -5.215827338128392E-018
         168           2  0.000000000000000E+000 -1.978417266186166E-017
         169           1  0.000000000000000E+000 -5.215827338128566E-018
         169           2  0.000000000000000E+000 -1.978417266186472E-017
         170           1  0.000000000000000E+000 -5.215827338129027E-018
         170           2  0.000000000000000E+000 -1.978417266186715E-017
         171           1  0.000000000000000E+000 -5.215827338129734E-018
         171           2  0.000000000000000E+000 -1.978417266186950E-017
         172           1  0.000000000000000E+000 -5.215827338129779E-018
         172           2  0.000000000000000E+000 -1.978417266187211E-017
         173           1  0.000000000000000E+000 -5.215827338130292E-018
         173           2  0.000000000000000E+000 -1.978417266187276E-017
         174           1  0.000000000000000E+000 -5.215827338130815E-018
         174           2  0.000000000000000E+000 -1.978417266187546E-017
         175           1  0.000000000000000E+000 -5.215827338130517E-018
         175           2  0.000000000000000E+000 -1.978417266187517E-017
         176           1  0.000000000000000E+000 -5.215827338130864E-018
         176           2  0.000000000000000E+000 -1.978417266187510E-017
         177           1  0.000000000000000E+000 -5.215827338131491E-018
         177           2  0.000000000000000E+000 -1.978417266187565E-017
         178           1  0.000000000000000E+000 -5.215827338130422E-018
         178           2  0.000000000000000E+000 -1.978417266187346E-017
         179           1  0.000000000000000E+000 -5.215827338130606E-018
         179           2  0.000000000000000E+000 -1.978417266187504E-017
         180           1  0.000000000000000E+000 -5.215827338129282E-018
         180           2  0.000000000000000E+000 -1.978417266186930E-017
         181           1  0.000000000000000E+000 -5.215827338127217E-018
         181           2  0.000000000000000E+000 -1.978417266186067E-017
         182           1  0.000000000000000E+000 -5.215827338127799E-018
         182           2  0.000000000000000E+000 -1.978417266186175E-017
         183           1  0.000000000000000E+000 -5.215827338127745E-018
         183           2  0.000000000000000E+000 -1.978417266186262E-017
         184           1  0.000000000000000E+000 -5.215827338127337E-018
         184           2  0.000000000000000E+000 -1.978417266186243E-017
         185           1  0.000000000000000E+000 -5.215827338127567E-018
         185           2  0.000000000000000E+000 -1.978417266186454E-017
         186           1  0.000000000000000E+000 -5.215827338127337E-018
         186           2  0.000000000000000E+000 -1.978417266186471E-017
         187           1  0.000000000000000E+000 -5.215827338127796E-018
         187           2  0.000000000000000E+000 -1.978417266186341E-017
         188           1  0.000000000000000E+000 -5.215827338127692E-018
         188           2  0.000000000000000E+000 -1.978417266186408E-017
         189           1  0.000000000000000E+000 -5.215827338128003E-018
         189           2  0.000000000000000E+000 -1.978417266186520E-017
         190           1  0.000000000000000E+000 -5.215827338128236E-018
         190           2  0.000000000000000E+000 -1.978417266186691E-017
         191           1  0.000000000000000E+000 -5.215827338129989E-018
         191           2  0.000000000000000E+000 -1.978417266186964E-017
         192           1  0.000000000000000E+000 -5.215827338130520E-018
         192           2  0.000000000000000E+000 -1.978417266187038E-017
         193           1  0.000000000000000E+000 -5.215827338130012E-018
         193           2  0.000000000000000E+000 -1.978417266187198E-017
         194           1  0.000000000000000E+000 -5.215827338130259E-018
         194           2  0.000000000000000E+000 -1.978417266187309E-017
         195           1  0.000000000000000E+000 -5.215827338130326E-018
         195           2  0.000000000000000E+000 -1.978417266187337E-017
         196           1  0.000000000000000E+000 -5.215827338129856E-018
         196           2  0.000000000000000E+000 -1.978417266187387E-017
         197           1  0.000000000000000E+000 -5.215827338130297E-018
         197           2  0.000000000000000E+000 -1.978417266187582E-017
         198           1  0.000000000000000E+000 -5.215827338130183E-018
         198           2  0.000000000000000E+000 -1.978417266187229E-017
         199           1  0.000000000000000E+000 -5.215827338128945E-018
         199           2  0.000000000000000E+000 -1.978417266187005E-017
         200           1  0.000000000000000E+000 -5.215827338128645E-018
         200           2  0.000000000000000E+000 -1.978417266186809E-017
         201           1  0.000000000000000E+000 -5.215827338127295E-018
         201           2  0.000000000000000E+000 -1.978417266186295E-017
         202           1  0.000000000000000E+000 -5.215827338127939E-018
         202           2  0.000000000000000E+000 -1.978417266186469E-017
         203           1  0.000000000000000E+000 -5.215827338127819E-018
         203           2  0.000000000000000E+000 -1.978417266186190E-017
         204           1  0.000000000000000E+000 -5.215827338127027E-018
         204           2  0.000000000000000E+000 -1.978417266186141E-017
         205           1  0.000000000000000E+000 -5.215827338126986E-018
         205           2  0.000000000000000E+000 -1.978417266186254E-017
         206           1  0.000000000000000E+000 -5.215827338127188E-018
         206           2  0.000000000000000E+000 -1.978417266186286E-017
         207           1  0.000000000000000E+000 -5.215827338127545E-018
         207           2  0.000000000000000E+000 -1.978417266186435E-017
         208           1  0.000000000000000E+000 -5.215827338127541E-018
         208           2  0.000000000000000E+000 -1.978417266186489E-017
         209           1  0.000000000000000E+000 -5.215827338127928E-018
         209           2  0.000000000000000E+000 -1.978417266186494E-017
         210           1  0.000000000000000E+000 -5.215827338128134E-018
         210           2  0.000000000000000E+000 -1.978417266186661E-017
         211           1  0.000000000000000E+000 -5.215827338128827E-018
         211           2  0.000000000000000E+000 -1.978417266186864E-017
         212           1  0.000000000000000E+000 -5.215827338129036E-018
         212           2  0.000000000000000E+000 -1.978417266186999E-017
         213           1  0.000000000000000E+000 -5.215827338128933E-018
         213           2  0.000000000000000E+000 -1.978417266187069E-017
         214           1  0.000000000000000E+000 -5.215827338129465E-018
         214           2  0.000000000000000E+000 -1.978417266187057E-017
         215           1  0.000000000000000E+000 -5.215827338129261E-018
         215           2  0.000000000000000E+000 -1.978417266186985E-017
         216           1  0.000000000000000E+000 -5.215827338129476E-018
         216           2  0.000000000000000E+000 -1.978417266187058E-017
         217           1  0.000000000000000E+000 -5.215827338129135E-018
         217           2  0.000000000000000E+000 -1.978417266187059E-017
         218           1  0.000000000000000E+000 -5.215827338129343E-018
         218           2  0.000000000000000E+000 -1.978417266187131E-017
         219           1  0.000000000000000E+000 -5.215827338129004E-018
         219           2  0.000000000000000E+000 -1.978417266187153E-017
         220           1  0.000000000000000E+000 -5.215827338128760E-018
         220           2  0.000000000000000E+000 -1.978417266186817E-017
         221           1  0.000000000000000E+000 -5.215827338126990E-018
         221           2  0.000000000000000E+000 -1.978417266186228E-017
         222           1  0.000000000000000E+000 -5.215827338127366E-018
         222           2  0.000000000000000E+000 -1.978417266186372E-017
         223           1  0.000000000000000E+000 -5.215827338127484E-018
         223           2  0.000000000000000E+000 -1.978417266186052E-017
         224           1  0.000000000000000E+000 -5.215827338126849E-018
         224           2  0.000000000000000E+000 -1.978417266185992E-017
         225           1  0.000000000000000E+000 -5.215827338126611E-018
         225           2  0.000000000000000E+000 -1.978417266185874E-017
         226           1  0.000000000000000E+000 -5.215827338127023E-018
         226           2  0.000000000000000E+000 -1.978417266186077E-017
         227           1  0.000000000000000E+000 -5.215827338126862E-018
         227           2  0.000000000000000E+000 -1.978417266186256E-017
         228           1  0.000000000000000E+000 -5.215827338127265E-018
         228           2  0.000000000000000E+000 -1.978417266186375E-017
         229           1  0.000000000000000E+000 -5.215827338127608E-018
         229           2  0.000000000000000E+000 -1.978417266186314E-017
         230           1  0.000000000000000E+000 -5.215827338128318E-018
         230           2  0.000000000000000E+000 -1.978417266186584E-017
         231           1  0.000000000000000E+000 -5.215827338128342E-018
         231           2  0.000000000000000E+000 -1.978417266186726E-017
         232           1  0.000000000000000E+000 -5.215827338128618E-018
         232           2  0.000000000000000E+000 -1.978417266186963E-017
         233           1  0.000000000000000E+000 -5.215827338128680E-018
         233           2  0.000000000000000E+000 -1.978417266186930E-017
         234           1  0.000000000000000E+000 -5.215827338128370E-018
         234           2  0.000000000000000E+000 -1.978417266186692E-017
         235           1  0.000000000000000E+000 -5.215827338128416E-018
         235           2  0.000000000000000E+000 -1.978417266186541E-017
         236           1  0.000000000000000E+000 -5.215827338127979E-018
         236           2  0.000000000000000E+000 -1.978417266186518E-017
         237           1  0.000000000000000E+000 -5.215827338127978E-018
         237           2  0.000000000000000E+000 -1.978417266186434E-017
         238           1  0.000000000000000E+000 -5.215827338128104E-018
         238           2  0.000000000000000E+000 -1.978417266186561E-017
         239           1  0.000000000000000E+000 -5.215827338128018E-018
         239           2  0.000000000000000E+000 -1.978417266186697E-017
         240           1  0.000000000000000E+000 -5.215827338128080E-018
         240           2  0.000000000000000E+000 -1.978417266186686E-017
         241           1  0.000000000000000E+000 -5.215827338126631E-018
         241           2  0.000000000000000E+000 -1.978417266186096E-017
         242           1  0.000000000000000E+000 -5.215827338126567E-018
         242           2  0.000000000000000E+000 -1.978417266185999E-017
         243           1  0.000000000000000E+000 -5.215827338127333E-018
         243           2  0.000000000000000E+000 -1.978417266186045E-017
         244           1  0.000000000000000E+000 -5.215827338126916E-018
         244           2  0.000000000000000E+000 -1.978417266185918E-017
         245           1  0.000000000000000E+000 -5.215827338126710E-018
         245           2  0.000000000000000E+000 -1.978417266185968E-017
         246           1  0.000000000000000E+000 -5.215827338126708E-018
         246           2  0.000000000000000E+000 -1.978417266186044E-017
         247           1  0.000000000000000E+000 -5.215827338126580E-018
         247           2  0.000000000000000E+000 -1.978417266186184E-017
         248           1  0.000000000000000E+000 -5.215827338126576E-018
         248           2  0.000000000000000E+000 -1.978417266185940E-017
         249           1  0.000000000000000E+000 -5.215827338127460E-018
         249           2  0.000000000000000E+000 -1.978417266186158E-017
         250           1  0.000000000000000E+000 -5.215827338127918E-018
         250           2  0.000000000000000E+000 -1.978417266186405E-017
         251           1  0.000000000000000E+000 -5.215827338128130E-018
         251           2  0.000000000000000E+000 -1.978417266186601E-017
         252           1  0.000000000000000E+000 -5.215827338127984E-018
         252           2  0.000000000000000E+000 -1.978417266186657E-017
         253           1  0.000000000000000E+000 -5.215827338128261E-018
         253           2  0.000000000000000E+000 -1.978417266186611E-017
         254           1  0.000000000000000E+000 -5.215827338127626E-018
         254           2  0.000000000000000E+000 -1.978417266186336E-017
         255           1  0.000000000000000E+000 -5.215827338127487E-018
         255           2  0.000000000000000E+000 -1.978417266186056E-017
         256           1  0.000000000000000E+000 -5.215827338127468E-018
         256           2  0.000000000000000E+000 -1.978417266185991E-017
         257           1  0.000000000000000E+000 -5.215827338126691E-018
         257           2  0.000000000000000E+000 -1.978417266185947E-017
         258           1  0.000000000000000E+000 -5.215827338126386E-018
         258           2  0.000000000000000E+000 -1.978417266185918E-017
         259           1  0.000000000000000E+000 -5.215827338127306E-018
         259           2  0.000000000000000E+000 -1.978417266186018E-017
         260           1  0.000000000000000E+000 -5.215827338127012E-018
         260           2  0.000000000000000E+000 -1.978417266185910E-017
         261           1  0.000000000000000E+000 -5.215827338127576E-018
         261           2  0.000000000000000E+000 -1.978417266186336E-017
         262           1  0.000000000000000E+000 -5.215827338126930E-018
         262           2  0.000000000000000E+000 -1.978417266186232E-017
         263           1  0.000000000000000E+000 -5.215827338126662E-018
         263           2  0.000000000000000E+000 -1.978417266185906E-017
         264           1  0.000000000000000E+000 -5.215827338126496E-018
         264           2  0.000000000000000E+000 -1.978417266185817E-017
         265           1  0.000000000000000E+000 -5.215827338126923E-018
         265           2  0.000000000000000E+000 -1.978417266186023E-017
         266           1  0.000000000000000E+000 -5.215827338127275E-018
         266           2  0.000000000000000E+000 -1.978417266186139E-017
         267           1  0.000000000000000E+000 -5.215827338127545E-018
         267           2  0.000000000000000E+000 -1.978417266186175E-017
         268           1  0.000000000000000E+000 -5.215827338127178E-018
         268           2  0.000000000000000E+000 -1.978417266186101E-017
         269           1  0.000000000000000E+000 -5.215827338127249E-018
         269           2  0.000000000000000E+000 -1.978417266186236E-017
         270           1  0.000000000000000E+000 -5.215827338127325E-018
         270           2  0.000000000000000E+000 -1.978417266186249E-017
         271           1  0.000000000000000E+000 -5.215827338127872E-018
         271           2  0.000000000000000E+000 -1.978417266186398E-017
         272           1  0.000000000000000E+000 -5.215827338127731E-018
         272           2  0.000000000000000E+000 -1.978417266186424E-017
         273           1  0.000000000000000E+000 -5.215827338127869E-018
         273           2  0.000000000000000E+000 -1.978417266186399E-017
         274           1  0.000000000000000E+000 -5.215827338127473E-018
         274           2  0.000000000000000E+000 -1.978417266186342E-017
         275           1  0.000000000000000E+000 -5.215827338126501E-018
         275           2  0.000000000000000E+000 -1.978417266185990E-017
         276           1  0.000000000000000E+000 -5.215827338126028E-018
         276           2  0.000000000000000E+000 -1.978417266185755E-017
         277           1  0.000000000000000E+000 -5.215827338125980E-018
         277           2  0.000000000000000E+000 -1.978417266185706E-017
         278           1  0.000000000000000E+000 -5.215827338125889E-018
         278           2  0.000000000000000E+000 -1.978417266185722E-017
         279           1  0.000000000000000E+000 -5.215827338125834E-018
         279           2  0.000000000000000E+000 -1.978417266185734E-017
         280           1  0.000000000000000E+000 -5.215827338125869E-018
         280           2  0.000000000000000E+000 -1.978417266185466E-017
         281           1  0.000000000000000E+000 -5.215827338127540E-018
         281           2  0.000000000000000E+000 -1.978417266186128E-017
         282           1  0.000000000000000E+000 -5.215827338126996E-018
         282           2  0.000000000000000E+000 -1.978417266185954E-017
         283           1  0.000000000000000E+000 -5.215827338126426E-018
         283           2  0.000000000000000E+000 -1.978417266185775E-017
         284           1  0.000000000000000E+000 -5.215827338127207E-018
         284           2  0.000000000000000E+000 -1.978417266185942E-017
         285           1  0.000000000000000E+000 -5.215827338127026E-018
         285           2  0.000000000000000E+000 -1.978417266186061E-017
         286           1  0.000000000000000E+000 -5.215827338127584E-018
         286           2  0.000000000000000E+000 -1.978417266186229E-017
         287           1  0.000000000000000E+000 -5.215827338127511E-018
         287           2  0.000000000000000E+000 -1.978417266186289E-017
         288           1  0.000000000000000E+000 -5.215827338126968E-018
         288           2  0.000000000000000E+000 -1.978417266186239E-017
         289           1  0.000000000000000E+000 -5.215827338127265E-018
         289           2  0.000000000000000E+000 -1.978417266186314E-017
         290           1  0.000000000000000E+000 -5.215827338127992E-018
         290           2  0.000000000000000E+000 -1.978417266186440E-017
         291           1  0.000000000000000E+000 -5.215827338127805E-018
         291           2  0.000000000000000E+000 -1.978417266186402E-017
         292           1  0.000000000000000E+000 -5.215827338127965E-018
         292           2  0.000000000000000E+000 -1.978417266186382E-017
         293           1  0.000000000000000E+000 -5.215827338127810E-018
         293           2  0.000000000000000E+000 -1.978417266186414E-017
         294           1  0.000000000000000E+000 -5.215827338127796E-018
         294           2  0.000000000000000E+000 -1.978417266186333E-017
         295           1  0.000000000000000E+000 -5.215827338127027E-018
         295           2  0.000000000000000E+000 -1.978417266185995E-017
         296           1  0.000000000000000E+000 -5.215827338126866E-018
         296           2  0.000000000000000E+000 -1.978417266185860E-017
         297           1  0.000000000000000E+000 -5.215827338127456E-018
         297           2  0.000000000000000E+000 -1.978417266185882E-017
         298           1  0.000000000000000E+000 -5.215827338126721E-018
         298           2  0.000000000000000E+000 -1.978417266185946E-017
         299           1  0.000000000000000E+000 -5.215827338127261E-018
         299           2  0.000000000000000E+000 -1.978417266186152E-017
         300           1  0.000000000000000E+000 -5.215827338126929E-018
         300           2  0.000000000000000E+000 -1.978417266185864E-017
         301           1  0.000000000000000E+000 -5.215827338126794E-018
         301           2  0.000000000000000E+000 -1.978417266186047E-017
         302           1  0.000000000000000E+000 -5.215827338127530E-018
         302           2  0.000000000000000E+000 -1.978417266186032E-017
         303           1  0.000000000000000E+000 -5.215827338127469E-018
         303           2  0.000000000000000E+000 -1.978417266186197E-017
         304           1  0.000000000000000E+000 -5.215827338127801E-018
         304           2  0.000000000000000E+000 -1.978417266186318E-017
         305           1  0.000000000000000E+000 -5.215827338127507E-018
         305           2  0.000000000000000E+000 -1.978417266186235E-017
         306           1  0.000000000000000E+000 -5.215827338127490E-018
         306           2  0.000000000000000E+000 -1.978417266186170E-017
         307           1  0.000000000000000E+000 -5.215827338127168E-018
         307           2  0.000000000000000E+000 -1.978417266186145E-017
         308           1  0.000000000000000E+000 -5.215827338126824E-018
         308           2  0.000000000000000E+000 -1.978417266186215E-017
         309           1  0.000000000000000E+000 -5.215827338127107E-018
         309           2  0.000000000000000E+000 -1.978417266186291E-017
         310           1  0.000000000000000E+000 -5.215827338127778E-018
         310           2  0.000000000000000E+000 -1.978417266186434E-017
         311           1  0.000000000000000E+000 -5.215827338127651E-018
         311           2  0.000000000000000E+000 -1.978417266186250E-017
         312           1  0.000000000000000E+000 -5.215827338127712E-018
         312           2  0.000000000000000E+000 -1.978417266186292E-017
         313           1  0.000000000000000E+000 -5.215827338127412E-018
         313           2  0.000000000000000E+000 -1.978417266186125E-017
         314           1  0.000000000000000E+000 -5.215827338127335E-018
         314           2  0.000000000000000E+000 -1.978417266185925E-017
         315           1  0.000000000000000E+000 -5.215827338127375E-018
         315           2  0.000000000000000E+000 -1.978417266186141E-017
         316           1  0.000000000000000E+000 -5.215827338127916E-018
         316           2  0.000000000000000E+000 -1.978417266186395E-017
         317           1  0.000000000000000E+000 -5.215827338128369E-018
         317           2  0.000000000000000E+000 -1.978417266186592E-017
         318           1  0.000000000000000E+000 -5.215827338128025E-018
         318           2  0.000000000000000E+000 -1.978417266186622E-017
         319           1  0.000000000000000E+000 -5.215827338129147E-018
         319           2  0.000000000000000E+000 -1.978417266186826E-017
         320           1  0.000000000000000E+000 -5.215827338128087E-018
         320           2  0.000000000000000E+000 -1.978417266186592E-017
         321           1  0.000000000000000E+000 -5.215827338127160E-018
         321           2  0.000000000000000E+000 -1.978417266186057E-017
         322           1  0.000000000000000E+000 -5.215827338127721E-018
         322           2  0.000000000000000E+000 -1.978417266186370E-017
         323           1  0.000000000000000E+000 -5.215827338128350E-018
         323           2  0.000000000000000E+000 -1.978417266186517E-017
         324           1  0.000000000000000E+000 -5.215827338128465E-018
         324           2  0.000000000000000E+000 -1.978417266186471E-017
         325           1  0.000000000000000E+000 -5.215827338128237E-018
         325           2  0.000000000000000E+000 -1.978417266186488E-017
         326           1  0.000000000000000E+000 -5.215827338127986E-018
         326           2  0.000000000000000E+000 -1.978417266186514E-017
         327           1  0.000000000000000E+000 -5.215827338127641E-018
         327           2  0.000000000000000E+000 -1.978417266186277E-017
         328           1  0.000000000000000E+000 -5.215827338127909E-018
         328           2  0.000000000000000E+000 -1.978417266186459E-017
         329           1  0.000000000000000E+000 -5.215827338128469E-018
         329           2  0.000000000000000E+000 -1.978417266186621E-017
         330           1  0.000000000000000E+000 -5.215827338128197E-018
         330           2  0.000000000000000E+000 -1.978417266186562E-017
         331           1  0.000000000000000E+000 -5.215827338128223E-018
         331           2  0.000000000000000E+000 -1.978417266186485E-017
         332           1  0.000000000000000E+000 -5.215827338127823E-018
         332           2  0.000000000000000E+000 -1.978417266186216E-017
         333           1  0.000000000000000E+000 -5.215827338126646E-018
         333           2  0.000000000000000E+000 -1.978417266185838E-017
         334           1  0.000000000000000E+000 -5.215827338126306E-018
         334           2  0.000000000000000E+000 -1.978417266185531E-017
         335           1  0.000000000000000E+000 -5.215827338127223E-018
         335           2  0.000000000000000E+000 -1.978417266186162E-017
         336           1  0.000000000000000E+000 -5.215827338128623E-018
         336           2  0.000000000000000E+000 -1.978417266186747E-017
         337           1  0.000000000000000E+000 -5.215827338129318E-018
         337           2  0.000000000000000E+000 -1.978417266187031E-017
         338           1  0.000000000000000E+000 -5.215827338129529E-018
         338           2  0.000000000000000E+000 -1.978417266187065E-017
         339           1  0.000000000000000E+000 -5.215827338129642E-018
         339           2  0.000000000000000E+000 -1.978417266187122E-017
         340           1  0.000000000000000E+000 -5.215827338129541E-018
         340           2  0.000000000000000E+000 -1.978417266187054E-017
         341           1  0.000000000000000E+000 -5.215827338128031E-018
         341           2  0.000000000000000E+000 -1.978417266186263E-017
         342           1  0.000000000000000E+000 -5.215827338128691E-018
         342           2  0.000000000000000E+000 -1.978417266186510E-017
         343           1  0.000000000000000E+000 -5.215827338128260E-018
         343           2  0.000000000000000E+000 -1.978417266186615E-017
         344           1  0.000000000000000E+000 -5.215827338128570E-018
         344           2  0.000000000000000E+000 -1.978417266186743E-017
         345           1  0.000000000000000E+000 -5.215827338128449E-018
         345           2  0.000000000000000E+000 -1.978417266186843E-017
         346           1  0.000000000000000E+000 -5.215827338129121E-018
         346           2  0.000000000000000E+000 -1.978417266187084E-017
         347           1  0.000000000000000E+000 -5.215827338128016E-018
         347           2  0.000000000000000E+000 -1.978417266186519E-017
         348           1  0.000000000000000E+000 -5.215827338127860E-018
         348           2  0.000000000000000E+000 -1.978417266186476E-017
         349           1  0.000000000000000E+000 -5.215827338128669E-018
         349           2  0.000000000000000E+000 -1.978417266186676E-017
         350           1  0.000000000000000E+000 -5.215827338129170E-018
         350           2  0.000000000000000E+000 -1.978417266186847E-017
         351           1  0.000000000000000E+000 -5.215827338129090E-018
         351           2  0.000000000000000E+000 -1.978417266186588E-017
         352           1  0.000000000000000E+000 -5.215827338128617E-018
         352           2  0.000000000000000E+000 -1.978417266186563E-017
         353           1  0.000000000000000E+000 -5.215827338127323E-018
         353           2  0.000000000000000E+000 -1.978417266186042E-017
         354           1  0.000000000000000E+000 -5.215827338126167E-018
         354           2  0.000000000000000E+000 -1.978417266185546E-017
         355           1  0.000000000000000E+000 -5.215827338127059E-018
         355           2  0.000000000000000E+000 -1.978417266185960E-017
         356           1  0.000000000000000E+000 -5.215827338126601E-018
         356           2  0.000000000000000E+000 -1.978417266186203E-017
         357           1  0.000000000000000E+000 -5.215827338127798E-018
         357           2  0.000000000000000E+000 -1.978417266186737E-017
         358           1  0.000000000000000E+000 -5.215827338128510E-018
         358           2  0.000000000000000E+000 -1.978417266186785E-017
         359           1  0.000000000000000E+000 -5.215827338128789E-018
         359           2  0.000000000000000E+000 -1.978417266186837E-017
         360           1  0.000000000000000E+000 -5.215827338128627E-018
         360           2  0.000000000000000E+000 -1.978417266186913E-017
         361           1  0.000000000000000E+000 -5.215827338127594E-018
         361           2  0.000000000000000E+000 -1.978417266186281E-017
         362           1  0.000000000000000E+000 -5.215827338127604E-018
         362           2  0.000000000000000E+000 -1.978417266186432E-017
         363           1  0.000000000000000E+000 -5.215827338128298E-018
         363           2  0.000000000000000E+000 -1.978417266186629E-017
         364           1  0.000000000000000E+000 -5.215827338128083E-018
         364           2  0.000000000000000E+000 -1.978417266186677E-017
         365           1  0.000000000000000E+000 -5.215827338128590E-018
         365           2  0.000000000000000E+000 -1.978417266186864E-017
         366           1  0.000000000000000E+000 -5.215827338129278E-018
         366           2  0.000000000000000E+000 -1.978417266187138E-017
         367           1  0.000000000000000E+000 -5.215827338128352E-018
         367           2  0.000000000000000E+000 -1.978417266186739E-017
         368           1  0.000000000000000E+000 -5.215827338128393E-018
         368           2  0.000000000000000E+000 -1.978417266186706E-017
         369           1  0.000000000000000E+000 -5.215827338128656E-018
         369           2  0.000000000000000E+000 -1.978417266186651E-017
         370           1  0.000000000000000E+000 -5.215827338128867E-018
         370           2  0.000000000000000E+000 -1.978417266186652E-017
         371           1  0.000000000000000E+000 -5.215827338129414E-018
         371           2  0.000000000000000E+000 -1.978417266186706E-017
         372           1  0.000000000000000E+000 -5.215827338128588E-018
         372           2  0.000000000000000E+000 -1.978417266186619E-017
         373           1  0.000000000000000E+000 -5.215827338126520E-018
         373           2  0.000000000000000E+000 -1.978417266185900E-017
         374           1  0.000000000000000E+000 -5.215827338126029E-018
         374           2  0.000000000000000E+000 -1.978417266185559E-017
         375           1  0.000000000000000E+000 -5.215827338126554E-018
         375           2  0.000000000000000E+000 -1.978417266185936E-017
         376           1  0.000000000000000E+000 -5.215827338126287E-018
         376           2  0.000000000000000E+000 -1.978417266186028E-017
         377           1  0.000000000000000E+000 -5.215827338127386E-018
         377           2  0.000000000000000E+000 -1.978417266186365E-017
         378           1  0.000000000000000E+000 -5.215827338126244E-018
         378           2  0.000000000000000E+000 -1.978417266186009E-017
         379           1  0.000000000000000E+000 -5.215827338127728E-018
         379           2  0.000000000000000E+000 -1.978417266186157E-017
         380           1  0.000000000000000E+000 -5.215827338130203E-018
         380           2  0.000000000000000E+000 -1.978417266187361E-017
         381           1  0.000000000000000E+000 -5.215827338127536E-018
         381           2  0.000000000000000E+000 -1.978417266186337E-017
         382           1  0.000000000000000E+000 -5.215827338127533E-018
         382           2  0.000000000000000E+000 -1.978417266186407E-017
         383           1  0.000000000000000E+000 -5.215827338128124E-018
         383           2  0.000000000000000E+000 -1.978417266186697E-017
         384           1  0.000000000000000E+000 -5.215827338128026E-018
         384           2  0.000000000000000E+000 -1.978417266186619E-017
         385           1  0.000000000000000E+000 -5.215827338128947E-018
         385           2  0.000000000000000E+000 -1.978417266186830E-017
         386           1  0.000000000000000E+000 -5.215827338130017E-018
         386           2  0.000000000000000E+000 -1.978417266187422E-017
         387           1  0.000000000000000E+000 -5.215827338128642E-018
         387           2  0.000000000000000E+000 -1.978417266186682E-017
         388           1  0.000000000000000E+000 -5.215827338129855E-018
         388           2  0.000000000000000E+000 -1.978417266186980E-017
         389           1  0.000000000000000E+000 -5.215827338128846E-018
         389           2  0.000000000000000E+000 -1.978417266186745E-017
         390           1  0.000000000000000E+000 -5.215827338128824E-018
         390           2  0.000000000000000E+000 -1.978417266186603E-017
         391           1  0.000000000000000E+000 -5.215827338128846E-018
         391           2  0.000000000000000E+000 -1.978417266186500E-017
         392           1  0.000000000000000E+000 -5.215827338128263E-018
         392           2  0.000000000000000E+000 -1.978417266186657E-017
         393           1  0.000000000000000E+000 -5.215827338127644E-018
         393           2  0.000000000000000E+000 -1.978417266186709E-017
         394           1  0.000000000000000E+000 -5.215827338125628E-018
         394           2  0.000000000000000E+000 -1.978417266185481E-017
         395           1  0.000000000000000E+000 -5.215827338127236E-018
         395           2  0.000000000000000E+000 -1.978417266186159E-017
         396           1  0.000000000000000E+000 -5.215827338126169E-018
         396           2  0.000000000000000E+000 -1.978417266186130E-017
         397           1  0.000000000000000E+000 -5.215827338126318E-018
         397           2  0.000000000000000E+000 -1.978417266185914E-017
         398           1  0.000000000000000E+000 -5.215827338126571E-018
         398           2  0.000000000000000E+000 -1.978417266186028E-017
         399           1  0.000000000000000E+000 -5.215827338125809E-018
         399           2  0.000000000000000E+000 -1.978417266185714E-017
         400           1  0.000000000000000E+000 -5.215827338127854E-018
         400           2  0.000000000000000E+000 -1.978417266186675E-017
