           1           1  0.000000000000000E+000 -2.040816326530732E-017
           1           2  0.000000000000000E+000 -4.591836734694001E-018
           2           1  0.000000000000000E+000 -2.040816326530668E-017
           2           2  0.000000000000000E+000 -4.591836734693890E-018
           3           1  0.000000000000000E+000 -2.040816326530818E-017
           3           2  0.000000000000000E+000 -4.591836734694425E-018
           4           1  0.000000000000000E+000 -2.040816326530699E-017
           4           2  0.000000000000000E+000 -4.591836734694321E-018
           5           1  0.000000000000000E+000 -2.040816326530543E-017
           5           2  0.000000000000000E+000 -4.591836734694095E-018
           6           1  0.000000000000000E+000 -2.040816326530652E-017
           6           2  0.000000000000000E+000 -4.591836734694087E-018
           7           1  0.000000000000000E+000 -2.040816326530682E-017
           7           2  0.000000000000000E+000 -4.591836734694172E-018
           8           1  0.000000000000000E+000 -2.040816326530637E-017
           8           2  0.000000000000000E+000 -4.591836734693951E-018
           9           1  0.000000000000000E+000 -2.040816326530507E-017
           9           2  0.000000000000000E+000 -4.591836734694004E-018
          10           1  0.000000000000000E+000 -2.040816326530622E-017
          10           2  0.000000000000000E+000 -4.591836734693839E-018
          11           1  0.000000000000000E+000 -2.040816326530690E-017
          11           2  0.000000000000000E+000 -4.591836734694058E-018
          12           1  0.000000000000000E+000 -2.040816326530654E-017
          12           2  0.000000000000000E+000 -4.591836734694111E-018
          13           1  0.000000000000000E+000 -2.040816326530724E-017
          13           2  0.000000000000000E+000 -4.591836734694195E-018
          14           1  0.000000000000000E+000 -2.040816326530688E-017
          14           2  0.000000000000000E+000 -4.591836734694209E-018
          15           1  0.000000000000000E+000 -2.040816326530634E-017
          15           2  0.000000000000000E+000 -4.591836734693842E-018
          16           1  0.000000000000000E+000 -2.040816326530626E-017
          16           2  0.000000000000000E+000 -4.591836734693987E-018
          17           1  0.000000000000000E+000 -2.040816326530645E-017
          17           2  0.000000000000000E+000 -4.591836734694026E-018
          18           1  0.000000000000000E+000 -2.040816326530690E-017
          18           2  0.000000000000000E+000 -4.591836734694029E-018
          19           1  0.000000000000000E+000 -2.040816326530615E-017
          19           2  0.000000000000000E+000 -4.591836734693951E-018
          20           1  0.000000000000000E+000 -2.040816326530454E-017
          20           2  0.000000000000000E+000 -4.591836734693625E-018
          21           1  0.000000000000000E+000 -2.040816326530793E-017
          21           2  0.000000000000000E+000 -4.591836734694267E-018
          22           1  0.000000000000000E+000 -2.040816326530682E-017
          22           2  0.000000000000000E+000 -4.591836734694249E-018
          23           1  0.000000000000000E+000 -2.040816326530626E-017
          23           2  0.000000000000000E+000 -4.591836734694066E-018
          24           1  0.000000000000000E+000 -2.040816326530698E-017
          24           2  0.000000000000000E+000 -4.591836734694191E-018
          25           1  0.000000000000000E+000 -2.040816326530650E-017
          25           2  0.000000000000000E+000 -4.591836734693938E-018
          26           1  0.000000000000000E+000 -2.040816326530137E-017
          26           2  0.000000000000000E+000 -4.591836734693333E-018
          27           1  0.000000000000000E+000 -2.040816326530643E-017
          27           2  0.000000000000000E+000 -4.591836734693863E-018
          28           1  0.000000000000000E+000 -2.040816326530675E-017
          28           2  0.000000000000000E+000 -4.591836734694180E-018
          29           1  0.000000000000000E+000 -2.040816326530731E-017
          29           2  0.000000000000000E+000 -4.591836734694390E-018
          30           1  0.000000000000000E+000 -2.040816326530620E-017
          30           2  0.000000000000000E+000 -4.591836734694000E-018
          31           1  0.000000000000000E+000 -2.040816326530620E-017
          31           2  0.000000000000000E+000 -4.591836734693951E-018
          32           1  0.000000000000000E+000 -2.040816326530672E-017
          32           2  0.000000000000000E+000 -4.591836734693981E-018
          33           1  0.000000000000000E+000 -2.040816326530615E-017
          33           2  0.000000000000000E+000 -4.591836734693936E-018
          34           1  0.000000000000000E+000 -2.040816326530687E-017
          34           2  0.000000000000000E+000 -4.591836734693770E-018
          35           1  0.000000000000000E+000 -2.040816326530625E-017
          35           2  0.000000000000000E+000 -4.591836734693928E-018
          36           1  0.000000000000000E+000 -2.040816326530415E-017
          36           2  0.000000000000000E+000 -4.591836734693779E-018
          37           1  0.000000000000000E+000 -2.040816326530446E-017
          37           2  0.000000000000000E+000 -4.591836734694245E-018
          38           1  0.000000000000000E+000 -2.040816326530687E-017
          38           2  0.000000000000000E+000 -4.591836734694119E-018
          39           1  0.000000000000000E+000 -2.040816326530735E-017
          39           2  0.000000000000000E+000 -4.591836734694254E-018
          40           1  0.000000000000000E+000 -2.040816326530724E-017
          40           2  0.000000000000000E+000 -4.591836734694169E-018
          41           1  0.000000000000000E+000 -2.040816326530592E-017
          41           2  0.000000000000000E+000 -4.591836734693635E-018
          42           1  0.000000000000000E+000 -2.040816326530496E-017
          42           2  0.000000000000000E+000 -4.591836734693605E-018
          43           1  0.000000000000000E+000 -2.040816326530463E-017
          43           2  0.000000000000000E+000 -4.591836734693563E-018
          44           1  0.000000000000000E+000 -2.040816326530551E-017
          44           2  0.000000000000000E+000 -4.591836734693675E-018
          45           1  0.000000000000000E+000 -2.040816326530556E-017
          45           2  0.000000000000000E+000 -4.591836734693798E-018
          46           1  0.000000000000000E+000 -2.040816326530722E-017
          46           2  0.000000000000000E+000 -4.591836734694370E-018
          47           1  0.000000000000000E+000 -2.040816326530250E-017
          47           2  0.000000000000000E+000 -4.591836734694330E-018
          48           1  0.000000000000000E+000 -2.040816326530633E-017
          48           2  0.000000000000000E+000 -4.591836734694013E-018
          49           1  0.000000000000000E+000 -2.040816326530695E-017
          49           2  0.000000000000000E+000 -4.591836734694165E-018
          50           1  0.000000000000000E+000 -2.040816326530640E-017
          50           2  0.000000000000000E+000 -4.591836734693915E-018
          51           1  0.000000000000000E+000 -2.040816326530599E-017
          51           2  0.000000000000000E+000 -4.591836734693822E-018
          52           1  0.000000000000000E+000 -2.040816326530628E-017
          52           2  0.000000000000000E+000 -4.591836734693850E-018
          53           1  0.000000000000000E+000 -2.040816326530548E-017
          53           2  0.000000000000000E+000 -4.591836734693662E-018
          54           1  0.000000000000000E+000 -2.040816326530582E-017
          54           2  0.000000000000000E+000 -4.591836734693791E-018
          55           1  0.000000000000000E+000 -2.040816326530559E-017
          55           2  0.000000000000000E+000 -4.591836734693598E-018
          56           1  0.000000000000000E+000 -2.040816326529770E-017
          56           2  0.000000000000000E+000 -4.591836734691824E-018
          57           1  0.000000000000000E+000 -2.040816326530477E-017
          57           2  0.000000000000000E+000 -4.591836734693810E-018
          58           1  0.000000000000000E+000 -2.040816326530585E-017
          58           2  0.000000000000000E+000 -4.591836734693922E-018
          59           1  0.000000000000000E+000 -2.040816326530636E-017
          59           2  0.000000000000000E+000 -4.591836734693938E-018
          60           1  0.000000000000000E+000 -2.040816326530621E-017
          60           2  0.000000000000000E+000 -4.591836734694020E-018
          61           1  0.000000000000000E+000 -2.040816326530628E-017
          61           2  0.000000000000000E+000 -4.591836734693887E-018
          62           1  0.000000000000000E+000 -2.040816326530696E-017
          62           2  0.000000000000000E+000 -4.591836734694247E-018
          63           1  0.000000000000000E+000 -2.040816326530513E-017
          63           2  0.000000000000000E+000 -4.591836734693846E-018
          64           1  0.000000000000000E+000 -2.040816326530564E-017
          64           2  0.000000000000000E+000 -4.591836734693825E-018
          65           1  0.000000000000000E+000 -2.040816326530471E-017
          65           2  0.000000000000000E+000 -4.591836734693493E-018
          66           1  0.000000000000000E+000 -2.040816326530560E-017
          66           2  0.000000000000000E+000 -4.591836734693639E-018
          67           1  0.000000000000000E+000 -2.040816326530570E-017
          67           2  0.000000000000000E+000 -4.591836734693916E-018
          68           1  0.000000000000000E+000 -2.040816326529994E-017
          68           2  0.000000000000000E+000 -4.591836734692538E-018
          69           1  0.000000000000000E+000 -2.040816326530548E-017
          69           2  0.000000000000000E+000 -4.591836734693844E-018
          70           1  0.000000000000000E+000 -2.040816326530559E-017
          70           2  0.000000000000000E+000 -4.591836734693921E-018
          71           1  0.000000000000000E+000 -2.040816326530489E-017
          71           2  0.000000000000000E+000 -4.591836734693662E-018
          72           1  0.000000000000000E+000 -2.040816326530730E-017
          72           2  0.000000000000000E+000 -4.591836734694165E-018
          73           1  0.000000000000000E+000 -2.040816326530570E-017
          73           2  0.000000000000000E+000 -4.591836734693524E-018
          74           1  0.000000000000000E+000 -2.040816326530538E-017
          74           2  0.000000000000000E+000 -4.591836734693752E-018
          75           1  0.000000000000000E+000 -2.040816326530578E-017
          75           2  0.000000000000000E+000 -4.591836734693734E-018
          76           1  0.000000000000000E+000 -2.040816326530567E-017
          76           2  0.000000000000000E+000 -4.591836734693896E-018
          77           1  0.000000000000000E+000 -2.040816326530525E-017
          77           2  0.000000000000000E+000 -4.591836734693901E-018
          78           1  0.000000000000000E+000 -2.040816326530561E-017
          78           2  0.000000000000000E+000 -4.591836734693920E-018
          79           1  0.000000000000000E+000 -2.040816326530555E-017
          79           2  0.000000000000000E+000 -4.591836734693760E-018
          80           1  0.000000000000000E+000 -2.040816326530558E-017
          80           2  0.000000000000000E+000 -4.591836734693763E-018
          81           1  0.000000000000000E+000 -2.040816326530488E-017
          81           2  0.000000000000000E+000 -4.591836734693484E-018
          82           1  0.000000000000000E+000 -2.040816326530516E-017
          82           2  0.000000000000000E+000 -4.591836734693450E-018
          83           1  0.000000000000000E+000 -2.040816326530629E-017
          83           2  0.000000000000000E+000 -4.591836734693789E-018
          84           1  0.000000000000000E+000 -2.040816326530494E-017
          84           2  0.000000000000000E+000 -4.591836734693672E-018
          85           1  0.000000000000000E+000 -2.040816326530626E-017
          85           2  0.000000000000000E+000 -4.591836734694031E-018
          86           1  0.000000000000000E+000 -2.040816326530733E-017
          86           2  0.000000000000000E+000 -4.591836734694038E-018
          87           1  0.000000000000000E+000 -2.040816326530613E-017
          87           2  0.000000000000000E+000 -4.591836734693910E-018
          88           1  0.000000000000000E+000 -2.040816326530606E-017
          88           2  0.000000000000000E+000 -4.591836734693917E-018
          89           1  0.000000000000000E+000 -2.040816326530568E-017
          89           2  0.000000000000000E+000 -4.591836734693712E-018
          90           1  0.000000000000000E+000 -2.040816326530553E-017
          90           2  0.000000000000000E+000 -4.591836734693803E-018
          91           1  0.000000000000000E+000 -2.040816326530574E-017
          91           2  0.000000000000000E+000 -4.591836734693844E-018
          92           1  0.000000000000000E+000 -2.040816326530495E-017
          92           2  0.000000000000000E+000 -4.591836734693623E-018
          93           1  0.000000000000000E+000 -2.040816326530584E-017
          93           2  0.000000000000000E+000 -4.591836734693874E-018
          94           1  0.000000000000000E+000 -2.040816326530611E-017
          94           2  0.000000000000000E+000 -4.591836734693821E-018
          95           1  0.000000000000000E+000 -2.040816326530558E-017
          95           2  0.000000000000000E+000 -4.591836734693595E-018
          96           1  0.000000000000000E+000 -2.040816326530653E-017
          96           2  0.000000000000000E+000 -4.591836734694004E-018
          97           1  0.000000000000000E+000 -2.040816326530639E-017
          97           2  0.000000000000000E+000 -4.591836734693969E-018
          98           1  0.000000000000000E+000 -2.040816326530552E-017
          98           2  0.000000000000000E+000 -4.591836734693809E-018
          99           1  0.000000000000000E+000 -2.040816326530572E-017
          99           2  0.000000000000000E+000 -4.591836734693897E-018
         100           1  0.000000000000000E+000 -2.040816326530562E-017
         100           2  0.000000000000000E+000 -4.591836734693851E-018
