           1           1  0.000000000000000E+000 -1.611111111110906E-017
           1           2  0.000000000000000E+000 -8.888888888887364E-018
           2           1  0.000000000000000E+000 -1.611111111111013E-017
           2           2  0.000000000000000E+000 -8.888888888888200E-018
           3           1  0.000000000000000E+000 -1.611111111111085E-017
           3           2  0.000000000000000E+000 -8.888888888888995E-018
           4           1  0.000000000000000E+000 -1.611111111111048E-017
           4           2  0.000000000000000E+000 -8.888888888888014E-018
           5           1  0.000000000000000E+000 -1.611111111111112E-017
           5           2  0.000000000000000E+000 -8.888888888887989E-018
           6           1  0.000000000000000E+000 -1.611111111111054E-017
           6           2  0.000000000000000E+000 -8.888888888888305E-018
           7           1  0.000000000000000E+000 -1.611111111110941E-017
           7           2  0.000000000000000E+000 -8.888888888887981E-018
           8           1  0.000000000000000E+000 -1.611111111110868E-017
           8           2  0.000000000000000E+000 -8.888888888887756E-018
           9           1  0.000000000000000E+000 -1.611111111110145E-017
           9           2  0.000000000000000E+000 -8.888888888881322E-018
          10           1  0.000000000000000E+000 -1.611111111110283E-017
          10           2  0.000000000000000E+000 -8.888888888880968E-018
          11           1  0.000000000000000E+000 -1.611111111110859E-017
          11           2  0.000000000000000E+000 -8.888888888887080E-018
          12           1  0.000000000000000E+000 -1.611111111110977E-017
          12           2  0.000000000000000E+000 -8.888888888887907E-018
          13           1  0.000000000000000E+000 -1.611111111111212E-017
          13           2  0.000000000000000E+000 -8.888888888889337E-018
          14           1  0.000000000000000E+000 -1.611111111111055E-017
          14           2  0.000000000000000E+000 -8.888888888888316E-018
          15           1  0.000000000000000E+000 -1.611111111111121E-017
          15           2  0.000000000000000E+000 -8.888888888888211E-018
          16           1  0.000000000000000E+000 -1.611111111111031E-017
          16           2  0.000000000000000E+000 -8.888888888888049E-018
          17           1  0.000000000000000E+000 -1.611111111110924E-017
          17           2  0.000000000000000E+000 -8.888888888887129E-018
          18           1  0.000000000000000E+000 -1.611111111109901E-017
          18           2  0.000000000000000E+000 -8.888888888879406E-018
          19           1  0.000000000000000E+000 -1.611111111109932E-017
          19           2  0.000000000000000E+000 -8.888888888881365E-018
          20           1  0.000000000000000E+000 -1.611111111110040E-017
          20           2  0.000000000000000E+000 -8.888888888880757E-018
          21           1  0.000000000000000E+000 -1.611111111111135E-017
          21           2  0.000000000000000E+000 -8.888888888888789E-018
          22           1  0.000000000000000E+000 -1.611111111111069E-017
          22           2  0.000000000000000E+000 -8.888888888888707E-018
          23           1  0.000000000000000E+000 -1.611111111110979E-017
          23           2  0.000000000000000E+000 -8.888888888888131E-018
          24           1  0.000000000000000E+000 -1.611111111111023E-017
          24           2  0.000000000000000E+000 -8.888888888888308E-018
          25           1  0.000000000000000E+000 -1.611111111111051E-017
          25           2  0.000000000000000E+000 -8.888888888888180E-018
          26           1  0.000000000000000E+000 -1.611111111111024E-017
          26           2  0.000000000000000E+000 -8.888888888887938E-018
          27           1  0.000000000000000E+000 -1.611111111110986E-017
          27           2  0.000000000000000E+000 -8.888888888887478E-018
          28           1  0.000000000000000E+000 -1.611111111110896E-017
          28           2  0.000000000000000E+000 -8.888888888887917E-018
          29           1  0.000000000000000E+000 -1.611111111109899E-017
          29           2  0.000000000000000E+000 -8.888888888877258E-018
          30           1  0.000000000000000E+000 -1.611111111110927E-017
          30           2  0.000000000000000E+000 -8.888888888887254E-018
          31           1  0.000000000000000E+000 -1.611111111111241E-017
          31           2  0.000000000000000E+000 -8.888888888889014E-018
          32           1  0.000000000000000E+000 -1.611111111111053E-017
          32           2  0.000000000000000E+000 -8.888888888888072E-018
          33           1  0.000000000000000E+000 -1.611111111110951E-017
          33           2  0.000000000000000E+000 -8.888888888888581E-018
          34           1  0.000000000000000E+000 -1.611111111111034E-017
          34           2  0.000000000000000E+000 -8.888888888888297E-018
          35           1  0.000000000000000E+000 -1.611111111111055E-017
          35           2  0.000000000000000E+000 -8.888888888888416E-018
          36           1  0.000000000000000E+000 -1.611111111110975E-017
          36           2  0.000000000000000E+000 -8.888888888888166E-018
          37           1  0.000000000000000E+000 -1.611111111110985E-017
          37           2  0.000000000000000E+000 -8.888888888888223E-018
          38           1  0.000000000000000E+000 -1.611111111110974E-017
          38           2  0.000000000000000E+000 -8.888888888888254E-018
          39           1  0.000000000000000E+000 -1.611111111110150E-017
          39           2  0.000000000000000E+000 -8.888888888881657E-018
          40           1  0.000000000000000E+000 -1.611111111110974E-017
          40           2  0.000000000000000E+000 -8.888888888887792E-018
          41           1  0.000000000000000E+000 -1.611111111111103E-017
          41           2  0.000000000000000E+000 -8.888888888888735E-018
          42           1  0.000000000000000E+000 -1.611111111111031E-017
          42           2  0.000000000000000E+000 -8.888888888888722E-018
          43           1  0.000000000000000E+000 -1.611111111110913E-017
          43           2  0.000000000000000E+000 -8.888888888887437E-018
          44           1  0.000000000000000E+000 -1.611111111111041E-017
          44           2  0.000000000000000E+000 -8.888888888888505E-018
          45           1  0.000000000000000E+000 -1.611111111111097E-017
          45           2  0.000000000000000E+000 -8.888888888888801E-018
          46           1  0.000000000000000E+000 -1.611111111111060E-017
          46           2  0.000000000000000E+000 -8.888888888888407E-018
          47           1  0.000000000000000E+000 -1.611111111110990E-017
          47           2  0.000000000000000E+000 -8.888888888888175E-018
          48           1  0.000000000000000E+000 -1.611111111111042E-017
          48           2  0.000000000000000E+000 -8.888888888888249E-018
          49           1  0.000000000000000E+000 -1.611111111110976E-017
          49           2  0.000000000000000E+000 -8.888888888888322E-018
          50           1  0.000000000000000E+000 -1.611111111111082E-017
          50           2  0.000000000000000E+000 -8.888888888888026E-018
          51           1  0.000000000000000E+000 -1.611111111110943E-017
          51           2  0.000000000000000E+000 -8.888888888888177E-018
          52           1  0.000000000000000E+000 -1.611111111110956E-017
          52           2  0.000000000000000E+000 -8.888888888887756E-018
          53           1  0.000000000000000E+000 -1.611111111110949E-017
          53           2  0.000000000000000E+000 -8.888888888887507E-018
          54           1  0.000000000000000E+000 -1.611111111111029E-017
          54           2  0.000000000000000E+000 -8.888888888888391E-018
          55           1  0.000000000000000E+000 -1.611111111111109E-017
          55           2  0.000000000000000E+000 -8.888888888889068E-018
          56           1  0.000000000000000E+000 -1.611111111111019E-017
          56           2  0.000000000000000E+000 -8.888888888888162E-018
          57           1  0.000000000000000E+000 -1.611111111111048E-017
          57           2  0.000000000000000E+000 -8.888888888888098E-018
          58           1  0.000000000000000E+000 -1.611111111110990E-017
          58           2  0.000000000000000E+000 -8.888888888888245E-018
          59           1  0.000000000000000E+000 -1.611111111110975E-017
          59           2  0.000000000000000E+000 -8.888888888887565E-018
          60           1  0.000000000000000E+000 -1.611111111111076E-017
          60           2  0.000000000000000E+000 -8.888888888888485E-018
          61           1  0.000000000000000E+000 -1.611111111110861E-017
          61           2  0.000000000000000E+000 -8.888888888887223E-018
          62           1  0.000000000000000E+000 -1.611111111110970E-017
          62           2  0.000000000000000E+000 -8.888888888887590E-018
          63           1  0.000000000000000E+000 -1.611111111110952E-017
          63           2  0.000000000000000E+000 -8.888888888888102E-018
          64           1  0.000000000000000E+000 -1.611111111111060E-017
          64           2  0.000000000000000E+000 -8.888888888888225E-018
          65           1  0.000000000000000E+000 -1.611111111111153E-017
          65           2  0.000000000000000E+000 -8.888888888888579E-018
          66           1  0.000000000000000E+000 -1.611111111111298E-017
          66           2  0.000000000000000E+000 -8.888888888891339E-018
          67           1  0.000000000000000E+000 -1.611111111110995E-017
          67           2  0.000000000000000E+000 -8.888888888888613E-018
          68           1  0.000000000000000E+000 -1.611111111111028E-017
          68           2  0.000000000000000E+000 -8.888888888888428E-018
          69           1  0.000000000000000E+000 -1.611111111111006E-017
          69           2  0.000000000000000E+000 -8.888888888887988E-018
          70           1  0.000000000000000E+000 -1.611111111111069E-017
          70           2  0.000000000000000E+000 -8.888888888888075E-018
          71           1  0.000000000000000E+000 -1.611111111110958E-017
          71           2  0.000000000000000E+000 -8.888888888887944E-018
          72           1  0.000000000000000E+000 -1.611111111110945E-017
          72           2  0.000000000000000E+000 -8.888888888887394E-018
          73           1  0.000000000000000E+000 -1.611111111110968E-017
          73           2  0.000000000000000E+000 -8.888888888887880E-018
          74           1  0.000000000000000E+000 -1.611111111110982E-017
          74           2  0.000000000000000E+000 -8.888888888887852E-018
          75           1  0.000000000000000E+000 -1.611111111111058E-017
          75           2  0.000000000000000E+000 -8.888888888888575E-018
          76           1  0.000000000000000E+000 -1.611111111111060E-017
          76           2  0.000000000000000E+000 -8.888888888887860E-018
          77           1  0.000000000000000E+000 -1.611111111111151E-017
          77           2  0.000000000000000E+000 -8.888888888887773E-018
          78           1  0.000000000000000E+000 -1.611111111111142E-017
          78           2  0.000000000000000E+000 -8.888888888889174E-018
          79           1  0.000000000000000E+000 -1.611111111111039E-017
          79           2  0.000000000000000E+000 -8.888888888888576E-018
          80           1  0.000000000000000E+000 -1.611111111110995E-017
          80           2  0.000000000000000E+000 -8.888888888888058E-018
          81           1  0.000000000000000E+000 -1.611111111111072E-017
          81           2  0.000000000000000E+000 -8.888888888887974E-018
          82           1  0.000000000000000E+000 -1.611111111110999E-017
          82           2  0.000000000000000E+000 -8.888888888887803E-018
          83           1  0.000000000000000E+000 -1.611111111110995E-017
          83           2  0.000000000000000E+000 -8.888888888887575E-018
          84           1  0.000000000000000E+000 -1.611111111110999E-017
          84           2  0.000000000000000E+000 -8.888888888887542E-018
          85           1  0.000000000000000E+000 -1.611111111110977E-017
          85           2  0.000000000000000E+000 -8.888888888888060E-018
          86           1  0.000000000000000E+000 -1.611111111111111E-017
          86           2  0.000000000000000E+000 -8.888888888888726E-018
          87           1  0.000000000000000E+000 -1.611111111111116E-017
          87           2  0.000000000000000E+000 -8.888888888888314E-018
          88           1  0.000000000000000E+000 -1.611111111111036E-017
          88           2  0.000000000000000E+000 -8.888888888888410E-018
          89           1  0.000000000000000E+000 -1.611111111111041E-017
          89           2  0.000000000000000E+000 -8.888888888888174E-018
          90           1  0.000000000000000E+000 -1.611111111110930E-017
          90           2  0.000000000000000E+000 -8.888888888887883E-018
          91           1  0.000000000000000E+000 -1.611111111111067E-017
          91           2  0.000000000000000E+000 -8.888888888888404E-018
          92           1  0.000000000000000E+000 -1.611111111110999E-017
          92           2  0.000000000000000E+000 -8.888888888887752E-018
          93           1  0.000000000000000E+000 -1.611111111111029E-017
          93           2  0.000000000000000E+000 -8.888888888887966E-018
          94           1  0.000000000000000E+000 -1.611111111110905E-017
          94           2  0.000000000000000E+000 -8.888888888887508E-018
          95           1  0.000000000000000E+000 -1.611111111111002E-017
          95           2  0.000000000000000E+000 -8.888888888887750E-018
          96           1  0.000000000000000E+000 -1.611111111111169E-017
          96           2  0.000000000000000E+000 -8.888888888888984E-018
          97           1  0.000000000000000E+000 -1.611111111111096E-017
          97           2  0.000000000000000E+000 -8.888888888887801E-018
          98           1  0.000000000000000E+000 -1.611111111110979E-017
          98           2  0.000000000000000E+000 -8.888888888887246E-018
          99           1  0.000000000000000E+000 -1.611111111110994E-017
          99           2  0.000000000000000E+000 -8.888888888887920E-018
         100           1  0.000000000000000E+000 -1.611111111110967E-017
         100           2  0.000000000000000E+000 -8.888888888887535E-018
