           1           1  0.000000000000000E+000 -2.348993288590637E-017
           1           2  0.000000000000000E+000 -1.510067114094255E-018
           2           1  0.000000000000000E+000 -2.348993288590369E-017
           2           2  0.000000000000000E+000 -1.510067114093737E-018
           3           1  0.000000000000000E+000 -2.348993288590514E-017
           3           2  0.000000000000000E+000 -1.510067114093669E-018
           4           1  0.000000000000000E+000 -2.348993288590520E-017
           4           2  0.000000000000000E+000 -1.510067114093933E-018
           5           1  0.000000000000000E+000 -2.348993288589759E-017
           5           2  0.000000000000000E+000 -1.510067114092972E-018
           6           1  0.000000000000000E+000 -2.348993288590972E-017
           6           2  0.000000000000000E+000 -1.510067114095602E-018
           7           1  0.000000000000000E+000 -2.348993288589671E-017
           7           2  0.000000000000000E+000 -1.510067114092045E-018
           8           1  0.000000000000000E+000 -2.348993288591623E-017
           8           2  0.000000000000000E+000 -1.510067114095138E-018
           9           1  0.000000000000000E+000 -2.348993288590887E-017
           9           2  0.000000000000000E+000 -1.510067114094310E-018
          10           1  0.000000000000000E+000 -2.348993288591153E-017
          10           2  0.000000000000000E+000 -1.510067114095195E-018
          11           1  0.000000000000000E+000 -2.348993288591003E-017
          11           2  0.000000000000000E+000 -1.510067114093989E-018
          12           1  0.000000000000000E+000 -2.348993288591747E-017
          12           2  0.000000000000000E+000 -1.510067114095186E-018
          13           1  0.000000000000000E+000 -2.348993288590664E-017
          13           2  0.000000000000000E+000 -1.510067114093978E-018
          14           1  0.000000000000000E+000 -2.348993288590262E-017
          14           2  0.000000000000000E+000 -1.510067114092954E-018
          15           1  0.000000000000000E+000 -2.348993288589651E-017
          15           2  0.000000000000000E+000 -1.510067114092188E-018
          16           1  0.000000000000000E+000 -2.348993288589909E-017
          16           2  0.000000000000000E+000 -1.510067114092670E-018
          17           1  0.000000000000000E+000 -2.348993288590032E-017
          17           2  0.000000000000000E+000 -1.510067114093263E-018
          18           1  0.000000000000000E+000 -2.348993288589603E-017
          18           2  0.000000000000000E+000 -1.510067114092255E-018
          19           1  0.000000000000000E+000 -2.348993288589738E-017
          19           2  0.000000000000000E+000 -1.510067114092643E-018
          20           1  0.000000000000000E+000 -2.348993288590213E-017
          20           2  0.000000000000000E+000 -1.510067114094125E-018
          21           1  0.000000000000000E+000 -2.348993288590255E-017
          21           2  0.000000000000000E+000 -1.510067114093490E-018
          22           1  0.000000000000000E+000 -2.348993288589503E-017
          22           2  0.000000000000000E+000 -1.510067114092750E-018
          23           1  0.000000000000000E+000 -2.348993288590049E-017
          23           2  0.000000000000000E+000 -1.510067114094154E-018
          24           1  0.000000000000000E+000 -2.348993288589705E-017
          24           2  0.000000000000000E+000 -1.510067114092935E-018
          25           1  0.000000000000000E+000 -2.348993288589945E-017
          25           2  0.000000000000000E+000 -1.510067114093484E-018
          26           1  0.000000000000000E+000 -2.348993288589691E-017
          26           2  0.000000000000000E+000 -1.510067114092909E-018
          27           1  0.000000000000000E+000 -2.348993288590357E-017
          27           2  0.000000000000000E+000 -1.510067114093646E-018
          28           1  0.000000000000000E+000 -2.348993288590327E-017
          28           2  0.000000000000000E+000 -1.510067114093154E-018
          29           1  0.000000000000000E+000 -2.348993288592687E-017
          29           2  0.000000000000000E+000 -1.510067114096651E-018
          30           1  0.000000000000000E+000 -2.348993288591456E-017
          30           2  0.000000000000000E+000 -1.510067114093939E-018
          31           1  0.000000000000000E+000 -2.348993288591503E-017
          31           2  0.000000000000000E+000 -1.510067114094873E-018
          32           1  0.000000000000000E+000 -2.348993288591854E-017
          32           2  0.000000000000000E+000 -1.510067114095394E-018
          33           1  0.000000000000000E+000 -2.348993288590622E-017
          33           2  0.000000000000000E+000 -1.510067114092986E-018
          34           1  0.000000000000000E+000 -2.348993288590184E-017
          34           2  0.000000000000000E+000 -1.510067114092946E-018
          35           1  0.000000000000000E+000 -2.348993288589886E-017
          35           2  0.000000000000000E+000 -1.510067114092523E-018
          36           1  0.000000000000000E+000 -2.348993288589759E-017
          36           2  0.000000000000000E+000 -1.510067114092553E-018
          37           1  0.000000000000000E+000 -2.348993288589955E-017
          37           2  0.000000000000000E+000 -1.510067114092855E-018
          38           1  0.000000000000000E+000 -2.348993288589767E-017
          38           2  0.000000000000000E+000 -1.510067114093252E-018
          39           1  0.000000000000000E+000 -2.348993288589769E-017
          39           2  0.000000000000000E+000 -1.510067114092593E-018
          40           1  0.000000000000000E+000 -2.348993288589754E-017
          40           2  0.000000000000000E+000 -1.510067114092872E-018
          41           1  0.000000000000000E+000 -2.348993288590390E-017
          41           2  0.000000000000000E+000 -1.510067114093540E-018
          42           1  0.000000000000000E+000 -2.348993288590411E-017
          42           2  0.000000000000000E+000 -1.510067114093587E-018
          43           1  0.000000000000000E+000 -2.348993288589381E-017
          43           2  0.000000000000000E+000 -1.510067114092136E-018
          44           1  0.000000000000000E+000 -2.348993288589198E-017
          44           2  0.000000000000000E+000 -1.510067114091790E-018
          45           1  0.000000000000000E+000 -2.348993288589401E-017
          45           2  0.000000000000000E+000 -1.510067114092570E-018
          46           1  0.000000000000000E+000 -2.348993288589839E-017
          46           2  0.000000000000000E+000 -1.510067114093374E-018
          47           1  0.000000000000000E+000 -2.348993288590466E-017
          47           2  0.000000000000000E+000 -1.510067114093195E-018
          48           1  0.000000000000000E+000 -2.348993288590621E-017
          48           2  0.000000000000000E+000 -1.510067114093823E-018
          49           1  0.000000000000000E+000 -2.348993288591894E-017
          49           2  0.000000000000000E+000 -1.510067114095805E-018
          50           1  0.000000000000000E+000 -2.348993288591626E-017
          50           2  0.000000000000000E+000 -1.510067114094679E-018
          51           1  0.000000000000000E+000 -2.348993288591361E-017
          51           2  0.000000000000000E+000 -1.510067114095063E-018
          52           1  0.000000000000000E+000 -2.348993288591678E-017
          52           2  0.000000000000000E+000 -1.510067114095303E-018
          53           1  0.000000000000000E+000 -2.348993288590683E-017
          53           2  0.000000000000000E+000 -1.510067114092986E-018
          54           1  0.000000000000000E+000 -2.348993288590490E-017
          54           2  0.000000000000000E+000 -1.510067114093609E-018
          55           1  0.000000000000000E+000 -2.348993288588976E-017
          55           2  0.000000000000000E+000 -1.510067114091549E-018
          56           1  0.000000000000000E+000 -2.348993288589778E-017
          56           2  0.000000000000000E+000 -1.510067114092430E-018
          57           1  0.000000000000000E+000 -2.348993288589656E-017
          57           2  0.000000000000000E+000 -1.510067114092150E-018
          58           1  0.000000000000000E+000 -2.348993288589463E-017
          58           2  0.000000000000000E+000 -1.510067114091968E-018
          59           1  0.000000000000000E+000 -2.348993288589571E-017
          59           2  0.000000000000000E+000 -1.510067114092419E-018
          60           1  0.000000000000000E+000 -2.348993288589528E-017
          60           2  0.000000000000000E+000 -1.510067114092299E-018
          61           1  0.000000000000000E+000 -2.348993288590387E-017
          61           2  0.000000000000000E+000 -1.510067114093703E-018
          62           1  0.000000000000000E+000 -2.348993288589738E-017
          62           2  0.000000000000000E+000 -1.510067114091681E-018
          63           1  0.000000000000000E+000 -2.348993288589435E-017
          63           2  0.000000000000000E+000 -1.510067114092142E-018
          64           1  0.000000000000000E+000 -2.348993288589497E-017
          64           2  0.000000000000000E+000 -1.510067114092789E-018
          65           1  0.000000000000000E+000 -2.348993288589218E-017
          65           2  0.000000000000000E+000 -1.510067114092649E-018
          66           1  0.000000000000000E+000 -2.348993288589916E-017
          66           2  0.000000000000000E+000 -1.510067114093443E-018
          67           1  0.000000000000000E+000 -2.348993288590357E-017
          67           2  0.000000000000000E+000 -1.510067114093380E-018
          68           1  0.000000000000000E+000 -2.348993288591219E-017
          68           2  0.000000000000000E+000 -1.510067114094626E-018
          69           1  0.000000000000000E+000 -2.348993288591848E-017
          69           2  0.000000000000000E+000 -1.510067114095310E-018
          70           1  0.000000000000000E+000 -2.348993288591723E-017
          70           2  0.000000000000000E+000 -1.510067114095182E-018
          71           1  0.000000000000000E+000 -2.348993288591592E-017
          71           2  0.000000000000000E+000 -1.510067114095649E-018
          72           1  0.000000000000000E+000 -2.348993288591534E-017
          72           2  0.000000000000000E+000 -1.510067114095146E-018
          73           1  0.000000000000000E+000 -2.348993288591394E-017
          73           2  0.000000000000000E+000 -1.510067114094371E-018
          74           1  0.000000000000000E+000 -2.348993288590712E-017
          74           2  0.000000000000000E+000 -1.510067114094027E-018
          75           1  0.000000000000000E+000 -2.348993288589856E-017
          75           2  0.000000000000000E+000 -1.510067114093051E-018
          76           1  0.000000000000000E+000 -2.348993288589718E-017
          76           2  0.000000000000000E+000 -1.510067114092584E-018
          77           1  0.000000000000000E+000 -2.348993288589649E-017
          77           2  0.000000000000000E+000 -1.510067114093136E-018
          78           1  0.000000000000000E+000 -2.348993288589791E-017
          78           2  0.000000000000000E+000 -1.510067114093017E-018
          79           1  0.000000000000000E+000 -2.348993288590097E-017
          79           2  0.000000000000000E+000 -1.510067114093046E-018
          80           1  0.000000000000000E+000 -2.348993288589540E-017
          80           2  0.000000000000000E+000 -1.510067114092572E-018
          81           1  0.000000000000000E+000 -2.348993288590470E-017
          81           2  0.000000000000000E+000 -1.510067114093832E-018
          82           1  0.000000000000000E+000 -2.348993288590484E-017
          82           2  0.000000000000000E+000 -1.510067114093776E-018
          83           1  0.000000000000000E+000 -2.348993288590333E-017
          83           2  0.000000000000000E+000 -1.510067114093428E-018
          84           1  0.000000000000000E+000 -2.348993288589233E-017
          84           2  0.000000000000000E+000 -1.510067114091937E-018
          85           1  0.000000000000000E+000 -2.348993288589548E-017
          85           2  0.000000000000000E+000 -1.510067114092443E-018
          86           1  0.000000000000000E+000 -2.348993288591058E-017
          86           2  0.000000000000000E+000 -1.510067114095207E-018
          87           1  0.000000000000000E+000 -2.348993288590883E-017
          87           2  0.000000000000000E+000 -1.510067114093954E-018
          88           1  0.000000000000000E+000 -2.348993288591402E-017
          88           2  0.000000000000000E+000 -1.510067114095080E-018
          89           1  0.000000000000000E+000 -2.348993288591622E-017
          89           2  0.000000000000000E+000 -1.510067114095850E-018
          90           1  0.000000000000000E+000 -2.348993288591674E-017
          90           2  0.000000000000000E+000 -1.510067114095878E-018
          91           1  0.000000000000000E+000 -2.348993288591499E-017
          91           2  0.000000000000000E+000 -1.510067114095376E-018
          92           1  0.000000000000000E+000 -2.348993288591422E-017
          92           2  0.000000000000000E+000 -1.510067114095024E-018
          93           1  0.000000000000000E+000 -2.348993288591415E-017
          93           2  0.000000000000000E+000 -1.510067114094557E-018
          94           1  0.000000000000000E+000 -2.348993288590715E-017
          94           2  0.000000000000000E+000 -1.510067114093439E-018
          95           1  0.000000000000000E+000 -2.348993288589803E-017
          95           2  0.000000000000000E+000 -1.510067114093137E-018
          96           1  0.000000000000000E+000 -2.348993288589476E-017
          96           2  0.000000000000000E+000 -1.510067114092427E-018
          97           1  0.000000000000000E+000 -2.348993288589389E-017
          97           2  0.000000000000000E+000 -1.510067114092185E-018
          98           1  0.000000000000000E+000 -2.348993288589846E-017
          98           2  0.000000000000000E+000 -1.510067114092971E-018
          99           1  0.000000000000000E+000 -2.348993288589567E-017
          99           2  0.000000000000000E+000 -1.510067114092584E-018
         100           1  0.000000000000000E+000 -2.348993288589897E-017
         100           2  0.000000000000000E+000 -1.510067114093231E-018
         101           1  0.000000000000000E+000 -2.348993288590467E-017
         101           2  0.000000000000000E+000 -1.510067114093697E-018
         102           1  0.000000000000000E+000 -2.348993288590723E-017
         102           2  0.000000000000000E+000 -1.510067114093954E-018
         103           1  0.000000000000000E+000 -2.348993288590621E-017
         103           2  0.000000000000000E+000 -1.510067114093548E-018
         104           1  0.000000000000000E+000 -2.348993288589723E-017
         104           2  0.000000000000000E+000 -1.510067114092781E-018
         105           1  0.000000000000000E+000 -2.348993288589995E-017
         105           2  0.000000000000000E+000 -1.510067114093402E-018
         106           1  0.000000000000000E+000 -2.348993288590549E-017
         106           2  0.000000000000000E+000 -1.510067114094072E-018
         107           1  0.000000000000000E+000 -2.348993288590941E-017
         107           2  0.000000000000000E+000 -1.510067114094390E-018
         108           1  0.000000000000000E+000 -2.348993288591029E-017
         108           2  0.000000000000000E+000 -1.510067114094338E-018
         109           1  0.000000000000000E+000 -2.348993288590835E-017
         109           2  0.000000000000000E+000 -1.510067114094701E-018
         110           1  0.000000000000000E+000 -2.348993288590856E-017
         110           2  0.000000000000000E+000 -1.510067114094791E-018
         111           1  0.000000000000000E+000 -2.348993288590810E-017
         111           2  0.000000000000000E+000 -1.510067114094831E-018
         112           1  0.000000000000000E+000 -2.348993288591310E-017
         112           2  0.000000000000000E+000 -1.510067114095137E-018
         113           1  0.000000000000000E+000 -2.348993288590941E-017
         113           2  0.000000000000000E+000 -1.510067114094361E-018
         114           1  0.000000000000000E+000 -2.348993288590224E-017
         114           2  0.000000000000000E+000 -1.510067114093096E-018
         115           1  0.000000000000000E+000 -2.348993288590007E-017
         115           2  0.000000000000000E+000 -1.510067114093122E-018
         116           1  0.000000000000000E+000 -2.348993288589951E-017
         116           2  0.000000000000000E+000 -1.510067114093350E-018
         117           1  0.000000000000000E+000 -2.348993288589795E-017
         117           2  0.000000000000000E+000 -1.510067114093266E-018
         118           1  0.000000000000000E+000 -2.348993288589873E-017
         118           2  0.000000000000000E+000 -1.510067114093072E-018
         119           1  0.000000000000000E+000 -2.348993288589870E-017
         119           2  0.000000000000000E+000 -1.510067114092692E-018
         120           1  0.000000000000000E+000 -2.348993288588931E-017
         120           2  0.000000000000000E+000 -1.510067114092592E-018
         121           1  0.000000000000000E+000 -2.348993288590498E-017
         121           2  0.000000000000000E+000 -1.510067114093785E-018
         122           1  0.000000000000000E+000 -2.348993288590136E-017
         122           2  0.000000000000000E+000 -1.510067114093433E-018
         123           1  0.000000000000000E+000 -2.348993288589937E-017
         123           2  0.000000000000000E+000 -1.510067114093409E-018
         124           1  0.000000000000000E+000 -2.348993288590288E-017
         124           2  0.000000000000000E+000 -1.510067114093685E-018
         125           1  0.000000000000000E+000 -2.348993288590458E-017
         125           2  0.000000000000000E+000 -1.510067114094134E-018
         126           1  0.000000000000000E+000 -2.348993288590468E-017
         126           2  0.000000000000000E+000 -1.510067114093983E-018
         127           1  0.000000000000000E+000 -2.348993288590750E-017
         127           2  0.000000000000000E+000 -1.510067114094381E-018
         128           1  0.000000000000000E+000 -2.348993288590678E-017
         128           2  0.000000000000000E+000 -1.510067114094356E-018
         129           1  0.000000000000000E+000 -2.348993288590628E-017
         129           2  0.000000000000000E+000 -1.510067114094304E-018
         130           1  0.000000000000000E+000 -2.348993288590804E-017
         130           2  0.000000000000000E+000 -1.510067114094128E-018
         131           1  0.000000000000000E+000 -2.348993288590473E-017
         131           2  0.000000000000000E+000 -1.510067114094040E-018
         132           1  0.000000000000000E+000 -2.348993288590796E-017
         132           2  0.000000000000000E+000 -1.510067114094440E-018
         133           1  0.000000000000000E+000 -2.348993288590910E-017
         133           2  0.000000000000000E+000 -1.510067114094403E-018
         134           1  0.000000000000000E+000 -2.348993288589705E-017
         134           2  0.000000000000000E+000 -1.510067114092538E-018
         135           1  0.000000000000000E+000 -2.348993288589924E-017
         135           2  0.000000000000000E+000 -1.510067114093378E-018
         136           1  0.000000000000000E+000 -2.348993288590219E-017
         136           2  0.000000000000000E+000 -1.510067114093980E-018
         137           1  0.000000000000000E+000 -2.348993288590211E-017
         137           2  0.000000000000000E+000 -1.510067114093585E-018
         138           1  0.000000000000000E+000 -2.348993288590145E-017
         138           2  0.000000000000000E+000 -1.510067114093860E-018
         139           1  0.000000000000000E+000 -2.348993288589731E-017
         139           2  0.000000000000000E+000 -1.510067114092673E-018
         140           1  0.000000000000000E+000 -2.348993288590408E-017
         140           2  0.000000000000000E+000 -1.510067114093749E-018
         141           1  0.000000000000000E+000 -2.348993288590549E-017
         141           2  0.000000000000000E+000 -1.510067114094124E-018
         142           1  0.000000000000000E+000 -2.348993288591688E-017
         142           2  0.000000000000000E+000 -1.510067114096202E-018
         143           1  0.000000000000000E+000 -2.348993288591076E-017
         143           2  0.000000000000000E+000 -1.510067114096375E-018
         144           1  0.000000000000000E+000 -2.348993288590895E-017
         144           2  0.000000000000000E+000 -1.510067114094887E-018
         145           1  0.000000000000000E+000 -2.348993288591178E-017
         145           2  0.000000000000000E+000 -1.510067114094798E-018
         146           1  0.000000000000000E+000 -2.348993288590602E-017
         146           2  0.000000000000000E+000 -1.510067114094075E-018
         147           1  0.000000000000000E+000 -2.348993288590812E-017
         147           2  0.000000000000000E+000 -1.510067114094432E-018
         148           1  0.000000000000000E+000 -2.348993288591023E-017
         148           2  0.000000000000000E+000 -1.510067114094386E-018
         149           1  0.000000000000000E+000 -2.348993288590920E-017
         149           2  0.000000000000000E+000 -1.510067114094399E-018
         150           1  0.000000000000000E+000 -2.348993288590853E-017
         150           2  0.000000000000000E+000 -1.510067114094133E-018
         151           1  0.000000000000000E+000 -2.348993288590703E-017
         151           2  0.000000000000000E+000 -1.510067114094125E-018
         152           1  0.000000000000000E+000 -2.348993288590435E-017
         152           2  0.000000000000000E+000 -1.510067114093932E-018
         153           1  0.000000000000000E+000 -2.348993288590244E-017
         153           2  0.000000000000000E+000 -1.510067114093559E-018
         154           1  0.000000000000000E+000 -2.348993288589851E-017
         154           2  0.000000000000000E+000 -1.510067114092717E-018
         155           1  0.000000000000000E+000 -2.348993288589973E-017
         155           2  0.000000000000000E+000 -1.510067114093030E-018
         156           1  0.000000000000000E+000 -2.348993288590130E-017
         156           2  0.000000000000000E+000 -1.510067114093650E-018
         157           1  0.000000000000000E+000 -2.348993288590166E-017
         157           2  0.000000000000000E+000 -1.510067114093745E-018
         158           1  0.000000000000000E+000 -2.348993288590222E-017
         158           2  0.000000000000000E+000 -1.510067114093480E-018
         159           1  0.000000000000000E+000 -2.348993288590329E-017
         159           2  0.000000000000000E+000 -1.510067114093599E-018
         160           1  0.000000000000000E+000 -2.348993288589825E-017
         160           2  0.000000000000000E+000 -1.510067114093251E-018
         161           1  0.000000000000000E+000 -2.348993288590755E-017
         161           2  0.000000000000000E+000 -1.510067114094381E-018
         162           1  0.000000000000000E+000 -2.348993288591419E-017
         162           2  0.000000000000000E+000 -1.510067114095384E-018
         163           1  0.000000000000000E+000 -2.348993288590674E-017
         163           2  0.000000000000000E+000 -1.510067114094144E-018
         164           1  0.000000000000000E+000 -2.348993288591004E-017
         164           2  0.000000000000000E+000 -1.510067114095711E-018
         165           1  0.000000000000000E+000 -2.348993288591248E-017
         165           2  0.000000000000000E+000 -1.510067114096421E-018
         166           1  0.000000000000000E+000 -2.348993288590697E-017
         166           2  0.000000000000000E+000 -1.510067114093402E-018
         167           1  0.000000000000000E+000 -2.348993288590867E-017
         167           2  0.000000000000000E+000 -1.510067114094666E-018
         168           1  0.000000000000000E+000 -2.348993288591296E-017
         168           2  0.000000000000000E+000 -1.510067114094982E-018
         169           1  0.000000000000000E+000 -2.348993288590827E-017
         169           2  0.000000000000000E+000 -1.510067114094262E-018
         170           1  0.000000000000000E+000 -2.348993288590414E-017
         170           2  0.000000000000000E+000 -1.510067114093312E-018
         171           1  0.000000000000000E+000 -2.348993288590122E-017
         171           2  0.000000000000000E+000 -1.510067114092778E-018
         172           1  0.000000000000000E+000 -2.348993288590685E-017
         172           2  0.000000000000000E+000 -1.510067114094328E-018
         173           1  0.000000000000000E+000 -2.348993288590646E-017
         173           2  0.000000000000000E+000 -1.510067114094868E-018
         174           1  0.000000000000000E+000 -2.348993288590126E-017
         174           2  0.000000000000000E+000 -1.510067114093589E-018
         175           1  0.000000000000000E+000 -2.348993288590036E-017
         175           2  0.000000000000000E+000 -1.510067114093262E-018
         176           1  0.000000000000000E+000 -2.348993288590011E-017
         176           2  0.000000000000000E+000 -1.510067114093018E-018
         177           1  0.000000000000000E+000 -2.348993288590624E-017
         177           2  0.000000000000000E+000 -1.510067114093834E-018
         178           1  0.000000000000000E+000 -2.348993288590206E-017
         178           2  0.000000000000000E+000 -1.510067114093570E-018
         179           1  0.000000000000000E+000 -2.348993288590478E-017
         179           2  0.000000000000000E+000 -1.510067114093280E-018
         180           1  0.000000000000000E+000 -2.348993288590525E-017
         180           2  0.000000000000000E+000 -1.510067114093848E-018
         181           1  0.000000000000000E+000 -2.348993288591126E-017
         181           2  0.000000000000000E+000 -1.510067114094934E-018
         182           1  0.000000000000000E+000 -2.348993288591115E-017
         182           2  0.000000000000000E+000 -1.510067114095629E-018
         183           1  0.000000000000000E+000 -2.348993288590936E-017
         183           2  0.000000000000000E+000 -1.510067114095802E-018
         184           1  0.000000000000000E+000 -2.348993288591051E-017
         184           2  0.000000000000000E+000 -1.510067114096519E-018
         185           1  0.000000000000000E+000 -2.348993288591259E-017
         185           2  0.000000000000000E+000 -1.510067114095263E-018
         186           1  0.000000000000000E+000 -2.348993288591011E-017
         186           2  0.000000000000000E+000 -1.510067114094018E-018
         187           1  0.000000000000000E+000 -2.348993288591564E-017
         187           2  0.000000000000000E+000 -1.510067114095419E-018
         188           1  0.000000000000000E+000 -2.348993288591557E-017
         188           2  0.000000000000000E+000 -1.510067114095803E-018
         189           1  0.000000000000000E+000 -2.348993288590719E-017
         189           2  0.000000000000000E+000 -1.510067114094138E-018
         190           1  0.000000000000000E+000 -2.348993288590429E-017
         190           2  0.000000000000000E+000 -1.510067114093978E-018
         191           1  0.000000000000000E+000 -2.348993288590195E-017
         191           2  0.000000000000000E+000 -1.510067114092694E-018
         192           1  0.000000000000000E+000 -2.348993288590522E-017
         192           2  0.000000000000000E+000 -1.510067114094031E-018
         193           1  0.000000000000000E+000 -2.348993288590491E-017
         193           2  0.000000000000000E+000 -1.510067114094034E-018
         194           1  0.000000000000000E+000 -2.348993288590325E-017
         194           2  0.000000000000000E+000 -1.510067114093670E-018
         195           1  0.000000000000000E+000 -2.348993288589976E-017
         195           2  0.000000000000000E+000 -1.510067114092944E-018
         196           1  0.000000000000000E+000 -2.348993288590226E-017
         196           2  0.000000000000000E+000 -1.510067114093239E-018
         197           1  0.000000000000000E+000 -2.348993288590528E-017
         197           2  0.000000000000000E+000 -1.510067114093687E-018
         198           1  0.000000000000000E+000 -2.348993288590583E-017
         198           2  0.000000000000000E+000 -1.510067114094084E-018
         199           1  0.000000000000000E+000 -2.348993288590397E-017
         199           2  0.000000000000000E+000 -1.510067114093184E-018
         200           1  0.000000000000000E+000 -2.348993288590535E-017
         200           2  0.000000000000000E+000 -1.510067114094229E-018
         201           1  0.000000000000000E+000 -2.348993288590572E-017
         201           2  0.000000000000000E+000 -1.510067114093430E-018
         202           1  0.000000000000000E+000 -2.348993288591233E-017
         202           2  0.000000000000000E+000 -1.510067114095321E-018
         203           1  0.000000000000000E+000 -2.348993288590794E-017
         203           2  0.000000000000000E+000 -1.510067114095675E-018
         204           1  0.000000000000000E+000 -2.348993288590804E-017
         204           2  0.000000000000000E+000 -1.510067114096226E-018
         205           1  0.000000000000000E+000 -2.348993288591164E-017
         205           2  0.000000000000000E+000 -1.510067114095328E-018
         206           1  0.000000000000000E+000 -2.348993288591301E-017
         206           2  0.000000000000000E+000 -1.510067114095289E-018
         207           1  0.000000000000000E+000 -2.348993288591444E-017
         207           2  0.000000000000000E+000 -1.510067114095488E-018
         208           1  0.000000000000000E+000 -2.348993288590990E-017
         208           2  0.000000000000000E+000 -1.510067114095132E-018
         209           1  0.000000000000000E+000 -2.348993288590831E-017
         209           2  0.000000000000000E+000 -1.510067114094701E-018
         210           1  0.000000000000000E+000 -2.348993288590610E-017
         210           2  0.000000000000000E+000 -1.510067114094638E-018
         211           1  0.000000000000000E+000 -2.348993288590803E-017
         211           2  0.000000000000000E+000 -1.510067114094755E-018
         212           1  0.000000000000000E+000 -2.348993288590363E-017
         212           2  0.000000000000000E+000 -1.510067114093625E-018
         213           1  0.000000000000000E+000 -2.348993288590582E-017
         213           2  0.000000000000000E+000 -1.510067114093787E-018
         214           1  0.000000000000000E+000 -2.348993288590196E-017
         214           2  0.000000000000000E+000 -1.510067114093581E-018
         215           1  0.000000000000000E+000 -2.348993288589950E-017
         215           2  0.000000000000000E+000 -1.510067114093270E-018
         216           1  0.000000000000000E+000 -2.348993288590584E-017
         216           2  0.000000000000000E+000 -1.510067114093989E-018
         217           1  0.000000000000000E+000 -2.348993288590668E-017
         217           2  0.000000000000000E+000 -1.510067114093855E-018
         218           1  0.000000000000000E+000 -2.348993288590443E-017
         218           2  0.000000000000000E+000 -1.510067114093762E-018
         219           1  0.000000000000000E+000 -2.348993288590463E-017
         219           2  0.000000000000000E+000 -1.510067114092957E-018
         220           1  0.000000000000000E+000 -2.348993288590293E-017
         220           2  0.000000000000000E+000 -1.510067114093451E-018
         221           1  0.000000000000000E+000 -2.348993288590684E-017
         221           2  0.000000000000000E+000 -1.510067114094021E-018
         222           1  0.000000000000000E+000 -2.348993288591226E-017
         222           2  0.000000000000000E+000 -1.510067114096416E-018
         223           1  0.000000000000000E+000 -2.348993288591046E-017
         223           2  0.000000000000000E+000 -1.510067114095974E-018
         224           1  0.000000000000000E+000 -2.348993288590800E-017
         224           2  0.000000000000000E+000 -1.510067114095718E-018
         225           1  0.000000000000000E+000 -2.348993288590981E-017
         225           2  0.000000000000000E+000 -1.510067114095399E-018
         226           1  0.000000000000000E+000 -2.348993288591359E-017
         226           2  0.000000000000000E+000 -1.510067114095816E-018
         227           1  0.000000000000000E+000 -2.348993288591068E-017
         227           2  0.000000000000000E+000 -1.510067114095243E-018
         228           1  0.000000000000000E+000 -2.348993288591072E-017
         228           2  0.000000000000000E+000 -1.510067114094807E-018
         229           1  0.000000000000000E+000 -2.348993288590866E-017
         229           2  0.000000000000000E+000 -1.510067114094682E-018
         230           1  0.000000000000000E+000 -2.348993288591047E-017
         230           2  0.000000000000000E+000 -1.510067114094442E-018
         231           1  0.000000000000000E+000 -2.348993288590913E-017
         231           2  0.000000000000000E+000 -1.510067114094370E-018
         232           1  0.000000000000000E+000 -2.348993288590885E-017
         232           2  0.000000000000000E+000 -1.510067114094845E-018
         233           1  0.000000000000000E+000 -2.348993288590615E-017
         233           2  0.000000000000000E+000 -1.510067114094279E-018
         234           1  0.000000000000000E+000 -2.348993288590295E-017
         234           2  0.000000000000000E+000 -1.510067114093539E-018
         235           1  0.000000000000000E+000 -2.348993288590403E-017
         235           2  0.000000000000000E+000 -1.510067114093317E-018
         236           1  0.000000000000000E+000 -2.348993288590647E-017
         236           2  0.000000000000000E+000 -1.510067114093560E-018
         237           1  0.000000000000000E+000 -2.348993288590534E-017
         237           2  0.000000000000000E+000 -1.510067114093609E-018
         238           1  0.000000000000000E+000 -2.348993288590048E-017
         238           2  0.000000000000000E+000 -1.510067114093096E-018
         239           1  0.000000000000000E+000 -2.348993288590160E-017
         239           2  0.000000000000000E+000 -1.510067114093678E-018
         240           1  0.000000000000000E+000 -2.348993288590161E-017
         240           2  0.000000000000000E+000 -1.510067114093496E-018
         241           1  0.000000000000000E+000 -2.348993288590418E-017
         241           2  0.000000000000000E+000 -1.510067114094724E-018
         242           1  0.000000000000000E+000 -2.348993288590506E-017
         242           2  0.000000000000000E+000 -1.510067114095675E-018
         243           1  0.000000000000000E+000 -2.348993288590665E-017
         243           2  0.000000000000000E+000 -1.510067114095808E-018
         244           1  0.000000000000000E+000 -2.348993288590701E-017
         244           2  0.000000000000000E+000 -1.510067114095443E-018
         245           1  0.000000000000000E+000 -2.348993288590608E-017
         245           2  0.000000000000000E+000 -1.510067114095101E-018
         246           1  0.000000000000000E+000 -2.348993288590529E-017
         246           2  0.000000000000000E+000 -1.510067114095002E-018
         247           1  0.000000000000000E+000 -2.348993288590629E-017
         247           2  0.000000000000000E+000 -1.510067114094597E-018
         248           1  0.000000000000000E+000 -2.348993288590800E-017
         248           2  0.000000000000000E+000 -1.510067114094558E-018
         249           1  0.000000000000000E+000 -2.348993288590772E-017
         249           2  0.000000000000000E+000 -1.510067114094645E-018
         250           1  0.000000000000000E+000 -2.348993288590964E-017
         250           2  0.000000000000000E+000 -1.510067114094763E-018
         251           1  0.000000000000000E+000 -2.348993288591035E-017
         251           2  0.000000000000000E+000 -1.510067114094779E-018
         252           1  0.000000000000000E+000 -2.348993288590956E-017
         252           2  0.000000000000000E+000 -1.510067114095116E-018
         253           1  0.000000000000000E+000 -2.348993288590701E-017
         253           2  0.000000000000000E+000 -1.510067114094495E-018
         254           1  0.000000000000000E+000 -2.348993288590652E-017
         254           2  0.000000000000000E+000 -1.510067114094179E-018
         255           1  0.000000000000000E+000 -2.348993288590857E-017
         255           2  0.000000000000000E+000 -1.510067114094009E-018
         256           1  0.000000000000000E+000 -2.348993288590979E-017
         256           2  0.000000000000000E+000 -1.510067114093983E-018
         257           1  0.000000000000000E+000 -2.348993288590053E-017
         257           2  0.000000000000000E+000 -1.510067114092372E-018
         258           1  0.000000000000000E+000 -2.348993288589888E-017
         258           2  0.000000000000000E+000 -1.510067114092042E-018
         259           1  0.000000000000000E+000 -2.348993288590113E-017
         259           2  0.000000000000000E+000 -1.510067114092413E-018
         260           1  0.000000000000000E+000 -2.348993288589961E-017
         260           2  0.000000000000000E+000 -1.510067114093026E-018
         261           1  0.000000000000000E+000 -2.348993288590195E-017
         261           2  0.000000000000000E+000 -1.510067114093347E-018
         262           1  0.000000000000000E+000 -2.348993288590060E-017
         262           2  0.000000000000000E+000 -1.510067114092792E-018
         263           1  0.000000000000000E+000 -2.348993288590188E-017
         263           2  0.000000000000000E+000 -1.510067114093986E-018
         264           1  0.000000000000000E+000 -2.348993288590365E-017
         264           2  0.000000000000000E+000 -1.510067114095024E-018
         265           1  0.000000000000000E+000 -2.348993288590233E-017
         265           2  0.000000000000000E+000 -1.510067114094540E-018
         266           1  0.000000000000000E+000 -2.348993288590264E-017
         266           2  0.000000000000000E+000 -1.510067114094217E-018
         267           1  0.000000000000000E+000 -2.348993288590529E-017
         267           2  0.000000000000000E+000 -1.510067114094110E-018
         268           1  0.000000000000000E+000 -2.348993288590542E-017
         268           2  0.000000000000000E+000 -1.510067114094549E-018
         269           1  0.000000000000000E+000 -2.348993288590827E-017
         269           2  0.000000000000000E+000 -1.510067114094780E-018
         270           1  0.000000000000000E+000 -2.348993288590639E-017
         270           2  0.000000000000000E+000 -1.510067114094852E-018
         271           1  0.000000000000000E+000 -2.348993288590638E-017
         271           2  0.000000000000000E+000 -1.510067114094913E-018
         272           1  0.000000000000000E+000 -2.348993288590733E-017
         272           2  0.000000000000000E+000 -1.510067114094627E-018
         273           1  0.000000000000000E+000 -2.348993288589656E-017
         273           2  0.000000000000000E+000 -1.510067114093912E-018
         274           1  0.000000000000000E+000 -2.348993288590772E-017
         274           2  0.000000000000000E+000 -1.510067114094443E-018
         275           1  0.000000000000000E+000 -2.348993288592030E-017
         275           2  0.000000000000000E+000 -1.510067114094660E-018
         276           1  0.000000000000000E+000 -2.348993288589561E-017
         276           2  0.000000000000000E+000 -1.510067114091963E-018
         277           1  0.000000000000000E+000 -2.348993288590623E-017
         277           2  0.000000000000000E+000 -1.510067114093842E-018
         278           1  0.000000000000000E+000 -2.348993288590163E-017
         278           2  0.000000000000000E+000 -1.510067114092965E-018
         279           1  0.000000000000000E+000 -2.348993288589893E-017
         279           2  0.000000000000000E+000 -1.510067114092517E-018
         280           1  0.000000000000000E+000 -2.348993288589766E-017
         280           2  0.000000000000000E+000 -1.510067114091544E-018
         281           1  0.000000000000000E+000 -2.348993288589964E-017
         281           2  0.000000000000000E+000 -1.510067114093001E-018
         282           1  0.000000000000000E+000 -2.348993288590068E-017
         282           2  0.000000000000000E+000 -1.510067114093033E-018
         283           1  0.000000000000000E+000 -2.348993288590066E-017
         283           2  0.000000000000000E+000 -1.510067114093565E-018
         284           1  0.000000000000000E+000 -2.348993288590076E-017
         284           2  0.000000000000000E+000 -1.510067114093917E-018
         285           1  0.000000000000000E+000 -2.348993288589957E-017
         285           2  0.000000000000000E+000 -1.510067114094258E-018
         286           1  0.000000000000000E+000 -2.348993288590201E-017
         286           2  0.000000000000000E+000 -1.510067114094430E-018
         287           1  0.000000000000000E+000 -2.348993288590345E-017
         287           2  0.000000000000000E+000 -1.510067114093678E-018
         288           1  0.000000000000000E+000 -2.348993288590642E-017
         288           2  0.000000000000000E+000 -1.510067114094550E-018
         289           1  0.000000000000000E+000 -2.348993288591014E-017
         289           2  0.000000000000000E+000 -1.510067114096453E-018
         290           1  0.000000000000000E+000 -2.348993288590682E-017
         290           2  0.000000000000000E+000 -1.510067114094266E-018
         291           1  0.000000000000000E+000 -2.348993288590610E-017
         291           2  0.000000000000000E+000 -1.510067114094058E-018
         292           1  0.000000000000000E+000 -2.348993288590311E-017
         292           2  0.000000000000000E+000 -1.510067114094265E-018
         293           1  0.000000000000000E+000 -2.348993288590341E-017
         293           2  0.000000000000000E+000 -1.510067114094910E-018
         294           1  0.000000000000000E+000 -2.348993288590071E-017
         294           2  0.000000000000000E+000 -1.510067114093492E-018
         295           1  0.000000000000000E+000 -2.348993288591106E-017
         295           2  0.000000000000000E+000 -1.510067114094471E-018
         296           1  0.000000000000000E+000 -2.348993288590867E-017
         296           2  0.000000000000000E+000 -1.510067114094305E-018
         297           1  0.000000000000000E+000 -2.348993288589854E-017
         297           2  0.000000000000000E+000 -1.510067114093453E-018
         298           1  0.000000000000000E+000 -2.348993288589964E-017
         298           2  0.000000000000000E+000 -1.510067114093556E-018
         299           1  0.000000000000000E+000 -2.348993288590022E-017
         299           2  0.000000000000000E+000 -1.510067114092953E-018
         300           1  0.000000000000000E+000 -2.348993288590298E-017
         300           2  0.000000000000000E+000 -1.510067114093458E-018
         301           1  0.000000000000000E+000 -2.348993288589670E-017
         301           2  0.000000000000000E+000 -1.510067114092709E-018
         302           1  0.000000000000000E+000 -2.348993288589574E-017
         302           2  0.000000000000000E+000 -1.510067114092236E-018
         303           1  0.000000000000000E+000 -2.348993288590389E-017
         303           2  0.000000000000000E+000 -1.510067114093595E-018
         304           1  0.000000000000000E+000 -2.348993288589733E-017
         304           2  0.000000000000000E+000 -1.510067114092683E-018
         305           1  0.000000000000000E+000 -2.348993288589942E-017
         305           2  0.000000000000000E+000 -1.510067114093458E-018
         306           1  0.000000000000000E+000 -2.348993288590149E-017
         306           2  0.000000000000000E+000 -1.510067114093495E-018
         307           1  0.000000000000000E+000 -2.348993288590201E-017
         307           2  0.000000000000000E+000 -1.510067114093372E-018
         308           1  0.000000000000000E+000 -2.348993288590375E-017
         308           2  0.000000000000000E+000 -1.510067114093892E-018
         309           1  0.000000000000000E+000 -2.348993288590900E-017
         309           2  0.000000000000000E+000 -1.510067114095336E-018
         310           1  0.000000000000000E+000 -2.348993288590551E-017
         310           2  0.000000000000000E+000 -1.510067114094730E-018
         311           1  0.000000000000000E+000 -2.348993288590612E-017
         311           2  0.000000000000000E+000 -1.510067114094026E-018
         312           1  0.000000000000000E+000 -2.348993288590287E-017
         312           2  0.000000000000000E+000 -1.510067114093846E-018
         313           1  0.000000000000000E+000 -2.348993288590218E-017
         313           2  0.000000000000000E+000 -1.510067114093652E-018
         314           1  0.000000000000000E+000 -2.348993288590120E-017
         314           2  0.000000000000000E+000 -1.510067114093354E-018
         315           1  0.000000000000000E+000 -2.348993288590437E-017
         315           2  0.000000000000000E+000 -1.510067114093788E-018
         316           1  0.000000000000000E+000 -2.348993288589598E-017
         316           2  0.000000000000000E+000 -1.510067114093016E-018
         317           1  0.000000000000000E+000 -2.348993288589601E-017
         317           2  0.000000000000000E+000 -1.510067114093243E-018
         318           1  0.000000000000000E+000 -2.348993288589641E-017
         318           2  0.000000000000000E+000 -1.510067114093264E-018
         319           1  0.000000000000000E+000 -2.348993288589420E-017
         319           2  0.000000000000000E+000 -1.510067114092274E-018
         320           1  0.000000000000000E+000 -2.348993288589060E-017
         320           2  0.000000000000000E+000 -1.510067114091866E-018
         321           1  0.000000000000000E+000 -2.348993288589346E-017
         321           2  0.000000000000000E+000 -1.510067114092108E-018
         322           1  0.000000000000000E+000 -2.348993288589685E-017
         322           2  0.000000000000000E+000 -1.510067114092479E-018
         323           1  0.000000000000000E+000 -2.348993288589940E-017
         323           2  0.000000000000000E+000 -1.510067114092798E-018
         324           1  0.000000000000000E+000 -2.348993288589796E-017
         324           2  0.000000000000000E+000 -1.510067114092714E-018
         325           1  0.000000000000000E+000 -2.348993288589946E-017
         325           2  0.000000000000000E+000 -1.510067114092691E-018
         326           1  0.000000000000000E+000 -2.348993288590188E-017
         326           2  0.000000000000000E+000 -1.510067114093068E-018
         327           1  0.000000000000000E+000 -2.348993288590054E-017
         327           2  0.000000000000000E+000 -1.510067114092992E-018
         328           1  0.000000000000000E+000 -2.348993288590500E-017
         328           2  0.000000000000000E+000 -1.510067114094017E-018
         329           1  0.000000000000000E+000 -2.348993288590696E-017
         329           2  0.000000000000000E+000 -1.510067114093754E-018
         330           1  0.000000000000000E+000 -2.348993288590610E-017
         330           2  0.000000000000000E+000 -1.510067114093977E-018
         331           1  0.000000000000000E+000 -2.348993288590379E-017
         331           2  0.000000000000000E+000 -1.510067114094269E-018
         332           1  0.000000000000000E+000 -2.348993288590281E-017
         332           2  0.000000000000000E+000 -1.510067114093708E-018
         333           1  0.000000000000000E+000 -2.348993288590091E-017
         333           2  0.000000000000000E+000 -1.510067114093303E-018
         334           1  0.000000000000000E+000 -2.348993288589803E-017
         334           2  0.000000000000000E+000 -1.510067114092923E-018
         335           1  0.000000000000000E+000 -2.348993288589993E-017
         335           2  0.000000000000000E+000 -1.510067114093792E-018
         336           1  0.000000000000000E+000 -2.348993288590011E-017
         336           2  0.000000000000000E+000 -1.510067114093579E-018
         337           1  0.000000000000000E+000 -2.348993288589934E-017
         337           2  0.000000000000000E+000 -1.510067114093516E-018
         338           1  0.000000000000000E+000 -2.348993288589567E-017
         338           2  0.000000000000000E+000 -1.510067114092753E-018
         339           1  0.000000000000000E+000 -2.348993288589686E-017
         339           2  0.000000000000000E+000 -1.510067114093242E-018
         340           1  0.000000000000000E+000 -2.348993288589188E-017
         340           2  0.000000000000000E+000 -1.510067114092951E-018
         341           1  0.000000000000000E+000 -2.348993288589621E-017
         341           2  0.000000000000000E+000 -1.510067114093064E-018
         342           1  0.000000000000000E+000 -2.348993288589634E-017
         342           2  0.000000000000000E+000 -1.510067114092879E-018
         343           1  0.000000000000000E+000 -2.348993288590590E-017
         343           2  0.000000000000000E+000 -1.510067114094433E-018
         344           1  0.000000000000000E+000 -2.348993288589995E-017
         344           2  0.000000000000000E+000 -1.510067114093011E-018
         345           1  0.000000000000000E+000 -2.348993288589978E-017
         345           2  0.000000000000000E+000 -1.510067114092916E-018
         346           1  0.000000000000000E+000 -2.348993288590152E-017
         346           2  0.000000000000000E+000 -1.510067114093026E-018
         347           1  0.000000000000000E+000 -2.348993288590093E-017
         347           2  0.000000000000000E+000 -1.510067114093192E-018
         348           1  0.000000000000000E+000 -2.348993288590233E-017
         348           2  0.000000000000000E+000 -1.510067114093726E-018
         349           1  0.000000000000000E+000 -2.348993288590467E-017
         349           2  0.000000000000000E+000 -1.510067114093993E-018
         350           1  0.000000000000000E+000 -2.348993288590261E-017
         350           2  0.000000000000000E+000 -1.510067114093577E-018
         351           1  0.000000000000000E+000 -2.348993288590332E-017
         351           2  0.000000000000000E+000 -1.510067114093452E-018
         352           1  0.000000000000000E+000 -2.348993288590059E-017
         352           2  0.000000000000000E+000 -1.510067114093102E-018
         353           1  0.000000000000000E+000 -2.348993288590054E-017
         353           2  0.000000000000000E+000 -1.510067114093297E-018
         354           1  0.000000000000000E+000 -2.348993288589794E-017
         354           2  0.000000000000000E+000 -1.510067114092914E-018
         355           1  0.000000000000000E+000 -2.348993288589807E-017
         355           2  0.000000000000000E+000 -1.510067114093207E-018
         356           1  0.000000000000000E+000 -2.348993288589964E-017
         356           2  0.000000000000000E+000 -1.510067114093691E-018
         357           1  0.000000000000000E+000 -2.348993288589880E-017
         357           2  0.000000000000000E+000 -1.510067114093107E-018
         358           1  0.000000000000000E+000 -2.348993288589817E-017
         358           2  0.000000000000000E+000 -1.510067114093042E-018
         359           1  0.000000000000000E+000 -2.348993288589674E-017
         359           2  0.000000000000000E+000 -1.510067114092934E-018
         360           1  0.000000000000000E+000 -2.348993288589347E-017
         360           2  0.000000000000000E+000 -1.510067114093460E-018
         361           1  0.000000000000000E+000 -2.348993288589826E-017
         361           2  0.000000000000000E+000 -1.510067114092336E-018
         362           1  0.000000000000000E+000 -2.348993288589854E-017
         362           2  0.000000000000000E+000 -1.510067114092614E-018
         363           1  0.000000000000000E+000 -2.348993288590052E-017
         363           2  0.000000000000000E+000 -1.510067114092989E-018
         364           1  0.000000000000000E+000 -2.348993288589903E-017
         364           2  0.000000000000000E+000 -1.510067114092468E-018
         365           1  0.000000000000000E+000 -2.348993288590132E-017
         365           2  0.000000000000000E+000 -1.510067114093055E-018
         366           1  0.000000000000000E+000 -2.348993288590065E-017
         366           2  0.000000000000000E+000 -1.510067114094028E-018
         367           1  0.000000000000000E+000 -2.348993288590209E-017
         367           2  0.000000000000000E+000 -1.510067114093750E-018
         368           1  0.000000000000000E+000 -2.348993288590343E-017
         368           2  0.000000000000000E+000 -1.510067114094200E-018
         369           1  0.000000000000000E+000 -2.348993288590338E-017
         369           2  0.000000000000000E+000 -1.510067114093998E-018
         370           1  0.000000000000000E+000 -2.348993288590282E-017
         370           2  0.000000000000000E+000 -1.510067114093915E-018
         371           1  0.000000000000000E+000 -2.348993288590174E-017
         371           2  0.000000000000000E+000 -1.510067114093320E-018
         372           1  0.000000000000000E+000 -2.348993288590093E-017
         372           2  0.000000000000000E+000 -1.510067114093132E-018
         373           1  0.000000000000000E+000 -2.348993288590078E-017
         373           2  0.000000000000000E+000 -1.510067114092548E-018
         374           1  0.000000000000000E+000 -2.348993288589832E-017
         374           2  0.000000000000000E+000 -1.510067114092569E-018
         375           1  0.000000000000000E+000 -2.348993288589978E-017
         375           2  0.000000000000000E+000 -1.510067114093320E-018
         376           1  0.000000000000000E+000 -2.348993288590019E-017
         376           2  0.000000000000000E+000 -1.510067114093341E-018
         377           1  0.000000000000000E+000 -2.348993288590217E-017
         377           2  0.000000000000000E+000 -1.510067114093973E-018
         378           1  0.000000000000000E+000 -2.348993288589935E-017
         378           2  0.000000000000000E+000 -1.510067114093248E-018
         379           1  0.000000000000000E+000 -2.348993288589881E-017
         379           2  0.000000000000000E+000 -1.510067114093039E-018
         380           1  0.000000000000000E+000 -2.348993288589694E-017
         380           2  0.000000000000000E+000 -1.510067114093104E-018
         381           1  0.000000000000000E+000 -2.348993288589722E-017
         381           2  0.000000000000000E+000 -1.510067114092795E-018
         382           1  0.000000000000000E+000 -2.348993288590009E-017
         382           2  0.000000000000000E+000 -1.510067114092241E-018
         383           1  0.000000000000000E+000 -2.348993288589643E-017
         383           2  0.000000000000000E+000 -1.510067114093032E-018
         384           1  0.000000000000000E+000 -2.348993288589713E-017
         384           2  0.000000000000000E+000 -1.510067114092713E-018
         385           1  0.000000000000000E+000 -2.348993288590012E-017
         385           2  0.000000000000000E+000 -1.510067114093798E-018
         386           1  0.000000000000000E+000 -2.348993288590107E-017
         386           2  0.000000000000000E+000 -1.510067114094004E-018
         387           1  0.000000000000000E+000 -2.348993288590141E-017
         387           2  0.000000000000000E+000 -1.510067114093662E-018
         388           1  0.000000000000000E+000 -2.348993288590388E-017
         388           2  0.000000000000000E+000 -1.510067114094619E-018
         389           1  0.000000000000000E+000 -2.348993288590366E-017
         389           2  0.000000000000000E+000 -1.510067114093904E-018
         390           1  0.000000000000000E+000 -2.348993288590199E-017
         390           2  0.000000000000000E+000 -1.510067114093439E-018
         391           1  0.000000000000000E+000 -2.348993288590387E-017
         391           2  0.000000000000000E+000 -1.510067114093527E-018
         392           1  0.000000000000000E+000 -2.348993288590240E-017
         392           2  0.000000000000000E+000 -1.510067114093462E-018
         393           1  0.000000000000000E+000 -2.348993288590278E-017
         393           2  0.000000000000000E+000 -1.510067114093272E-018
         394           1  0.000000000000000E+000 -2.348993288590570E-017
         394           2  0.000000000000000E+000 -1.510067114093799E-018
         395           1  0.000000000000000E+000 -2.348993288591419E-017
         395           2  0.000000000000000E+000 -1.510067114095047E-018
         396           1  0.000000000000000E+000 -2.348993288591275E-017
         396           2  0.000000000000000E+000 -1.510067114095722E-018
         397           1  0.000000000000000E+000 -2.348993288590111E-017
         397           2  0.000000000000000E+000 -1.510067114093613E-018
         398           1  0.000000000000000E+000 -2.348993288590034E-017
         398           2  0.000000000000000E+000 -1.510067114093976E-018
         399           1  0.000000000000000E+000 -2.348993288590375E-017
         399           2  0.000000000000000E+000 -1.510067114093738E-018
         400           1  0.000000000000000E+000 -2.348993288590779E-017
         400           2  0.000000000000000E+000 -1.510067114093957E-018
