           1           1  0.000000000000000E+000 -1.354166666666617E-017
           1           2  0.000000000000000E+000 -1.145833333333345E-017
           2           1  0.000000000000000E+000 -1.354166666666600E-017
           2           2  0.000000000000000E+000 -1.145833333333370E-017
           3           1  0.000000000000000E+000 -1.354166666666592E-017
           3           2  0.000000000000000E+000 -1.145833333333315E-017
           4           1  0.000000000000000E+000 -1.354166666666466E-017
           4           2  0.000000000000000E+000 -1.145833333333276E-017
           5           1  0.000000000000000E+000 -1.354166666666503E-017
           5           2  0.000000000000000E+000 -1.145833333333252E-017
           6           1  0.000000000000000E+000 -1.354166666666455E-017
           6           2  0.000000000000000E+000 -1.145833333333235E-017
           7           1  0.000000000000000E+000 -1.354166666666347E-017
           7           2  0.000000000000000E+000 -1.145833333333202E-017
           8           1  0.000000000000000E+000 -1.354166666666516E-017
           8           2  0.000000000000000E+000 -1.145833333333227E-017
           9           1  0.000000000000000E+000 -1.354166666666438E-017
           9           2  0.000000000000000E+000 -1.145833333333215E-017
          10           1  0.000000000000000E+000 -1.354166666666495E-017
          10           2  0.000000000000000E+000 -1.145833333333217E-017
          11           1  0.000000000000000E+000 -1.354166666666705E-017
          11           2  0.000000000000000E+000 -1.145833333333342E-017
          12           1  0.000000000000000E+000 -1.354166666666649E-017
          12           2  0.000000000000000E+000 -1.145833333333350E-017
          13           1  0.000000000000000E+000 -1.354166666666620E-017
          13           2  0.000000000000000E+000 -1.145833333333316E-017
          14           1  0.000000000000000E+000 -1.354166666666601E-017
          14           2  0.000000000000000E+000 -1.145833333333265E-017
          15           1  0.000000000000000E+000 -1.354166666666523E-017
          15           2  0.000000000000000E+000 -1.145833333333245E-017
          16           1  0.000000000000000E+000 -1.354166666666499E-017
          16           2  0.000000000000000E+000 -1.145833333333246E-017
          17           1  0.000000000000000E+000 -1.354166666666489E-017
          17           2  0.000000000000000E+000 -1.145833333333229E-017
          18           1  0.000000000000000E+000 -1.354166666666478E-017
          18           2  0.000000000000000E+000 -1.145833333333229E-017
          19           1  0.000000000000000E+000 -1.354166666666548E-017
          19           2  0.000000000000000E+000 -1.145833333333254E-017
          20           1  0.000000000000000E+000 -1.354166666666548E-017
          20           2  0.000000000000000E+000 -1.145833333333260E-017
          21           1  0.000000000000000E+000 -1.354166666666682E-017
          21           2  0.000000000000000E+000 -1.145833333333285E-017
          22           1  0.000000000000000E+000 -1.354166666666603E-017
          22           2  0.000000000000000E+000 -1.145833333333273E-017
          23           1  0.000000000000000E+000 -1.354166666666509E-017
          23           2  0.000000000000000E+000 -1.145833333333260E-017
          24           1  0.000000000000000E+000 -1.354166666666534E-017
          24           2  0.000000000000000E+000 -1.145833333333258E-017
          25           1  0.000000000000000E+000 -1.354166666666561E-017
          25           2  0.000000000000000E+000 -1.145833333333265E-017
          26           1  0.000000000000000E+000 -1.354166666666550E-017
          26           2  0.000000000000000E+000 -1.145833333333276E-017
          27           1  0.000000000000000E+000 -1.354166666666434E-017
          27           2  0.000000000000000E+000 -1.145833333333256E-017
          28           1  0.000000000000000E+000 -1.354166666666544E-017
          28           2  0.000000000000000E+000 -1.145833333333256E-017
          29           1  0.000000000000000E+000 -1.354166666666511E-017
          29           2  0.000000000000000E+000 -1.145833333333275E-017
          30           1  0.000000000000000E+000 -1.354166666666454E-017
          30           2  0.000000000000000E+000 -1.145833333333284E-017
          31           1  0.000000000000000E+000 -1.354166666666436E-017
          31           2  0.000000000000000E+000 -1.145833333333252E-017
          32           1  0.000000000000000E+000 -1.354166666666452E-017
          32           2  0.000000000000000E+000 -1.145833333333255E-017
          33           1  0.000000000000000E+000 -1.354166666666533E-017
          33           2  0.000000000000000E+000 -1.145833333333268E-017
          34           1  0.000000000000000E+000 -1.354166666666683E-017
          34           2  0.000000000000000E+000 -1.145833333333295E-017
          35           1  0.000000000000000E+000 -1.354166666666638E-017
          35           2  0.000000000000000E+000 -1.145833333333313E-017
          36           1  0.000000000000000E+000 -1.354166666666658E-017
          36           2  0.000000000000000E+000 -1.145833333333307E-017
          37           1  0.000000000000000E+000 -1.354166666666549E-017
          37           2  0.000000000000000E+000 -1.145833333333309E-017
          38           1  0.000000000000000E+000 -1.354166666666586E-017
          38           2  0.000000000000000E+000 -1.145833333333291E-017
          39           1  0.000000000000000E+000 -1.354166666666543E-017
          39           2  0.000000000000000E+000 -1.145833333333259E-017
          40           1  0.000000000000000E+000 -1.354166666666500E-017
          40           2  0.000000000000000E+000 -1.145833333333272E-017
          41           1  0.000000000000000E+000 -1.354166666666543E-017
          41           2  0.000000000000000E+000 -1.145833333333246E-017
          42           1  0.000000000000000E+000 -1.354166666666463E-017
          42           2  0.000000000000000E+000 -1.145833333333258E-017
          43           1  0.000000000000000E+000 -1.354166666666621E-017
          43           2  0.000000000000000E+000 -1.145833333333293E-017
          44           1  0.000000000000000E+000 -1.354166666666656E-017
          44           2  0.000000000000000E+000 -1.145833333333318E-017
          45           1  0.000000000000000E+000 -1.354166666666786E-017
          45           2  0.000000000000000E+000 -1.145833333333339E-017
          46           1  0.000000000000000E+000 -1.354166666666739E-017
          46           2  0.000000000000000E+000 -1.145833333333314E-017
          47           1  0.000000000000000E+000 -1.354166666666746E-017
          47           2  0.000000000000000E+000 -1.145833333333308E-017
          48           1  0.000000000000000E+000 -1.354166666666652E-017
          48           2  0.000000000000000E+000 -1.145833333333306E-017
          49           1  0.000000000000000E+000 -1.354166666666522E-017
          49           2  0.000000000000000E+000 -1.145833333333269E-017
          50           1  0.000000000000000E+000 -1.354166666666575E-017
          50           2  0.000000000000000E+000 -1.145833333333275E-017
          51           1  0.000000000000000E+000 -1.354166666666589E-017
          51           2  0.000000000000000E+000 -1.145833333333281E-017
          52           1  0.000000000000000E+000 -1.354166666666530E-017
          52           2  0.000000000000000E+000 -1.145833333333288E-017
          53           1  0.000000000000000E+000 -1.354166666666580E-017
          53           2  0.000000000000000E+000 -1.145833333333308E-017
          54           1  0.000000000000000E+000 -1.354166666666722E-017
          54           2  0.000000000000000E+000 -1.145833333333319E-017
          55           1  0.000000000000000E+000 -1.354166666666789E-017
          55           2  0.000000000000000E+000 -1.145833333333351E-017
          56           1  0.000000000000000E+000 -1.354166666666669E-017
          56           2  0.000000000000000E+000 -1.145833333333313E-017
          57           1  0.000000000000000E+000 -1.354166666666609E-017
          57           2  0.000000000000000E+000 -1.145833333333300E-017
          58           1  0.000000000000000E+000 -1.354166666666662E-017
          58           2  0.000000000000000E+000 -1.145833333333284E-017
          59           1  0.000000000000000E+000 -1.354166666666572E-017
          59           2  0.000000000000000E+000 -1.145833333333275E-017
          60           1  0.000000000000000E+000 -1.354166666666549E-017
          60           2  0.000000000000000E+000 -1.145833333333267E-017
          61           1  0.000000000000000E+000 -1.354166666666613E-017
          61           2  0.000000000000000E+000 -1.145833333333312E-017
          62           1  0.000000000000000E+000 -1.354166666666559E-017
          62           2  0.000000000000000E+000 -1.145833333333270E-017
          63           1  0.000000000000000E+000 -1.354166666666559E-017
          63           2  0.000000000000000E+000 -1.145833333333280E-017
          64           1  0.000000000000000E+000 -1.354166666666633E-017
          64           2  0.000000000000000E+000 -1.145833333333299E-017
          65           1  0.000000000000000E+000 -1.354166666666763E-017
          65           2  0.000000000000000E+000 -1.145833333333347E-017
          66           1  0.000000000000000E+000 -1.354166666666654E-017
          66           2  0.000000000000000E+000 -1.145833333333331E-017
          67           1  0.000000000000000E+000 -1.354166666666614E-017
          67           2  0.000000000000000E+000 -1.145833333333303E-017
          68           1  0.000000000000000E+000 -1.354166666666538E-017
          68           2  0.000000000000000E+000 -1.145833333333289E-017
          69           1  0.000000000000000E+000 -1.354166666666610E-017
          69           2  0.000000000000000E+000 -1.145833333333295E-017
          70           1  0.000000000000000E+000 -1.354166666666655E-017
          70           2  0.000000000000000E+000 -1.145833333333288E-017
          71           1  0.000000000000000E+000 -1.354166666666681E-017
          71           2  0.000000000000000E+000 -1.145833333333285E-017
          72           1  0.000000000000000E+000 -1.354166666666460E-017
          72           2  0.000000000000000E+000 -1.145833333333265E-017
          73           1  0.000000000000000E+000 -1.354166666666537E-017
          73           2  0.000000000000000E+000 -1.145833333333276E-017
          74           1  0.000000000000000E+000 -1.354166666666551E-017
          74           2  0.000000000000000E+000 -1.145833333333293E-017
          75           1  0.000000000000000E+000 -1.354166666666574E-017
          75           2  0.000000000000000E+000 -1.145833333333311E-017
          76           1  0.000000000000000E+000 -1.354166666666696E-017
          76           2  0.000000000000000E+000 -1.145833333333330E-017
          77           1  0.000000000000000E+000 -1.354166666666596E-017
          77           2  0.000000000000000E+000 -1.145833333333330E-017
          78           1  0.000000000000000E+000 -1.354166666666445E-017
          78           2  0.000000000000000E+000 -1.145833333333281E-017
          79           1  0.000000000000000E+000 -1.354166666666593E-017
          79           2  0.000000000000000E+000 -1.145833333333331E-017
          80           1  0.000000000000000E+000 -1.354166666666630E-017
          80           2  0.000000000000000E+000 -1.145833333333334E-017
          81           1  0.000000000000000E+000 -1.354166666666654E-017
          81           2  0.000000000000000E+000 -1.145833333333274E-017
          82           1  0.000000000000000E+000 -1.354166666666557E-017
          82           2  0.000000000000000E+000 -1.145833333333275E-017
          83           1  0.000000000000000E+000 -1.354166666666658E-017
          83           2  0.000000000000000E+000 -1.145833333333287E-017
          84           1  0.000000000000000E+000 -1.354166666666483E-017
          84           2  0.000000000000000E+000 -1.145833333333278E-017
          85           1  0.000000000000000E+000 -1.354166666666570E-017
          85           2  0.000000000000000E+000 -1.145833333333294E-017
          86           1  0.000000000000000E+000 -1.354166666666515E-017
          86           2  0.000000000000000E+000 -1.145833333333317E-017
          87           1  0.000000000000000E+000 -1.354166666666586E-017
          87           2  0.000000000000000E+000 -1.145833333333327E-017
          88           1  0.000000000000000E+000 -1.354166666666666E-017
          88           2  0.000000000000000E+000 -1.145833333333344E-017
          89           1  0.000000000000000E+000 -1.354166666666844E-017
          89           2  0.000000000000000E+000 -1.145833333333364E-017
          90           1  0.000000000000000E+000 -1.354166666666680E-017
          90           2  0.000000000000000E+000 -1.145833333333371E-017
          91           1  0.000000000000000E+000 -1.354166666666700E-017
          91           2  0.000000000000000E+000 -1.145833333333340E-017
          92           1  0.000000000000000E+000 -1.354166666666514E-017
          92           2  0.000000000000000E+000 -1.145833333333281E-017
          93           1  0.000000000000000E+000 -1.354166666666460E-017
          93           2  0.000000000000000E+000 -1.145833333333291E-017
          94           1  0.000000000000000E+000 -1.354166666666587E-017
          94           2  0.000000000000000E+000 -1.145833333333278E-017
          95           1  0.000000000000000E+000 -1.354166666666506E-017
          95           2  0.000000000000000E+000 -1.145833333333298E-017
          96           1  0.000000000000000E+000 -1.354166666666666E-017
          96           2  0.000000000000000E+000 -1.145833333333328E-017
          97           1  0.000000000000000E+000 -1.354166666666674E-017
          97           2  0.000000000000000E+000 -1.145833333333369E-017
          98           1  0.000000000000000E+000 -1.354166666666656E-017
          98           2  0.000000000000000E+000 -1.145833333333346E-017
          99           1  0.000000000000000E+000 -1.354166666666814E-017
          99           2  0.000000000000000E+000 -1.145833333333389E-017
         100           1  0.000000000000000E+000 -1.354166666666648E-017
         100           2  0.000000000000000E+000 -1.145833333333393E-017
