           1           1  0.000000000000000E+000 -1.518404907974977E-017
           1           2  0.000000000000000E+000 -9.815950920223433E-018
           2           1  0.000000000000000E+000 -1.518404907975036E-017
           2           2  0.000000000000000E+000 -9.815950920225429E-018
           3           1  0.000000000000000E+000 -1.518404907975078E-017
           3           2  0.000000000000000E+000 -9.815950920222939E-018
           4           1  0.000000000000000E+000 -1.518404907975000E-017
           4           2  0.000000000000000E+000 -9.815950920221614E-018
           5           1  0.000000000000000E+000 -1.518404907975024E-017
           5           2  0.000000000000000E+000 -9.815950920222213E-018
           6           1  0.000000000000000E+000 -1.518404907974992E-017
           6           2  0.000000000000000E+000 -9.815950920222450E-018
           7           1  0.000000000000000E+000 -1.518404907974886E-017
           7           2  0.000000000000000E+000 -9.815950920221734E-018
           8           1  0.000000000000000E+000 -1.518404907975001E-017
           8           2  0.000000000000000E+000 -9.815950920222095E-018
           9           1  0.000000000000000E+000 -1.518404907974953E-017
           9           2  0.000000000000000E+000 -9.815950920223794E-018
          10           1  0.000000000000000E+000 -1.518404907975001E-017
          10           2  0.000000000000000E+000 -9.815950920227210E-018
          11           1  0.000000000000000E+000 -1.518404907975039E-017
          11           2  0.000000000000000E+000 -9.815950920225074E-018
          12           1  0.000000000000000E+000 -1.518404907975035E-017
          12           2  0.000000000000000E+000 -9.815950920223034E-018
          13           1  0.000000000000000E+000 -1.518404907975076E-017
          13           2  0.000000000000000E+000 -9.815950920221919E-018
          14           1  0.000000000000000E+000 -1.518404907975154E-017
          14           2  0.000000000000000E+000 -9.815950920222802E-018
          15           1  0.000000000000000E+000 -1.518404907975076E-017
          15           2  0.000000000000000E+000 -9.815950920225378E-018
          16           1  0.000000000000000E+000 -1.518404907975087E-017
          16           2  0.000000000000000E+000 -9.815950920222944E-018
          17           1  0.000000000000000E+000 -1.518404907975044E-017
          17           2  0.000000000000000E+000 -9.815950920225268E-018
          18           1  0.000000000000000E+000 -1.518404907975137E-017
          18           2  0.000000000000000E+000 -9.815950920224241E-018
          19           1  0.000000000000000E+000 -1.518404907975080E-017
          19           2  0.000000000000000E+000 -9.815950920225219E-018
          20           1  0.000000000000000E+000 -1.518404907974968E-017
          20           2  0.000000000000000E+000 -9.815950920220503E-018
          21           1  0.000000000000000E+000 -1.518404907975090E-017
          21           2  0.000000000000000E+000 -9.815950920225175E-018
          22           1  0.000000000000000E+000 -1.518404907975216E-017
          22           2  0.000000000000000E+000 -9.815950920228835E-018
          23           1  0.000000000000000E+000 -1.518404907975005E-017
          23           2  0.000000000000000E+000 -9.815950920221948E-018
          24           1  0.000000000000000E+000 -1.518404907974935E-017
          24           2  0.000000000000000E+000 -9.815950920222041E-018
          25           1  0.000000000000000E+000 -1.518404907975075E-017
          25           2  0.000000000000000E+000 -9.815950920224899E-018
          26           1  0.000000000000000E+000 -1.518404907975127E-017
          26           2  0.000000000000000E+000 -9.815950920225227E-018
          27           1  0.000000000000000E+000 -1.518404907975055E-017
          27           2  0.000000000000000E+000 -9.815950920225125E-018
          28           1  0.000000000000000E+000 -1.518404907974992E-017
          28           2  0.000000000000000E+000 -9.815950920222749E-018
          29           1  0.000000000000000E+000 -1.518404907975058E-017
          29           2  0.000000000000000E+000 -9.815950920226461E-018
          30           1  0.000000000000000E+000 -1.518404907975077E-017
          30           2  0.000000000000000E+000 -9.815950920228258E-018
          31           1  0.000000000000000E+000 -1.518404907975078E-017
          31           2  0.000000000000000E+000 -9.815950920227570E-018
          32           1  0.000000000000000E+000 -1.518404907975079E-017
          32           2  0.000000000000000E+000 -9.815950920225024E-018
          33           1  0.000000000000000E+000 -1.518404907975103E-017
          33           2  0.000000000000000E+000 -9.815950920223167E-018
          34           1  0.000000000000000E+000 -1.518404907975145E-017
          34           2  0.000000000000000E+000 -9.815950920225067E-018
          35           1  0.000000000000000E+000 -1.518404907975134E-017
          35           2  0.000000000000000E+000 -9.815950920225481E-018
          36           1  0.000000000000000E+000 -1.518404907975130E-017
          36           2  0.000000000000000E+000 -9.815950920227079E-018
          37           1  0.000000000000000E+000 -1.518404907975125E-017
          37           2  0.000000000000000E+000 -9.815950920227744E-018
          38           1  0.000000000000000E+000 -1.518404907975093E-017
          38           2  0.000000000000000E+000 -9.815950920226250E-018
          39           1  0.000000000000000E+000 -1.518404907975115E-017
          39           2  0.000000000000000E+000 -9.815950920227057E-018
          40           1  0.000000000000000E+000 -1.518404907974978E-017
          40           2  0.000000000000000E+000 -9.815950920222401E-018
          41           1  0.000000000000000E+000 -1.518404907974892E-017
          41           2  0.000000000000000E+000 -9.815950920219281E-018
          42           1  0.000000000000000E+000 -1.518404907975039E-017
          42           2  0.000000000000000E+000 -9.815950920223252E-018
          43           1  0.000000000000000E+000 -1.518404907975015E-017
          43           2  0.000000000000000E+000 -9.815950920221084E-018
          44           1  0.000000000000000E+000 -1.518404907975019E-017
          44           2  0.000000000000000E+000 -9.815950920223396E-018
          45           1  0.000000000000000E+000 -1.518404907975095E-017
          45           2  0.000000000000000E+000 -9.815950920222358E-018
          46           1  0.000000000000000E+000 -1.518404907975147E-017
          46           2  0.000000000000000E+000 -9.815950920223836E-018
          47           1  0.000000000000000E+000 -1.518404907975120E-017
          47           2  0.000000000000000E+000 -9.815950920224840E-018
          48           1  0.000000000000000E+000 -1.518404907975051E-017
          48           2  0.000000000000000E+000 -9.815950920224654E-018
          49           1  0.000000000000000E+000 -1.518404907975053E-017
          49           2  0.000000000000000E+000 -9.815950920226664E-018
          50           1  0.000000000000000E+000 -1.518404907975064E-017
          50           2  0.000000000000000E+000 -9.815950920229610E-018
          51           1  0.000000000000000E+000 -1.518404907975067E-017
          51           2  0.000000000000000E+000 -9.815950920229305E-018
          52           1  0.000000000000000E+000 -1.518404907975139E-017
          52           2  0.000000000000000E+000 -9.815950920227088E-018
          53           1  0.000000000000000E+000 -1.518404907975123E-017
          53           2  0.000000000000000E+000 -9.815950920223638E-018
          54           1  0.000000000000000E+000 -1.518404907975168E-017
          54           2  0.000000000000000E+000 -9.815950920224447E-018
          55           1  0.000000000000000E+000 -1.518404907975268E-017
          55           2  0.000000000000000E+000 -9.815950920226976E-018
          56           1  0.000000000000000E+000 -1.518404907975188E-017
          56           2  0.000000000000000E+000 -9.815950920227402E-018
          57           1  0.000000000000000E+000 -1.518404907975196E-017
          57           2  0.000000000000000E+000 -9.815950920230110E-018
          58           1  0.000000000000000E+000 -1.518404907975313E-017
          58           2  0.000000000000000E+000 -9.815950920228336E-018
          59           1  0.000000000000000E+000 -1.518404907975199E-017
          59           2  0.000000000000000E+000 -9.815950920228120E-018
          60           1  0.000000000000000E+000 -1.518404907975095E-017
          60           2  0.000000000000000E+000 -9.815950920225577E-018
          61           1  0.000000000000000E+000 -1.518404907975031E-017
          61           2  0.000000000000000E+000 -9.815950920223296E-018
          62           1  0.000000000000000E+000 -1.518404907975164E-017
          62           2  0.000000000000000E+000 -9.815950920225948E-018
          63           1  0.000000000000000E+000 -1.518404907975031E-017
          63           2  0.000000000000000E+000 -9.815950920226809E-018
          64           1  0.000000000000000E+000 -1.518404907975091E-017
          64           2  0.000000000000000E+000 -9.815950920226597E-018
          65           1  0.000000000000000E+000 -1.518404907975079E-017
          65           2  0.000000000000000E+000 -9.815950920222162E-018
          66           1  0.000000000000000E+000 -1.518404907975111E-017
          66           2  0.000000000000000E+000 -9.815950920222859E-018
          67           1  0.000000000000000E+000 -1.518404907975165E-017
          67           2  0.000000000000000E+000 -9.815950920226544E-018
          68           1  0.000000000000000E+000 -1.518404907975142E-017
          68           2  0.000000000000000E+000 -9.815950920224869E-018
          69           1  0.000000000000000E+000 -1.518404907975151E-017
          69           2  0.000000000000000E+000 -9.815950920227481E-018
          70           1  0.000000000000000E+000 -1.518404907975129E-017
          70           2  0.000000000000000E+000 -9.815950920229546E-018
          71           1  0.000000000000000E+000 -1.518404907975090E-017
          71           2  0.000000000000000E+000 -9.815950920228784E-018
          72           1  0.000000000000000E+000 -1.518404907975120E-017
          72           2  0.000000000000000E+000 -9.815950920226803E-018
          73           1  0.000000000000000E+000 -1.518404907975196E-017
          73           2  0.000000000000000E+000 -9.815950920225208E-018
          74           1  0.000000000000000E+000 -1.518404907975140E-017
          74           2  0.000000000000000E+000 -9.815950920225815E-018
          75           1  0.000000000000000E+000 -1.518404907975196E-017
          75           2  0.000000000000000E+000 -9.815950920227849E-018
          76           1  0.000000000000000E+000 -1.518404907975205E-017
          76           2  0.000000000000000E+000 -9.815950920229265E-018
          77           1  0.000000000000000E+000 -1.518404907975225E-017
          77           2  0.000000000000000E+000 -9.815950920230116E-018
          78           1  0.000000000000000E+000 -1.518404907975208E-017
          78           2  0.000000000000000E+000 -9.815950920228791E-018
          79           1  0.000000000000000E+000 -1.518404907975234E-017
          79           2  0.000000000000000E+000 -9.815950920230604E-018
          80           1  0.000000000000000E+000 -1.518404907975095E-017
          80           2  0.000000000000000E+000 -9.815950920229133E-018
          81           1  0.000000000000000E+000 -1.518404907975169E-017
          81           2  0.000000000000000E+000 -9.815950920227107E-018
          82           1  0.000000000000000E+000 -1.518404907975210E-017
          82           2  0.000000000000000E+000 -9.815950920226638E-018
          83           1  0.000000000000000E+000 -1.518404907975142E-017
          83           2  0.000000000000000E+000 -9.815950920225668E-018
          84           1  0.000000000000000E+000 -1.518404907975174E-017
          84           2  0.000000000000000E+000 -9.815950920226592E-018
          85           1  0.000000000000000E+000 -1.518404907975156E-017
          85           2  0.000000000000000E+000 -9.815950920225632E-018
          86           1  0.000000000000000E+000 -1.518404907975219E-017
          86           2  0.000000000000000E+000 -9.815950920227936E-018
          87           1  0.000000000000000E+000 -1.518404907975206E-017
          87           2  0.000000000000000E+000 -9.815950920229678E-018
          88           1  0.000000000000000E+000 -1.518404907975242E-017
          88           2  0.000000000000000E+000 -9.815950920230653E-018
          89           1  0.000000000000000E+000 -1.518404907975173E-017
          89           2  0.000000000000000E+000 -9.815950920231515E-018
          90           1  0.000000000000000E+000 -1.518404907975121E-017
          90           2  0.000000000000000E+000 -9.815950920230555E-018
          91           1  0.000000000000000E+000 -1.518404907975234E-017
          91           2  0.000000000000000E+000 -9.815950920230817E-018
          92           1  0.000000000000000E+000 -1.518404907975146E-017
          92           2  0.000000000000000E+000 -9.815950920228972E-018
          93           1  0.000000000000000E+000 -1.518404907975202E-017
          93           2  0.000000000000000E+000 -9.815950920229049E-018
          94           1  0.000000000000000E+000 -1.518404907975151E-017
          94           2  0.000000000000000E+000 -9.815950920227752E-018
          95           1  0.000000000000000E+000 -1.518404907975217E-017
          95           2  0.000000000000000E+000 -9.815950920229408E-018
          96           1  0.000000000000000E+000 -1.518404907975290E-017
          96           2  0.000000000000000E+000 -9.815950920228014E-018
          97           1  0.000000000000000E+000 -1.518404907975229E-017
          97           2  0.000000000000000E+000 -9.815950920228889E-018
          98           1  0.000000000000000E+000 -1.518404907975283E-017
          98           2  0.000000000000000E+000 -9.815950920231832E-018
          99           1  0.000000000000000E+000 -1.518404907975262E-017
          99           2  0.000000000000000E+000 -9.815950920232424E-018
         100           1  0.000000000000000E+000 -1.518404907975166E-017
         100           2  0.000000000000000E+000 -9.815950920229333E-018
         101           1  0.000000000000000E+000 -1.518404907975101E-017
         101           2  0.000000000000000E+000 -9.815950920223697E-018
         102           1  0.000000000000000E+000 -1.518404907975190E-017
         102           2  0.000000000000000E+000 -9.815950920226701E-018
         103           1  0.000000000000000E+000 -1.518404907975045E-017
         103           2  0.000000000000000E+000 -9.815950920223658E-018
         104           1  0.000000000000000E+000 -1.518404907975226E-017
         104           2  0.000000000000000E+000 -9.815950920224968E-018
         105           1  0.000000000000000E+000 -1.518404907975131E-017
         105           2  0.000000000000000E+000 -9.815950920226401E-018
         106           1  0.000000000000000E+000 -1.518404907975299E-017
         106           2  0.000000000000000E+000 -9.815950920234216E-018
         107           1  0.000000000000000E+000 -1.518404907975329E-017
         107           2  0.000000000000000E+000 -9.815950920235820E-018
         108           1  0.000000000000000E+000 -1.518404907975224E-017
         108           2  0.000000000000000E+000 -9.815950920232307E-018
         109           1  0.000000000000000E+000 -1.518404907975207E-017
         109           2  0.000000000000000E+000 -9.815950920232542E-018
         110           1  0.000000000000000E+000 -1.518404907975122E-017
         110           2  0.000000000000000E+000 -9.815950920233305E-018
         111           1  0.000000000000000E+000 -1.518404907975139E-017
         111           2  0.000000000000000E+000 -9.815950920234243E-018
         112           1  0.000000000000000E+000 -1.518404907975138E-017
         112           2  0.000000000000000E+000 -9.815950920231727E-018
         113           1  0.000000000000000E+000 -1.518404907975101E-017
         113           2  0.000000000000000E+000 -9.815950920229384E-018
         114           1  0.000000000000000E+000 -1.518404907975109E-017
         114           2  0.000000000000000E+000 -9.815950920230387E-018
         115           1  0.000000000000000E+000 -1.518404907975290E-017
         115           2  0.000000000000000E+000 -9.815950920231961E-018
         116           1  0.000000000000000E+000 -1.518404907975329E-017
         116           2  0.000000000000000E+000 -9.815950920231054E-018
         117           1  0.000000000000000E+000 -1.518404907975277E-017
         117           2  0.000000000000000E+000 -9.815950920229105E-018
         118           1  0.000000000000000E+000 -1.518404907975218E-017
         118           2  0.000000000000000E+000 -9.815950920230801E-018
         119           1  0.000000000000000E+000 -1.518404907975217E-017
         119           2  0.000000000000000E+000 -9.815950920230549E-018
         120           1  0.000000000000000E+000 -1.518404907975146E-017
         120           2  0.000000000000000E+000 -9.815950920227550E-018
         121           1  0.000000000000000E+000 -1.518404907974955E-017
         121           2  0.000000000000000E+000 -9.815950920215955E-018
         122           1  0.000000000000000E+000 -1.518404907975045E-017
         122           2  0.000000000000000E+000 -9.815950920218756E-018
         123           1  0.000000000000000E+000 -1.518404907975012E-017
         123           2  0.000000000000000E+000 -9.815950920221580E-018
         124           1  0.000000000000000E+000 -1.518404907975143E-017
         124           2  0.000000000000000E+000 -9.815950920221840E-018
         125           1  0.000000000000000E+000 -1.518404907975166E-017
         125           2  0.000000000000000E+000 -9.815950920227208E-018
         126           1  0.000000000000000E+000 -1.518404907975223E-017
         126           2  0.000000000000000E+000 -9.815950920232750E-018
         127           1  0.000000000000000E+000 -1.518404907975185E-017
         127           2  0.000000000000000E+000 -9.815950920233303E-018
         128           1  0.000000000000000E+000 -1.518404907975230E-017
         128           2  0.000000000000000E+000 -9.815950920234313E-018
         129           1  0.000000000000000E+000 -1.518404907975230E-017
         129           2  0.000000000000000E+000 -9.815950920235927E-018
         130           1  0.000000000000000E+000 -1.518404907975254E-017
         130           2  0.000000000000000E+000 -9.815950920235320E-018
         131           1  0.000000000000000E+000 -1.518404907975186E-017
         131           2  0.000000000000000E+000 -9.815950920236955E-018
         132           1  0.000000000000000E+000 -1.518404907975256E-017
         132           2  0.000000000000000E+000 -9.815950920236524E-018
         133           1  0.000000000000000E+000 -1.518404907975223E-017
         133           2  0.000000000000000E+000 -9.815950920233609E-018
         134           1  0.000000000000000E+000 -1.518404907975175E-017
         134           2  0.000000000000000E+000 -9.815950920230381E-018
         135           1  0.000000000000000E+000 -1.518404907975270E-017
         135           2  0.000000000000000E+000 -9.815950920234858E-018
         136           1  0.000000000000000E+000 -1.518404907975400E-017
         136           2  0.000000000000000E+000 -9.815950920235453E-018
         137           1  0.000000000000000E+000 -1.518404907975254E-017
         137           2  0.000000000000000E+000 -9.815950920229894E-018
         138           1  0.000000000000000E+000 -1.518404907975273E-017
         138           2  0.000000000000000E+000 -9.815950920230042E-018
         139           1  0.000000000000000E+000 -1.518404907975139E-017
         139           2  0.000000000000000E+000 -9.815950920228281E-018
         140           1  0.000000000000000E+000 -1.518404907975127E-017
         140           2  0.000000000000000E+000 -9.815950920226743E-018
         141           1  0.000000000000000E+000 -1.518404907974977E-017
         141           2  0.000000000000000E+000 -9.815950920218856E-018
         142           1  0.000000000000000E+000 -1.518404907974981E-017
         142           2  0.000000000000000E+000 -9.815950920218133E-018
         143           1  0.000000000000000E+000 -1.518404907975033E-017
         143           2  0.000000000000000E+000 -9.815950920221740E-018
         144           1  0.000000000000000E+000 -1.518404907975067E-017
         144           2  0.000000000000000E+000 -9.815950920223358E-018
         145           1  0.000000000000000E+000 -1.518404907975088E-017
         145           2  0.000000000000000E+000 -9.815950920227570E-018
         146           1  0.000000000000000E+000 -1.518404907975146E-017
         146           2  0.000000000000000E+000 -9.815950920230789E-018
         147           1  0.000000000000000E+000 -1.518404907975197E-017
         147           2  0.000000000000000E+000 -9.815950920231764E-018
         148           1  0.000000000000000E+000 -1.518404907975201E-017
         148           2  0.000000000000000E+000 -9.815950920232871E-018
         149           1  0.000000000000000E+000 -1.518404907975073E-017
         149           2  0.000000000000000E+000 -9.815950920235351E-018
         150           1  0.000000000000000E+000 -1.518404907975242E-017
         150           2  0.000000000000000E+000 -9.815950920238397E-018
         151           1  0.000000000000000E+000 -1.518404907975239E-017
         151           2  0.000000000000000E+000 -9.815950920238899E-018
         152           1  0.000000000000000E+000 -1.518404907975234E-017
         152           2  0.000000000000000E+000 -9.815950920237638E-018
         153           1  0.000000000000000E+000 -1.518404907975245E-017
         153           2  0.000000000000000E+000 -9.815950920234514E-018
         154           1  0.000000000000000E+000 -1.518404907975195E-017
         154           2  0.000000000000000E+000 -9.815950920229378E-018
         155           1  0.000000000000000E+000 -1.518404907975243E-017
         155           2  0.000000000000000E+000 -9.815950920232219E-018
         156           1  0.000000000000000E+000 -1.518404907975303E-017
         156           2  0.000000000000000E+000 -9.815950920235522E-018
         157           1  0.000000000000000E+000 -1.518404907975201E-017
         157           2  0.000000000000000E+000 -9.815950920231327E-018
         158           1  0.000000000000000E+000 -1.518404907975149E-017
         158           2  0.000000000000000E+000 -9.815950920227965E-018
         159           1  0.000000000000000E+000 -1.518404907975133E-017
         159           2  0.000000000000000E+000 -9.815950920228908E-018
         160           1  0.000000000000000E+000 -1.518404907975087E-017
         160           2  0.000000000000000E+000 -9.815950920226187E-018
         161           1  0.000000000000000E+000 -1.518404907975037E-017
         161           2  0.000000000000000E+000 -9.815950920221169E-018
         162           1  0.000000000000000E+000 -1.518404907975145E-017
         162           2  0.000000000000000E+000 -9.815950920225372E-018
         163           1  0.000000000000000E+000 -1.518404907975025E-017
         163           2  0.000000000000000E+000 -9.815950920226068E-018
         164           1  0.000000000000000E+000 -1.518404907975120E-017
         164           2  0.000000000000000E+000 -9.815950920224990E-018
         165           1  0.000000000000000E+000 -1.518404907975179E-017
         165           2  0.000000000000000E+000 -9.815950920226170E-018
         166           1  0.000000000000000E+000 -1.518404907975124E-017
         166           2  0.000000000000000E+000 -9.815950920229563E-018
         167           1  0.000000000000000E+000 -1.518404907975156E-017
         167           2  0.000000000000000E+000 -9.815950920232020E-018
         168           1  0.000000000000000E+000 -1.518404907975181E-017
         168           2  0.000000000000000E+000 -9.815950920232632E-018
         169           1  0.000000000000000E+000 -1.518404907975116E-017
         169           2  0.000000000000000E+000 -9.815950920232920E-018
         170           1  0.000000000000000E+000 -1.518404907975162E-017
         170           2  0.000000000000000E+000 -9.815950920235390E-018
         171           1  0.000000000000000E+000 -1.518404907975172E-017
         171           2  0.000000000000000E+000 -9.815950920237069E-018
         172           1  0.000000000000000E+000 -1.518404907975213E-017
         172           2  0.000000000000000E+000 -9.815950920234605E-018
         173           1  0.000000000000000E+000 -1.518404907975095E-017
         173           2  0.000000000000000E+000 -9.815950920231960E-018
         174           1  0.000000000000000E+000 -1.518404907975187E-017
         174           2  0.000000000000000E+000 -9.815950920233854E-018
         175           1  0.000000000000000E+000 -1.518404907975259E-017
         175           2  0.000000000000000E+000 -9.815950920236274E-018
         176           1  0.000000000000000E+000 -1.518404907975292E-017
         176           2  0.000000000000000E+000 -9.815950920234151E-018
         177           1  0.000000000000000E+000 -1.518404907975248E-017
         177           2  0.000000000000000E+000 -9.815950920229239E-018
         178           1  0.000000000000000E+000 -1.518404907975162E-017
         178           2  0.000000000000000E+000 -9.815950920226768E-018
         179           1  0.000000000000000E+000 -1.518404907975123E-017
         179           2  0.000000000000000E+000 -9.815950920227627E-018
         180           1  0.000000000000000E+000 -1.518404907975011E-017
         180           2  0.000000000000000E+000 -9.815950920223467E-018
         181           1  0.000000000000000E+000 -1.518404907975040E-017
         181           2  0.000000000000000E+000 -9.815950920224051E-018
         182           1  0.000000000000000E+000 -1.518404907975117E-017
         182           2  0.000000000000000E+000 -9.815950920228296E-018
         183           1  0.000000000000000E+000 -1.518404907975053E-017
         183           2  0.000000000000000E+000 -9.815950920228635E-018
         184           1  0.000000000000000E+000 -1.518404907975076E-017
         184           2  0.000000000000000E+000 -9.815950920226199E-018
         185           1  0.000000000000000E+000 -1.518404907975100E-017
         185           2  0.000000000000000E+000 -9.815950920228806E-018
         186           1  0.000000000000000E+000 -1.518404907975169E-017
         186           2  0.000000000000000E+000 -9.815950920230003E-018
         187           1  0.000000000000000E+000 -1.518404907975171E-017
         187           2  0.000000000000000E+000 -9.815950920232176E-018
         188           1  0.000000000000000E+000 -1.518404907975238E-017
         188           2  0.000000000000000E+000 -9.815950920232527E-018
         189           1  0.000000000000000E+000 -1.518404907975056E-017
         189           2  0.000000000000000E+000 -9.815950920233559E-018
         190           1  0.000000000000000E+000 -1.518404907975049E-017
         190           2  0.000000000000000E+000 -9.815950920232026E-018
         191           1  0.000000000000000E+000 -1.518404907975024E-017
         191           2  0.000000000000000E+000 -9.815950920234157E-018
         192           1  0.000000000000000E+000 -1.518404907975274E-017
         192           2  0.000000000000000E+000 -9.815950920237718E-018
         193           1  0.000000000000000E+000 -1.518404907975248E-017
         193           2  0.000000000000000E+000 -9.815950920232798E-018
         194           1  0.000000000000000E+000 -1.518404907975258E-017
         194           2  0.000000000000000E+000 -9.815950920233441E-018
         195           1  0.000000000000000E+000 -1.518404907975348E-017
         195           2  0.000000000000000E+000 -9.815950920238292E-018
         196           1  0.000000000000000E+000 -1.518404907975312E-017
         196           2  0.000000000000000E+000 -9.815950920234746E-018
         197           1  0.000000000000000E+000 -1.518404907975194E-017
         197           2  0.000000000000000E+000 -9.815950920231171E-018
         198           1  0.000000000000000E+000 -1.518404907975112E-017
         198           2  0.000000000000000E+000 -9.815950920226111E-018
         199           1  0.000000000000000E+000 -1.518404907975168E-017
         199           2  0.000000000000000E+000 -9.815950920228965E-018
         200           1  0.000000000000000E+000 -1.518404907974988E-017
         200           2  0.000000000000000E+000 -9.815950920223680E-018
         201           1  0.000000000000000E+000 -1.518404907974907E-017
         201           2  0.000000000000000E+000 -9.815950920221549E-018
         202           1  0.000000000000000E+000 -1.518404907975039E-017
         202           2  0.000000000000000E+000 -9.815950920225926E-018
         203           1  0.000000000000000E+000 -1.518404907975062E-017
         203           2  0.000000000000000E+000 -9.815950920227083E-018
         204           1  0.000000000000000E+000 -1.518404907975069E-017
         204           2  0.000000000000000E+000 -9.815950920226308E-018
         205           1  0.000000000000000E+000 -1.518404907975160E-017
         205           2  0.000000000000000E+000 -9.815950920229291E-018
         206           1  0.000000000000000E+000 -1.518404907975196E-017
         206           2  0.000000000000000E+000 -9.815950920231602E-018
         207           1  0.000000000000000E+000 -1.518404907975249E-017
         207           2  0.000000000000000E+000 -9.815950920234493E-018
         208           1  0.000000000000000E+000 -1.518404907975139E-017
         208           2  0.000000000000000E+000 -9.815950920233607E-018
         209           1  0.000000000000000E+000 -1.518404907975119E-017
         209           2  0.000000000000000E+000 -9.815950920234057E-018
         210           1  0.000000000000000E+000 -1.518404907975022E-017
         210           2  0.000000000000000E+000 -9.815950920230969E-018
         211           1  0.000000000000000E+000 -1.518404907975026E-017
         211           2  0.000000000000000E+000 -9.815950920232182E-018
         212           1  0.000000000000000E+000 -1.518404907975230E-017
         212           2  0.000000000000000E+000 -9.815950920234109E-018
         213           1  0.000000000000000E+000 -1.518404907975251E-017
         213           2  0.000000000000000E+000 -9.815950920235815E-018
         214           1  0.000000000000000E+000 -1.518404907975301E-017
         214           2  0.000000000000000E+000 -9.815950920235824E-018
         215           1  0.000000000000000E+000 -1.518404907975378E-017
         215           2  0.000000000000000E+000 -9.815950920236799E-018
         216           1  0.000000000000000E+000 -1.518404907975316E-017
         216           2  0.000000000000000E+000 -9.815950920234604E-018
         217           1  0.000000000000000E+000 -1.518404907975194E-017
         217           2  0.000000000000000E+000 -9.815950920231729E-018
         218           1  0.000000000000000E+000 -1.518404907975179E-017
         218           2  0.000000000000000E+000 -9.815950920228311E-018
         219           1  0.000000000000000E+000 -1.518404907975180E-017
         219           2  0.000000000000000E+000 -9.815950920230536E-018
         220           1  0.000000000000000E+000 -1.518404907974994E-017
         220           2  0.000000000000000E+000 -9.815950920224363E-018
         221           1  0.000000000000000E+000 -1.518404907974962E-017
         221           2  0.000000000000000E+000 -9.815950920219954E-018
         222           1  0.000000000000000E+000 -1.518404907974989E-017
         222           2  0.000000000000000E+000 -9.815950920221860E-018
         223           1  0.000000000000000E+000 -1.518404907975020E-017
         223           2  0.000000000000000E+000 -9.815950920224416E-018
         224           1  0.000000000000000E+000 -1.518404907975072E-017
         224           2  0.000000000000000E+000 -9.815950920224922E-018
         225           1  0.000000000000000E+000 -1.518404907975105E-017
         225           2  0.000000000000000E+000 -9.815950920226863E-018
         226           1  0.000000000000000E+000 -1.518404907975166E-017
         226           2  0.000000000000000E+000 -9.815950920229251E-018
         227           1  0.000000000000000E+000 -1.518404907975115E-017
         227           2  0.000000000000000E+000 -9.815950920231515E-018
         228           1  0.000000000000000E+000 -1.518404907975189E-017
         228           2  0.000000000000000E+000 -9.815950920234427E-018
         229           1  0.000000000000000E+000 -1.518404907975169E-017
         229           2  0.000000000000000E+000 -9.815950920232824E-018
         230           1  0.000000000000000E+000 -1.518404907975078E-017
         230           2  0.000000000000000E+000 -9.815950920231892E-018
         231           1  0.000000000000000E+000 -1.518404907975144E-017
         231           2  0.000000000000000E+000 -9.815950920232795E-018
         232           1  0.000000000000000E+000 -1.518404907975174E-017
         232           2  0.000000000000000E+000 -9.815950920234986E-018
         233           1  0.000000000000000E+000 -1.518404907975273E-017
         233           2  0.000000000000000E+000 -9.815950920234667E-018
         234           1  0.000000000000000E+000 -1.518404907975315E-017
         234           2  0.000000000000000E+000 -9.815950920236952E-018
         235           1  0.000000000000000E+000 -1.518404907975409E-017
         235           2  0.000000000000000E+000 -9.815950920236294E-018
         236           1  0.000000000000000E+000 -1.518404907975309E-017
         236           2  0.000000000000000E+000 -9.815950920232669E-018
         237           1  0.000000000000000E+000 -1.518404907975266E-017
         237           2  0.000000000000000E+000 -9.815950920232626E-018
         238           1  0.000000000000000E+000 -1.518404907975251E-017
         238           2  0.000000000000000E+000 -9.815950920230741E-018
         239           1  0.000000000000000E+000 -1.518404907975221E-017
         239           2  0.000000000000000E+000 -9.815950920231572E-018
         240           1  0.000000000000000E+000 -1.518404907975045E-017
         240           2  0.000000000000000E+000 -9.815950920228318E-018
         241           1  0.000000000000000E+000 -1.518404907974820E-017
         241           2  0.000000000000000E+000 -9.815950920214505E-018
         242           1  0.000000000000000E+000 -1.518404907974964E-017
         242           2  0.000000000000000E+000 -9.815950920219568E-018
         243           1  0.000000000000000E+000 -1.518404907975055E-017
         243           2  0.000000000000000E+000 -9.815950920223002E-018
         244           1  0.000000000000000E+000 -1.518404907975121E-017
         244           2  0.000000000000000E+000 -9.815950920224039E-018
         245           1  0.000000000000000E+000 -1.518404907975104E-017
         245           2  0.000000000000000E+000 -9.815950920226366E-018
         246           1  0.000000000000000E+000 -1.518404907975143E-017
         246           2  0.000000000000000E+000 -9.815950920228264E-018
         247           1  0.000000000000000E+000 -1.518404907975256E-017
         247           2  0.000000000000000E+000 -9.815950920231618E-018
         248           1  0.000000000000000E+000 -1.518404907975170E-017
         248           2  0.000000000000000E+000 -9.815950920232029E-018
         249           1  0.000000000000000E+000 -1.518404907975238E-017
         249           2  0.000000000000000E+000 -9.815950920233042E-018
         250           1  0.000000000000000E+000 -1.518404907975202E-017
         250           2  0.000000000000000E+000 -9.815950920235516E-018
         251           1  0.000000000000000E+000 -1.518404907975291E-017
         251           2  0.000000000000000E+000 -9.815950920236801E-018
         252           1  0.000000000000000E+000 -1.518404907975269E-017
         252           2  0.000000000000000E+000 -9.815950920236419E-018
         253           1  0.000000000000000E+000 -1.518404907975386E-017
         253           2  0.000000000000000E+000 -9.815950920240120E-018
         254           1  0.000000000000000E+000 -1.518404907975368E-017
         254           2  0.000000000000000E+000 -9.815950920238018E-018
         255           1  0.000000000000000E+000 -1.518404907975421E-017
         255           2  0.000000000000000E+000 -9.815950920237316E-018
         256           1  0.000000000000000E+000 -1.518404907975294E-017
         256           2  0.000000000000000E+000 -9.815950920234122E-018
         257           1  0.000000000000000E+000 -1.518404907975307E-017
         257           2  0.000000000000000E+000 -9.815950920232505E-018
         258           1  0.000000000000000E+000 -1.518404907975316E-017
         258           2  0.000000000000000E+000 -9.815950920231643E-018
         259           1  0.000000000000000E+000 -1.518404907975263E-017
         259           2  0.000000000000000E+000 -9.815950920232034E-018
         260           1  0.000000000000000E+000 -1.518404907975265E-017
         260           2  0.000000000000000E+000 -9.815950920229898E-018
         261           1  0.000000000000000E+000 -1.518404907974895E-017
         261           2  0.000000000000000E+000 -9.815950920214391E-018
         262           1  0.000000000000000E+000 -1.518404907975098E-017
         262           2  0.000000000000000E+000 -9.815950920221321E-018
         263           1  0.000000000000000E+000 -1.518404907974973E-017
         263           2  0.000000000000000E+000 -9.815950920222668E-018
         264           1  0.000000000000000E+000 -1.518404907975244E-017
         264           2  0.000000000000000E+000 -9.815950920227040E-018
         265           1  0.000000000000000E+000 -1.518404907975175E-017
         265           2  0.000000000000000E+000 -9.815950920226463E-018
         266           1  0.000000000000000E+000 -1.518404907975178E-017
         266           2  0.000000000000000E+000 -9.815950920229136E-018
         267           1  0.000000000000000E+000 -1.518404907975164E-017
         267           2  0.000000000000000E+000 -9.815950920227353E-018
         268           1  0.000000000000000E+000 -1.518404907975215E-017
         268           2  0.000000000000000E+000 -9.815950920227161E-018
         269           1  0.000000000000000E+000 -1.518404907975281E-017
         269           2  0.000000000000000E+000 -9.815950920231937E-018
         270           1  0.000000000000000E+000 -1.518404907975315E-017
         270           2  0.000000000000000E+000 -9.815950920237251E-018
         271           1  0.000000000000000E+000 -1.518404907975308E-017
         271           2  0.000000000000000E+000 -9.815950920236772E-018
         272           1  0.000000000000000E+000 -1.518404907975272E-017
         272           2  0.000000000000000E+000 -9.815950920237764E-018
         273           1  0.000000000000000E+000 -1.518404907975340E-017
         273           2  0.000000000000000E+000 -9.815950920237904E-018
         274           1  0.000000000000000E+000 -1.518404907975313E-017
         274           2  0.000000000000000E+000 -9.815950920238389E-018
         275           1  0.000000000000000E+000 -1.518404907975374E-017
         275           2  0.000000000000000E+000 -9.815950920236776E-018
         276           1  0.000000000000000E+000 -1.518404907975272E-017
         276           2  0.000000000000000E+000 -9.815950920234237E-018
         277           1  0.000000000000000E+000 -1.518404907975360E-017
         277           2  0.000000000000000E+000 -9.815950920230766E-018
         278           1  0.000000000000000E+000 -1.518404907975280E-017
         278           2  0.000000000000000E+000 -9.815950920230972E-018
         279           1  0.000000000000000E+000 -1.518404907975197E-017
         279           2  0.000000000000000E+000 -9.815950920231350E-018
         280           1  0.000000000000000E+000 -1.518404907975127E-017
         280           2  0.000000000000000E+000 -9.815950920229549E-018
         281           1  0.000000000000000E+000 -1.518404907975061E-017
         281           2  0.000000000000000E+000 -9.815950920220150E-018
         282           1  0.000000000000000E+000 -1.518404907975181E-017
         282           2  0.000000000000000E+000 -9.815950920224768E-018
         283           1  0.000000000000000E+000 -1.518404907975201E-017
         283           2  0.000000000000000E+000 -9.815950920229384E-018
         284           1  0.000000000000000E+000 -1.518404907975200E-017
         284           2  0.000000000000000E+000 -9.815950920229647E-018
         285           1  0.000000000000000E+000 -1.518404907975121E-017
         285           2  0.000000000000000E+000 -9.815950920228518E-018
         286           1  0.000000000000000E+000 -1.518404907975181E-017
         286           2  0.000000000000000E+000 -9.815950920227666E-018
         287           1  0.000000000000000E+000 -1.518404907975108E-017
         287           2  0.000000000000000E+000 -9.815950920223799E-018
         288           1  0.000000000000000E+000 -1.518404907975058E-017
         288           2  0.000000000000000E+000 -9.815950920222950E-018
         289           1  0.000000000000000E+000 -1.518404907975078E-017
         289           2  0.000000000000000E+000 -9.815950920228160E-018
         290           1  0.000000000000000E+000 -1.518404907975173E-017
         290           2  0.000000000000000E+000 -9.815950920231422E-018
         291           1  0.000000000000000E+000 -1.518404907975201E-017
         291           2  0.000000000000000E+000 -9.815950920232186E-018
         292           1  0.000000000000000E+000 -1.518404907975267E-017
         292           2  0.000000000000000E+000 -9.815950920231777E-018
         293           1  0.000000000000000E+000 -1.518404907975261E-017
         293           2  0.000000000000000E+000 -9.815950920231530E-018
         294           1  0.000000000000000E+000 -1.518404907975252E-017
         294           2  0.000000000000000E+000 -9.815950920231337E-018
         295           1  0.000000000000000E+000 -1.518404907975223E-017
         295           2  0.000000000000000E+000 -9.815950920232035E-018
         296           1  0.000000000000000E+000 -1.518404907975205E-017
         296           2  0.000000000000000E+000 -9.815950920231872E-018
         297           1  0.000000000000000E+000 -1.518404907975275E-017
         297           2  0.000000000000000E+000 -9.815950920229140E-018
         298           1  0.000000000000000E+000 -1.518404907975228E-017
         298           2  0.000000000000000E+000 -9.815950920228945E-018
         299           1  0.000000000000000E+000 -1.518404907975210E-017
         299           2  0.000000000000000E+000 -9.815950920230479E-018
         300           1  0.000000000000000E+000 -1.518404907975088E-017
         300           2  0.000000000000000E+000 -9.815950920227389E-018
         301           1  0.000000000000000E+000 -1.518404907975197E-017
         301           2  0.000000000000000E+000 -9.815950920224492E-018
         302           1  0.000000000000000E+000 -1.518404907975152E-017
         302           2  0.000000000000000E+000 -9.815950920226862E-018
         303           1  0.000000000000000E+000 -1.518404907975150E-017
         303           2  0.000000000000000E+000 -9.815950920227282E-018
         304           1  0.000000000000000E+000 -1.518404907975144E-017
         304           2  0.000000000000000E+000 -9.815950920228116E-018
         305           1  0.000000000000000E+000 -1.518404907975144E-017
         305           2  0.000000000000000E+000 -9.815950920228492E-018
         306           1  0.000000000000000E+000 -1.518404907975112E-017
         306           2  0.000000000000000E+000 -9.815950920226395E-018
         307           1  0.000000000000000E+000 -1.518404907975003E-017
         307           2  0.000000000000000E+000 -9.815950920223122E-018
         308           1  0.000000000000000E+000 -1.518404907975039E-017
         308           2  0.000000000000000E+000 -9.815950920222557E-018
         309           1  0.000000000000000E+000 -1.518404907975006E-017
         309           2  0.000000000000000E+000 -9.815950920224284E-018
         310           1  0.000000000000000E+000 -1.518404907975196E-017
         310           2  0.000000000000000E+000 -9.815950920227365E-018
         311           1  0.000000000000000E+000 -1.518404907975188E-017
         311           2  0.000000000000000E+000 -9.815950920227370E-018
         312           1  0.000000000000000E+000 -1.518404907975169E-017
         312           2  0.000000000000000E+000 -9.815950920226758E-018
         313           1  0.000000000000000E+000 -1.518404907975173E-017
         313           2  0.000000000000000E+000 -9.815950920227663E-018
         314           1  0.000000000000000E+000 -1.518404907975220E-017
         314           2  0.000000000000000E+000 -9.815950920228036E-018
         315           1  0.000000000000000E+000 -1.518404907975227E-017
         315           2  0.000000000000000E+000 -9.815950920230183E-018
         316           1  0.000000000000000E+000 -1.518404907975274E-017
         316           2  0.000000000000000E+000 -9.815950920229393E-018
         317           1  0.000000000000000E+000 -1.518404907975182E-017
         317           2  0.000000000000000E+000 -9.815950920228475E-018
         318           1  0.000000000000000E+000 -1.518404907975298E-017
         318           2  0.000000000000000E+000 -9.815950920228781E-018
         319           1  0.000000000000000E+000 -1.518404907975161E-017
         319           2  0.000000000000000E+000 -9.815950920229538E-018
         320           1  0.000000000000000E+000 -1.518404907975169E-017
         320           2  0.000000000000000E+000 -9.815950920226956E-018
         321           1  0.000000000000000E+000 -1.518404907975160E-017
         321           2  0.000000000000000E+000 -9.815950920225922E-018
         322           1  0.000000000000000E+000 -1.518404907975241E-017
         322           2  0.000000000000000E+000 -9.815950920227686E-018
         323           1  0.000000000000000E+000 -1.518404907975183E-017
         323           2  0.000000000000000E+000 -9.815950920225090E-018
         324           1  0.000000000000000E+000 -1.518404907975126E-017
         324           2  0.000000000000000E+000 -9.815950920224680E-018
         325           1  0.000000000000000E+000 -1.518404907975099E-017
         325           2  0.000000000000000E+000 -9.815950920223148E-018
         326           1  0.000000000000000E+000 -1.518404907975108E-017
         326           2  0.000000000000000E+000 -9.815950920223087E-018
         327           1  0.000000000000000E+000 -1.518404907975081E-017
         327           2  0.000000000000000E+000 -9.815950920222621E-018
         328           1  0.000000000000000E+000 -1.518404907975068E-017
         328           2  0.000000000000000E+000 -9.815950920221945E-018
         329           1  0.000000000000000E+000 -1.518404907975148E-017
         329           2  0.000000000000000E+000 -9.815950920223071E-018
         330           1  0.000000000000000E+000 -1.518404907975116E-017
         330           2  0.000000000000000E+000 -9.815950920221679E-018
         331           1  0.000000000000000E+000 -1.518404907975163E-017
         331           2  0.000000000000000E+000 -9.815950920225942E-018
         332           1  0.000000000000000E+000 -1.518404907975138E-017
         332           2  0.000000000000000E+000 -9.815950920224138E-018
         333           1  0.000000000000000E+000 -1.518404907975167E-017
         333           2  0.000000000000000E+000 -9.815950920225423E-018
         334           1  0.000000000000000E+000 -1.518404907975311E-017
         334           2  0.000000000000000E+000 -9.815950920225675E-018
         335           1  0.000000000000000E+000 -1.518404907975239E-017
         335           2  0.000000000000000E+000 -9.815950920228182E-018
         336           1  0.000000000000000E+000 -1.518404907975228E-017
         336           2  0.000000000000000E+000 -9.815950920228322E-018
         337           1  0.000000000000000E+000 -1.518404907975097E-017
         337           2  0.000000000000000E+000 -9.815950920227686E-018
         338           1  0.000000000000000E+000 -1.518404907975109E-017
         338           2  0.000000000000000E+000 -9.815950920225791E-018
         339           1  0.000000000000000E+000 -1.518404907975153E-017
         339           2  0.000000000000000E+000 -9.815950920229140E-018
         340           1  0.000000000000000E+000 -1.518404907975094E-017
         340           2  0.000000000000000E+000 -9.815950920228763E-018
         341           1  0.000000000000000E+000 -1.518404907975159E-017
         341           2  0.000000000000000E+000 -9.815950920225908E-018
         342           1  0.000000000000000E+000 -1.518404907975111E-017
         342           2  0.000000000000000E+000 -9.815950920223085E-018
         343           1  0.000000000000000E+000 -1.518404907975047E-017
         343           2  0.000000000000000E+000 -9.815950920220854E-018
         344           1  0.000000000000000E+000 -1.518404907975031E-017
         344           2  0.000000000000000E+000 -9.815950920221999E-018
         345           1  0.000000000000000E+000 -1.518404907975057E-017
         345           2  0.000000000000000E+000 -9.815950920225352E-018
         346           1  0.000000000000000E+000 -1.518404907975064E-017
         346           2  0.000000000000000E+000 -9.815950920224564E-018
         347           1  0.000000000000000E+000 -1.518404907975148E-017
         347           2  0.000000000000000E+000 -9.815950920224065E-018
         348           1  0.000000000000000E+000 -1.518404907975167E-017
         348           2  0.000000000000000E+000 -9.815950920223906E-018
         349           1  0.000000000000000E+000 -1.518404907975136E-017
         349           2  0.000000000000000E+000 -9.815950920224175E-018
         350           1  0.000000000000000E+000 -1.518404907975188E-017
         350           2  0.000000000000000E+000 -9.815950920223390E-018
         351           1  0.000000000000000E+000 -1.518404907975082E-017
         351           2  0.000000000000000E+000 -9.815950920224304E-018
         352           1  0.000000000000000E+000 -1.518404907975094E-017
         352           2  0.000000000000000E+000 -9.815950920223187E-018
         353           1  0.000000000000000E+000 -1.518404907975188E-017
         353           2  0.000000000000000E+000 -9.815950920225943E-018
         354           1  0.000000000000000E+000 -1.518404907975243E-017
         354           2  0.000000000000000E+000 -9.815950920226632E-018
         355           1  0.000000000000000E+000 -1.518404907975227E-017
         355           2  0.000000000000000E+000 -9.815950920226191E-018
         356           1  0.000000000000000E+000 -1.518404907975271E-017
         356           2  0.000000000000000E+000 -9.815950920225990E-018
         357           1  0.000000000000000E+000 -1.518404907975173E-017
         357           2  0.000000000000000E+000 -9.815950920227122E-018
         358           1  0.000000000000000E+000 -1.518404907975184E-017
         358           2  0.000000000000000E+000 -9.815950920225216E-018
         359           1  0.000000000000000E+000 -1.518404907975167E-017
         359           2  0.000000000000000E+000 -9.815950920227657E-018
         360           1  0.000000000000000E+000 -1.518404907975082E-017
         360           2  0.000000000000000E+000 -9.815950920229173E-018
         361           1  0.000000000000000E+000 -1.518404907975070E-017
         361           2  0.000000000000000E+000 -9.815950920225208E-018
         362           1  0.000000000000000E+000 -1.518404907975226E-017
         362           2  0.000000000000000E+000 -9.815950920228809E-018
         363           1  0.000000000000000E+000 -1.518404907975194E-017
         363           2  0.000000000000000E+000 -9.815950920226578E-018
         364           1  0.000000000000000E+000 -1.518404907975074E-017
         364           2  0.000000000000000E+000 -9.815950920226205E-018
         365           1  0.000000000000000E+000 -1.518404907975035E-017
         365           2  0.000000000000000E+000 -9.815950920225971E-018
         366           1  0.000000000000000E+000 -1.518404907975015E-017
         366           2  0.000000000000000E+000 -9.815950920225398E-018
         367           1  0.000000000000000E+000 -1.518404907975112E-017
         367           2  0.000000000000000E+000 -9.815950920224836E-018
         368           1  0.000000000000000E+000 -1.518404907975099E-017
         368           2  0.000000000000000E+000 -9.815950920223258E-018
         369           1  0.000000000000000E+000 -1.518404907975118E-017
         369           2  0.000000000000000E+000 -9.815950920225088E-018
         370           1  0.000000000000000E+000 -1.518404907975169E-017
         370           2  0.000000000000000E+000 -9.815950920225207E-018
         371           1  0.000000000000000E+000 -1.518404907975083E-017
         371           2  0.000000000000000E+000 -9.815950920224985E-018
         372           1  0.000000000000000E+000 -1.518404907975142E-017
         372           2  0.000000000000000E+000 -9.815950920226464E-018
         373           1  0.000000000000000E+000 -1.518404907975125E-017
         373           2  0.000000000000000E+000 -9.815950920226176E-018
         374           1  0.000000000000000E+000 -1.518404907975151E-017
         374           2  0.000000000000000E+000 -9.815950920226621E-018
         375           1  0.000000000000000E+000 -1.518404907975161E-017
         375           2  0.000000000000000E+000 -9.815950920225683E-018
         376           1  0.000000000000000E+000 -1.518404907975219E-017
         376           2  0.000000000000000E+000 -9.815950920227307E-018
         377           1  0.000000000000000E+000 -1.518404907975150E-017
         377           2  0.000000000000000E+000 -9.815950920225440E-018
         378           1  0.000000000000000E+000 -1.518404907975149E-017
         378           2  0.000000000000000E+000 -9.815950920227697E-018
         379           1  0.000000000000000E+000 -1.518404907975152E-017
         379           2  0.000000000000000E+000 -9.815950920227107E-018
         380           1  0.000000000000000E+000 -1.518404907975086E-017
         380           2  0.000000000000000E+000 -9.815950920225171E-018
         381           1  0.000000000000000E+000 -1.518404907975078E-017
         381           2  0.000000000000000E+000 -9.815950920225070E-018
         382           1  0.000000000000000E+000 -1.518404907975063E-017
         382           2  0.000000000000000E+000 -9.815950920222968E-018
         383           1  0.000000000000000E+000 -1.518404907975143E-017
         383           2  0.000000000000000E+000 -9.815950920224022E-018
         384           1  0.000000000000000E+000 -1.518404907975121E-017
         384           2  0.000000000000000E+000 -9.815950920224458E-018
         385           1  0.000000000000000E+000 -1.518404907975015E-017
         385           2  0.000000000000000E+000 -9.815950920223789E-018
         386           1  0.000000000000000E+000 -1.518404907975051E-017
         386           2  0.000000000000000E+000 -9.815950920222430E-018
         387           1  0.000000000000000E+000 -1.518404907975097E-017
         387           2  0.000000000000000E+000 -9.815950920223620E-018
         388           1  0.000000000000000E+000 -1.518404907975103E-017
         388           2  0.000000000000000E+000 -9.815950920223205E-018
         389           1  0.000000000000000E+000 -1.518404907975046E-017
         389           2  0.000000000000000E+000 -9.815950920224336E-018
         390           1  0.000000000000000E+000 -1.518404907975070E-017
         390           2  0.000000000000000E+000 -9.815950920223947E-018
         391           1  0.000000000000000E+000 -1.518404907975006E-017
         391           2  0.000000000000000E+000 -9.815950920223879E-018
         392           1  0.000000000000000E+000 -1.518404907975039E-017
         392           2  0.000000000000000E+000 -9.815950920224817E-018
         393           1  0.000000000000000E+000 -1.518404907975082E-017
         393           2  0.000000000000000E+000 -9.815950920224235E-018
         394           1  0.000000000000000E+000 -1.518404907975126E-017
         394           2  0.000000000000000E+000 -9.815950920225335E-018
         395           1  0.000000000000000E+000 -1.518404907975150E-017
         395           2  0.000000000000000E+000 -9.815950920224407E-018
         396           1  0.000000000000000E+000 -1.518404907975071E-017
         396           2  0.000000000000000E+000 -9.815950920223888E-018
         397           1  0.000000000000000E+000 -1.518404907975067E-017
         397           2  0.000000000000000E+000 -9.815950920225808E-018
         398           1  0.000000000000000E+000 -1.518404907975179E-017
         398           2  0.000000000000000E+000 -9.815950920225752E-018
         399           1  0.000000000000000E+000 -1.518404907975069E-017
         399           2  0.000000000000000E+000 -9.815950920227185E-018
         400           1  0.000000000000000E+000 -1.518404907975075E-017
         400           2  0.000000000000000E+000 -9.815950920225147E-018
