           1           1  0.000000000000000E+000 -2.429522350647467E-017
           1           2  0.000000000000000E+000 -3.970477649352185E-017
           2           1  0.000000000000000E+000 -2.429522350647120E-017
           2           2  0.000000000000000E+000 -3.970477649352025E-017
           3           1  0.000000000000000E+000 -2.429522350647033E-017
           3           2  0.000000000000000E+000 -3.970477649351775E-017
           4           1  0.000000000000000E+000 -2.429522350647039E-017
           4           2  0.000000000000000E+000 -3.970477649351617E-017
           5           1  0.000000000000000E+000 -2.429522350646071E-017
           5           2  0.000000000000000E+000 -3.970477649350521E-017
           6           1  0.000000000000000E+000 -2.429522350645854E-017
           6           2  0.000000000000000E+000 -3.970477649350179E-017
           7           1  0.000000000000000E+000 -2.429522350646124E-017
           7           2  0.000000000000000E+000 -3.970477649350583E-017
           8           1  0.000000000000000E+000 -2.429522350646309E-017
           8           2  0.000000000000000E+000 -3.970477649350724E-017
           9           1  0.000000000000000E+000 -2.429522350646670E-017
           9           2  0.000000000000000E+000 -3.970477649351099E-017
          10           1  0.000000000000000E+000 -2.429522350646796E-017
          10           2  0.000000000000000E+000 -3.970477649351249E-017
          11           1  0.000000000000000E+000 -2.429522350647029E-017
          11           2  0.000000000000000E+000 -3.970477649351822E-017
          12           1  0.000000000000000E+000 -2.429522350646981E-017
          12           2  0.000000000000000E+000 -3.970477649351424E-017
          13           1  0.000000000000000E+000 -2.429522350646441E-017
          13           2  0.000000000000000E+000 -3.970477649350896E-017
          14           1  0.000000000000000E+000 -2.429522350645815E-017
          14           2  0.000000000000000E+000 -3.970477649350329E-017
          15           1  0.000000000000000E+000 -2.429522350645778E-017
          15           2  0.000000000000000E+000 -3.970477649350179E-017
          16           1  0.000000000000000E+000 -2.429522350646026E-017
          16           2  0.000000000000000E+000 -3.970477649350516E-017
          17           1  0.000000000000000E+000 -2.429522350646840E-017
          17           2  0.000000000000000E+000 -3.970477649351161E-017
          18           1  0.000000000000000E+000 -2.429522350647194E-017
          18           2  0.000000000000000E+000 -3.970477649351468E-017
          19           1  0.000000000000000E+000 -2.429522350647828E-017
          19           2  0.000000000000000E+000 -3.970477649352404E-017
          20           1  0.000000000000000E+000 -2.429522350648009E-017
          20           2  0.000000000000000E+000 -3.970477649352947E-017
          21           1  0.000000000000000E+000 -2.429522350647080E-017
          21           2  0.000000000000000E+000 -3.970477649351713E-017
          22           1  0.000000000000000E+000 -2.429522350647216E-017
          22           2  0.000000000000000E+000 -3.970477649351818E-017
          23           1  0.000000000000000E+000 -2.429522350647131E-017
          23           2  0.000000000000000E+000 -3.970477649351872E-017
          24           1  0.000000000000000E+000 -2.429522350647074E-017
          24           2  0.000000000000000E+000 -3.970477649351766E-017
          25           1  0.000000000000000E+000 -2.429522350646199E-017
          25           2  0.000000000000000E+000 -3.970477649350645E-017
          26           1  0.000000000000000E+000 -2.429522350645866E-017
          26           2  0.000000000000000E+000 -3.970477649350178E-017
          27           1  0.000000000000000E+000 -2.429522350646220E-017
          27           2  0.000000000000000E+000 -3.970477649350722E-017
          28           1  0.000000000000000E+000 -2.429522350646298E-017
          28           2  0.000000000000000E+000 -3.970477649350588E-017
          29           1  0.000000000000000E+000 -2.429522350646740E-017
          29           2  0.000000000000000E+000 -3.970477649351133E-017
          30           1  0.000000000000000E+000 -2.429522350646685E-017
          30           2  0.000000000000000E+000 -3.970477649351321E-017
          31           1  0.000000000000000E+000 -2.429522350646907E-017
          31           2  0.000000000000000E+000 -3.970477649351638E-017
          32           1  0.000000000000000E+000 -2.429522350646623E-017
          32           2  0.000000000000000E+000 -3.970477649351326E-017
          33           1  0.000000000000000E+000 -2.429522350646317E-017
          33           2  0.000000000000000E+000 -3.970477649350812E-017
          34           1  0.000000000000000E+000 -2.429522350645771E-017
          34           2  0.000000000000000E+000 -3.970477649349904E-017
          35           1  0.000000000000000E+000 -2.429522350645974E-017
          35           2  0.000000000000000E+000 -3.970477649350530E-017
          36           1  0.000000000000000E+000 -2.429522350646211E-017
          36           2  0.000000000000000E+000 -3.970477649350519E-017
          37           1  0.000000000000000E+000 -2.429522350647176E-017
          37           2  0.000000000000000E+000 -3.970477649351800E-017
          38           1  0.000000000000000E+000 -2.429522350647732E-017
          38           2  0.000000000000000E+000 -3.970477649352336E-017
          39           1  0.000000000000000E+000 -2.429522350647845E-017
          39           2  0.000000000000000E+000 -3.970477649352653E-017
          40           1  0.000000000000000E+000 -2.429522350648210E-017
          40           2  0.000000000000000E+000 -3.970477649353145E-017
          41           1  0.000000000000000E+000 -2.429522350647139E-017
          41           2  0.000000000000000E+000 -3.970477649351649E-017
          42           1  0.000000000000000E+000 -2.429522350647403E-017
          42           2  0.000000000000000E+000 -3.970477649351902E-017
          43           1  0.000000000000000E+000 -2.429522350647357E-017
          43           2  0.000000000000000E+000 -3.970477649352054E-017
          44           1  0.000000000000000E+000 -2.429522350647223E-017
          44           2  0.000000000000000E+000 -3.970477649352087E-017
          45           1  0.000000000000000E+000 -2.429522350646576E-017
          45           2  0.000000000000000E+000 -3.970477649350993E-017
          46           1  0.000000000000000E+000 -2.429522350645762E-017
          46           2  0.000000000000000E+000 -3.970477649350153E-017
          47           1  0.000000000000000E+000 -2.429522350646141E-017
          47           2  0.000000000000000E+000 -3.970477649350512E-017
          48           1  0.000000000000000E+000 -2.429522350646533E-017
          48           2  0.000000000000000E+000 -3.970477649350792E-017
          49           1  0.000000000000000E+000 -2.429522350646564E-017
          49           2  0.000000000000000E+000 -3.970477649351060E-017
          50           1  0.000000000000000E+000 -2.429522350646504E-017
          50           2  0.000000000000000E+000 -3.970477649351405E-017
          51           1  0.000000000000000E+000 -2.429522350646559E-017
          51           2  0.000000000000000E+000 -3.970477649351473E-017
          52           1  0.000000000000000E+000 -2.429522350646602E-017
          52           2  0.000000000000000E+000 -3.970477649351080E-017
          53           1  0.000000000000000E+000 -2.429522350646065E-017
          53           2  0.000000000000000E+000 -3.970477649350276E-017
          54           1  0.000000000000000E+000 -2.429522350645905E-017
          54           2  0.000000000000000E+000 -3.970477649350083E-017
          55           1  0.000000000000000E+000 -2.429522350645822E-017
          55           2  0.000000000000000E+000 -3.970477649350144E-017
          56           1  0.000000000000000E+000 -2.429522350646211E-017
          56           2  0.000000000000000E+000 -3.970477649350456E-017
          57           1  0.000000000000000E+000 -2.429522350647088E-017
          57           2  0.000000000000000E+000 -3.970477649351825E-017
          58           1  0.000000000000000E+000 -2.429522350647681E-017
          58           2  0.000000000000000E+000 -3.970477649352577E-017
          59           1  0.000000000000000E+000 -2.429522350647461E-017
          59           2  0.000000000000000E+000 -3.970477649352420E-017
          60           1  0.000000000000000E+000 -2.429522350647948E-017
          60           2  0.000000000000000E+000 -3.970477649352898E-017
          61           1  0.000000000000000E+000 -2.429522350647172E-017
          61           2  0.000000000000000E+000 -3.970477649351817E-017
          62           1  0.000000000000000E+000 -2.429522350647052E-017
          62           2  0.000000000000000E+000 -3.970477649351780E-017
          63           1  0.000000000000000E+000 -2.429522350647118E-017
          63           2  0.000000000000000E+000 -3.970477649352065E-017
          64           1  0.000000000000000E+000 -2.429522350647481E-017
          64           2  0.000000000000000E+000 -3.970477649352329E-017
          65           1  0.000000000000000E+000 -2.429522350646640E-017
          65           2  0.000000000000000E+000 -3.970477649351227E-017
          66           1  0.000000000000000E+000 -2.429522350645706E-017
          66           2  0.000000000000000E+000 -3.970477649350034E-017
          67           1  0.000000000000000E+000 -2.429522350646034E-017
          67           2  0.000000000000000E+000 -3.970477649350318E-017
          68           1  0.000000000000000E+000 -2.429522350646427E-017
          68           2  0.000000000000000E+000 -3.970477649350871E-017
          69           1  0.000000000000000E+000 -2.429522350646358E-017
          69           2  0.000000000000000E+000 -3.970477649350945E-017
          70           1  0.000000000000000E+000 -2.429522350646467E-017
          70           2  0.000000000000000E+000 -3.970477649351315E-017
          71           1  0.000000000000000E+000 -2.429522350646495E-017
          71           2  0.000000000000000E+000 -3.970477649351156E-017
          72           1  0.000000000000000E+000 -2.429522350646054E-017
          72           2  0.000000000000000E+000 -3.970477649350526E-017
          73           1  0.000000000000000E+000 -2.429522350645839E-017
          73           2  0.000000000000000E+000 -3.970477649350143E-017
          74           1  0.000000000000000E+000 -2.429522350645795E-017
          74           2  0.000000000000000E+000 -3.970477649350035E-017
          75           1  0.000000000000000E+000 -2.429522350645404E-017
          75           2  0.000000000000000E+000 -3.970477649350047E-017
          76           1  0.000000000000000E+000 -2.429522350645478E-017
          76           2  0.000000000000000E+000 -3.970477649349834E-017
          77           1  0.000000000000000E+000 -2.429522350647433E-017
          77           2  0.000000000000000E+000 -3.970477649352337E-017
          78           1  0.000000000000000E+000 -2.429522350647008E-017
          78           2  0.000000000000000E+000 -3.970477649351803E-017
          79           1  0.000000000000000E+000 -2.429522350646746E-017
          79           2  0.000000000000000E+000 -3.970477649351601E-017
          80           1  0.000000000000000E+000 -2.429522350648308E-017
          80           2  0.000000000000000E+000 -3.970477649352913E-017
          81           1  0.000000000000000E+000 -2.429522350646786E-017
          81           2  0.000000000000000E+000 -3.970477649351456E-017
          82           1  0.000000000000000E+000 -2.429522350646877E-017
          82           2  0.000000000000000E+000 -3.970477649351416E-017
          83           1  0.000000000000000E+000 -2.429522350646876E-017
          83           2  0.000000000000000E+000 -3.970477649351547E-017
          84           1  0.000000000000000E+000 -2.429522350646814E-017
          84           2  0.000000000000000E+000 -3.970477649351450E-017
          85           1  0.000000000000000E+000 -2.429522350646382E-017
          85           2  0.000000000000000E+000 -3.970477649350930E-017
          86           1  0.000000000000000E+000 -2.429522350645946E-017
          86           2  0.000000000000000E+000 -3.970477649350333E-017
          87           1  0.000000000000000E+000 -2.429522350645857E-017
          87           2  0.000000000000000E+000 -3.970477649350461E-017
          88           1  0.000000000000000E+000 -2.429522350646358E-017
          88           2  0.000000000000000E+000 -3.970477649350866E-017
          89           1  0.000000000000000E+000 -2.429522350646283E-017
          89           2  0.000000000000000E+000 -3.970477649350965E-017
          90           1  0.000000000000000E+000 -2.429522350646376E-017
          90           2  0.000000000000000E+000 -3.970477649351165E-017
          91           1  0.000000000000000E+000 -2.429522350646382E-017
          91           2  0.000000000000000E+000 -3.970477649350936E-017
          92           1  0.000000000000000E+000 -2.429522350645975E-017
          92           2  0.000000000000000E+000 -3.970477649350636E-017
          93           1  0.000000000000000E+000 -2.429522350645595E-017
          93           2  0.000000000000000E+000 -3.970477649349948E-017
          94           1  0.000000000000000E+000 -2.429522350645477E-017
          94           2  0.000000000000000E+000 -3.970477649349647E-017
          95           1  0.000000000000000E+000 -2.429522350645520E-017
          95           2  0.000000000000000E+000 -3.970477649349493E-017
          96           1  0.000000000000000E+000 -2.429522350645342E-017
          96           2  0.000000000000000E+000 -3.970477649349534E-017
          97           1  0.000000000000000E+000 -2.429522350646044E-017
          97           2  0.000000000000000E+000 -3.970477649350630E-017
          98           1  0.000000000000000E+000 -2.429522350646855E-017
          98           2  0.000000000000000E+000 -3.970477649351519E-017
          99           1  0.000000000000000E+000 -2.429522350647066E-017
          99           2  0.000000000000000E+000 -3.970477649351819E-017
         100           1  0.000000000000000E+000 -2.429522350647711E-017
         100           2  0.000000000000000E+000 -3.970477649352423E-017
         101           1  0.000000000000000E+000 -2.429522350646632E-017
         101           2  0.000000000000000E+000 -3.970477649351079E-017
         102           1  0.000000000000000E+000 -2.429522350646542E-017
         102           2  0.000000000000000E+000 -3.970477649351109E-017
         103           1  0.000000000000000E+000 -2.429522350646632E-017
         103           2  0.000000000000000E+000 -3.970477649351214E-017
         104           1  0.000000000000000E+000 -2.429522350646494E-017
         104           2  0.000000000000000E+000 -3.970477649350840E-017
         105           1  0.000000000000000E+000 -2.429522350646382E-017
         105           2  0.000000000000000E+000 -3.970477649350447E-017
         106           1  0.000000000000000E+000 -2.429522350646313E-017
         106           2  0.000000000000000E+000 -3.970477649350512E-017
         107           1  0.000000000000000E+000 -2.429522350645912E-017
         107           2  0.000000000000000E+000 -3.970477649350661E-017
         108           1  0.000000000000000E+000 -2.429522350646285E-017
         108           2  0.000000000000000E+000 -3.970477649350808E-017
         109           1  0.000000000000000E+000 -2.429522350646412E-017
         109           2  0.000000000000000E+000 -3.970477649350971E-017
         110           1  0.000000000000000E+000 -2.429522350646351E-017
         110           2  0.000000000000000E+000 -3.970477649351272E-017
         111           1  0.000000000000000E+000 -2.429522350646303E-017
         111           2  0.000000000000000E+000 -3.970477649351018E-017
         112           1  0.000000000000000E+000 -2.429522350646044E-017
         112           2  0.000000000000000E+000 -3.970477649350645E-017
         113           1  0.000000000000000E+000 -2.429522350645662E-017
         113           2  0.000000000000000E+000 -3.970477649349978E-017
         114           1  0.000000000000000E+000 -2.429522350645360E-017
         114           2  0.000000000000000E+000 -3.970477649349538E-017
         115           1  0.000000000000000E+000 -2.429522350645481E-017
         115           2  0.000000000000000E+000 -3.970477649349599E-017
         116           1  0.000000000000000E+000 -2.429522350645554E-017
         116           2  0.000000000000000E+000 -3.970477649349808E-017
         117           1  0.000000000000000E+000 -2.429522350645691E-017
         117           2  0.000000000000000E+000 -3.970477649350137E-017
         118           1  0.000000000000000E+000 -2.429522350646335E-017
         118           2  0.000000000000000E+000 -3.970477649350716E-017
         119           1  0.000000000000000E+000 -2.429522350646507E-017
         119           2  0.000000000000000E+000 -3.970477649351222E-017
         120           1  0.000000000000000E+000 -2.429522350646864E-017
         120           2  0.000000000000000E+000 -3.970477649351462E-017
         121           1  0.000000000000000E+000 -2.429522350646843E-017
         121           2  0.000000000000000E+000 -3.970477649351306E-017
         122           1  0.000000000000000E+000 -2.429522350646708E-017
         122           2  0.000000000000000E+000 -3.970477649351310E-017
         123           1  0.000000000000000E+000 -2.429522350646858E-017
         123           2  0.000000000000000E+000 -3.970477649351367E-017
         124           1  0.000000000000000E+000 -2.429522350646538E-017
         124           2  0.000000000000000E+000 -3.970477649350993E-017
         125           1  0.000000000000000E+000 -2.429522350646333E-017
         125           2  0.000000000000000E+000 -3.970477649350908E-017
         126           1  0.000000000000000E+000 -2.429522350646398E-017
         126           2  0.000000000000000E+000 -3.970477649350849E-017
         127           1  0.000000000000000E+000 -2.429522350646386E-017
         127           2  0.000000000000000E+000 -3.970477649350971E-017
         128           1  0.000000000000000E+000 -2.429522350646470E-017
         128           2  0.000000000000000E+000 -3.970477649351202E-017
         129           1  0.000000000000000E+000 -2.429522350646731E-017
         129           2  0.000000000000000E+000 -3.970477649351453E-017
         130           1  0.000000000000000E+000 -2.429522350646772E-017
         130           2  0.000000000000000E+000 -3.970477649351406E-017
         131           1  0.000000000000000E+000 -2.429522350646472E-017
         131           2  0.000000000000000E+000 -3.970477649351102E-017
         132           1  0.000000000000000E+000 -2.429522350646169E-017
         132           2  0.000000000000000E+000 -3.970477649350617E-017
         133           1  0.000000000000000E+000 -2.429522350645624E-017
         133           2  0.000000000000000E+000 -3.970477649350052E-017
         134           1  0.000000000000000E+000 -2.429522350645560E-017
         134           2  0.000000000000000E+000 -3.970477649350031E-017
         135           1  0.000000000000000E+000 -2.429522350645730E-017
         135           2  0.000000000000000E+000 -3.970477649350145E-017
         136           1  0.000000000000000E+000 -2.429522350645683E-017
         136           2  0.000000000000000E+000 -3.970477649349774E-017
         137           1  0.000000000000000E+000 -2.429522350645724E-017
         137           2  0.000000000000000E+000 -3.970477649349930E-017
         138           1  0.000000000000000E+000 -2.429522350646070E-017
         138           2  0.000000000000000E+000 -3.970477649350396E-017
         139           1  0.000000000000000E+000 -2.429522350646121E-017
         139           2  0.000000000000000E+000 -3.970477649350647E-017
         140           1  0.000000000000000E+000 -2.429522350645835E-017
         140           2  0.000000000000000E+000 -3.970477649350405E-017
         141           1  0.000000000000000E+000 -2.429522350646929E-017
         141           2  0.000000000000000E+000 -3.970477649351428E-017
         142           1  0.000000000000000E+000 -2.429522350646837E-017
         142           2  0.000000000000000E+000 -3.970477649351456E-017
         143           1  0.000000000000000E+000 -2.429522350646763E-017
         143           2  0.000000000000000E+000 -3.970477649351651E-017
         144           1  0.000000000000000E+000 -2.429522350646471E-017
         144           2  0.000000000000000E+000 -3.970477649351014E-017
         145           1  0.000000000000000E+000 -2.429522350646598E-017
         145           2  0.000000000000000E+000 -3.970477649351010E-017
         146           1  0.000000000000000E+000 -2.429522350646665E-017
         146           2  0.000000000000000E+000 -3.970477649351152E-017
         147           1  0.000000000000000E+000 -2.429522350646702E-017
         147           2  0.000000000000000E+000 -3.970477649351439E-017
         148           1  0.000000000000000E+000 -2.429522350646695E-017
         148           2  0.000000000000000E+000 -3.970477649351500E-017
         149           1  0.000000000000000E+000 -2.429522350646977E-017
         149           2  0.000000000000000E+000 -3.970477649351678E-017
         150           1  0.000000000000000E+000 -2.429522350646955E-017
         150           2  0.000000000000000E+000 -3.970477649351708E-017
         151           1  0.000000000000000E+000 -2.429522350646772E-017
         151           2  0.000000000000000E+000 -3.970477649351438E-017
         152           1  0.000000000000000E+000 -2.429522350646437E-017
         152           2  0.000000000000000E+000 -3.970477649350857E-017
         153           1  0.000000000000000E+000 -2.429522350646038E-017
         153           2  0.000000000000000E+000 -3.970477649350472E-017
         154           1  0.000000000000000E+000 -2.429522350645698E-017
         154           2  0.000000000000000E+000 -3.970477649350329E-017
         155           1  0.000000000000000E+000 -2.429522350646004E-017
         155           2  0.000000000000000E+000 -3.970477649350165E-017
         156           1  0.000000000000000E+000 -2.429522350645881E-017
         156           2  0.000000000000000E+000 -3.970477649350050E-017
         157           1  0.000000000000000E+000 -2.429522350645794E-017
         157           2  0.000000000000000E+000 -3.970477649350084E-017
         158           1  0.000000000000000E+000 -2.429522350646037E-017
         158           2  0.000000000000000E+000 -3.970477649350312E-017
         159           1  0.000000000000000E+000 -2.429522350645977E-017
         159           2  0.000000000000000E+000 -3.970477649350507E-017
         160           1  0.000000000000000E+000 -2.429522350645724E-017
         160           2  0.000000000000000E+000 -3.970477649350170E-017
         161           1  0.000000000000000E+000 -2.429522350646666E-017
         161           2  0.000000000000000E+000 -3.970477649351123E-017
         162           1  0.000000000000000E+000 -2.429522350646703E-017
         162           2  0.000000000000000E+000 -3.970477649351352E-017
         163           1  0.000000000000000E+000 -2.429522350646616E-017
         163           2  0.000000000000000E+000 -3.970477649351271E-017
         164           1  0.000000000000000E+000 -2.429522350646585E-017
         164           2  0.000000000000000E+000 -3.970477649351302E-017
         165           1  0.000000000000000E+000 -2.429522350646792E-017
         165           2  0.000000000000000E+000 -3.970477649351463E-017
         166           1  0.000000000000000E+000 -2.429522350646908E-017
         166           2  0.000000000000000E+000 -3.970477649351407E-017
         167           1  0.000000000000000E+000 -2.429522350646931E-017
         167           2  0.000000000000000E+000 -3.970477649351631E-017
         168           1  0.000000000000000E+000 -2.429522350647268E-017
         168           2  0.000000000000000E+000 -3.970477649351933E-017
         169           1  0.000000000000000E+000 -2.429522350647372E-017
         169           2  0.000000000000000E+000 -3.970477649352013E-017
         170           1  0.000000000000000E+000 -2.429522350647126E-017
         170           2  0.000000000000000E+000 -3.970477649352123E-017
         171           1  0.000000000000000E+000 -2.429522350647079E-017
         171           2  0.000000000000000E+000 -3.970477649351878E-017
         172           1  0.000000000000000E+000 -2.429522350647082E-017
         172           2  0.000000000000000E+000 -3.970477649351594E-017
         173           1  0.000000000000000E+000 -2.429522350646434E-017
         173           2  0.000000000000000E+000 -3.970477649351173E-017
         174           1  0.000000000000000E+000 -2.429522350645909E-017
         174           2  0.000000000000000E+000 -3.970477649350664E-017
         175           1  0.000000000000000E+000 -2.429522350646140E-017
         175           2  0.000000000000000E+000 -3.970477649350478E-017
         176           1  0.000000000000000E+000 -2.429522350646209E-017
         176           2  0.000000000000000E+000 -3.970477649350363E-017
         177           1  0.000000000000000E+000 -2.429522350646163E-017
         177           2  0.000000000000000E+000 -3.970477649350434E-017
         178           1  0.000000000000000E+000 -2.429522350645786E-017
         178           2  0.000000000000000E+000 -3.970477649350512E-017
         179           1  0.000000000000000E+000 -2.429522350646017E-017
         179           2  0.000000000000000E+000 -3.970477649350647E-017
         180           1  0.000000000000000E+000 -2.429522350646040E-017
         180           2  0.000000000000000E+000 -3.970477649350539E-017
         181           1  0.000000000000000E+000 -2.429522350646868E-017
         181           2  0.000000000000000E+000 -3.970477649351399E-017
         182           1  0.000000000000000E+000 -2.429522350646913E-017
         182           2  0.000000000000000E+000 -3.970477649351589E-017
         183           1  0.000000000000000E+000 -2.429522350646791E-017
         183           2  0.000000000000000E+000 -3.970477649351506E-017
         184           1  0.000000000000000E+000 -2.429522350646956E-017
         184           2  0.000000000000000E+000 -3.970477649351800E-017
         185           1  0.000000000000000E+000 -2.429522350647021E-017
         185           2  0.000000000000000E+000 -3.970477649351849E-017
         186           1  0.000000000000000E+000 -2.429522350646936E-017
         186           2  0.000000000000000E+000 -3.970477649351936E-017
         187           1  0.000000000000000E+000 -2.429522350647099E-017
         187           2  0.000000000000000E+000 -3.970477649352070E-017
         188           1  0.000000000000000E+000 -2.429522350647291E-017
         188           2  0.000000000000000E+000 -3.970477649352540E-017
         189           1  0.000000000000000E+000 -2.429522350647644E-017
         189           2  0.000000000000000E+000 -3.970477649352427E-017
         190           1  0.000000000000000E+000 -2.429522350647552E-017
         190           2  0.000000000000000E+000 -3.970477649352473E-017
         191           1  0.000000000000000E+000 -2.429522350647606E-017
         191           2  0.000000000000000E+000 -3.970477649352518E-017
         192           1  0.000000000000000E+000 -2.429522350647365E-017
         192           2  0.000000000000000E+000 -3.970477649352138E-017
         193           1  0.000000000000000E+000 -2.429522350646965E-017
         193           2  0.000000000000000E+000 -3.970477649351789E-017
         194           1  0.000000000000000E+000 -2.429522350646874E-017
         194           2  0.000000000000000E+000 -3.970477649351542E-017
         195           1  0.000000000000000E+000 -2.429522350646749E-017
         195           2  0.000000000000000E+000 -3.970477649351187E-017
         196           1  0.000000000000000E+000 -2.429522350646428E-017
         196           2  0.000000000000000E+000 -3.970477649350689E-017
         197           1  0.000000000000000E+000 -2.429522350646110E-017
         197           2  0.000000000000000E+000 -3.970477649350511E-017
         198           1  0.000000000000000E+000 -2.429522350646295E-017
         198           2  0.000000000000000E+000 -3.970477649350755E-017
         199           1  0.000000000000000E+000 -2.429522350646351E-017
         199           2  0.000000000000000E+000 -3.970477649350962E-017
         200           1  0.000000000000000E+000 -2.429522350646195E-017
         200           2  0.000000000000000E+000 -3.970477649350875E-017
         201           1  0.000000000000000E+000 -2.429522350647263E-017
         201           2  0.000000000000000E+000 -3.970477649351944E-017
         202           1  0.000000000000000E+000 -2.429522350646962E-017
         202           2  0.000000000000000E+000 -3.970477649351999E-017
         203           1  0.000000000000000E+000 -2.429522350647134E-017
         203           2  0.000000000000000E+000 -3.970477649352173E-017
         204           1  0.000000000000000E+000 -2.429522350647191E-017
         204           2  0.000000000000000E+000 -3.970477649352128E-017
         205           1  0.000000000000000E+000 -2.429522350647345E-017
         205           2  0.000000000000000E+000 -3.970477649351975E-017
         206           1  0.000000000000000E+000 -2.429522350647385E-017
         206           2  0.000000000000000E+000 -3.970477649352246E-017
         207           1  0.000000000000000E+000 -2.429522350647563E-017
         207           2  0.000000000000000E+000 -3.970477649352527E-017
         208           1  0.000000000000000E+000 -2.429522350647812E-017
         208           2  0.000000000000000E+000 -3.970477649352958E-017
         209           1  0.000000000000000E+000 -2.429522350648137E-017
         209           2  0.000000000000000E+000 -3.970477649353194E-017
         210           1  0.000000000000000E+000 -2.429522350647972E-017
         210           2  0.000000000000000E+000 -3.970477649353117E-017
         211           1  0.000000000000000E+000 -2.429522350647746E-017
         211           2  0.000000000000000E+000 -3.970477649352905E-017
         212           1  0.000000000000000E+000 -2.429522350647821E-017
         212           2  0.000000000000000E+000 -3.970477649352632E-017
         213           1  0.000000000000000E+000 -2.429522350647530E-017
         213           2  0.000000000000000E+000 -3.970477649352319E-017
         214           1  0.000000000000000E+000 -2.429522350647293E-017
         214           2  0.000000000000000E+000 -3.970477649352152E-017
         215           1  0.000000000000000E+000 -2.429522350647167E-017
         215           2  0.000000000000000E+000 -3.970477649351870E-017
         216           1  0.000000000000000E+000 -2.429522350646729E-017
         216           2  0.000000000000000E+000 -3.970477649351444E-017
         217           1  0.000000000000000E+000 -2.429522350646723E-017
         217           2  0.000000000000000E+000 -3.970477649351286E-017
         218           1  0.000000000000000E+000 -2.429522350646689E-017
         218           2  0.000000000000000E+000 -3.970477649350912E-017
         219           1  0.000000000000000E+000 -2.429522350646453E-017
         219           2  0.000000000000000E+000 -3.970477649351045E-017
         220           1  0.000000000000000E+000 -2.429522350646349E-017
         220           2  0.000000000000000E+000 -3.970477649351065E-017
         221           1  0.000000000000000E+000 -2.429522350647186E-017
         221           2  0.000000000000000E+000 -3.970477649352139E-017
         222           1  0.000000000000000E+000 -2.429522350647189E-017
         222           2  0.000000000000000E+000 -3.970477649352199E-017
         223           1  0.000000000000000E+000 -2.429522350647140E-017
         223           2  0.000000000000000E+000 -3.970477649352054E-017
         224           1  0.000000000000000E+000 -2.429522350647355E-017
         224           2  0.000000000000000E+000 -3.970477649351873E-017
         225           1  0.000000000000000E+000 -2.429522350647343E-017
         225           2  0.000000000000000E+000 -3.970477649352089E-017
         226           1  0.000000000000000E+000 -2.429522350647424E-017
         226           2  0.000000000000000E+000 -3.970477649352195E-017
         227           1  0.000000000000000E+000 -2.429522350647912E-017
         227           2  0.000000000000000E+000 -3.970477649352842E-017
         228           1  0.000000000000000E+000 -2.429522350648033E-017
         228           2  0.000000000000000E+000 -3.970477649353341E-017
         229           1  0.000000000000000E+000 -2.429522350648157E-017
         229           2  0.000000000000000E+000 -3.970477649353653E-017
         230           1  0.000000000000000E+000 -2.429522350648192E-017
         230           2  0.000000000000000E+000 -3.970477649353390E-017
         231           1  0.000000000000000E+000 -2.429522350647829E-017
         231           2  0.000000000000000E+000 -3.970477649352988E-017
         232           1  0.000000000000000E+000 -2.429522350647571E-017
         232           2  0.000000000000000E+000 -3.970477649352650E-017
         233           1  0.000000000000000E+000 -2.429522350647588E-017
         233           2  0.000000000000000E+000 -3.970477649352304E-017
         234           1  0.000000000000000E+000 -2.429522350647349E-017
         234           2  0.000000000000000E+000 -3.970477649352303E-017
         235           1  0.000000000000000E+000 -2.429522350647257E-017
         235           2  0.000000000000000E+000 -3.970477649351984E-017
         236           1  0.000000000000000E+000 -2.429522350647053E-017
         236           2  0.000000000000000E+000 -3.970477649351697E-017
         237           1  0.000000000000000E+000 -2.429522350646875E-017
         237           2  0.000000000000000E+000 -3.970477649351643E-017
         238           1  0.000000000000000E+000 -2.429522350646720E-017
         238           2  0.000000000000000E+000 -3.970477649351252E-017
         239           1  0.000000000000000E+000 -2.429522350646503E-017
         239           2  0.000000000000000E+000 -3.970477649351133E-017
         240           1  0.000000000000000E+000 -2.429522350646361E-017
         240           2  0.000000000000000E+000 -3.970477649351193E-017
         241           1  0.000000000000000E+000 -2.429522350646990E-017
         241           2  0.000000000000000E+000 -3.970477649351799E-017
         242           1  0.000000000000000E+000 -2.429522350646940E-017
         242           2  0.000000000000000E+000 -3.970477649351702E-017
         243           1  0.000000000000000E+000 -2.429522350646963E-017
         243           2  0.000000000000000E+000 -3.970477649351645E-017
         244           1  0.000000000000000E+000 -2.429522350646933E-017
         244           2  0.000000000000000E+000 -3.970477649351718E-017
         245           1  0.000000000000000E+000 -2.429522350647170E-017
         245           2  0.000000000000000E+000 -3.970477649351898E-017
         246           1  0.000000000000000E+000 -2.429522350647406E-017
         246           2  0.000000000000000E+000 -3.970477649352132E-017
         247           1  0.000000000000000E+000 -2.429522350647616E-017
         247           2  0.000000000000000E+000 -3.970477649352558E-017
         248           1  0.000000000000000E+000 -2.429522350647707E-017
         248           2  0.000000000000000E+000 -3.970477649352984E-017
         249           1  0.000000000000000E+000 -2.429522350647788E-017
         249           2  0.000000000000000E+000 -3.970477649353230E-017
         250           1  0.000000000000000E+000 -2.429522350647743E-017
         250           2  0.000000000000000E+000 -3.970477649352970E-017
         251           1  0.000000000000000E+000 -2.429522350647640E-017
         251           2  0.000000000000000E+000 -3.970477649352831E-017
         252           1  0.000000000000000E+000 -2.429522350647576E-017
         252           2  0.000000000000000E+000 -3.970477649352457E-017
         253           1  0.000000000000000E+000 -2.429522350647301E-017
         253           2  0.000000000000000E+000 -3.970477649352199E-017
         254           1  0.000000000000000E+000 -2.429522350647254E-017
         254           2  0.000000000000000E+000 -3.970477649352050E-017
         255           1  0.000000000000000E+000 -2.429522350647230E-017
         255           2  0.000000000000000E+000 -3.970477649351989E-017
         256           1  0.000000000000000E+000 -2.429522350647050E-017
         256           2  0.000000000000000E+000 -3.970477649351854E-017
         257           1  0.000000000000000E+000 -2.429522350646869E-017
         257           2  0.000000000000000E+000 -3.970477649351654E-017
         258           1  0.000000000000000E+000 -2.429522350646579E-017
         258           2  0.000000000000000E+000 -3.970477649351519E-017
         259           1  0.000000000000000E+000 -2.429522350646606E-017
         259           2  0.000000000000000E+000 -3.970477649351194E-017
         260           1  0.000000000000000E+000 -2.429522350646641E-017
         260           2  0.000000000000000E+000 -3.970477649351298E-017
         261           1  0.000000000000000E+000 -2.429522350646813E-017
         261           2  0.000000000000000E+000 -3.970477649351640E-017
         262           1  0.000000000000000E+000 -2.429522350646948E-017
         262           2  0.000000000000000E+000 -3.970477649351532E-017
         263           1  0.000000000000000E+000 -2.429522350646763E-017
         263           2  0.000000000000000E+000 -3.970477649351519E-017
         264           1  0.000000000000000E+000 -2.429522350646907E-017
         264           2  0.000000000000000E+000 -3.970477649351501E-017
         265           1  0.000000000000000E+000 -2.429522350647063E-017
         265           2  0.000000000000000E+000 -3.970477649351684E-017
         266           1  0.000000000000000E+000 -2.429522350647000E-017
         266           2  0.000000000000000E+000 -3.970477649351727E-017
         267           1  0.000000000000000E+000 -2.429522350647286E-017
         267           2  0.000000000000000E+000 -3.970477649352227E-017
         268           1  0.000000000000000E+000 -2.429522350647458E-017
         268           2  0.000000000000000E+000 -3.970477649352584E-017
         269           1  0.000000000000000E+000 -2.429522350647525E-017
         269           2  0.000000000000000E+000 -3.970477649352508E-017
         270           1  0.000000000000000E+000 -2.429522350647469E-017
         270           2  0.000000000000000E+000 -3.970477649352511E-017
         271           1  0.000000000000000E+000 -2.429522350647475E-017
         271           2  0.000000000000000E+000 -3.970477649352488E-017
         272           1  0.000000000000000E+000 -2.429522350647300E-017
         272           2  0.000000000000000E+000 -3.970477649352209E-017
         273           1  0.000000000000000E+000 -2.429522350646978E-017
         273           2  0.000000000000000E+000 -3.970477649351963E-017
         274           1  0.000000000000000E+000 -2.429522350646799E-017
         274           2  0.000000000000000E+000 -3.970477649351895E-017
         275           1  0.000000000000000E+000 -2.429522350647009E-017
         275           2  0.000000000000000E+000 -3.970477649351811E-017
         276           1  0.000000000000000E+000 -2.429522350646991E-017
         276           2  0.000000000000000E+000 -3.970477649351671E-017
         277           1  0.000000000000000E+000 -2.429522350646917E-017
         277           2  0.000000000000000E+000 -3.970477649351613E-017
         278           1  0.000000000000000E+000 -2.429522350646871E-017
         278           2  0.000000000000000E+000 -3.970477649351747E-017
         279           1  0.000000000000000E+000 -2.429522350646622E-017
         279           2  0.000000000000000E+000 -3.970477649351639E-017
         280           1  0.000000000000000E+000 -2.429522350646704E-017
         280           2  0.000000000000000E+000 -3.970477649351439E-017
         281           1  0.000000000000000E+000 -2.429522350646934E-017
         281           2  0.000000000000000E+000 -3.970477649351381E-017
         282           1  0.000000000000000E+000 -2.429522350646755E-017
         282           2  0.000000000000000E+000 -3.970477649351348E-017
         283           1  0.000000000000000E+000 -2.429522350646728E-017
         283           2  0.000000000000000E+000 -3.970477649351422E-017
         284           1  0.000000000000000E+000 -2.429522350646862E-017
         284           2  0.000000000000000E+000 -3.970477649351447E-017
         285           1  0.000000000000000E+000 -2.429522350646697E-017
         285           2  0.000000000000000E+000 -3.970477649351372E-017
         286           1  0.000000000000000E+000 -2.429522350646666E-017
         286           2  0.000000000000000E+000 -3.970477649351192E-017
         287           1  0.000000000000000E+000 -2.429522350646850E-017
         287           2  0.000000000000000E+000 -3.970477649351433E-017
         288           1  0.000000000000000E+000 -2.429522350647079E-017
         288           2  0.000000000000000E+000 -3.970477649351937E-017
         289           1  0.000000000000000E+000 -2.429522350647084E-017
         289           2  0.000000000000000E+000 -3.970477649351922E-017
         290           1  0.000000000000000E+000 -2.429522350647067E-017
         290           2  0.000000000000000E+000 -3.970477649351738E-017
         291           1  0.000000000000000E+000 -2.429522350647387E-017
         291           2  0.000000000000000E+000 -3.970477649352070E-017
         292           1  0.000000000000000E+000 -2.429522350647251E-017
         292           2  0.000000000000000E+000 -3.970477649352123E-017
         293           1  0.000000000000000E+000 -2.429522350646933E-017
         293           2  0.000000000000000E+000 -3.970477649351836E-017
         294           1  0.000000000000000E+000 -2.429522350646754E-017
         294           2  0.000000000000000E+000 -3.970477649351712E-017
         295           1  0.000000000000000E+000 -2.429522350646842E-017
         295           2  0.000000000000000E+000 -3.970477649351522E-017
         296           1  0.000000000000000E+000 -2.429522350646783E-017
         296           2  0.000000000000000E+000 -3.970477649351412E-017
         297           1  0.000000000000000E+000 -2.429522350647019E-017
         297           2  0.000000000000000E+000 -3.970477649351670E-017
         298           1  0.000000000000000E+000 -2.429522350647015E-017
         298           2  0.000000000000000E+000 -3.970477649351817E-017
         299           1  0.000000000000000E+000 -2.429522350646716E-017
         299           2  0.000000000000000E+000 -3.970477649351597E-017
         300           1  0.000000000000000E+000 -2.429522350646663E-017
         300           2  0.000000000000000E+000 -3.970477649351406E-017
         301           1  0.000000000000000E+000 -2.429522350647057E-017
         301           2  0.000000000000000E+000 -3.970477649351393E-017
         302           1  0.000000000000000E+000 -2.429522350647072E-017
         302           2  0.000000000000000E+000 -3.970477649351742E-017
         303           1  0.000000000000000E+000 -2.429522350646975E-017
         303           2  0.000000000000000E+000 -3.970477649351663E-017
         304           1  0.000000000000000E+000 -2.429522350646723E-017
         304           2  0.000000000000000E+000 -3.970477649351261E-017
         305           1  0.000000000000000E+000 -2.429522350646581E-017
         305           2  0.000000000000000E+000 -3.970477649351388E-017
         306           1  0.000000000000000E+000 -2.429522350646993E-017
         306           2  0.000000000000000E+000 -3.970477649351638E-017
         307           1  0.000000000000000E+000 -2.429522350647154E-017
         307           2  0.000000000000000E+000 -3.970477649351899E-017
         308           1  0.000000000000000E+000 -2.429522350646417E-017
         308           2  0.000000000000000E+000 -3.970477649351006E-017
         309           1  0.000000000000000E+000 -2.429522350646394E-017
         309           2  0.000000000000000E+000 -3.970477649350898E-017
         310           1  0.000000000000000E+000 -2.429522350647096E-017
         310           2  0.000000000000000E+000 -3.970477649351712E-017
         311           1  0.000000000000000E+000 -2.429522350647566E-017
         311           2  0.000000000000000E+000 -3.970477649352543E-017
         312           1  0.000000000000000E+000 -2.429522350647321E-017
         312           2  0.000000000000000E+000 -3.970477649352180E-017
         313           1  0.000000000000000E+000 -2.429522350647081E-017
         313           2  0.000000000000000E+000 -3.970477649352198E-017
         314           1  0.000000000000000E+000 -2.429522350646786E-017
         314           2  0.000000000000000E+000 -3.970477649351614E-017
         315           1  0.000000000000000E+000 -2.429522350646708E-017
         315           2  0.000000000000000E+000 -3.970477649351427E-017
         316           1  0.000000000000000E+000 -2.429522350646916E-017
         316           2  0.000000000000000E+000 -3.970477649351442E-017
         317           1  0.000000000000000E+000 -2.429522350647007E-017
         317           2  0.000000000000000E+000 -3.970477649351683E-017
         318           1  0.000000000000000E+000 -2.429522350647251E-017
         318           2  0.000000000000000E+000 -3.970477649351766E-017
         319           1  0.000000000000000E+000 -2.429522350646961E-017
         319           2  0.000000000000000E+000 -3.970477649351864E-017
         320           1  0.000000000000000E+000 -2.429522350646944E-017
         320           2  0.000000000000000E+000 -3.970477649351717E-017
         321           1  0.000000000000000E+000 -2.429522350647250E-017
         321           2  0.000000000000000E+000 -3.970477649351844E-017
         322           1  0.000000000000000E+000 -2.429522350646749E-017
         322           2  0.000000000000000E+000 -3.970477649351636E-017
         323           1  0.000000000000000E+000 -2.429522350647057E-017
         323           2  0.000000000000000E+000 -3.970477649352062E-017
         324           1  0.000000000000000E+000 -2.429522350647337E-017
         324           2  0.000000000000000E+000 -3.970477649351764E-017
         325           1  0.000000000000000E+000 -2.429522350647253E-017
         325           2  0.000000000000000E+000 -3.970477649351577E-017
         326           1  0.000000000000000E+000 -2.429522350647720E-017
         326           2  0.000000000000000E+000 -3.970477649352690E-017
         327           1  0.000000000000000E+000 -2.429522350647512E-017
         327           2  0.000000000000000E+000 -3.970477649352460E-017
         328           1  0.000000000000000E+000 -2.429522350646881E-017
         328           2  0.000000000000000E+000 -3.970477649351952E-017
         329           1  0.000000000000000E+000 -2.429522350647627E-017
         329           2  0.000000000000000E+000 -3.970477649352686E-017
         330           1  0.000000000000000E+000 -2.429522350647608E-017
         330           2  0.000000000000000E+000 -3.970477649352519E-017
         331           1  0.000000000000000E+000 -2.429522350647695E-017
         331           2  0.000000000000000E+000 -3.970477649352702E-017
         332           1  0.000000000000000E+000 -2.429522350647760E-017
         332           2  0.000000000000000E+000 -3.970477649352905E-017
         333           1  0.000000000000000E+000 -2.429522350647430E-017
         333           2  0.000000000000000E+000 -3.970477649352873E-017
         334           1  0.000000000000000E+000 -2.429522350646940E-017
         334           2  0.000000000000000E+000 -3.970477649352200E-017
         335           1  0.000000000000000E+000 -2.429522350646914E-017
         335           2  0.000000000000000E+000 -3.970477649351779E-017
         336           1  0.000000000000000E+000 -2.429522350647072E-017
         336           2  0.000000000000000E+000 -3.970477649351988E-017
         337           1  0.000000000000000E+000 -2.429522350647250E-017
         337           2  0.000000000000000E+000 -3.970477649352285E-017
         338           1  0.000000000000000E+000 -2.429522350647449E-017
         338           2  0.000000000000000E+000 -3.970477649352134E-017
         339           1  0.000000000000000E+000 -2.429522350647352E-017
         339           2  0.000000000000000E+000 -3.970477649351894E-017
         340           1  0.000000000000000E+000 -2.429522350647179E-017
         340           2  0.000000000000000E+000 -3.970477649351865E-017
         341           1  0.000000000000000E+000 -2.429522350646780E-017
         341           2  0.000000000000000E+000 -3.970477649351560E-017
         342           1  0.000000000000000E+000 -2.429522350646937E-017
         342           2  0.000000000000000E+000 -3.970477649351676E-017
         343           1  0.000000000000000E+000 -2.429522350647344E-017
         343           2  0.000000000000000E+000 -3.970477649352060E-017
         344           1  0.000000000000000E+000 -2.429522350647566E-017
         344           2  0.000000000000000E+000 -3.970477649352224E-017
         345           1  0.000000000000000E+000 -2.429522350647851E-017
         345           2  0.000000000000000E+000 -3.970477649352439E-017
         346           1  0.000000000000000E+000 -2.429522350648808E-017
         346           2  0.000000000000000E+000 -3.970477649353746E-017
         347           1  0.000000000000000E+000 -2.429522350647842E-017
         347           2  0.000000000000000E+000 -3.970477649352992E-017
         348           1  0.000000000000000E+000 -2.429522350647742E-017
         348           2  0.000000000000000E+000 -3.970477649353081E-017
         349           1  0.000000000000000E+000 -2.429522350647824E-017
         349           2  0.000000000000000E+000 -3.970477649353412E-017
         350           1  0.000000000000000E+000 -2.429522350648081E-017
         350           2  0.000000000000000E+000 -3.970477649353517E-017
         351           1  0.000000000000000E+000 -2.429522350648009E-017
         351           2  0.000000000000000E+000 -3.970477649353202E-017
         352           1  0.000000000000000E+000 -2.429522350647829E-017
         352           2  0.000000000000000E+000 -3.970477649353052E-017
         353           1  0.000000000000000E+000 -2.429522350647478E-017
         353           2  0.000000000000000E+000 -3.970477649352857E-017
         354           1  0.000000000000000E+000 -2.429522350647416E-017
         354           2  0.000000000000000E+000 -3.970477649352819E-017
         355           1  0.000000000000000E+000 -2.429522350647726E-017
         355           2  0.000000000000000E+000 -3.970477649352920E-017
         356           1  0.000000000000000E+000 -2.429522350647595E-017
         356           2  0.000000000000000E+000 -3.970477649352700E-017
         357           1  0.000000000000000E+000 -2.429522350647414E-017
         357           2  0.000000000000000E+000 -3.970477649352428E-017
         358           1  0.000000000000000E+000 -2.429522350647269E-017
         358           2  0.000000000000000E+000 -3.970477649352234E-017
         359           1  0.000000000000000E+000 -2.429522350647308E-017
         359           2  0.000000000000000E+000 -3.970477649352054E-017
         360           1  0.000000000000000E+000 -2.429522350647263E-017
         360           2  0.000000000000000E+000 -3.970477649351877E-017
         361           1  0.000000000000000E+000 -2.429522350646836E-017
         361           2  0.000000000000000E+000 -3.970477649351291E-017
         362           1  0.000000000000000E+000 -2.429522350647221E-017
         362           2  0.000000000000000E+000 -3.970477649352073E-017
         363           1  0.000000000000000E+000 -2.429522350647017E-017
         363           2  0.000000000000000E+000 -3.970477649351888E-017
         364           1  0.000000000000000E+000 -2.429522350647181E-017
         364           2  0.000000000000000E+000 -3.970477649351597E-017
         365           1  0.000000000000000E+000 -2.429522350648536E-017
         365           2  0.000000000000000E+000 -3.970477649353379E-017
         366           1  0.000000000000000E+000 -2.429522350650129E-017
         366           2  0.000000000000000E+000 -3.970477649355561E-017
         367           1  0.000000000000000E+000 -2.429522350648953E-017
         367           2  0.000000000000000E+000 -3.970477649354479E-017
         368           1  0.000000000000000E+000 -2.429522350648026E-017
         368           2  0.000000000000000E+000 -3.970477649353536E-017
         369           1  0.000000000000000E+000 -2.429522350648846E-017
         369           2  0.000000000000000E+000 -3.970477649354375E-017
         370           1  0.000000000000000E+000 -2.429522350648624E-017
         370           2  0.000000000000000E+000 -3.970477649354089E-017
         371           1  0.000000000000000E+000 -2.429522350648417E-017
         371           2  0.000000000000000E+000 -3.970477649353547E-017
         372           1  0.000000000000000E+000 -2.429522350648115E-017
         372           2  0.000000000000000E+000 -3.970477649353141E-017
         373           1  0.000000000000000E+000 -2.429522350648089E-017
         373           2  0.000000000000000E+000 -3.970477649353245E-017
         374           1  0.000000000000000E+000 -2.429522350648118E-017
         374           2  0.000000000000000E+000 -3.970477649353439E-017
         375           1  0.000000000000000E+000 -2.429522350648150E-017
         375           2  0.000000000000000E+000 -3.970477649353355E-017
         376           1  0.000000000000000E+000 -2.429522350647968E-017
         376           2  0.000000000000000E+000 -3.970477649353047E-017
         377           1  0.000000000000000E+000 -2.429522350647566E-017
         377           2  0.000000000000000E+000 -3.970477649352339E-017
         378           1  0.000000000000000E+000 -2.429522350647290E-017
         378           2  0.000000000000000E+000 -3.970477649352170E-017
         379           1  0.000000000000000E+000 -2.429522350647410E-017
         379           2  0.000000000000000E+000 -3.970477649352192E-017
         380           1  0.000000000000000E+000 -2.429522350647187E-017
         380           2  0.000000000000000E+000 -3.970477649351851E-017
         381           1  0.000000000000000E+000 -2.429522350646886E-017
         381           2  0.000000000000000E+000 -3.970477649351317E-017
         382           1  0.000000000000000E+000 -2.429522350646757E-017
         382           2  0.000000000000000E+000 -3.970477649351562E-017
         383           1  0.000000000000000E+000 -2.429522350646773E-017
         383           2  0.000000000000000E+000 -3.970477649351617E-017
         384           1  0.000000000000000E+000 -2.429522350646943E-017
         384           2  0.000000000000000E+000 -3.970477649351260E-017
         385           1  0.000000000000000E+000 -2.429522350648348E-017
         385           2  0.000000000000000E+000 -3.970477649353120E-017
         386           1  0.000000000000000E+000 -2.429522350649497E-017
         386           2  0.000000000000000E+000 -3.970477649355057E-017
         387           1  0.000000000000000E+000 -2.429522350648539E-017
         387           2  0.000000000000000E+000 -3.970477649354251E-017
         388           1  0.000000000000000E+000 -2.429522350648661E-017
         388           2  0.000000000000000E+000 -3.970477649353846E-017
         389           1  0.000000000000000E+000 -2.429522350649023E-017
         389           2  0.000000000000000E+000 -3.970477649354312E-017
         390           1  0.000000000000000E+000 -2.429522350648962E-017
         390           2  0.000000000000000E+000 -3.970477649354160E-017
         391           1  0.000000000000000E+000 -2.429522350648805E-017
         391           2  0.000000000000000E+000 -3.970477649354208E-017
         392           1  0.000000000000000E+000 -2.429522350647949E-017
         392           2  0.000000000000000E+000 -3.970477649352773E-017
         393           1  0.000000000000000E+000 -2.429522350648001E-017
         393           2  0.000000000000000E+000 -3.970477649352873E-017
         394           1  0.000000000000000E+000 -2.429522350648605E-017
         394           2  0.000000000000000E+000 -3.970477649353454E-017
         395           1  0.000000000000000E+000 -2.429522350648397E-017
         395           2  0.000000000000000E+000 -3.970477649353416E-017
         396           1  0.000000000000000E+000 -2.429522350648062E-017
         396           2  0.000000000000000E+000 -3.970477649352805E-017
         397           1  0.000000000000000E+000 -2.429522350647452E-017
         397           2  0.000000000000000E+000 -3.970477649352117E-017
         398           1  0.000000000000000E+000 -2.429522350647300E-017
         398           2  0.000000000000000E+000 -3.970477649352027E-017
         399           1  0.000000000000000E+000 -2.429522350647270E-017
         399           2  0.000000000000000E+000 -3.970477649351956E-017
         400           1  0.000000000000000E+000 -2.429522350647239E-017
         400           2  0.000000000000000E+000 -3.970477649351570E-017
