           1           1  0.000000000000000E+000 -1.562500000000037E-017
           1           2  0.000000000000000E+000 -9.375000000000960E-018
           2           1  0.000000000000000E+000 -1.562500000000163E-017
           2           2  0.000000000000000E+000 -9.375000000004607E-018
           3           1  0.000000000000000E+000 -1.562500000000195E-017
           3           2  0.000000000000000E+000 -9.375000000005187E-018
           4           1  0.000000000000000E+000 -1.562500000000401E-017
           4           2  0.000000000000000E+000 -9.375000000012652E-018
           5           1  0.000000000000000E+000 -1.562500000000413E-017
           5           2  0.000000000000000E+000 -9.375000000012475E-018
           6           1  0.000000000000000E+000 -1.562500000000255E-017
           6           2  0.000000000000000E+000 -9.375000000008395E-018
           7           1  0.000000000000000E+000 -1.562500000000111E-017
           7           2  0.000000000000000E+000 -9.375000000001994E-018
           8           1  0.000000000000000E+000 -1.562500000000067E-017
           8           2  0.000000000000000E+000 -9.374999999999078E-018
           9           1  0.000000000000000E+000 -1.562500000000045E-017
           9           2  0.000000000000000E+000 -9.375000000001983E-018
          10           1  0.000000000000000E+000 -1.562500000000129E-017
          10           2  0.000000000000000E+000 -9.375000000003747E-018
          11           1  0.000000000000000E+000 -1.562500000000286E-017
          11           2  0.000000000000000E+000 -9.375000000006808E-018
          12           1  0.000000000000000E+000 -1.562500000000386E-017
          12           2  0.000000000000000E+000 -9.375000000018048E-018
          13           1  0.000000000000000E+000 -1.562500000000367E-017
          13           2  0.000000000000000E+000 -9.375000000014829E-018
          14           1  0.000000000000000E+000 -1.562500000000170E-017
          14           2  0.000000000000000E+000 -9.375000000008063E-018
          15           1  0.000000000000000E+000 -1.562500000000105E-017
          15           2  0.000000000000000E+000 -9.375000000003878E-018
          16           1  0.000000000000000E+000 -1.562500000000057E-017
          16           2  0.000000000000000E+000 -9.375000000003319E-018
          17           1  0.000000000000000E+000 -1.562500000000162E-017
          17           2  0.000000000000000E+000 -9.375000000002781E-018
          18           1  0.000000000000000E+000 -1.562500000000250E-017
          18           2  0.000000000000000E+000 -9.375000000004788E-018
          19           1  0.000000000000000E+000 -1.562500000000259E-017
          19           2  0.000000000000000E+000 -9.375000000006345E-018
          20           1  0.000000000000000E+000 -1.562500000000481E-017
          20           2  0.000000000000000E+000 -9.375000000012052E-018
          21           1  0.000000000000000E+000 -1.562500000000280E-017
          21           2  0.000000000000000E+000 -9.375000000007801E-018
          22           1  0.000000000000000E+000 -1.562500000000247E-017
          22           2  0.000000000000000E+000 -9.375000000007391E-018
          23           1  0.000000000000000E+000 -1.562500000000231E-017
          23           2  0.000000000000000E+000 -9.375000000006623E-018
          24           1  0.000000000000000E+000 -1.562500000000120E-017
          24           2  0.000000000000000E+000 -9.375000000001778E-018
          25           1  0.000000000000000E+000 -1.562500000000208E-017
          25           2  0.000000000000000E+000 -9.375000000005289E-018
          26           1  0.000000000000000E+000 -1.562500000000171E-017
          26           2  0.000000000000000E+000 -9.375000000006323E-018
          27           1  0.000000000000000E+000 -1.562500000000236E-017
          27           2  0.000000000000000E+000 -9.375000000005428E-018
          28           1  0.000000000000000E+000 -1.562500000000245E-017
          28           2  0.000000000000000E+000 -9.375000000004835E-018
          29           1  0.000000000000000E+000 -1.562500000000322E-017
          29           2  0.000000000000000E+000 -9.375000000009406E-018
          30           1  0.000000000000000E+000 -1.562500000000296E-017
          30           2  0.000000000000000E+000 -9.375000000008403E-018
          31           1  0.000000000000000E+000 -1.562500000000223E-017
          31           2  0.000000000000000E+000 -9.375000000004630E-018
          32           1  0.000000000000000E+000 -1.562500000000091E-017
          32           2  0.000000000000000E+000 -9.375000000001146E-018
          33           1  0.000000000000000E+000 -1.562500000000212E-017
          33           2  0.000000000000000E+000 -9.375000000004194E-018
          34           1  0.000000000000000E+000 -1.562500000000256E-017
          34           2  0.000000000000000E+000 -9.375000000009730E-018
          35           1  0.000000000000000E+000 -1.562500000000258E-017
          35           2  0.000000000000000E+000 -9.375000000005873E-018
          36           1  0.000000000000000E+000 -1.562500000000297E-017
          36           2  0.000000000000000E+000 -9.375000000006141E-018
          37           1  0.000000000000000E+000 -1.562500000000190E-017
          37           2  0.000000000000000E+000 -9.375000000006060E-018
          38           1  0.000000000000000E+000 -1.562500000000226E-017
          38           2  0.000000000000000E+000 -9.375000000005474E-018
          39           1  0.000000000000000E+000 -1.562500000000132E-017
          39           2  0.000000000000000E+000 -9.375000000002745E-018
          40           1  0.000000000000000E+000 -1.562500000000064E-017
          40           2  0.000000000000000E+000 -9.375000000000536E-018
          41           1  0.000000000000000E+000 -1.562500000000134E-017
          41           2  0.000000000000000E+000 -9.375000000002277E-018
          42           1  0.000000000000000E+000 -1.562500000000268E-017
          42           2  0.000000000000000E+000 -9.375000000008304E-018
          43           1  0.000000000000000E+000 -1.562500000000188E-017
          43           2  0.000000000000000E+000 -9.375000000006571E-018
          44           1  0.000000000000000E+000 -1.562500000000141E-017
          44           2  0.000000000000000E+000 -9.375000000003567E-018
          45           1  0.000000000000000E+000 -1.562500000000251E-017
          45           2  0.000000000000000E+000 -9.375000000002776E-018
          46           1  0.000000000000000E+000 -1.562500000000345E-017
          46           2  0.000000000000000E+000 -9.375000000004391E-018
          47           1  0.000000000000000E+000 -1.562500000000302E-017
          47           2  0.000000000000000E+000 -9.375000000004272E-018
          48           1  0.000000000000000E+000 -1.562500000000140E-017
          48           2  0.000000000000000E+000 -9.375000000003300E-018
          49           1  0.000000000000000E+000 -1.562500000000049E-017
          49           2  0.000000000000000E+000 -9.374999999999283E-018
          50           1  0.000000000000000E+000 -1.562500000000058E-017
          50           2  0.000000000000000E+000 -9.375000000003719E-018
          51           1  0.000000000000000E+000 -1.562500000000122E-017
          51           2  0.000000000000000E+000 -9.375000000001676E-018
          52           1  0.000000000000000E+000 -1.562500000000132E-017
          52           2  0.000000000000000E+000 -9.375000000002708E-018
          53           1  0.000000000000000E+000 -1.562500000000140E-017
          53           2  0.000000000000000E+000 -9.375000000000644E-018
          54           1  0.000000000000000E+000 -1.562500000000237E-017
          54           2  0.000000000000000E+000 -9.375000000005912E-018
          55           1  0.000000000000000E+000 -1.562500000000258E-017
          55           2  0.000000000000000E+000 -9.375000000006710E-018
          56           1  0.000000000000000E+000 -1.562500000000155E-017
          56           2  0.000000000000000E+000 -9.375000000003577E-018
          57           1  0.000000000000000E+000 -1.562499999999987E-017
          57           2  0.000000000000000E+000 -9.374999999998732E-018
          58           1  0.000000000000000E+000 -1.562499999999979E-017
          58           2  0.000000000000000E+000 -9.375000000000038E-018
          59           1  0.000000000000000E+000 -1.562500000000076E-017
          59           2  0.000000000000000E+000 -9.374999999999359E-018
          60           1  0.000000000000000E+000 -1.562500000000030E-017
          60           2  0.000000000000000E+000 -9.374999999998302E-018
          61           1  0.000000000000000E+000 -1.562500000000146E-017
          61           2  0.000000000000000E+000 -9.375000000000382E-018
          62           1  0.000000000000000E+000 -1.562500000000265E-017
          62           2  0.000000000000000E+000 -9.375000000003339E-018
          63           1  0.000000000000000E+000 -1.562500000000143E-017
          63           2  0.000000000000000E+000 -9.375000000003453E-018
          64           1  0.000000000000000E+000 -1.562500000000058E-017
          64           2  0.000000000000000E+000 -9.375000000000716E-018
