           1           1  0.000000000000000E+000 -4.649776453060103E-018
           1           2  0.000000000000000E+000 -4.350223546955388E-018
           2           1  0.000000000000000E+000 -4.649776453058011E-018
           2           2  0.000000000000000E+000 -4.350223546953405E-018
           3           1  0.000000000000000E+000 -4.649776453059016E-018
           3           2  0.000000000000000E+000 -4.350223546955757E-018
           4           1  0.000000000000000E+000 -4.649776453058209E-018
           4           2  0.000000000000000E+000 -4.350223546953050E-018
           5           1  0.000000000000000E+000 -4.649776453058799E-018
           5           2  0.000000000000000E+000 -4.350223546953844E-018
           6           1  0.000000000000000E+000 -4.649776453058303E-018
           6           2  0.000000000000000E+000 -4.350223546952000E-018
           7           1  0.000000000000000E+000 -4.649776453057120E-018
           7           2  0.000000000000000E+000 -4.350223546948051E-018
           8           1  0.000000000000000E+000 -4.649776453056496E-018
           8           2  0.000000000000000E+000 -4.350223546944730E-018
           9           1  0.000000000000000E+000 -4.649776453055023E-018
           9           2  0.000000000000000E+000 -4.350223546940035E-018
          10           1  0.000000000000000E+000 -4.649776453054956E-018
          10           2  0.000000000000000E+000 -4.350223546941207E-018
          11           1  0.000000000000000E+000 -4.649776453054775E-018
          11           2  0.000000000000000E+000 -4.350223546940457E-018
          12           1  0.000000000000000E+000 -4.649776453058993E-018
          12           2  0.000000000000000E+000 -4.350223546950168E-018
          13           1  0.000000000000000E+000 -4.649776453058691E-018
          13           2  0.000000000000000E+000 -4.350223546948994E-018
          14           1  0.000000000000000E+000 -4.649776453058606E-018
          14           2  0.000000000000000E+000 -4.350223546949516E-018
          15           1  0.000000000000000E+000 -4.649776453057143E-018
          15           2  0.000000000000000E+000 -4.350223546946780E-018
          16           1  0.000000000000000E+000 -4.649776453056960E-018
          16           2  0.000000000000000E+000 -4.350223546947311E-018
          17           1  0.000000000000000E+000 -4.649776453057453E-018
          17           2  0.000000000000000E+000 -4.350223546948886E-018
          18           1  0.000000000000000E+000 -4.649776453057488E-018
          18           2  0.000000000000000E+000 -4.350223546948206E-018
          19           1  0.000000000000000E+000 -4.649776453057070E-018
          19           2  0.000000000000000E+000 -4.350223546947321E-018
          20           1  0.000000000000000E+000 -4.649776453057231E-018
          20           2  0.000000000000000E+000 -4.350223546947185E-018
          21           1  0.000000000000000E+000 -4.649776453058254E-018
          21           2  0.000000000000000E+000 -4.350223546953719E-018
          22           1  0.000000000000000E+000 -4.649776453058536E-018
          22           2  0.000000000000000E+000 -4.350223546954941E-018
          23           1  0.000000000000000E+000 -4.649776453058970E-018
          23           2  0.000000000000000E+000 -4.350223546955443E-018
          24           1  0.000000000000000E+000 -4.649776453058821E-018
          24           2  0.000000000000000E+000 -4.350223546954447E-018
          25           1  0.000000000000000E+000 -4.649776453057497E-018
          25           2  0.000000000000000E+000 -4.350223546950790E-018
          26           1  0.000000000000000E+000 -4.649776453057615E-018
          26           2  0.000000000000000E+000 -4.350223546951105E-018
          27           1  0.000000000000000E+000 -4.649776453054847E-018
          27           2  0.000000000000000E+000 -4.350223546941456E-018
          28           1  0.000000000000000E+000 -4.649776453056166E-018
          28           2  0.000000000000000E+000 -4.350223546944819E-018
          29           1  0.000000000000000E+000 -4.649776453055151E-018
          29           2  0.000000000000000E+000 -4.350223546941802E-018
          30           1  0.000000000000000E+000 -4.649776453053736E-018
          30           2  0.000000000000000E+000 -4.350223546938497E-018
          31           1  0.000000000000000E+000 -4.649776453055080E-018
          31           2  0.000000000000000E+000 -4.350223546942496E-018
          32           1  0.000000000000000E+000 -4.649776453057169E-018
          32           2  0.000000000000000E+000 -4.350223546946593E-018
          33           1  0.000000000000000E+000 -4.649776453058120E-018
          33           2  0.000000000000000E+000 -4.350223546949351E-018
          34           1  0.000000000000000E+000 -4.649776453057907E-018
          34           2  0.000000000000000E+000 -4.350223546948355E-018
          35           1  0.000000000000000E+000 -4.649776453057557E-018
          35           2  0.000000000000000E+000 -4.350223546948625E-018
          36           1  0.000000000000000E+000 -4.649776453057156E-018
          36           2  0.000000000000000E+000 -4.350223546948283E-018
          37           1  0.000000000000000E+000 -4.649776453056932E-018
          37           2  0.000000000000000E+000 -4.350223546948410E-018
          38           1  0.000000000000000E+000 -4.649776453057558E-018
          38           2  0.000000000000000E+000 -4.350223546949998E-018
          39           1  0.000000000000000E+000 -4.649776453057090E-018
          39           2  0.000000000000000E+000 -4.350223546948327E-018
          40           1  0.000000000000000E+000 -4.649776453056787E-018
          40           2  0.000000000000000E+000 -4.350223546947420E-018
          41           1  0.000000000000000E+000 -4.649776453059642E-018
          41           2  0.000000000000000E+000 -4.350223546955967E-018
          42           1  0.000000000000000E+000 -4.649776453058653E-018
          42           2  0.000000000000000E+000 -4.350223546954619E-018
          43           1  0.000000000000000E+000 -4.649776453058630E-018
          43           2  0.000000000000000E+000 -4.350223546954556E-018
          44           1  0.000000000000000E+000 -4.649776453057597E-018
          44           2  0.000000000000000E+000 -4.350223546952778E-018
          45           1  0.000000000000000E+000 -4.649776453057717E-018
          45           2  0.000000000000000E+000 -4.350223546951665E-018
          46           1  0.000000000000000E+000 -4.649776453058474E-018
          46           2  0.000000000000000E+000 -4.350223546953152E-018
          47           1  0.000000000000000E+000 -4.649776453058575E-018
          47           2  0.000000000000000E+000 -4.350223546952826E-018
          48           1  0.000000000000000E+000 -4.649776453056054E-018
          48           2  0.000000000000000E+000 -4.350223546945382E-018
          49           1  0.000000000000000E+000 -4.649776453055066E-018
          49           2  0.000000000000000E+000 -4.350223546941819E-018
          50           1  0.000000000000000E+000 -4.649776453053493E-018
          50           2  0.000000000000000E+000 -4.350223546937736E-018
          51           1  0.000000000000000E+000 -4.649776453054950E-018
          51           2  0.000000000000000E+000 -4.350223546943197E-018
          52           1  0.000000000000000E+000 -4.649776453056198E-018
          52           2  0.000000000000000E+000 -4.350223546945972E-018
          53           1  0.000000000000000E+000 -4.649776453057341E-018
          53           2  0.000000000000000E+000 -4.350223546947857E-018
          54           1  0.000000000000000E+000 -4.649776453058090E-018
          54           2  0.000000000000000E+000 -4.350223546951295E-018
          55           1  0.000000000000000E+000 -4.649776453058117E-018
          55           2  0.000000000000000E+000 -4.350223546952824E-018
          56           1  0.000000000000000E+000 -4.649776453058079E-018
          56           2  0.000000000000000E+000 -4.350223546952855E-018
          57           1  0.000000000000000E+000 -4.649776453058259E-018
          57           2  0.000000000000000E+000 -4.350223546952914E-018
          58           1  0.000000000000000E+000 -4.649776453057617E-018
          58           2  0.000000000000000E+000 -4.350223546950537E-018
          59           1  0.000000000000000E+000 -4.649776453056798E-018
          59           2  0.000000000000000E+000 -4.350223546948918E-018
          60           1  0.000000000000000E+000 -4.649776453056600E-018
          60           2  0.000000000000000E+000 -4.350223546947777E-018
          61           1  0.000000000000000E+000 -4.649776453058371E-018
          61           2  0.000000000000000E+000 -4.350223546953393E-018
          62           1  0.000000000000000E+000 -4.649776453057912E-018
          62           2  0.000000000000000E+000 -4.350223546953111E-018
          63           1  0.000000000000000E+000 -4.649776453057404E-018
          63           2  0.000000000000000E+000 -4.350223546953295E-018
          64           1  0.000000000000000E+000 -4.649776453056584E-018
          64           2  0.000000000000000E+000 -4.350223546950065E-018
          65           1  0.000000000000000E+000 -4.649776453056806E-018
          65           2  0.000000000000000E+000 -4.350223546949817E-018
          66           1  0.000000000000000E+000 -4.649776453056944E-018
          66           2  0.000000000000000E+000 -4.350223546950213E-018
          67           1  0.000000000000000E+000 -4.649776453057771E-018
          67           2  0.000000000000000E+000 -4.350223546952001E-018
          68           1  0.000000000000000E+000 -4.649776453056071E-018
          68           2  0.000000000000000E+000 -4.350223546945576E-018
          69           1  0.000000000000000E+000 -4.649776453054886E-018
          69           2  0.000000000000000E+000 -4.350223546941635E-018
          70           1  0.000000000000000E+000 -4.649776453051652E-018
          70           2  0.000000000000000E+000 -4.350223546928964E-018
          71           1  0.000000000000000E+000 -4.649776453054790E-018
          71           2  0.000000000000000E+000 -4.350223546943631E-018
          72           1  0.000000000000000E+000 -4.649776453056432E-018
          72           2  0.000000000000000E+000 -4.350223546947861E-018
          73           1  0.000000000000000E+000 -4.649776453056665E-018
          73           2  0.000000000000000E+000 -4.350223546947524E-018
          74           1  0.000000000000000E+000 -4.649776453057449E-018
          74           2  0.000000000000000E+000 -4.350223546950901E-018
          75           1  0.000000000000000E+000 -4.649776453057751E-018
          75           2  0.000000000000000E+000 -4.350223546952609E-018
          76           1  0.000000000000000E+000 -4.649776453057721E-018
          76           2  0.000000000000000E+000 -4.350223546952534E-018
          77           1  0.000000000000000E+000 -4.649776453057636E-018
          77           2  0.000000000000000E+000 -4.350223546951889E-018
          78           1  0.000000000000000E+000 -4.649776453057816E-018
          78           2  0.000000000000000E+000 -4.350223546950951E-018
          79           1  0.000000000000000E+000 -4.649776453057725E-018
          79           2  0.000000000000000E+000 -4.350223546950180E-018
          80           1  0.000000000000000E+000 -4.649776453056922E-018
          80           2  0.000000000000000E+000 -4.350223546948864E-018
          81           1  0.000000000000000E+000 -4.649776453056655E-018
          81           2  0.000000000000000E+000 -4.350223546950371E-018
          82           1  0.000000000000000E+000 -4.649776453057124E-018
          82           2  0.000000000000000E+000 -4.350223546951911E-018
          83           1  0.000000000000000E+000 -4.649776453056677E-018
          83           2  0.000000000000000E+000 -4.350223546950787E-018
          84           1  0.000000000000000E+000 -4.649776453056975E-018
          84           2  0.000000000000000E+000 -4.350223546950699E-018
          85           1  0.000000000000000E+000 -4.649776453056714E-018
          85           2  0.000000000000000E+000 -4.350223546949992E-018
          86           1  0.000000000000000E+000 -4.649776453057236E-018
          86           2  0.000000000000000E+000 -4.350223546951926E-018
          87           1  0.000000000000000E+000 -4.649776453064086E-018
          87           2  0.000000000000000E+000 -4.350223546967319E-018
          88           1  0.000000000000000E+000 -4.649776453059946E-018
          88           2  0.000000000000000E+000 -4.350223546953443E-018
          89           1  0.000000000000000E+000 -4.649776453052768E-018
          89           2  0.000000000000000E+000 -4.350223546929818E-018
          90           1  0.000000000000000E+000 -4.649776453050286E-018
          90           2  0.000000000000000E+000 -4.350223546923767E-018
          91           1  0.000000000000000E+000 -4.649776453056512E-018
          91           2  0.000000000000000E+000 -4.350223546943209E-018
          92           1  0.000000000000000E+000 -4.649776453055868E-018
          92           2  0.000000000000000E+000 -4.350223546946295E-018
          93           1  0.000000000000000E+000 -4.649776453055881E-018
          93           2  0.000000000000000E+000 -4.350223546946296E-018
          94           1  0.000000000000000E+000 -4.649776453056888E-018
          94           2  0.000000000000000E+000 -4.350223546949436E-018
          95           1  0.000000000000000E+000 -4.649776453057407E-018
          95           2  0.000000000000000E+000 -4.350223546952065E-018
          96           1  0.000000000000000E+000 -4.649776453057736E-018
          96           2  0.000000000000000E+000 -4.350223546951934E-018
          97           1  0.000000000000000E+000 -4.649776453057174E-018
          97           2  0.000000000000000E+000 -4.350223546949666E-018
          98           1  0.000000000000000E+000 -4.649776453057540E-018
          98           2  0.000000000000000E+000 -4.350223546949048E-018
          99           1  0.000000000000000E+000 -4.649776453057078E-018
          99           2  0.000000000000000E+000 -4.350223546947324E-018
         100           1  0.000000000000000E+000 -4.649776453056399E-018
         100           2  0.000000000000000E+000 -4.350223546946575E-018
         101           1  0.000000000000000E+000 -4.649776453057243E-018
         101           2  0.000000000000000E+000 -4.350223546952491E-018
         102           1  0.000000000000000E+000 -4.649776453056878E-018
         102           2  0.000000000000000E+000 -4.350223546951702E-018
         103           1  0.000000000000000E+000 -4.649776453056701E-018
         103           2  0.000000000000000E+000 -4.350223546951615E-018
         104           1  0.000000000000000E+000 -4.649776453056862E-018
         104           2  0.000000000000000E+000 -4.350223546950778E-018
         105           1  0.000000000000000E+000 -4.649776453057507E-018
         105           2  0.000000000000000E+000 -4.350223546952186E-018
         106           1  0.000000000000000E+000 -4.649776453061882E-018
         106           2  0.000000000000000E+000 -4.350223546959624E-018
         107           1  0.000000000000000E+000 -4.649776453057423E-018
         107           2  0.000000000000000E+000 -4.350223546948147E-018
         108           1  0.000000000000000E+000 -4.649776453050403E-018
         108           2  0.000000000000000E+000 -4.350223546929593E-018
         109           1  0.000000000000000E+000 -4.649776453053697E-018
         109           2  0.000000000000000E+000 -4.350223546939970E-018
         110           1  0.000000000000000E+000 -4.649776453053698E-018
         110           2  0.000000000000000E+000 -4.350223546939780E-018
         111           1  0.000000000000000E+000 -4.649776453054135E-018
         111           2  0.000000000000000E+000 -4.350223546941186E-018
         112           1  0.000000000000000E+000 -4.649776453055184E-018
         112           2  0.000000000000000E+000 -4.350223546944539E-018
         113           1  0.000000000000000E+000 -4.649776453055046E-018
         113           2  0.000000000000000E+000 -4.350223546944597E-018
         114           1  0.000000000000000E+000 -4.649776453056345E-018
         114           2  0.000000000000000E+000 -4.350223546948555E-018
         115           1  0.000000000000000E+000 -4.649776453057359E-018
         115           2  0.000000000000000E+000 -4.350223546951995E-018
         116           1  0.000000000000000E+000 -4.649776453057200E-018
         116           2  0.000000000000000E+000 -4.350223546950856E-018
         117           1  0.000000000000000E+000 -4.649776453057215E-018
         117           2  0.000000000000000E+000 -4.350223546949257E-018
         118           1  0.000000000000000E+000 -4.649776453057463E-018
         118           2  0.000000000000000E+000 -4.350223546948723E-018
         119           1  0.000000000000000E+000 -4.649776453056413E-018
         119           2  0.000000000000000E+000 -4.350223546946339E-018
         120           1  0.000000000000000E+000 -4.649776453055991E-018
         120           2  0.000000000000000E+000 -4.350223546946121E-018
         121           1  0.000000000000000E+000 -4.649776453056288E-018
         121           2  0.000000000000000E+000 -4.350223546947724E-018
         122           1  0.000000000000000E+000 -4.649776453056251E-018
         122           2  0.000000000000000E+000 -4.350223546947959E-018
         123           1  0.000000000000000E+000 -4.649776453056396E-018
         123           2  0.000000000000000E+000 -4.350223546946587E-018
         124           1  0.000000000000000E+000 -4.649776453059668E-018
         124           2  0.000000000000000E+000 -4.350223546948431E-018
         125           1  0.000000000000000E+000 -4.649776453056139E-018
         125           2  0.000000000000000E+000 -4.350223546947600E-018
         126           1  0.000000000000000E+000 -4.649776453054487E-018
         126           2  0.000000000000000E+000 -4.350223546942946E-018
         127           1  0.000000000000000E+000 -4.649776453053396E-018
         127           2  0.000000000000000E+000 -4.350223546933551E-018
         128           1  0.000000000000000E+000 -4.649776453056374E-018
         128           2  0.000000000000000E+000 -4.350223546942319E-018
         129           1  0.000000000000000E+000 -4.649776453049768E-018
         129           2  0.000000000000000E+000 -4.350223546923617E-018
         130           1  0.000000000000000E+000 -4.649776453053531E-018
         130           2  0.000000000000000E+000 -4.350223546940063E-018
         131           1  0.000000000000000E+000 -4.649776453053430E-018
         131           2  0.000000000000000E+000 -4.350223546939995E-018
         132           1  0.000000000000000E+000 -4.649776453053884E-018
         132           2  0.000000000000000E+000 -4.350223546941807E-018
         133           1  0.000000000000000E+000 -4.649776453055233E-018
         133           2  0.000000000000000E+000 -4.350223546945882E-018
         134           1  0.000000000000000E+000 -4.649776453056301E-018
         134           2  0.000000000000000E+000 -4.350223546948551E-018
         135           1  0.000000000000000E+000 -4.649776453056846E-018
         135           2  0.000000000000000E+000 -4.350223546950658E-018
         136           1  0.000000000000000E+000 -4.649776453056572E-018
         136           2  0.000000000000000E+000 -4.350223546948787E-018
         137           1  0.000000000000000E+000 -4.649776453056873E-018
         137           2  0.000000000000000E+000 -4.350223546948857E-018
         138           1  0.000000000000000E+000 -4.649776453056780E-018
         138           2  0.000000000000000E+000 -4.350223546947378E-018
         139           1  0.000000000000000E+000 -4.649776453056013E-018
         139           2  0.000000000000000E+000 -4.350223546945362E-018
         140           1  0.000000000000000E+000 -4.649776453056753E-018
         140           2  0.000000000000000E+000 -4.350223546947844E-018
         141           1  0.000000000000000E+000 -4.649776453055037E-018
         141           2  0.000000000000000E+000 -4.350223546942133E-018
         142           1  0.000000000000000E+000 -4.649776453054592E-018
         142           2  0.000000000000000E+000 -4.350223546941343E-018
         143           1  0.000000000000000E+000 -4.649776453055778E-018
         143           2  0.000000000000000E+000 -4.350223546942775E-018
         144           1  0.000000000000000E+000 -4.649776453054203E-018
         144           2  0.000000000000000E+000 -4.350223546940292E-018
         145           1  0.000000000000000E+000 -4.649776453053842E-018
         145           2  0.000000000000000E+000 -4.350223546940635E-018
         146           1  0.000000000000000E+000 -4.649776453053051E-018
         146           2  0.000000000000000E+000 -4.350223546938429E-018
         147           1  0.000000000000000E+000 -4.649776453052981E-018
         147           2  0.000000000000000E+000 -4.350223546938469E-018
         148           1  0.000000000000000E+000 -4.649776453053078E-018
         148           2  0.000000000000000E+000 -4.350223546938726E-018
         149           1  0.000000000000000E+000 -4.649776453049711E-018
         149           2  0.000000000000000E+000 -4.350223546919988E-018
         150           1  0.000000000000000E+000 -4.649776453053347E-018
         150           2  0.000000000000000E+000 -4.350223546939051E-018
         151           1  0.000000000000000E+000 -4.649776453052675E-018
         151           2  0.000000000000000E+000 -4.350223546937640E-018
         152           1  0.000000000000000E+000 -4.649776453053235E-018
         152           2  0.000000000000000E+000 -4.350223546939589E-018
         153           1  0.000000000000000E+000 -4.649776453053564E-018
         153           2  0.000000000000000E+000 -4.350223546931674E-018
         154           1  0.000000000000000E+000 -4.649776453057288E-018
         154           2  0.000000000000000E+000 -4.350223546942947E-018
         155           1  0.000000000000000E+000 -4.649776453056893E-018
         155           2  0.000000000000000E+000 -4.350223546949316E-018
         156           1  0.000000000000000E+000 -4.649776453055985E-018
         156           2  0.000000000000000E+000 -4.350223546946169E-018
         157           1  0.000000000000000E+000 -4.649776453057111E-018
         157           2  0.000000000000000E+000 -4.350223546949375E-018
         158           1  0.000000000000000E+000 -4.649776453059875E-018
         158           2  0.000000000000000E+000 -4.350223546952050E-018
         159           1  0.000000000000000E+000 -4.649776453056426E-018
         159           2  0.000000000000000E+000 -4.350223546946017E-018
         160           1  0.000000000000000E+000 -4.649776453056611E-018
         160           2  0.000000000000000E+000 -4.350223546946954E-018
         161           1  0.000000000000000E+000 -4.649776453054198E-018
         161           2  0.000000000000000E+000 -4.350223546941080E-018
         162           1  0.000000000000000E+000 -4.649776453054205E-018
         162           2  0.000000000000000E+000 -4.350223546941623E-018
         163           1  0.000000000000000E+000 -4.649776453054192E-018
         163           2  0.000000000000000E+000 -4.350223546940549E-018
         164           1  0.000000000000000E+000 -4.649776453053977E-018
         164           2  0.000000000000000E+000 -4.350223546941731E-018
         165           1  0.000000000000000E+000 -4.649776453053871E-018
         165           2  0.000000000000000E+000 -4.350223546941483E-018
         166           1  0.000000000000000E+000 -4.649776453053313E-018
         166           2  0.000000000000000E+000 -4.350223546939179E-018
         167           1  0.000000000000000E+000 -4.649776453052679E-018
         167           2  0.000000000000000E+000 -4.350223546937906E-018
         168           1  0.000000000000000E+000 -4.649776453052538E-018
         168           2  0.000000000000000E+000 -4.350223546937386E-018
         169           1  0.000000000000000E+000 -4.649776453050676E-018
         169           2  0.000000000000000E+000 -4.350223546923998E-018
         170           1  0.000000000000000E+000 -4.649776453051836E-018
         170           2  0.000000000000000E+000 -4.350223546924517E-018
         171           1  0.000000000000000E+000 -4.649776453051380E-018
         171           2  0.000000000000000E+000 -4.350223546923367E-018
         172           1  0.000000000000000E+000 -4.649776453051726E-018
         172           2  0.000000000000000E+000 -4.350223546925387E-018
         173           1  0.000000000000000E+000 -4.649776453051534E-018
         173           2  0.000000000000000E+000 -4.350223546926365E-018
         174           1  0.000000000000000E+000 -4.649776453055967E-018
         174           2  0.000000000000000E+000 -4.350223546939574E-018
         175           1  0.000000000000000E+000 -4.649776453059304E-018
         175           2  0.000000000000000E+000 -4.350223546947638E-018
         176           1  0.000000000000000E+000 -4.649776453056311E-018
         176           2  0.000000000000000E+000 -4.350223546946734E-018
         177           1  0.000000000000000E+000 -4.649776453055992E-018
         177           2  0.000000000000000E+000 -4.350223546945955E-018
         178           1  0.000000000000000E+000 -4.649776453055754E-018
         178           2  0.000000000000000E+000 -4.350223546944776E-018
         179           1  0.000000000000000E+000 -4.649776453055470E-018
         179           2  0.000000000000000E+000 -4.350223546943708E-018
         180           1  0.000000000000000E+000 -4.649776453055852E-018
         180           2  0.000000000000000E+000 -4.350223546944184E-018
         181           1  0.000000000000000E+000 -4.649776453053907E-018
         181           2  0.000000000000000E+000 -4.350223546941695E-018
         182           1  0.000000000000000E+000 -4.649776453053765E-018
         182           2  0.000000000000000E+000 -4.350223546942096E-018
         183           1  0.000000000000000E+000 -4.649776453053605E-018
         183           2  0.000000000000000E+000 -4.350223546941377E-018
         184           1  0.000000000000000E+000 -4.649776453053729E-018
         184           2  0.000000000000000E+000 -4.350223546941571E-018
         185           1  0.000000000000000E+000 -4.649776453054464E-018
         185           2  0.000000000000000E+000 -4.350223546942976E-018
         186           1  0.000000000000000E+000 -4.649776453053787E-018
         186           2  0.000000000000000E+000 -4.350223546941085E-018
         187           1  0.000000000000000E+000 -4.649776453053407E-018
         187           2  0.000000000000000E+000 -4.350223546940447E-018
         188           1  0.000000000000000E+000 -4.649776453049028E-018
         188           2  0.000000000000000E+000 -4.350223546920208E-018
         189           1  0.000000000000000E+000 -4.649776453053984E-018
         189           2  0.000000000000000E+000 -4.350223546932082E-018
         190           1  0.000000000000000E+000 -4.649776453054020E-018
         190           2  0.000000000000000E+000 -4.350223546939854E-018
         191           1  0.000000000000000E+000 -4.649776453051998E-018
         191           2  0.000000000000000E+000 -4.350223546924279E-018
         192           1  0.000000000000000E+000 -4.649776453053772E-018
         192           2  0.000000000000000E+000 -4.350223546938877E-018
         193           1  0.000000000000000E+000 -4.649776453054511E-018
         193           2  0.000000000000000E+000 -4.350223546930993E-018
         194           1  0.000000000000000E+000 -4.649776453053976E-018
         194           2  0.000000000000000E+000 -4.350223546941898E-018
         195           1  0.000000000000000E+000 -4.649776453054962E-018
         195           2  0.000000000000000E+000 -4.350223546944318E-018
         196           1  0.000000000000000E+000 -4.649776453055476E-018
         196           2  0.000000000000000E+000 -4.350223546944608E-018
         197           1  0.000000000000000E+000 -4.649776453055296E-018
         197           2  0.000000000000000E+000 -4.350223546944141E-018
         198           1  0.000000000000000E+000 -4.649776453054981E-018
         198           2  0.000000000000000E+000 -4.350223546943242E-018
         199           1  0.000000000000000E+000 -4.649776453054958E-018
         199           2  0.000000000000000E+000 -4.350223546942570E-018
         200           1  0.000000000000000E+000 -4.649776453055305E-018
         200           2  0.000000000000000E+000 -4.350223546943207E-018
         201           1  0.000000000000000E+000 -4.649776453054153E-018
         201           2  0.000000000000000E+000 -4.350223546942966E-018
         202           1  0.000000000000000E+000 -4.649776453053578E-018
         202           2  0.000000000000000E+000 -4.350223546942876E-018
         203           1  0.000000000000000E+000 -4.649776453053966E-018
         203           2  0.000000000000000E+000 -4.350223546942941E-018
         204           1  0.000000000000000E+000 -4.649776453054241E-018
         204           2  0.000000000000000E+000 -4.350223546943602E-018
         205           1  0.000000000000000E+000 -4.649776453054593E-018
         205           2  0.000000000000000E+000 -4.350223546944167E-018
         206           1  0.000000000000000E+000 -4.649776453054232E-018
         206           2  0.000000000000000E+000 -4.350223546942892E-018
         207           1  0.000000000000000E+000 -4.649776453053592E-018
         207           2  0.000000000000000E+000 -4.350223546941235E-018
         208           1  0.000000000000000E+000 -4.649776453053722E-018
         208           2  0.000000000000000E+000 -4.350223546932996E-018
         209           1  0.000000000000000E+000 -4.649776453054215E-018
         209           2  0.000000000000000E+000 -4.350223546941584E-018
         210           1  0.000000000000000E+000 -4.649776453054346E-018
         210           2  0.000000000000000E+000 -4.350223546941724E-018
         211           1  0.000000000000000E+000 -4.649776453054190E-018
         211           2  0.000000000000000E+000 -4.350223546941265E-018
         212           1  0.000000000000000E+000 -4.649776453054148E-018
         212           2  0.000000000000000E+000 -4.350223546941216E-018
         213           1  0.000000000000000E+000 -4.649776453054346E-018
         213           2  0.000000000000000E+000 -4.350223546942685E-018
         214           1  0.000000000000000E+000 -4.649776453054617E-018
         214           2  0.000000000000000E+000 -4.350223546943339E-018
         215           1  0.000000000000000E+000 -4.649776453055025E-018
         215           2  0.000000000000000E+000 -4.350223546944407E-018
         216           1  0.000000000000000E+000 -4.649776453055346E-018
         216           2  0.000000000000000E+000 -4.350223546944772E-018
         217           1  0.000000000000000E+000 -4.649776453055153E-018
         217           2  0.000000000000000E+000 -4.350223546944247E-018
         218           1  0.000000000000000E+000 -4.649776453055154E-018
         218           2  0.000000000000000E+000 -4.350223546943832E-018
         219           1  0.000000000000000E+000 -4.649776453055007E-018
         219           2  0.000000000000000E+000 -4.350223546943137E-018
         220           1  0.000000000000000E+000 -4.649776453055303E-018
         220           2  0.000000000000000E+000 -4.350223546943324E-018
         221           1  0.000000000000000E+000 -4.649776453054708E-018
         221           2  0.000000000000000E+000 -4.350223546944176E-018
         222           1  0.000000000000000E+000 -4.649776453054266E-018
         222           2  0.000000000000000E+000 -4.350223546943630E-018
         223           1  0.000000000000000E+000 -4.649776453054691E-018
         223           2  0.000000000000000E+000 -4.350223546944495E-018
         224           1  0.000000000000000E+000 -4.649776453055256E-018
         224           2  0.000000000000000E+000 -4.350223546946322E-018
         225           1  0.000000000000000E+000 -4.649776453055161E-018
         225           2  0.000000000000000E+000 -4.350223546945516E-018
         226           1  0.000000000000000E+000 -4.649776453055323E-018
         226           2  0.000000000000000E+000 -4.350223546945939E-018
         227           1  0.000000000000000E+000 -4.649776453055493E-018
         227           2  0.000000000000000E+000 -4.350223546946386E-018
         228           1  0.000000000000000E+000 -4.649776453057749E-018
         228           2  0.000000000000000E+000 -4.350223546946384E-018
         229           1  0.000000000000000E+000 -4.649776453055403E-018
         229           2  0.000000000000000E+000 -4.350223546939102E-018
         230           1  0.000000000000000E+000 -4.649776453054443E-018
         230           2  0.000000000000000E+000 -4.350223546942914E-018
         231           1  0.000000000000000E+000 -4.649776453054368E-018
         231           2  0.000000000000000E+000 -4.350223546942808E-018
         232           1  0.000000000000000E+000 -4.649776453054329E-018
         232           2  0.000000000000000E+000 -4.350223546942479E-018
         233           1  0.000000000000000E+000 -4.649776453054477E-018
         233           2  0.000000000000000E+000 -4.350223546943027E-018
         234           1  0.000000000000000E+000 -4.649776453054898E-018
         234           2  0.000000000000000E+000 -4.350223546943799E-018
         235           1  0.000000000000000E+000 -4.649776453055144E-018
         235           2  0.000000000000000E+000 -4.350223546943798E-018
         236           1  0.000000000000000E+000 -4.649776453055166E-018
         236           2  0.000000000000000E+000 -4.350223546939739E-018
         237           1  0.000000000000000E+000 -4.649776453055289E-018
         237           2  0.000000000000000E+000 -4.350223546943876E-018
         238           1  0.000000000000000E+000 -4.649776453055627E-018
         238           2  0.000000000000000E+000 -4.350223546943918E-018
         239           1  0.000000000000000E+000 -4.649776453054982E-018
         239           2  0.000000000000000E+000 -4.350223546942933E-018
         240           1  0.000000000000000E+000 -4.649776453055241E-018
         240           2  0.000000000000000E+000 -4.350223546942946E-018
         241           1  0.000000000000000E+000 -4.649776453056068E-018
         241           2  0.000000000000000E+000 -4.350223546945622E-018
         242           1  0.000000000000000E+000 -4.649776453055492E-018
         242           2  0.000000000000000E+000 -4.350223546945258E-018
         243           1  0.000000000000000E+000 -4.649776453055343E-018
         243           2  0.000000000000000E+000 -4.350223546946459E-018
         244           1  0.000000000000000E+000 -4.649776453056258E-018
         244           2  0.000000000000000E+000 -4.350223546947939E-018
         245           1  0.000000000000000E+000 -4.649776453056520E-018
         245           2  0.000000000000000E+000 -4.350223546949015E-018
         246           1  0.000000000000000E+000 -4.649776453056100E-018
         246           2  0.000000000000000E+000 -4.350223546948227E-018
         247           1  0.000000000000000E+000 -4.649776453056211E-018
         247           2  0.000000000000000E+000 -4.350223546948743E-018
         248           1  0.000000000000000E+000 -4.649776453059254E-018
         248           2  0.000000000000000E+000 -4.350223546949738E-018
         249           1  0.000000000000000E+000 -4.649776453057161E-018
         249           2  0.000000000000000E+000 -4.350223546945046E-018
         250           1  0.000000000000000E+000 -4.649776453054758E-018
         250           2  0.000000000000000E+000 -4.350223546944135E-018
         251           1  0.000000000000000E+000 -4.649776453054449E-018
         251           2  0.000000000000000E+000 -4.350223546943572E-018
         252           1  0.000000000000000E+000 -4.649776453054342E-018
         252           2  0.000000000000000E+000 -4.350223546943931E-018
         253           1  0.000000000000000E+000 -4.649776453054476E-018
         253           2  0.000000000000000E+000 -4.350223546943473E-018
         254           1  0.000000000000000E+000 -4.649776453057635E-018
         254           2  0.000000000000000E+000 -4.350223546940824E-018
         255           1  0.000000000000000E+000 -4.649776453057876E-018
         255           2  0.000000000000000E+000 -4.350223546941502E-018
         256           1  0.000000000000000E+000 -4.649776453054940E-018
         256           2  0.000000000000000E+000 -4.350223546943812E-018
         257           1  0.000000000000000E+000 -4.649776453055810E-018
         257           2  0.000000000000000E+000 -4.350223546941027E-018
         258           1  0.000000000000000E+000 -4.649776453056269E-018
         258           2  0.000000000000000E+000 -4.350223546938816E-018
         259           1  0.000000000000000E+000 -4.649776453056543E-018
         259           2  0.000000000000000E+000 -4.350223546937012E-018
         260           1  0.000000000000000E+000 -4.649776453055409E-018
         260           2  0.000000000000000E+000 -4.350223546942346E-018
         261           1  0.000000000000000E+000 -4.649776453056476E-018
         261           2  0.000000000000000E+000 -4.350223546946314E-018
         262           1  0.000000000000000E+000 -4.649776453056171E-018
         262           2  0.000000000000000E+000 -4.350223546946122E-018
         263           1  0.000000000000000E+000 -4.649776453056824E-018
         263           2  0.000000000000000E+000 -4.350223546949338E-018
         264           1  0.000000000000000E+000 -4.649776453057171E-018
         264           2  0.000000000000000E+000 -4.350223546949942E-018
         265           1  0.000000000000000E+000 -4.649776453057003E-018
         265           2  0.000000000000000E+000 -4.350223546950343E-018
         266           1  0.000000000000000E+000 -4.649776453056640E-018
         266           2  0.000000000000000E+000 -4.350223546950010E-018
         267           1  0.000000000000000E+000 -4.649776453055894E-018
         267           2  0.000000000000000E+000 -4.350223546948287E-018
         268           1  0.000000000000000E+000 -4.649776453055441E-018
         268           2  0.000000000000000E+000 -4.350223546946584E-018
         269           1  0.000000000000000E+000 -4.649776453056703E-018
         269           2  0.000000000000000E+000 -4.350223546942966E-018
         270           1  0.000000000000000E+000 -4.649776453055097E-018
         270           2  0.000000000000000E+000 -4.350223546944872E-018
         271           1  0.000000000000000E+000 -4.649776453054731E-018
         271           2  0.000000000000000E+000 -4.350223546944110E-018
         272           1  0.000000000000000E+000 -4.649776453054314E-018
         272           2  0.000000000000000E+000 -4.350223546943500E-018
         273           1  0.000000000000000E+000 -4.649776453054329E-018
         273           2  0.000000000000000E+000 -4.350223546943197E-018
         274           1  0.000000000000000E+000 -4.649776453054947E-018
         274           2  0.000000000000000E+000 -4.350223546944173E-018
         275           1  0.000000000000000E+000 -4.649776453055371E-018
         275           2  0.000000000000000E+000 -4.350223546945232E-018
         276           1  0.000000000000000E+000 -4.649776453054920E-018
         276           2  0.000000000000000E+000 -4.350223546943621E-018
         277           1  0.000000000000000E+000 -4.649776453055110E-018
         277           2  0.000000000000000E+000 -4.350223546943712E-018
         278           1  0.000000000000000E+000 -4.649776453054829E-018
         278           2  0.000000000000000E+000 -4.350223546936953E-018
         279           1  0.000000000000000E+000 -4.649776453054678E-018
         279           2  0.000000000000000E+000 -4.350223546942039E-018
         280           1  0.000000000000000E+000 -4.649776453054787E-018
         280           2  0.000000000000000E+000 -4.350223546941744E-018
         281           1  0.000000000000000E+000 -4.649776453056502E-018
         281           2  0.000000000000000E+000 -4.350223546947188E-018
         282           1  0.000000000000000E+000 -4.649776453056342E-018
         282           2  0.000000000000000E+000 -4.350223546947247E-018
         283           1  0.000000000000000E+000 -4.649776453057383E-018
         283           2  0.000000000000000E+000 -4.350223546950113E-018
         284           1  0.000000000000000E+000 -4.649776453057385E-018
         284           2  0.000000000000000E+000 -4.350223546951075E-018
         285           1  0.000000000000000E+000 -4.649776453056992E-018
         285           2  0.000000000000000E+000 -4.350223546950856E-018
         286           1  0.000000000000000E+000 -4.649776453063131E-018
         286           2  0.000000000000000E+000 -4.350223546964565E-018
         287           1  0.000000000000000E+000 -4.649776453059996E-018
         287           2  0.000000000000000E+000 -4.350223546955933E-018
         288           1  0.000000000000000E+000 -4.649776453058684E-018
         288           2  0.000000000000000E+000 -4.350223546950022E-018
         289           1  0.000000000000000E+000 -4.649776453055376E-018
         289           2  0.000000000000000E+000 -4.350223546945569E-018
         290           1  0.000000000000000E+000 -4.649776453057832E-018
         290           2  0.000000000000000E+000 -4.350223546946492E-018
         291           1  0.000000000000000E+000 -4.649776453056794E-018
         291           2  0.000000000000000E+000 -4.350223546942839E-018
         292           1  0.000000000000000E+000 -4.649776453056627E-018
         292           2  0.000000000000000E+000 -4.350223546939865E-018
         293           1  0.000000000000000E+000 -4.649776453054542E-018
         293           2  0.000000000000000E+000 -4.350223546943537E-018
         294           1  0.000000000000000E+000 -4.649776453054398E-018
         294           2  0.000000000000000E+000 -4.350223546943069E-018
         295           1  0.000000000000000E+000 -4.649776453054825E-018
         295           2  0.000000000000000E+000 -4.350223546943673E-018
         296           1  0.000000000000000E+000 -4.649776453054893E-018
         296           2  0.000000000000000E+000 -4.350223546943588E-018
         297           1  0.000000000000000E+000 -4.649776453055161E-018
         297           2  0.000000000000000E+000 -4.350223546943785E-018
         298           1  0.000000000000000E+000 -4.649776453054780E-018
         298           2  0.000000000000000E+000 -4.350223546942368E-018
         299           1  0.000000000000000E+000 -4.649776453054939E-018
         299           2  0.000000000000000E+000 -4.350223546942295E-018
         300           1  0.000000000000000E+000 -4.649776453054514E-018
         300           2  0.000000000000000E+000 -4.350223546941882E-018
         301           1  0.000000000000000E+000 -4.649776453056252E-018
         301           2  0.000000000000000E+000 -4.350223546947518E-018
         302           1  0.000000000000000E+000 -4.649776453056382E-018
         302           2  0.000000000000000E+000 -4.350223546947596E-018
         303           1  0.000000000000000E+000 -4.649776453060318E-018
         303           2  0.000000000000000E+000 -4.350223546956933E-018
         304           1  0.000000000000000E+000 -4.649776453057142E-018
         304           2  0.000000000000000E+000 -4.350223546951143E-018
         305           1  0.000000000000000E+000 -4.649776453063317E-018
         305           2  0.000000000000000E+000 -4.350223546962737E-018
         306           1  0.000000000000000E+000 -4.649776453061737E-018
         306           2  0.000000000000000E+000 -4.350223546957627E-018
         307           1  0.000000000000000E+000 -4.649776453059528E-018
         307           2  0.000000000000000E+000 -4.350223546953625E-018
         308           1  0.000000000000000E+000 -4.649776453058542E-018
         308           2  0.000000000000000E+000 -4.350223546948453E-018
         309           1  0.000000000000000E+000 -4.649776453058375E-018
         309           2  0.000000000000000E+000 -4.350223546945737E-018
         310           1  0.000000000000000E+000 -4.649776453057479E-018
         310           2  0.000000000000000E+000 -4.350223546944597E-018
         311           1  0.000000000000000E+000 -4.649776453056837E-018
         311           2  0.000000000000000E+000 -4.350223546942406E-018
         312           1  0.000000000000000E+000 -4.649776453055131E-018
         312           2  0.000000000000000E+000 -4.350223546943159E-018
         313           1  0.000000000000000E+000 -4.649776453054976E-018
         313           2  0.000000000000000E+000 -4.350223546943088E-018
         314           1  0.000000000000000E+000 -4.649776453054761E-018
         314           2  0.000000000000000E+000 -4.350223546942739E-018
         315           1  0.000000000000000E+000 -4.649776453054809E-018
         315           2  0.000000000000000E+000 -4.350223546942943E-018
         316           1  0.000000000000000E+000 -4.649776453054846E-018
         316           2  0.000000000000000E+000 -4.350223546943000E-018
         317           1  0.000000000000000E+000 -4.649776453054899E-018
         317           2  0.000000000000000E+000 -4.350223546943392E-018
         318           1  0.000000000000000E+000 -4.649776453054782E-018
         318           2  0.000000000000000E+000 -4.350223546941770E-018
         319           1  0.000000000000000E+000 -4.649776453054653E-018
         319           2  0.000000000000000E+000 -4.350223546941519E-018
         320           1  0.000000000000000E+000 -4.649776453054671E-018
         320           2  0.000000000000000E+000 -4.350223546941939E-018
         321           1  0.000000000000000E+000 -4.649776453056825E-018
         321           2  0.000000000000000E+000 -4.350223546948421E-018
         322           1  0.000000000000000E+000 -4.649776453060118E-018
         322           2  0.000000000000000E+000 -4.350223546952764E-018
         323           1  0.000000000000000E+000 -4.649776453060724E-018
         323           2  0.000000000000000E+000 -4.350223546955408E-018
         324           1  0.000000000000000E+000 -4.649776453057265E-018
         324           2  0.000000000000000E+000 -4.350223546950880E-018
         325           1  0.000000000000000E+000 -4.649776453056771E-018
         325           2  0.000000000000000E+000 -4.350223546949936E-018
         326           1  0.000000000000000E+000 -4.649776453059002E-018
         326           2  0.000000000000000E+000 -4.350223546952928E-018
         327           1  0.000000000000000E+000 -4.649776453058734E-018
         327           2  0.000000000000000E+000 -4.350223546949012E-018
         328           1  0.000000000000000E+000 -4.649776453057693E-018
         328           2  0.000000000000000E+000 -4.350223546944356E-018
         329           1  0.000000000000000E+000 -4.649776453055596E-018
         329           2  0.000000000000000E+000 -4.350223546944373E-018
         330           1  0.000000000000000E+000 -4.649776453055196E-018
         330           2  0.000000000000000E+000 -4.350223546943690E-018
         331           1  0.000000000000000E+000 -4.649776453055308E-018
         331           2  0.000000000000000E+000 -4.350223546943644E-018
         332           1  0.000000000000000E+000 -4.649776453055352E-018
         332           2  0.000000000000000E+000 -4.350223546943151E-018
         333           1  0.000000000000000E+000 -4.649776453055211E-018
         333           2  0.000000000000000E+000 -4.350223546942892E-018
         334           1  0.000000000000000E+000 -4.649776453054894E-018
         334           2  0.000000000000000E+000 -4.350223546942171E-018
         335           1  0.000000000000000E+000 -4.649776453054741E-018
         335           2  0.000000000000000E+000 -4.350223546942950E-018
         336           1  0.000000000000000E+000 -4.649776453054579E-018
         336           2  0.000000000000000E+000 -4.350223546943475E-018
         337           1  0.000000000000000E+000 -4.649776453054846E-018
         337           2  0.000000000000000E+000 -4.350223546942527E-018
         338           1  0.000000000000000E+000 -4.649776453055096E-018
         338           2  0.000000000000000E+000 -4.350223546935549E-018
         339           1  0.000000000000000E+000 -4.649776453054514E-018
         339           2  0.000000000000000E+000 -4.350223546933339E-018
         340           1  0.000000000000000E+000 -4.649776453054873E-018
         340           2  0.000000000000000E+000 -4.350223546941188E-018
         341           1  0.000000000000000E+000 -4.649776453056251E-018
         341           2  0.000000000000000E+000 -4.350223546946759E-018
         342           1  0.000000000000000E+000 -4.649776453056079E-018
         342           2  0.000000000000000E+000 -4.350223546946530E-018
         343           1  0.000000000000000E+000 -4.649776453056090E-018
         343           2  0.000000000000000E+000 -4.350223546946874E-018
         344           1  0.000000000000000E+000 -4.649776453059846E-018
         344           2  0.000000000000000E+000 -4.350223546954455E-018
         345           1  0.000000000000000E+000 -4.649776453056519E-018
         345           2  0.000000000000000E+000 -4.350223546947970E-018
         346           1  0.000000000000000E+000 -4.649776453056134E-018
         346           2  0.000000000000000E+000 -4.350223546946841E-018
         347           1  0.000000000000000E+000 -4.649776453055752E-018
         347           2  0.000000000000000E+000 -4.350223546945530E-018
         348           1  0.000000000000000E+000 -4.649776453055607E-018
         348           2  0.000000000000000E+000 -4.350223546944574E-018
         349           1  0.000000000000000E+000 -4.649776453055299E-018
         349           2  0.000000000000000E+000 -4.350223546943794E-018
         350           1  0.000000000000000E+000 -4.649776453055005E-018
         350           2  0.000000000000000E+000 -4.350223546943444E-018
         351           1  0.000000000000000E+000 -4.649776453054803E-018
         351           2  0.000000000000000E+000 -4.350223546943054E-018
         352           1  0.000000000000000E+000 -4.649776453055107E-018
         352           2  0.000000000000000E+000 -4.350223546942678E-018
         353           1  0.000000000000000E+000 -4.649776453055116E-018
         353           2  0.000000000000000E+000 -4.350223546942344E-018
         354           1  0.000000000000000E+000 -4.649776453054886E-018
         354           2  0.000000000000000E+000 -4.350223546942384E-018
         355           1  0.000000000000000E+000 -4.649776453054619E-018
         355           2  0.000000000000000E+000 -4.350223546942515E-018
         356           1  0.000000000000000E+000 -4.649776453054540E-018
         356           2  0.000000000000000E+000 -4.350223546942960E-018
         357           1  0.000000000000000E+000 -4.649776453054566E-018
         357           2  0.000000000000000E+000 -4.350223546942651E-018
         358           1  0.000000000000000E+000 -4.649776453055057E-018
         358           2  0.000000000000000E+000 -4.350223546941812E-018
         359           1  0.000000000000000E+000 -4.649776453054850E-018
         359           2  0.000000000000000E+000 -4.350223546940282E-018
         360           1  0.000000000000000E+000 -4.649776453054768E-018
         360           2  0.000000000000000E+000 -4.350223546940921E-018
         361           1  0.000000000000000E+000 -4.649776453055847E-018
         361           2  0.000000000000000E+000 -4.350223546944846E-018
         362           1  0.000000000000000E+000 -4.649776453055848E-018
         362           2  0.000000000000000E+000 -4.350223546945415E-018
         363           1  0.000000000000000E+000 -4.649776453056308E-018
         363           2  0.000000000000000E+000 -4.350223546946751E-018
         364           1  0.000000000000000E+000 -4.649776453056419E-018
         364           2  0.000000000000000E+000 -4.350223546946491E-018
         365           1  0.000000000000000E+000 -4.649776453056010E-018
         365           2  0.000000000000000E+000 -4.350223546945207E-018
         366           1  0.000000000000000E+000 -4.649776453055538E-018
         366           2  0.000000000000000E+000 -4.350223546943912E-018
         367           1  0.000000000000000E+000 -4.649776453055805E-018
         367           2  0.000000000000000E+000 -4.350223546943628E-018
         368           1  0.000000000000000E+000 -4.649776453055789E-018
         368           2  0.000000000000000E+000 -4.350223546943361E-018
         369           1  0.000000000000000E+000 -4.649776453055602E-018
         369           2  0.000000000000000E+000 -4.350223546943624E-018
         370           1  0.000000000000000E+000 -4.649776453055641E-018
         370           2  0.000000000000000E+000 -4.350223546943379E-018
         371           1  0.000000000000000E+000 -4.649776453055336E-018
         371           2  0.000000000000000E+000 -4.350223546943052E-018
         372           1  0.000000000000000E+000 -4.649776453055157E-018
         372           2  0.000000000000000E+000 -4.350223546942560E-018
         373           1  0.000000000000000E+000 -4.649776453054968E-018
         373           2  0.000000000000000E+000 -4.350223546941895E-018
         374           1  0.000000000000000E+000 -4.649776453055006E-018
         374           2  0.000000000000000E+000 -4.350223546941886E-018
         375           1  0.000000000000000E+000 -4.649776453054772E-018
         375           2  0.000000000000000E+000 -4.350223546942141E-018
         376           1  0.000000000000000E+000 -4.649776453054753E-018
         376           2  0.000000000000000E+000 -4.350223546942003E-018
         377           1  0.000000000000000E+000 -4.649776453054466E-018
         377           2  0.000000000000000E+000 -4.350223546941226E-018
         378           1  0.000000000000000E+000 -4.649776453054764E-018
         378           2  0.000000000000000E+000 -4.350223546940743E-018
         379           1  0.000000000000000E+000 -4.649776453054440E-018
         379           2  0.000000000000000E+000 -4.350223546940720E-018
         380           1  0.000000000000000E+000 -4.649776453054745E-018
         380           2  0.000000000000000E+000 -4.350223546940846E-018
         381           1  0.000000000000000E+000 -4.649776453056928E-018
         381           2  0.000000000000000E+000 -4.350223546946215E-018
         382           1  0.000000000000000E+000 -4.649776453056429E-018
         382           2  0.000000000000000E+000 -4.350223546945590E-018
         383           1  0.000000000000000E+000 -4.649776453056344E-018
         383           2  0.000000000000000E+000 -4.350223546945344E-018
         384           1  0.000000000000000E+000 -4.649776453056602E-018
         384           2  0.000000000000000E+000 -4.350223546946686E-018
         385           1  0.000000000000000E+000 -4.649776453056543E-018
         385           2  0.000000000000000E+000 -4.350223546945710E-018
         386           1  0.000000000000000E+000 -4.649776453055996E-018
         386           2  0.000000000000000E+000 -4.350223546944661E-018
         387           1  0.000000000000000E+000 -4.649776453056302E-018
         387           2  0.000000000000000E+000 -4.350223546943944E-018
         388           1  0.000000000000000E+000 -4.649776453055742E-018
         388           2  0.000000000000000E+000 -4.350223546943080E-018
         389           1  0.000000000000000E+000 -4.649776453055725E-018
         389           2  0.000000000000000E+000 -4.350223546942847E-018
         390           1  0.000000000000000E+000 -4.649776453056033E-018
         390           2  0.000000000000000E+000 -4.350223546943398E-018
         391           1  0.000000000000000E+000 -4.649776453055789E-018
         391           2  0.000000000000000E+000 -4.350223546943452E-018
         392           1  0.000000000000000E+000 -4.649776453055283E-018
         392           2  0.000000000000000E+000 -4.350223546941943E-018
         393           1  0.000000000000000E+000 -4.649776453055255E-018
         393           2  0.000000000000000E+000 -4.350223546941255E-018
         394           1  0.000000000000000E+000 -4.649776453054737E-018
         394           2  0.000000000000000E+000 -4.350223546941641E-018
         395           1  0.000000000000000E+000 -4.649776453054704E-018
         395           2  0.000000000000000E+000 -4.350223546942218E-018
         396           1  0.000000000000000E+000 -4.649776453054635E-018
         396           2  0.000000000000000E+000 -4.350223546941683E-018
         397           1  0.000000000000000E+000 -4.649776453054579E-018
         397           2  0.000000000000000E+000 -4.350223546940833E-018
         398           1  0.000000000000000E+000 -4.649776453054750E-018
         398           2  0.000000000000000E+000 -4.350223546940464E-018
         399           1  0.000000000000000E+000 -4.649776453054841E-018
         399           2  0.000000000000000E+000 -4.350223546940628E-018
         400           1  0.000000000000000E+000 -4.649776453054999E-018
         400           2  0.000000000000000E+000 -4.350223546940596E-018
