           1           1  0.000000000000000E+000 -4.999999999994318E-018
           1           2  0.000000000000000E+000 -1.999999999997898E-017
           2           1  0.000000000000000E+000 -4.999999999996152E-018
           2           2  0.000000000000000E+000 -1.999999999998436E-017
           3           1  0.000000000000000E+000 -4.999999999997366E-018
           3           2  0.000000000000000E+000 -1.999999999998460E-017
           4           1  0.000000000000000E+000 -4.999999999997319E-018
           4           2  0.000000000000000E+000 -1.999999999998342E-017
           5           1  0.000000000000000E+000 -4.999999999998514E-018
           5           2  0.000000000000000E+000 -1.999999999998536E-017
           6           1  0.000000000000000E+000 -4.999999999999453E-018
           6           2  0.000000000000000E+000 -1.999999999998445E-017
           7           1  0.000000000000000E+000 -4.999999999998859E-018
           7           2  0.000000000000000E+000 -1.999999999998389E-017
           8           1  0.000000000000000E+000 -4.999999999997383E-018
           8           2  0.000000000000000E+000 -1.999999999998309E-017
           9           1  0.000000000000000E+000 -4.999999999996802E-018
           9           2  0.000000000000000E+000 -1.999999999998283E-017
          10           1  0.000000000000000E+000 -4.999999999996162E-018
          10           2  0.000000000000000E+000 -1.999999999998068E-017
          11           1  0.000000000000000E+000 -4.999999999995845E-018
          11           2  0.000000000000000E+000 -1.999999999998024E-017
          12           1  0.000000000000000E+000 -4.999999999997041E-018
          12           2  0.000000000000000E+000 -1.999999999997655E-017
          13           1  0.000000000000000E+000 -4.999999999997397E-018
          13           2  0.000000000000000E+000 -1.999999999998029E-017
          14           1  0.000000000000000E+000 -4.999999999996815E-018
          14           2  0.000000000000000E+000 -1.999999999998365E-017
          15           1  0.000000000000000E+000 -4.999999999997682E-018
          15           2  0.000000000000000E+000 -1.999999999998645E-017
          16           1  0.000000000000000E+000 -4.999999999997565E-018
          16           2  0.000000000000000E+000 -1.999999999998666E-017
          17           1  0.000000000000000E+000 -4.999999999998252E-018
          17           2  0.000000000000000E+000 -1.999999999998571E-017
          18           1  0.000000000000000E+000 -4.999999999998001E-018
          18           2  0.000000000000000E+000 -1.999999999998749E-017
          19           1  0.000000000000000E+000 -4.999999999996615E-018
          19           2  0.000000000000000E+000 -1.999999999998462E-017
          20           1  0.000000000000000E+000 -4.999999999996912E-018
          20           2  0.000000000000000E+000 -1.999999999998221E-017
          21           1  0.000000000000000E+000 -4.999999999996392E-018
          21           2  0.000000000000000E+000 -1.999999999998152E-017
          22           1  0.000000000000000E+000 -4.999999999996818E-018
          22           2  0.000000000000000E+000 -1.999999999998952E-017
          23           1  0.000000000000000E+000 -4.999999999996973E-018
          23           2  0.000000000000000E+000 -1.999999999999128E-017
          24           1  0.000000000000000E+000 -4.999999999996894E-018
          24           2  0.000000000000000E+000 -1.999999999998881E-017
          25           1  0.000000000000000E+000 -4.999999999998273E-018
          25           2  0.000000000000000E+000 -1.999999999998825E-017
          26           1  0.000000000000000E+000 -4.999999999999798E-018
          26           2  0.000000000000000E+000 -1.999999999998789E-017
          27           1  0.000000000000000E+000 -4.999999999999544E-018
          27           2  0.000000000000000E+000 -1.999999999998523E-017
          28           1  0.000000000000000E+000 -4.999999999998306E-018
          28           2  0.000000000000000E+000 -1.999999999998597E-017
          29           1  0.000000000000000E+000 -4.999999999998923E-018
          29           2  0.000000000000000E+000 -1.999999999998952E-017
          30           1  0.000000000000000E+000 -4.999999999997350E-018
          30           2  0.000000000000000E+000 -1.999999999999080E-017
          31           1  0.000000000000000E+000 -4.999999999996599E-018
          31           2  0.000000000000000E+000 -1.999999999998791E-017
          32           1  0.000000000000000E+000 -4.999999999997212E-018
          32           2  0.000000000000000E+000 -1.999999999998382E-017
          33           1  0.000000000000000E+000 -4.999999999998450E-018
          33           2  0.000000000000000E+000 -1.999999999998554E-017
          34           1  0.000000000000000E+000 -4.999999999998060E-018
          34           2  0.000000000000000E+000 -1.999999999999338E-017
          35           1  0.000000000000000E+000 -4.999999999997059E-018
          35           2  0.000000000000000E+000 -1.999999999999447E-017
          36           1  0.000000000000000E+000 -4.999999999995705E-018
          36           2  0.000000000000000E+000 -1.999999999999435E-017
          37           1  0.000000000000000E+000 -4.999999999997608E-018
          37           2  0.000000000000000E+000 -1.999999999999389E-017
          38           1  0.000000000000000E+000 -4.999999999997960E-018
          38           2  0.000000000000000E+000 -1.999999999999390E-017
          39           1  0.000000000000000E+000 -4.999999999996120E-018
          39           2  0.000000000000000E+000 -1.999999999999362E-017
          40           1  0.000000000000000E+000 -4.999999999997296E-018
          40           2  0.000000000000000E+000 -1.999999999998890E-017
          41           1  0.000000000000000E+000 -4.999999999996664E-018
          41           2  0.000000000000000E+000 -1.999999999998206E-017
          42           1  0.000000000000000E+000 -4.999999999997572E-018
          42           2  0.000000000000000E+000 -1.999999999998769E-017
          43           1  0.000000000000000E+000 -4.999999999997387E-018
          43           2  0.000000000000000E+000 -1.999999999998922E-017
          44           1  0.000000000000000E+000 -4.999999999999148E-018
          44           2  0.000000000000000E+000 -1.999999999998699E-017
          45           1  0.000000000000000E+000 -4.999999999998886E-018
          45           2  0.000000000000000E+000 -1.999999999999067E-017
          46           1  0.000000000000000E+000 -5.000000000000310E-018
          46           2  0.000000000000000E+000 -1.999999999999217E-017
          47           1  0.000000000000000E+000 -5.000000000000222E-018
          47           2  0.000000000000000E+000 -1.999999999998932E-017
          48           1  0.000000000000000E+000 -5.000000000000219E-018
          48           2  0.000000000000000E+000 -1.999999999998874E-017
          49           1  0.000000000000000E+000 -4.999999999999081E-018
          49           2  0.000000000000000E+000 -1.999999999999046E-017
          50           1  0.000000000000000E+000 -4.999999999999526E-018
          50           2  0.000000000000000E+000 -1.999999999999076E-017
          51           1  0.000000000000000E+000 -4.999999999998799E-018
          51           2  0.000000000000000E+000 -1.999999999998823E-017
          52           1  0.000000000000000E+000 -4.999999999997870E-018
          52           2  0.000000000000000E+000 -1.999999999998591E-017
          53           1  0.000000000000000E+000 -4.999999999999188E-018
          53           2  0.000000000000000E+000 -1.999999999999176E-017
          54           1  0.000000000000000E+000 -4.999999999999295E-018
          54           2  0.000000000000000E+000 -1.999999999999205E-017
          55           1  0.000000000000000E+000 -4.999999999998815E-018
          55           2  0.000000000000000E+000 -1.999999999999696E-017
          56           1  0.000000000000000E+000 -4.999999999998125E-018
          56           2  0.000000000000000E+000 -1.999999999999140E-017
          57           1  0.000000000000000E+000 -4.999999999998822E-018
          57           2  0.000000000000000E+000 -1.999999999999549E-017
          58           1  0.000000000000000E+000 -4.999999999998823E-018
          58           2  0.000000000000000E+000 -1.999999999999931E-017
          59           1  0.000000000000000E+000 -4.999999999997349E-018
          59           2  0.000000000000000E+000 -1.999999999999874E-017
          60           1  0.000000000000000E+000 -4.999999999995993E-018
          60           2  0.000000000000000E+000 -1.999999999998911E-017
          61           1  0.000000000000000E+000 -4.999999999996295E-018
          61           2  0.000000000000000E+000 -1.999999999997963E-017
          62           1  0.000000000000000E+000 -4.999999999996359E-018
          62           2  0.000000000000000E+000 -1.999999999998319E-017
          63           1  0.000000000000000E+000 -4.999999999997746E-018
          63           2  0.000000000000000E+000 -1.999999999998784E-017
          64           1  0.000000000000000E+000 -4.999999999997378E-018
          64           2  0.000000000000000E+000 -1.999999999998407E-017
          65           1  0.000000000000000E+000 -4.999999999998102E-018
          65           2  0.000000000000000E+000 -1.999999999998755E-017
          66           1  0.000000000000000E+000 -5.000000000000320E-018
          66           2  0.000000000000000E+000 -1.999999999998732E-017
          67           1  0.000000000000000E+000 -5.000000000001392E-018
          67           2  0.000000000000000E+000 -1.999999999998656E-017
          68           1  0.000000000000000E+000 -5.000000000001041E-018
          68           2  0.000000000000000E+000 -1.999999999998871E-017
          69           1  0.000000000000000E+000 -4.999999999999973E-018
          69           2  0.000000000000000E+000 -1.999999999999241E-017
          70           1  0.000000000000000E+000 -4.999999999998736E-018
          70           2  0.000000000000000E+000 -1.999999999998916E-017
          71           1  0.000000000000000E+000 -4.999999999998718E-018
          71           2  0.000000000000000E+000 -1.999999999998976E-017
          72           1  0.000000000000000E+000 -4.999999999998890E-018
          72           2  0.000000000000000E+000 -1.999999999998814E-017
          73           1  0.000000000000000E+000 -4.999999999999511E-018
          73           2  0.000000000000000E+000 -1.999999999999229E-017
          74           1  0.000000000000000E+000 -5.000000000000808E-018
          74           2  0.000000000000000E+000 -1.999999999999192E-017
          75           1  0.000000000000000E+000 -4.999999999998936E-018
          75           2  0.000000000000000E+000 -1.999999999999211E-017
          76           1  0.000000000000000E+000 -4.999999999998047E-018
          76           2  0.000000000000000E+000 -1.999999999998830E-017
          77           1  0.000000000000000E+000 -4.999999999998775E-018
          77           2  0.000000000000000E+000 -1.999999999999237E-017
          78           1  0.000000000000000E+000 -4.999999999999656E-018
          78           2  0.000000000000000E+000 -1.999999999999601E-017
          79           1  0.000000000000000E+000 -4.999999999996606E-018
          79           2  0.000000000000000E+000 -1.999999999999549E-017
          80           1  0.000000000000000E+000 -4.999999999995497E-018
          80           2  0.000000000000000E+000 -1.999999999999064E-017
          81           1  0.000000000000000E+000 -4.999999999994894E-018
          81           2  0.000000000000000E+000 -1.999999999998412E-017
          82           1  0.000000000000000E+000 -4.999999999995676E-018
          82           2  0.000000000000000E+000 -1.999999999998877E-017
          83           1  0.000000000000000E+000 -4.999999999997678E-018
          83           2  0.000000000000000E+000 -1.999999999998665E-017
          84           1  0.000000000000000E+000 -4.999999999997518E-018
          84           2  0.000000000000000E+000 -1.999999999998386E-017
          85           1  0.000000000000000E+000 -4.999999999997873E-018
          85           2  0.000000000000000E+000 -1.999999999998551E-017
          86           1  0.000000000000000E+000 -4.999999999999769E-018
          86           2  0.000000000000000E+000 -1.999999999998593E-017
          87           1  0.000000000000000E+000 -5.000000000001509E-018
          87           2  0.000000000000000E+000 -1.999999999998566E-017
          88           1  0.000000000000000E+000 -5.000000000001049E-018
          88           2  0.000000000000000E+000 -1.999999999998832E-017
          89           1  0.000000000000000E+000 -4.999999999999882E-018
          89           2  0.000000000000000E+000 -1.999999999999300E-017
          90           1  0.000000000000000E+000 -4.999999999998510E-018
          90           2  0.000000000000000E+000 -1.999999999999009E-017
          91           1  0.000000000000000E+000 -4.999999999998342E-018
          91           2  0.000000000000000E+000 -1.999999999999061E-017
          92           1  0.000000000000000E+000 -4.999999999998625E-018
          92           2  0.000000000000000E+000 -1.999999999999126E-017
          93           1  0.000000000000000E+000 -5.000000000000200E-018
          93           2  0.000000000000000E+000 -1.999999999999339E-017
          94           1  0.000000000000000E+000 -5.000000000000310E-018
          94           2  0.000000000000000E+000 -1.999999999998968E-017
          95           1  0.000000000000000E+000 -4.999999999997967E-018
          95           2  0.000000000000000E+000 -1.999999999999065E-017
          96           1  0.000000000000000E+000 -4.999999999997223E-018
          96           2  0.000000000000000E+000 -1.999999999999128E-017
          97           1  0.000000000000000E+000 -4.999999999996635E-018
          97           2  0.000000000000000E+000 -1.999999999998642E-017
          98           1  0.000000000000000E+000 -4.999999999998911E-018
          98           2  0.000000000000000E+000 -1.999999999999296E-017
          99           1  0.000000000000000E+000 -4.999999999996879E-018
          99           2  0.000000000000000E+000 -1.999999999999403E-017
         100           1  0.000000000000000E+000 -4.999999999997678E-018
         100           2  0.000000000000000E+000 -1.999999999998893E-017
         101           1  0.000000000000000E+000 -4.999999999994454E-018
         101           2  0.000000000000000E+000 -1.999999999998376E-017
         102           1  0.000000000000000E+000 -4.999999999996840E-018
         102           2  0.000000000000000E+000 -1.999999999999050E-017
         103           1  0.000000000000000E+000 -4.999999999998497E-018
         103           2  0.000000000000000E+000 -1.999999999998987E-017
         104           1  0.000000000000000E+000 -4.999999999998339E-018
         104           2  0.000000000000000E+000 -1.999999999998492E-017
         105           1  0.000000000000000E+000 -4.999999999998861E-018
         105           2  0.000000000000000E+000 -1.999999999998317E-017
         106           1  0.000000000000000E+000 -4.999999999999246E-018
         106           2  0.000000000000000E+000 -1.999999999998098E-017
         107           1  0.000000000000000E+000 -5.000000000001318E-018
         107           2  0.000000000000000E+000 -1.999999999998428E-017
         108           1  0.000000000000000E+000 -5.000000000001398E-018
         108           2  0.000000000000000E+000 -1.999999999998830E-017
         109           1  0.000000000000000E+000 -5.000000000000350E-018
         109           2  0.000000000000000E+000 -1.999999999999246E-017
         110           1  0.000000000000000E+000 -4.999999999999777E-018
         110           2  0.000000000000000E+000 -1.999999999999318E-017
         111           1  0.000000000000000E+000 -4.999999999999294E-018
         111           2  0.000000000000000E+000 -1.999999999999198E-017
         112           1  0.000000000000000E+000 -5.000000000000041E-018
         112           2  0.000000000000000E+000 -1.999999999999227E-017
         113           1  0.000000000000000E+000 -5.000000000000911E-018
         113           2  0.000000000000000E+000 -1.999999999999246E-017
         114           1  0.000000000000000E+000 -5.000000000001167E-018
         114           2  0.000000000000000E+000 -1.999999999998929E-017
         115           1  0.000000000000000E+000 -5.000000000000177E-018
         115           2  0.000000000000000E+000 -1.999999999998911E-017
         116           1  0.000000000000000E+000 -4.999999999999152E-018
         116           2  0.000000000000000E+000 -1.999999999999004E-017
         117           1  0.000000000000000E+000 -4.999999999999050E-018
         117           2  0.000000000000000E+000 -1.999999999998765E-017
         118           1  0.000000000000000E+000 -4.999999999999657E-018
         118           2  0.000000000000000E+000 -1.999999999999433E-017
         119           1  0.000000000000000E+000 -4.999999999997960E-018
         119           2  0.000000000000000E+000 -1.999999999999665E-017
         120           1  0.000000000000000E+000 -4.999999999997937E-018
         120           2  0.000000000000000E+000 -1.999999999998865E-017
         121           1  0.000000000000000E+000 -4.999999999995423E-018
         121           2  0.000000000000000E+000 -1.999999999998540E-017
         122           1  0.000000000000000E+000 -4.999999999995645E-018
         122           2  0.000000000000000E+000 -1.999999999998814E-017
         123           1  0.000000000000000E+000 -4.999999999998093E-018
         123           2  0.000000000000000E+000 -1.999999999999025E-017
         124           1  0.000000000000000E+000 -4.999999999997852E-018
         124           2  0.000000000000000E+000 -1.999999999998658E-017
         125           1  0.000000000000000E+000 -4.999999999998618E-018
         125           2  0.000000000000000E+000 -1.999999999998544E-017
         126           1  0.000000000000000E+000 -4.999999999999956E-018
         126           2  0.000000000000000E+000 -1.999999999998366E-017
         127           1  0.000000000000000E+000 -5.000000000001114E-018
         127           2  0.000000000000000E+000 -1.999999999998485E-017
         128           1  0.000000000000000E+000 -5.000000000000761E-018
         128           2  0.000000000000000E+000 -1.999999999999144E-017
         129           1  0.000000000000000E+000 -5.000000000000198E-018
         129           2  0.000000000000000E+000 -1.999999999999455E-017
         130           1  0.000000000000000E+000 -5.000000000000558E-018
         130           2  0.000000000000000E+000 -1.999999999999958E-017
         131           1  0.000000000000000E+000 -5.000000000001230E-018
         131           2  0.000000000000000E+000 -1.999999999999677E-017
         132           1  0.000000000000000E+000 -5.000000000000590E-018
         132           2  0.000000000000000E+000 -1.999999999999500E-017
         133           1  0.000000000000000E+000 -5.000000000001324E-018
         133           2  0.000000000000000E+000 -1.999999999999091E-017
         134           1  0.000000000000000E+000 -5.000000000001744E-018
         134           2  0.000000000000000E+000 -1.999999999998908E-017
         135           1  0.000000000000000E+000 -5.000000000000811E-018
         135           2  0.000000000000000E+000 -1.999999999999116E-017
         136           1  0.000000000000000E+000 -5.000000000000077E-018
         136           2  0.000000000000000E+000 -1.999999999999582E-017
         137           1  0.000000000000000E+000 -4.999999999999755E-018
         137           2  0.000000000000000E+000 -1.999999999999112E-017
         138           1  0.000000000000000E+000 -4.999999999998439E-018
         138           2  0.000000000000000E+000 -1.999999999999121E-017
         139           1  0.000000000000000E+000 -4.999999999998008E-018
         139           2  0.000000000000000E+000 -1.999999999999465E-017
         140           1  0.000000000000000E+000 -4.999999999996882E-018
         140           2  0.000000000000000E+000 -1.999999999998827E-017
         141           1  0.000000000000000E+000 -4.999999999996450E-018
         141           2  0.000000000000000E+000 -1.999999999998516E-017
         142           1  0.000000000000000E+000 -4.999999999996476E-018
         142           2  0.000000000000000E+000 -1.999999999998818E-017
         143           1  0.000000000000000E+000 -4.999999999998002E-018
         143           2  0.000000000000000E+000 -1.999999999998852E-017
         144           1  0.000000000000000E+000 -4.999999999998164E-018
         144           2  0.000000000000000E+000 -1.999999999998741E-017
         145           1  0.000000000000000E+000 -4.999999999998307E-018
         145           2  0.000000000000000E+000 -1.999999999998721E-017
         146           1  0.000000000000000E+000 -5.000000000000033E-018
         146           2  0.000000000000000E+000 -1.999999999998662E-017
         147           1  0.000000000000000E+000 -5.000000000000930E-018
         147           2  0.000000000000000E+000 -1.999999999998759E-017
         148           1  0.000000000000000E+000 -5.000000000001936E-018
         148           2  0.000000000000000E+000 -1.999999999999124E-017
         149           1  0.000000000000000E+000 -5.000000000001899E-018
         149           2  0.000000000000000E+000 -2.000000000000141E-017
         150           1  0.000000000000000E+000 -5.000000000002358E-018
         150           2  0.000000000000000E+000 -2.000000000000399E-017
         151           1  0.000000000000000E+000 -5.000000000002617E-018
         151           2  0.000000000000000E+000 -2.000000000000253E-017
         152           1  0.000000000000000E+000 -5.000000000001716E-018
         152           2  0.000000000000000E+000 -1.999999999999680E-017
         153           1  0.000000000000000E+000 -5.000000000001993E-018
         153           2  0.000000000000000E+000 -1.999999999999142E-017
         154           1  0.000000000000000E+000 -5.000000000001464E-018
         154           2  0.000000000000000E+000 -1.999999999998728E-017
         155           1  0.000000000000000E+000 -5.000000000000286E-018
         155           2  0.000000000000000E+000 -1.999999999998796E-017
         156           1  0.000000000000000E+000 -5.000000000000213E-018
         156           2  0.000000000000000E+000 -1.999999999999078E-017
         157           1  0.000000000000000E+000 -4.999999999999448E-018
         157           2  0.000000000000000E+000 -1.999999999999033E-017
         158           1  0.000000000000000E+000 -4.999999999999305E-018
         158           2  0.000000000000000E+000 -1.999999999999335E-017
         159           1  0.000000000000000E+000 -4.999999999997942E-018
         159           2  0.000000000000000E+000 -1.999999999999523E-017
         160           1  0.000000000000000E+000 -4.999999999996135E-018
         160           2  0.000000000000000E+000 -1.999999999998660E-017
         161           1  0.000000000000000E+000 -4.999999999997244E-018
         161           2  0.000000000000000E+000 -1.999999999998509E-017
         162           1  0.000000000000000E+000 -4.999999999998105E-018
         162           2  0.000000000000000E+000 -1.999999999998824E-017
         163           1  0.000000000000000E+000 -4.999999999997735E-018
         163           2  0.000000000000000E+000 -1.999999999998701E-017
         164           1  0.000000000000000E+000 -4.999999999997681E-018
         164           2  0.000000000000000E+000 -1.999999999998557E-017
         165           1  0.000000000000000E+000 -4.999999999997965E-018
         165           2  0.000000000000000E+000 -1.999999999998678E-017
         166           1  0.000000000000000E+000 -4.999999999999312E-018
         166           2  0.000000000000000E+000 -1.999999999998721E-017
         167           1  0.000000000000000E+000 -5.000000000000150E-018
         167           2  0.000000000000000E+000 -1.999999999998813E-017
         168           1  0.000000000000000E+000 -5.000000000001649E-018
         168           2  0.000000000000000E+000 -1.999999999999627E-017
         169           1  0.000000000000000E+000 -5.000000000001471E-018
         169           2  0.000000000000000E+000 -2.000000000000151E-017
         170           1  0.000000000000000E+000 -5.000000000002938E-018
         170           2  0.000000000000000E+000 -2.000000000000755E-017
         171           1  0.000000000000000E+000 -5.000000000002698E-018
         171           2  0.000000000000000E+000 -2.000000000000673E-017
         172           1  0.000000000000000E+000 -5.000000000002574E-018
         172           2  0.000000000000000E+000 -1.999999999999990E-017
         173           1  0.000000000000000E+000 -5.000000000001962E-018
         173           2  0.000000000000000E+000 -1.999999999999414E-017
         174           1  0.000000000000000E+000 -5.000000000000935E-018
         174           2  0.000000000000000E+000 -1.999999999999014E-017
         175           1  0.000000000000000E+000 -5.000000000000347E-018
         175           2  0.000000000000000E+000 -1.999999999998851E-017
         176           1  0.000000000000000E+000 -4.999999999999907E-018
         176           2  0.000000000000000E+000 -1.999999999998660E-017
         177           1  0.000000000000000E+000 -4.999999999999174E-018
         177           2  0.000000000000000E+000 -1.999999999999069E-017
         178           1  0.000000000000000E+000 -4.999999999998951E-018
         178           2  0.000000000000000E+000 -1.999999999999029E-017
         179           1  0.000000000000000E+000 -4.999999999997437E-018
         179           2  0.000000000000000E+000 -1.999999999999356E-017
         180           1  0.000000000000000E+000 -4.999999999995079E-018
         180           2  0.000000000000000E+000 -1.999999999998294E-017
         181           1  0.000000000000000E+000 -4.999999999997913E-018
         181           2  0.000000000000000E+000 -1.999999999998501E-017
         182           1  0.000000000000000E+000 -4.999999999997842E-018
         182           2  0.000000000000000E+000 -1.999999999998922E-017
         183           1  0.000000000000000E+000 -4.999999999998478E-018
         183           2  0.000000000000000E+000 -1.999999999998944E-017
         184           1  0.000000000000000E+000 -4.999999999997420E-018
         184           2  0.000000000000000E+000 -1.999999999998609E-017
         185           1  0.000000000000000E+000 -4.999999999997427E-018
         185           2  0.000000000000000E+000 -1.999999999998779E-017
         186           1  0.000000000000000E+000 -4.999999999999698E-018
         186           2  0.000000000000000E+000 -1.999999999999072E-017
         187           1  0.000000000000000E+000 -5.000000000000050E-018
         187           2  0.000000000000000E+000 -1.999999999999166E-017
         188           1  0.000000000000000E+000 -5.000000000001935E-018
         188           2  0.000000000000000E+000 -1.999999999999777E-017
         189           1  0.000000000000000E+000 -5.000000000003114E-018
         189           2  0.000000000000000E+000 -2.000000000000897E-017
         190           1  0.000000000000000E+000 -5.000000000003203E-018
         190           2  0.000000000000000E+000 -2.000000000001150E-017
         191           1  0.000000000000000E+000 -5.000000000002696E-018
         191           2  0.000000000000000E+000 -2.000000000001169E-017
         192           1  0.000000000000000E+000 -5.000000000001885E-018
         192           2  0.000000000000000E+000 -2.000000000000030E-017
         193           1  0.000000000000000E+000 -5.000000000000547E-018
         193           2  0.000000000000000E+000 -1.999999999999302E-017
         194           1  0.000000000000000E+000 -5.000000000000214E-018
         194           2  0.000000000000000E+000 -1.999999999999059E-017
         195           1  0.000000000000000E+000 -4.999999999999242E-018
         195           2  0.000000000000000E+000 -1.999999999998650E-017
         196           1  0.000000000000000E+000 -4.999999999999671E-018
         196           2  0.000000000000000E+000 -1.999999999998852E-017
         197           1  0.000000000000000E+000 -4.999999999999426E-018
         197           2  0.000000000000000E+000 -1.999999999998752E-017
         198           1  0.000000000000000E+000 -4.999999999999684E-018
         198           2  0.000000000000000E+000 -1.999999999999080E-017
         199           1  0.000000000000000E+000 -4.999999999997481E-018
         199           2  0.000000000000000E+000 -1.999999999999286E-017
         200           1  0.000000000000000E+000 -4.999999999996142E-018
         200           2  0.000000000000000E+000 -1.999999999998675E-017
         201           1  0.000000000000000E+000 -4.999999999998324E-018
         201           2  0.000000000000000E+000 -1.999999999998318E-017
         202           1  0.000000000000000E+000 -4.999999999998427E-018
         202           2  0.000000000000000E+000 -1.999999999998749E-017
         203           1  0.000000000000000E+000 -4.999999999998584E-018
         203           2  0.000000000000000E+000 -1.999999999998914E-017
         204           1  0.000000000000000E+000 -4.999999999998446E-018
         204           2  0.000000000000000E+000 -1.999999999998854E-017
         205           1  0.000000000000000E+000 -4.999999999998210E-018
         205           2  0.000000000000000E+000 -1.999999999999066E-017
         206           1  0.000000000000000E+000 -4.999999999998645E-018
         206           2  0.000000000000000E+000 -1.999999999999178E-017
         207           1  0.000000000000000E+000 -5.000000000001059E-018
         207           2  0.000000000000000E+000 -1.999999999999298E-017
         208           1  0.000000000000000E+000 -5.000000000001266E-018
         208           2  0.000000000000000E+000 -1.999999999999763E-017
         209           1  0.000000000000000E+000 -5.000000000002653E-018
         209           2  0.000000000000000E+000 -2.000000000000899E-017
         210           1  0.000000000000000E+000 -5.000000000004264E-018
         210           2  0.000000000000000E+000 -2.000000000002230E-017
         211           1  0.000000000000000E+000 -5.000000000002814E-018
         211           2  0.000000000000000E+000 -2.000000000001578E-017
         212           1  0.000000000000000E+000 -5.000000000002287E-018
         212           2  0.000000000000000E+000 -2.000000000000669E-017
         213           1  0.000000000000000E+000 -5.000000000001697E-018
         213           2  0.000000000000000E+000 -1.999999999999617E-017
         214           1  0.000000000000000E+000 -5.000000000000112E-018
         214           2  0.000000000000000E+000 -1.999999999998976E-017
         215           1  0.000000000000000E+000 -5.000000000000184E-018
         215           2  0.000000000000000E+000 -1.999999999999064E-017
         216           1  0.000000000000000E+000 -4.999999999999406E-018
         216           2  0.000000000000000E+000 -1.999999999998791E-017
         217           1  0.000000000000000E+000 -4.999999999999577E-018
         217           2  0.000000000000000E+000 -1.999999999998795E-017
         218           1  0.000000000000000E+000 -4.999999999999742E-018
         218           2  0.000000000000000E+000 -1.999999999999307E-017
         219           1  0.000000000000000E+000 -4.999999999997816E-018
         219           2  0.000000000000000E+000 -1.999999999999288E-017
         220           1  0.000000000000000E+000 -4.999999999997298E-018
         220           2  0.000000000000000E+000 -1.999999999998495E-017
         221           1  0.000000000000000E+000 -4.999999999998296E-018
         221           2  0.000000000000000E+000 -1.999999999998241E-017
         222           1  0.000000000000000E+000 -4.999999999998982E-018
         222           2  0.000000000000000E+000 -1.999999999998727E-017
         223           1  0.000000000000000E+000 -4.999999999999031E-018
         223           2  0.000000000000000E+000 -1.999999999999106E-017
         224           1  0.000000000000000E+000 -4.999999999999155E-018
         224           2  0.000000000000000E+000 -1.999999999998970E-017
         225           1  0.000000000000000E+000 -4.999999999999170E-018
         225           2  0.000000000000000E+000 -1.999999999999076E-017
         226           1  0.000000000000000E+000 -5.000000000000010E-018
         226           2  0.000000000000000E+000 -1.999999999999303E-017
         227           1  0.000000000000000E+000 -5.000000000000450E-018
         227           2  0.000000000000000E+000 -1.999999999999221E-017
         228           1  0.000000000000000E+000 -5.000000000000343E-018
         228           2  0.000000000000000E+000 -1.999999999999617E-017
         229           1  0.000000000000000E+000 -5.000000000001138E-018
         229           2  0.000000000000000E+000 -2.000000000000235E-017
         230           1  0.000000000000000E+000 -5.000000000002258E-018
         230           2  0.000000000000000E+000 -2.000000000000699E-017
         231           1  0.000000000000000E+000 -5.000000000001773E-018
         231           2  0.000000000000000E+000 -2.000000000000412E-017
         232           1  0.000000000000000E+000 -5.000000000001055E-018
         232           2  0.000000000000000E+000 -2.000000000000109E-017
         233           1  0.000000000000000E+000 -5.000000000001362E-018
         233           2  0.000000000000000E+000 -1.999999999999346E-017
         234           1  0.000000000000000E+000 -5.000000000000245E-018
         234           2  0.000000000000000E+000 -1.999999999999034E-017
         235           1  0.000000000000000E+000 -5.000000000000552E-018
         235           2  0.000000000000000E+000 -1.999999999998960E-017
         236           1  0.000000000000000E+000 -5.000000000000551E-018
         236           2  0.000000000000000E+000 -1.999999999998920E-017
         237           1  0.000000000000000E+000 -5.000000000000473E-018
         237           2  0.000000000000000E+000 -1.999999999998934E-017
         238           1  0.000000000000000E+000 -5.000000000000499E-018
         238           2  0.000000000000000E+000 -1.999999999999255E-017
         239           1  0.000000000000000E+000 -4.999999999999659E-018
         239           2  0.000000000000000E+000 -1.999999999999436E-017
         240           1  0.000000000000000E+000 -4.999999999999101E-018
         240           2  0.000000000000000E+000 -1.999999999998456E-017
         241           1  0.000000000000000E+000 -4.999999999998321E-018
         241           2  0.000000000000000E+000 -1.999999999998372E-017
         242           1  0.000000000000000E+000 -4.999999999998227E-018
         242           2  0.000000000000000E+000 -1.999999999998918E-017
         243           1  0.000000000000000E+000 -4.999999999999104E-018
         243           2  0.000000000000000E+000 -1.999999999999413E-017
         244           1  0.000000000000000E+000 -4.999999999999545E-018
         244           2  0.000000000000000E+000 -1.999999999999289E-017
         245           1  0.000000000000000E+000 -4.999999999999812E-018
         245           2  0.000000000000000E+000 -1.999999999999092E-017
         246           1  0.000000000000000E+000 -5.000000000001000E-018
         246           2  0.000000000000000E+000 -1.999999999999150E-017
         247           1  0.000000000000000E+000 -5.000000000000696E-018
         247           2  0.000000000000000E+000 -1.999999999999200E-017
         248           1  0.000000000000000E+000 -5.000000000000486E-018
         248           2  0.000000000000000E+000 -1.999999999999375E-017
         249           1  0.000000000000000E+000 -5.000000000000807E-018
         249           2  0.000000000000000E+000 -1.999999999999569E-017
         250           1  0.000000000000000E+000 -5.000000000001090E-018
         250           2  0.000000000000000E+000 -2.000000000000100E-017
         251           1  0.000000000000000E+000 -5.000000000000384E-018
         251           2  0.000000000000000E+000 -1.999999999999432E-017
         252           1  0.000000000000000E+000 -5.000000000000963E-018
         252           2  0.000000000000000E+000 -1.999999999999360E-017
         253           1  0.000000000000000E+000 -5.000000000002065E-018
         253           2  0.000000000000000E+000 -1.999999999999291E-017
         254           1  0.000000000000000E+000 -5.000000000001908E-018
         254           2  0.000000000000000E+000 -1.999999999999219E-017
         255           1  0.000000000000000E+000 -5.000000000001258E-018
         255           2  0.000000000000000E+000 -1.999999999999112E-017
         256           1  0.000000000000000E+000 -5.000000000000722E-018
         256           2  0.000000000000000E+000 -1.999999999998844E-017
         257           1  0.000000000000000E+000 -5.000000000000501E-018
         257           2  0.000000000000000E+000 -1.999999999998986E-017
         258           1  0.000000000000000E+000 -5.000000000000240E-018
         258           2  0.000000000000000E+000 -1.999999999999103E-017
         259           1  0.000000000000000E+000 -5.000000000000004E-018
         259           2  0.000000000000000E+000 -1.999999999999399E-017
         260           1  0.000000000000000E+000 -5.000000000000133E-018
         260           2  0.000000000000000E+000 -1.999999999998815E-017
         261           1  0.000000000000000E+000 -4.999999999998005E-018
         261           2  0.000000000000000E+000 -1.999999999998423E-017
         262           1  0.000000000000000E+000 -4.999999999998323E-018
         262           2  0.000000000000000E+000 -1.999999999999470E-017
         263           1  0.000000000000000E+000 -4.999999999998444E-018
         263           2  0.000000000000000E+000 -1.999999999999388E-017
         264           1  0.000000000000000E+000 -4.999999999999636E-018
         264           2  0.000000000000000E+000 -1.999999999999110E-017
         265           1  0.000000000000000E+000 -4.999999999999540E-018
         265           2  0.000000000000000E+000 -1.999999999999133E-017
         266           1  0.000000000000000E+000 -5.000000000000418E-018
         266           2  0.000000000000000E+000 -1.999999999998851E-017
         267           1  0.000000000000000E+000 -5.000000000000589E-018
         267           2  0.000000000000000E+000 -1.999999999999040E-017
         268           1  0.000000000000000E+000 -5.000000000000956E-018
         268           2  0.000000000000000E+000 -1.999999999999149E-017
         269           1  0.000000000000000E+000 -5.000000000000210E-018
         269           2  0.000000000000000E+000 -1.999999999999379E-017
         270           1  0.000000000000000E+000 -5.000000000000290E-018
         270           2  0.000000000000000E+000 -1.999999999999566E-017
         271           1  0.000000000000000E+000 -4.999999999999289E-018
         271           2  0.000000000000000E+000 -1.999999999999213E-017
         272           1  0.000000000000000E+000 -5.000000000000043E-018
         272           2  0.000000000000000E+000 -1.999999999999392E-017
         273           1  0.000000000000000E+000 -5.000000000001227E-018
         273           2  0.000000000000000E+000 -1.999999999999379E-017
         274           1  0.000000000000000E+000 -5.000000000000926E-018
         274           2  0.000000000000000E+000 -1.999999999999110E-017
         275           1  0.000000000000000E+000 -5.000000000000990E-018
         275           2  0.000000000000000E+000 -1.999999999999329E-017
         276           1  0.000000000000000E+000 -5.000000000000174E-018
         276           2  0.000000000000000E+000 -1.999999999998993E-017
         277           1  0.000000000000000E+000 -4.999999999999808E-018
         277           2  0.000000000000000E+000 -1.999999999999063E-017
         278           1  0.000000000000000E+000 -5.000000000000282E-018
         278           2  0.000000000000000E+000 -1.999999999999250E-017
         279           1  0.000000000000000E+000 -4.999999999999779E-018
         279           2  0.000000000000000E+000 -1.999999999999312E-017
         280           1  0.000000000000000E+000 -5.000000000000795E-018
         280           2  0.000000000000000E+000 -1.999999999998758E-017
         281           1  0.000000000000000E+000 -4.999999999998086E-018
         281           2  0.000000000000000E+000 -1.999999999998537E-017
         282           1  0.000000000000000E+000 -4.999999999997927E-018
         282           2  0.000000000000000E+000 -1.999999999999123E-017
         283           1  0.000000000000000E+000 -4.999999999998600E-018
         283           2  0.000000000000000E+000 -1.999999999999428E-017
         284           1  0.000000000000000E+000 -4.999999999999466E-018
         284           2  0.000000000000000E+000 -1.999999999999113E-017
         285           1  0.000000000000000E+000 -4.999999999999224E-018
         285           2  0.000000000000000E+000 -1.999999999999054E-017
         286           1  0.000000000000000E+000 -5.000000000000325E-018
         286           2  0.000000000000000E+000 -1.999999999999070E-017
         287           1  0.000000000000000E+000 -5.000000000000652E-018
         287           2  0.000000000000000E+000 -1.999999999999012E-017
         288           1  0.000000000000000E+000 -4.999999999999947E-018
         288           2  0.000000000000000E+000 -1.999999999999014E-017
         289           1  0.000000000000000E+000 -4.999999999999533E-018
         289           2  0.000000000000000E+000 -1.999999999998951E-017
         290           1  0.000000000000000E+000 -4.999999999999869E-018
         290           2  0.000000000000000E+000 -1.999999999999242E-017
         291           1  0.000000000000000E+000 -4.999999999999787E-018
         291           2  0.000000000000000E+000 -1.999999999999490E-017
         292           1  0.000000000000000E+000 -4.999999999999876E-018
         292           2  0.000000000000000E+000 -1.999999999999278E-017
         293           1  0.000000000000000E+000 -5.000000000000141E-018
         293           2  0.000000000000000E+000 -1.999999999999078E-017
         294           1  0.000000000000000E+000 -5.000000000000302E-018
         294           2  0.000000000000000E+000 -1.999999999998908E-017
         295           1  0.000000000000000E+000 -4.999999999999520E-018
         295           2  0.000000000000000E+000 -1.999999999998576E-017
         296           1  0.000000000000000E+000 -4.999999999999641E-018
         296           2  0.000000000000000E+000 -1.999999999999052E-017
         297           1  0.000000000000000E+000 -4.999999999998779E-018
         297           2  0.000000000000000E+000 -1.999999999999318E-017
         298           1  0.000000000000000E+000 -4.999999999999489E-018
         298           2  0.000000000000000E+000 -1.999999999999689E-017
         299           1  0.000000000000000E+000 -5.000000000000295E-018
         299           2  0.000000000000000E+000 -1.999999999999372E-017
         300           1  0.000000000000000E+000 -5.000000000000408E-018
         300           2  0.000000000000000E+000 -1.999999999998832E-017
         301           1  0.000000000000000E+000 -4.999999999996681E-018
         301           2  0.000000000000000E+000 -1.999999999998478E-017
         302           1  0.000000000000000E+000 -4.999999999997859E-018
         302           2  0.000000000000000E+000 -1.999999999998794E-017
         303           1  0.000000000000000E+000 -4.999999999999029E-018
         303           2  0.000000000000000E+000 -1.999999999999152E-017
         304           1  0.000000000000000E+000 -4.999999999998708E-018
         304           2  0.000000000000000E+000 -1.999999999998880E-017
         305           1  0.000000000000000E+000 -4.999999999998346E-018
         305           2  0.000000000000000E+000 -1.999999999998890E-017
         306           1  0.000000000000000E+000 -4.999999999998922E-018
         306           2  0.000000000000000E+000 -1.999999999998935E-017
         307           1  0.000000000000000E+000 -4.999999999999627E-018
         307           2  0.000000000000000E+000 -1.999999999999000E-017
         308           1  0.000000000000000E+000 -4.999999999999735E-018
         308           2  0.000000000000000E+000 -1.999999999999039E-017
         309           1  0.000000000000000E+000 -5.000000000000182E-018
         309           2  0.000000000000000E+000 -1.999999999998937E-017
         310           1  0.000000000000000E+000 -4.999999999998715E-018
         310           2  0.000000000000000E+000 -1.999999999998911E-017
         311           1  0.000000000000000E+000 -5.000000000000026E-018
         311           2  0.000000000000000E+000 -1.999999999999287E-017
         312           1  0.000000000000000E+000 -4.999999999999210E-018
         312           2  0.000000000000000E+000 -1.999999999998918E-017
         313           1  0.000000000000000E+000 -4.999999999999797E-018
         313           2  0.000000000000000E+000 -1.999999999998860E-017
         314           1  0.000000000000000E+000 -4.999999999999671E-018
         314           2  0.000000000000000E+000 -1.999999999998717E-017
         315           1  0.000000000000000E+000 -4.999999999998641E-018
         315           2  0.000000000000000E+000 -1.999999999998511E-017
         316           1  0.000000000000000E+000 -4.999999999997993E-018
         316           2  0.000000000000000E+000 -1.999999999999094E-017
         317           1  0.000000000000000E+000 -4.999999999996898E-018
         317           2  0.000000000000000E+000 -1.999999999999368E-017
         318           1  0.000000000000000E+000 -4.999999999999171E-018
         318           2  0.000000000000000E+000 -1.999999999999486E-017
         319           1  0.000000000000000E+000 -4.999999999998386E-018
         319           2  0.000000000000000E+000 -1.999999999999389E-017
         320           1  0.000000000000000E+000 -4.999999999998261E-018
         320           2  0.000000000000000E+000 -1.999999999998968E-017
         321           1  0.000000000000000E+000 -4.999999999996039E-018
         321           2  0.000000000000000E+000 -1.999999999998287E-017
         322           1  0.000000000000000E+000 -4.999999999996739E-018
         322           2  0.000000000000000E+000 -1.999999999998629E-017
         323           1  0.000000000000000E+000 -4.999999999997460E-018
         323           2  0.000000000000000E+000 -1.999999999998664E-017
         324           1  0.000000000000000E+000 -4.999999999997401E-018
         324           2  0.000000000000000E+000 -1.999999999998527E-017
         325           1  0.000000000000000E+000 -4.999999999998275E-018
         325           2  0.000000000000000E+000 -1.999999999998736E-017
         326           1  0.000000000000000E+000 -4.999999999999561E-018
         326           2  0.000000000000000E+000 -1.999999999998989E-017
         327           1  0.000000000000000E+000 -5.000000000000339E-018
         327           2  0.000000000000000E+000 -1.999999999998912E-017
         328           1  0.000000000000000E+000 -5.000000000000413E-018
         328           2  0.000000000000000E+000 -1.999999999999009E-017
         329           1  0.000000000000000E+000 -5.000000000000374E-018
         329           2  0.000000000000000E+000 -1.999999999999167E-017
         330           1  0.000000000000000E+000 -4.999999999998447E-018
         330           2  0.000000000000000E+000 -1.999999999999067E-017
         331           1  0.000000000000000E+000 -4.999999999998767E-018
         331           2  0.000000000000000E+000 -1.999999999999009E-017
         332           1  0.000000000000000E+000 -4.999999999999487E-018
         332           2  0.000000000000000E+000 -1.999999999998876E-017
         333           1  0.000000000000000E+000 -4.999999999999849E-018
         333           2  0.000000000000000E+000 -1.999999999999045E-017
         334           1  0.000000000000000E+000 -4.999999999999403E-018
         334           2  0.000000000000000E+000 -1.999999999998918E-017
         335           1  0.000000000000000E+000 -4.999999999998341E-018
         335           2  0.000000000000000E+000 -1.999999999998935E-017
         336           1  0.000000000000000E+000 -4.999999999996850E-018
         336           2  0.000000000000000E+000 -1.999999999998981E-017
         337           1  0.000000000000000E+000 -4.999999999997840E-018
         337           2  0.000000000000000E+000 -1.999999999999363E-017
         338           1  0.000000000000000E+000 -4.999999999998553E-018
         338           2  0.000000000000000E+000 -1.999999999999477E-017
         339           1  0.000000000000000E+000 -4.999999999997941E-018
         339           2  0.000000000000000E+000 -1.999999999999385E-017
         340           1  0.000000000000000E+000 -4.999999999997630E-018
         340           2  0.000000000000000E+000 -1.999999999998997E-017
         341           1  0.000000000000000E+000 -4.999999999995906E-018
         341           2  0.000000000000000E+000 -1.999999999998106E-017
         342           1  0.000000000000000E+000 -4.999999999998017E-018
         342           2  0.000000000000000E+000 -1.999999999998729E-017
         343           1  0.000000000000000E+000 -4.999999999999203E-018
         343           2  0.000000000000000E+000 -1.999999999998659E-017
         344           1  0.000000000000000E+000 -4.999999999997066E-018
         344           2  0.000000000000000E+000 -1.999999999998147E-017
         345           1  0.000000000000000E+000 -4.999999999998839E-018
         345           2  0.000000000000000E+000 -1.999999999998556E-017
         346           1  0.000000000000000E+000 -4.999999999999443E-018
         346           2  0.000000000000000E+000 -1.999999999998916E-017
         347           1  0.000000000000000E+000 -4.999999999999744E-018
         347           2  0.000000000000000E+000 -1.999999999998819E-017
         348           1  0.000000000000000E+000 -5.000000000000352E-018
         348           2  0.000000000000000E+000 -1.999999999999198E-017
         349           1  0.000000000000000E+000 -4.999999999999669E-018
         349           2  0.000000000000000E+000 -1.999999999999026E-017
         350           1  0.000000000000000E+000 -4.999999999999136E-018
         350           2  0.000000000000000E+000 -1.999999999998828E-017
         351           1  0.000000000000000E+000 -5.000000000000005E-018
         351           2  0.000000000000000E+000 -1.999999999998836E-017
         352           1  0.000000000000000E+000 -4.999999999999654E-018
         352           2  0.000000000000000E+000 -1.999999999999030E-017
         353           1  0.000000000000000E+000 -5.000000000000017E-018
         353           2  0.000000000000000E+000 -1.999999999999089E-017
         354           1  0.000000000000000E+000 -4.999999999998590E-018
         354           2  0.000000000000000E+000 -1.999999999999168E-017
         355           1  0.000000000000000E+000 -4.999999999997082E-018
         355           2  0.000000000000000E+000 -1.999999999999168E-017
         356           1  0.000000000000000E+000 -4.999999999997521E-018
         356           2  0.000000000000000E+000 -1.999999999999048E-017
         357           1  0.000000000000000E+000 -4.999999999997953E-018
         357           2  0.000000000000000E+000 -1.999999999999296E-017
         358           1  0.000000000000000E+000 -4.999999999997107E-018
         358           2  0.000000000000000E+000 -1.999999999999434E-017
         359           1  0.000000000000000E+000 -4.999999999997918E-018
         359           2  0.000000000000000E+000 -1.999999999999335E-017
         360           1  0.000000000000000E+000 -4.999999999996659E-018
         360           2  0.000000000000000E+000 -1.999999999998606E-017
         361           1  0.000000000000000E+000 -4.999999999994278E-018
         361           2  0.000000000000000E+000 -1.999999999998224E-017
         362           1  0.000000000000000E+000 -4.999999999996236E-018
         362           2  0.000000000000000E+000 -1.999999999999532E-017
         363           1  0.000000000000000E+000 -4.999999999997239E-018
         363           2  0.000000000000000E+000 -1.999999999998763E-017
         364           1  0.000000000000000E+000 -4.999999999997017E-018
         364           2  0.000000000000000E+000 -1.999999999998003E-017
         365           1  0.000000000000000E+000 -4.999999999997543E-018
         365           2  0.000000000000000E+000 -1.999999999998681E-017
         366           1  0.000000000000000E+000 -4.999999999999420E-018
         366           2  0.000000000000000E+000 -1.999999999998926E-017
         367           1  0.000000000000000E+000 -4.999999999999990E-018
         367           2  0.000000000000000E+000 -1.999999999998899E-017
         368           1  0.000000000000000E+000 -4.999999999999544E-018
         368           2  0.000000000000000E+000 -1.999999999998922E-017
         369           1  0.000000000000000E+000 -4.999999999998957E-018
         369           2  0.000000000000000E+000 -1.999999999998618E-017
         370           1  0.000000000000000E+000 -4.999999999999042E-018
         370           2  0.000000000000000E+000 -1.999999999998746E-017
         371           1  0.000000000000000E+000 -4.999999999998443E-018
         371           2  0.000000000000000E+000 -1.999999999998986E-017
         372           1  0.000000000000000E+000 -4.999999999998106E-018
         372           2  0.000000000000000E+000 -1.999999999998925E-017
         373           1  0.000000000000000E+000 -4.999999999998043E-018
         373           2  0.000000000000000E+000 -1.999999999999439E-017
         374           1  0.000000000000000E+000 -4.999999999995980E-018
         374           2  0.000000000000000E+000 -1.999999999999492E-017
         375           1  0.000000000000000E+000 -4.999999999997169E-018
         375           2  0.000000000000000E+000 -1.999999999999663E-017
         376           1  0.000000000000000E+000 -4.999999999994525E-018
         376           2  0.000000000000000E+000 -1.999999999999309E-017
         377           1  0.000000000000000E+000 -4.999999999995870E-018
         377           2  0.000000000000000E+000 -1.999999999999160E-017
         378           1  0.000000000000000E+000 -4.999999999995522E-018
         378           2  0.000000000000000E+000 -1.999999999999321E-017
         379           1  0.000000000000000E+000 -4.999999999995221E-018
         379           2  0.000000000000000E+000 -1.999999999999703E-017
         380           1  0.000000000000000E+000 -4.999999999996071E-018
         380           2  0.000000000000000E+000 -1.999999999998686E-017
         381           1  0.000000000000000E+000 -4.999999999994226E-018
         381           2  0.000000000000000E+000 -1.999999999997555E-017
         382           1  0.000000000000000E+000 -4.999999999994446E-018
         382           2  0.000000000000000E+000 -1.999999999998181E-017
         383           1  0.000000000000000E+000 -4.999999999996250E-018
         383           2  0.000000000000000E+000 -1.999999999998148E-017
         384           1  0.000000000000000E+000 -4.999999999997601E-018
         384           2  0.000000000000000E+000 -1.999999999997946E-017
         385           1  0.000000000000000E+000 -4.999999999997825E-018
         385           2  0.000000000000000E+000 -1.999999999998259E-017
         386           1  0.000000000000000E+000 -4.999999999998976E-018
         386           2  0.000000000000000E+000 -1.999999999998406E-017
         387           1  0.000000000000000E+000 -4.999999999999119E-018
         387           2  0.000000000000000E+000 -1.999999999998232E-017
         388           1  0.000000000000000E+000 -4.999999999998772E-018
         388           2  0.000000000000000E+000 -1.999999999997992E-017
         389           1  0.000000000000000E+000 -4.999999999998768E-018
         389           2  0.000000000000000E+000 -1.999999999998149E-017
         390           1  0.000000000000000E+000 -4.999999999998566E-018
         390           2  0.000000000000000E+000 -1.999999999998401E-017
         391           1  0.000000000000000E+000 -4.999999999997384E-018
         391           2  0.000000000000000E+000 -1.999999999998477E-017
         392           1  0.000000000000000E+000 -4.999999999997759E-018
         392           2  0.000000000000000E+000 -1.999999999998396E-017
         393           1  0.000000000000000E+000 -4.999999999997671E-018
         393           2  0.000000000000000E+000 -1.999999999998628E-017
         394           1  0.000000000000000E+000 -4.999999999996578E-018
         394           2  0.000000000000000E+000 -1.999999999998859E-017
         395           1  0.000000000000000E+000 -4.999999999995869E-018
         395           2  0.000000000000000E+000 -1.999999999999200E-017
         396           1  0.000000000000000E+000 -4.999999999993197E-018
         396           2  0.000000000000000E+000 -1.999999999998638E-017
         397           1  0.000000000000000E+000 -4.999999999995367E-018
         397           2  0.000000000000000E+000 -1.999999999998865E-017
         398           1  0.000000000000000E+000 -4.999999999995608E-018
         398           2  0.000000000000000E+000 -1.999999999998890E-017
         399           1  0.000000000000000E+000 -4.999999999996323E-018
         399           2  0.000000000000000E+000 -1.999999999998929E-017
         400           1  0.000000000000000E+000 -4.999999999996762E-018
         400           2  0.000000000000000E+000 -1.999999999998478E-017
