           1           1  0.000000000000000E+000 -9.490321682219983E-018
           1           2  0.000000000000000E+000 -1.550967831779150E-017
           2           1  0.000000000000000E+000 -9.490321682219799E-018
           2           2  0.000000000000000E+000 -1.550967831778683E-017
           3           1  0.000000000000000E+000 -9.490321682220955E-018
           3           2  0.000000000000000E+000 -1.550967831778653E-017
           4           1  0.000000000000000E+000 -9.490321682223270E-018
           4           2  0.000000000000000E+000 -1.550967831779038E-017
           5           1  0.000000000000000E+000 -9.490321682222177E-018
           5           2  0.000000000000000E+000 -1.550967831778954E-017
           6           1  0.000000000000000E+000 -9.490321682218348E-018
           6           2  0.000000000000000E+000 -1.550967831778792E-017
           7           1  0.000000000000000E+000 -9.490321682216017E-018
           7           2  0.000000000000000E+000 -1.550967831778643E-017
           8           1  0.000000000000000E+000 -9.490321682215346E-018
           8           2  0.000000000000000E+000 -1.550967831778167E-017
           9           1  0.000000000000000E+000 -9.490321682216967E-018
           9           2  0.000000000000000E+000 -1.550967831778243E-017
          10           1  0.000000000000000E+000 -9.490321682220909E-018
          10           2  0.000000000000000E+000 -1.550967831778638E-017
          11           1  0.000000000000000E+000 -9.490321682221667E-018
          11           2  0.000000000000000E+000 -1.550967831778578E-017
          12           1  0.000000000000000E+000 -9.490321682217243E-018
          12           2  0.000000000000000E+000 -1.550967831777970E-017
          13           1  0.000000000000000E+000 -9.490321682217550E-018
          13           2  0.000000000000000E+000 -1.550967831778275E-017
          14           1  0.000000000000000E+000 -9.490321682216653E-018
          14           2  0.000000000000000E+000 -1.550967831778026E-017
          15           1  0.000000000000000E+000 -9.490321682217926E-018
          15           2  0.000000000000000E+000 -1.550967831778173E-017
          16           1  0.000000000000000E+000 -9.490321682220577E-018
          16           2  0.000000000000000E+000 -1.550967831779075E-017
          17           1  0.000000000000000E+000 -9.490321682220758E-018
          17           2  0.000000000000000E+000 -1.550967831778892E-017
          18           1  0.000000000000000E+000 -9.490321682221454E-018
          18           2  0.000000000000000E+000 -1.550967831778682E-017
          19           1  0.000000000000000E+000 -9.490321682220791E-018
          19           2  0.000000000000000E+000 -1.550967831778384E-017
          20           1  0.000000000000000E+000 -9.490321682220321E-018
          20           2  0.000000000000000E+000 -1.550967831778505E-017
          21           1  0.000000000000000E+000 -9.490321682218477E-018
          21           2  0.000000000000000E+000 -1.550967831778583E-017
          22           1  0.000000000000000E+000 -9.490321682217120E-018
          22           2  0.000000000000000E+000 -1.550967831778342E-017
          23           1  0.000000000000000E+000 -9.490321682216842E-018
          23           2  0.000000000000000E+000 -1.550967831778200E-017
          24           1  0.000000000000000E+000 -9.490321682215941E-018
          24           2  0.000000000000000E+000 -1.550967831778106E-017
          25           1  0.000000000000000E+000 -9.490321682217804E-018
          25           2  0.000000000000000E+000 -1.550967831778368E-017
          26           1  0.000000000000000E+000 -9.490321682218531E-018
          26           2  0.000000000000000E+000 -1.550967831778492E-017
          27           1  0.000000000000000E+000 -9.490321682216516E-018
          27           2  0.000000000000000E+000 -1.550967831778341E-017
          28           1  0.000000000000000E+000 -9.490321682217895E-018
          28           2  0.000000000000000E+000 -1.550967831778314E-017
          29           1  0.000000000000000E+000 -9.490321682219013E-018
          29           2  0.000000000000000E+000 -1.550967831778180E-017
          30           1  0.000000000000000E+000 -9.490321682216789E-018
          30           2  0.000000000000000E+000 -1.550967831778494E-017
          31           1  0.000000000000000E+000 -9.490321682221856E-018
          31           2  0.000000000000000E+000 -1.550967831779226E-017
          32           1  0.000000000000000E+000 -9.490321682221630E-018
          32           2  0.000000000000000E+000 -1.550967831779125E-017
          33           1  0.000000000000000E+000 -9.490321682220662E-018
          33           2  0.000000000000000E+000 -1.550967831779027E-017
          34           1  0.000000000000000E+000 -9.490321682219637E-018
          34           2  0.000000000000000E+000 -1.550967831778591E-017
          35           1  0.000000000000000E+000 -9.490321682220394E-018
          35           2  0.000000000000000E+000 -1.550967831778632E-017
          36           1  0.000000000000000E+000 -9.490321682220016E-018
          36           2  0.000000000000000E+000 -1.550967831778633E-017
          37           1  0.000000000000000E+000 -9.490321682219003E-018
          37           2  0.000000000000000E+000 -1.550967831778643E-017
          38           1  0.000000000000000E+000 -9.490321682216745E-018
          38           2  0.000000000000000E+000 -1.550967831778440E-017
          39           1  0.000000000000000E+000 -9.490321682214413E-018
          39           2  0.000000000000000E+000 -1.550967831778083E-017
          40           1  0.000000000000000E+000 -9.490321682214932E-018
          40           2  0.000000000000000E+000 -1.550967831778237E-017
          41           1  0.000000000000000E+000 -9.490321682215215E-018
          41           2  0.000000000000000E+000 -1.550967831778402E-017
          42           1  0.000000000000000E+000 -9.490321682214799E-018
          42           2  0.000000000000000E+000 -1.550967831778242E-017
          43           1  0.000000000000000E+000 -9.490321682218562E-018
          43           2  0.000000000000000E+000 -1.550967831778760E-017
          44           1  0.000000000000000E+000 -9.490321682219245E-018
          44           2  0.000000000000000E+000 -1.550967831778731E-017
          45           1  0.000000000000000E+000 -9.490321682214692E-018
          45           2  0.000000000000000E+000 -1.550967831778346E-017
          46           1  0.000000000000000E+000 -9.490321682219836E-018
          46           2  0.000000000000000E+000 -1.550967831778808E-017
          47           1  0.000000000000000E+000 -9.490321682219648E-018
          47           2  0.000000000000000E+000 -1.550967831779026E-017
          48           1  0.000000000000000E+000 -9.490321682218029E-018
          48           2  0.000000000000000E+000 -1.550967831778706E-017
          49           1  0.000000000000000E+000 -9.490321682219718E-018
          49           2  0.000000000000000E+000 -1.550967831778817E-017
          50           1  0.000000000000000E+000 -9.490321682219770E-018
          50           2  0.000000000000000E+000 -1.550967831778666E-017
          51           1  0.000000000000000E+000 -9.490321682218976E-018
          51           2  0.000000000000000E+000 -1.550967831778471E-017
          52           1  0.000000000000000E+000 -9.490321682218429E-018
          52           2  0.000000000000000E+000 -1.550967831778363E-017
          53           1  0.000000000000000E+000 -9.490321682215160E-018
          53           2  0.000000000000000E+000 -1.550967831778119E-017
          54           1  0.000000000000000E+000 -9.490321682214268E-018
          54           2  0.000000000000000E+000 -1.550967831778124E-017
          55           1  0.000000000000000E+000 -9.490321682213977E-018
          55           2  0.000000000000000E+000 -1.550967831778113E-017
          56           1  0.000000000000000E+000 -9.490321682213992E-018
          56           2  0.000000000000000E+000 -1.550967831778171E-017
          57           1  0.000000000000000E+000 -9.490321682214081E-018
          57           2  0.000000000000000E+000 -1.550967831778184E-017
          58           1  0.000000000000000E+000 -9.490321682216383E-018
          58           2  0.000000000000000E+000 -1.550967831778330E-017
          59           1  0.000000000000000E+000 -9.490321682217949E-018
          59           2  0.000000000000000E+000 -1.550967831778687E-017
          60           1  0.000000000000000E+000 -9.490321682217810E-018
          60           2  0.000000000000000E+000 -1.550967831778820E-017
          61           1  0.000000000000000E+000 -9.490321682219465E-018
          61           2  0.000000000000000E+000 -1.550967831778527E-017
          62           1  0.000000000000000E+000 -9.490321682218075E-018
          62           2  0.000000000000000E+000 -1.550967831778628E-017
          63           1  0.000000000000000E+000 -9.490321682217628E-018
          63           2  0.000000000000000E+000 -1.550967831778681E-017
          64           1  0.000000000000000E+000 -9.490321682219343E-018
          64           2  0.000000000000000E+000 -1.550967831778838E-017
          65           1  0.000000000000000E+000 -9.490321682218818E-018
          65           2  0.000000000000000E+000 -1.550967831778541E-017
          66           1  0.000000000000000E+000 -9.490321682218269E-018
          66           2  0.000000000000000E+000 -1.550967831778311E-017
          67           1  0.000000000000000E+000 -9.490321682218115E-018
          67           2  0.000000000000000E+000 -1.550967831778208E-017
          68           1  0.000000000000000E+000 -9.490321682214106E-018
          68           2  0.000000000000000E+000 -1.550967831777773E-017
          69           1  0.000000000000000E+000 -9.490321682214972E-018
          69           2  0.000000000000000E+000 -1.550967831778200E-017
          70           1  0.000000000000000E+000 -9.490321682214650E-018
          70           2  0.000000000000000E+000 -1.550967831778101E-017
          71           1  0.000000000000000E+000 -9.490321682219645E-018
          71           2  0.000000000000000E+000 -1.550967831778757E-017
          72           1  0.000000000000000E+000 -9.490321682216785E-018
          72           2  0.000000000000000E+000 -1.550967831778496E-017
          73           1  0.000000000000000E+000 -9.490321682217426E-018
          73           2  0.000000000000000E+000 -1.550967831778609E-017
          74           1  0.000000000000000E+000 -9.490321682219412E-018
          74           2  0.000000000000000E+000 -1.550967831778730E-017
          75           1  0.000000000000000E+000 -9.490321682218343E-018
          75           2  0.000000000000000E+000 -1.550967831778408E-017
          76           1  0.000000000000000E+000 -9.490321682217309E-018
          76           2  0.000000000000000E+000 -1.550967831778332E-017
          77           1  0.000000000000000E+000 -9.490321682218168E-018
          77           2  0.000000000000000E+000 -1.550967831778601E-017
          78           1  0.000000000000000E+000 -9.490321682217305E-018
          78           2  0.000000000000000E+000 -1.550967831778719E-017
          79           1  0.000000000000000E+000 -9.490321682217983E-018
          79           2  0.000000000000000E+000 -1.550967831778724E-017
          80           1  0.000000000000000E+000 -9.490321682220036E-018
          80           2  0.000000000000000E+000 -1.550967831778713E-017
          81           1  0.000000000000000E+000 -9.490321682218872E-018
          81           2  0.000000000000000E+000 -1.550967831778468E-017
          82           1  0.000000000000000E+000 -9.490321682215088E-018
          82           2  0.000000000000000E+000 -1.550967831777803E-017
          83           1  0.000000000000000E+000 -9.490321682214058E-018
          83           2  0.000000000000000E+000 -1.550967831777689E-017
          84           1  0.000000000000000E+000 -9.490321682214545E-018
          84           2  0.000000000000000E+000 -1.550967831777880E-017
          85           1  0.000000000000000E+000 -9.490321682215001E-018
          85           2  0.000000000000000E+000 -1.550967831778097E-017
          86           1  0.000000000000000E+000 -9.490321682218610E-018
          86           2  0.000000000000000E+000 -1.550967831778720E-017
          87           1  0.000000000000000E+000 -9.490321682218702E-018
          87           2  0.000000000000000E+000 -1.550967831778692E-017
          88           1  0.000000000000000E+000 -9.490321682217161E-018
          88           2  0.000000000000000E+000 -1.550967831778527E-017
          89           1  0.000000000000000E+000 -9.490321682219214E-018
          89           2  0.000000000000000E+000 -1.550967831778627E-017
          90           1  0.000000000000000E+000 -9.490321682218309E-018
          90           2  0.000000000000000E+000 -1.550967831778530E-017
          91           1  0.000000000000000E+000 -9.490321682216769E-018
          91           2  0.000000000000000E+000 -1.550967831778603E-017
          92           1  0.000000000000000E+000 -9.490321682216767E-018
          92           2  0.000000000000000E+000 -1.550967831778671E-017
          93           1  0.000000000000000E+000 -9.490321682217585E-018
          93           2  0.000000000000000E+000 -1.550967831778642E-017
          94           1  0.000000000000000E+000 -9.490321682219530E-018
          94           2  0.000000000000000E+000 -1.550967831778752E-017
          95           1  0.000000000000000E+000 -9.490321682221138E-018
          95           2  0.000000000000000E+000 -1.550967831778960E-017
          96           1  0.000000000000000E+000 -9.490321682219942E-018
          96           2  0.000000000000000E+000 -1.550967831778720E-017
          97           1  0.000000000000000E+000 -9.490321682216360E-018
          97           2  0.000000000000000E+000 -1.550967831777964E-017
          98           1  0.000000000000000E+000 -9.490321682220024E-018
          98           2  0.000000000000000E+000 -1.550967831778588E-017
          99           1  0.000000000000000E+000 -9.490321682219161E-018
          99           2  0.000000000000000E+000 -1.550967831778324E-017
         100           1  0.000000000000000E+000 -9.490321682218895E-018
         100           2  0.000000000000000E+000 -1.550967831778547E-017
         101           1  0.000000000000000E+000 -9.490321682216550E-018
         101           2  0.000000000000000E+000 -1.550967831778477E-017
         102           1  0.000000000000000E+000 -9.490321682218950E-018
         102           2  0.000000000000000E+000 -1.550967831778745E-017
         103           1  0.000000000000000E+000 -9.490321682218753E-018
         103           2  0.000000000000000E+000 -1.550967831778361E-017
         104           1  0.000000000000000E+000 -9.490321682220969E-018
         104           2  0.000000000000000E+000 -1.550967831778638E-017
         105           1  0.000000000000000E+000 -9.490321682220533E-018
         105           2  0.000000000000000E+000 -1.550967831778721E-017
         106           1  0.000000000000000E+000 -9.490321682215591E-018
         106           2  0.000000000000000E+000 -1.550967831778493E-017
         107           1  0.000000000000000E+000 -9.490321682216454E-018
         107           2  0.000000000000000E+000 -1.550967831778647E-017
         108           1  0.000000000000000E+000 -9.490321682219144E-018
         108           2  0.000000000000000E+000 -1.550967831778829E-017
         109           1  0.000000000000000E+000 -9.490321682221910E-018
         109           2  0.000000000000000E+000 -1.550967831779250E-017
         110           1  0.000000000000000E+000 -9.490321682223289E-018
         110           2  0.000000000000000E+000 -1.550967831779531E-017
         111           1  0.000000000000000E+000 -9.490321682225503E-018
         111           2  0.000000000000000E+000 -1.550967831779725E-017
         112           1  0.000000000000000E+000 -9.490321682226010E-018
         112           2  0.000000000000000E+000 -1.550967831779572E-017
         113           1  0.000000000000000E+000 -9.490321682225329E-018
         113           2  0.000000000000000E+000 -1.550967831779483E-017
         114           1  0.000000000000000E+000 -9.490321682226088E-018
         114           2  0.000000000000000E+000 -1.550967831779294E-017
         115           1  0.000000000000000E+000 -9.490321682219329E-018
         115           2  0.000000000000000E+000 -1.550967831778463E-017
         116           1  0.000000000000000E+000 -9.490321682219865E-018
         116           2  0.000000000000000E+000 -1.550967831778734E-017
         117           1  0.000000000000000E+000 -9.490321682218269E-018
         117           2  0.000000000000000E+000 -1.550967831778515E-017
         118           1  0.000000000000000E+000 -9.490321682217403E-018
         118           2  0.000000000000000E+000 -1.550967831778218E-017
         119           1  0.000000000000000E+000 -9.490321682219993E-018
         119           2  0.000000000000000E+000 -1.550967831778368E-017
         120           1  0.000000000000000E+000 -9.490321682225575E-018
         120           2  0.000000000000000E+000 -1.550967831779052E-017
         121           1  0.000000000000000E+000 -9.490321682215995E-018
         121           2  0.000000000000000E+000 -1.550967831778312E-017
         122           1  0.000000000000000E+000 -9.490321682215893E-018
         122           2  0.000000000000000E+000 -1.550967831778367E-017
         123           1  0.000000000000000E+000 -9.490321682215309E-018
         123           2  0.000000000000000E+000 -1.550967831778223E-017
         124           1  0.000000000000000E+000 -9.490321682216128E-018
         124           2  0.000000000000000E+000 -1.550967831778230E-017
         125           1  0.000000000000000E+000 -9.490321682218298E-018
         125           2  0.000000000000000E+000 -1.550967831778742E-017
         126           1  0.000000000000000E+000 -9.490321682218246E-018
         126           2  0.000000000000000E+000 -1.550967831778734E-017
         127           1  0.000000000000000E+000 -9.490321682221876E-018
         127           2  0.000000000000000E+000 -1.550967831779073E-017
         128           1  0.000000000000000E+000 -9.490321682222318E-018
         128           2  0.000000000000000E+000 -1.550967831779018E-017
         129           1  0.000000000000000E+000 -9.490321682224770E-018
         129           2  0.000000000000000E+000 -1.550967831779319E-017
         130           1  0.000000000000000E+000 -9.490321682222411E-018
         130           2  0.000000000000000E+000 -1.550967831778889E-017
         131           1  0.000000000000000E+000 -9.490321682219881E-018
         131           2  0.000000000000000E+000 -1.550967831778503E-017
         132           1  0.000000000000000E+000 -9.490321682221768E-018
         132           2  0.000000000000000E+000 -1.550967831778950E-017
         133           1  0.000000000000000E+000 -9.490321682220969E-018
         133           2  0.000000000000000E+000 -1.550967831778606E-017
         134           1  0.000000000000000E+000 -9.490321682219409E-018
         134           2  0.000000000000000E+000 -1.550967831778278E-017
         135           1  0.000000000000000E+000 -9.490321682222281E-018
         135           2  0.000000000000000E+000 -1.550967831778709E-017
         136           1  0.000000000000000E+000 -9.490321682214502E-018
         136           2  0.000000000000000E+000 -1.550967831777993E-017
         137           1  0.000000000000000E+000 -9.490321682214448E-018
         137           2  0.000000000000000E+000 -1.550967831778021E-017
         138           1  0.000000000000000E+000 -9.490321682215460E-018
         138           2  0.000000000000000E+000 -1.550967831778179E-017
         139           1  0.000000000000000E+000 -9.490321682215668E-018
         139           2  0.000000000000000E+000 -1.550967831778227E-017
         140           1  0.000000000000000E+000 -9.490321682216739E-018
         140           2  0.000000000000000E+000 -1.550967831778394E-017
         141           1  0.000000000000000E+000 -9.490321682213978E-018
         141           2  0.000000000000000E+000 -1.550967831778029E-017
         142           1  0.000000000000000E+000 -9.490321682221600E-018
         142           2  0.000000000000000E+000 -1.550967831779111E-017
         143           1  0.000000000000000E+000 -9.490321682216508E-018
         143           2  0.000000000000000E+000 -1.550967831778290E-017
         144           1  0.000000000000000E+000 -9.490321682217838E-018
         144           2  0.000000000000000E+000 -1.550967831778625E-017
         145           1  0.000000000000000E+000 -9.490321682216784E-018
         145           2  0.000000000000000E+000 -1.550967831778194E-017
         146           1  0.000000000000000E+000 -9.490321682225580E-018
         146           2  0.000000000000000E+000 -1.550967831779456E-017
         147           1  0.000000000000000E+000 -9.490321682220847E-018
         147           2  0.000000000000000E+000 -1.550967831778832E-017
         148           1  0.000000000000000E+000 -9.490321682220175E-018
         148           2  0.000000000000000E+000 -1.550967831778599E-017
         149           1  0.000000000000000E+000 -9.490321682221435E-018
         149           2  0.000000000000000E+000 -1.550967831778965E-017
         150           1  0.000000000000000E+000 -9.490321682220109E-018
         150           2  0.000000000000000E+000 -1.550967831778805E-017
         151           1  0.000000000000000E+000 -9.490321682213434E-018
         151           2  0.000000000000000E+000 -1.550967831778164E-017
         152           1  0.000000000000000E+000 -9.490321682212857E-018
         152           2  0.000000000000000E+000 -1.550967831777834E-017
         153           1  0.000000000000000E+000 -9.490321682217112E-018
         153           2  0.000000000000000E+000 -1.550967831778467E-017
         154           1  0.000000000000000E+000 -9.490321682216721E-018
         154           2  0.000000000000000E+000 -1.550967831778415E-017
         155           1  0.000000000000000E+000 -9.490321682217647E-018
         155           2  0.000000000000000E+000 -1.550967831778556E-017
         156           1  0.000000000000000E+000 -9.490321682219514E-018
         156           2  0.000000000000000E+000 -1.550967831778805E-017
         157           1  0.000000000000000E+000 -9.490321682217220E-018
         157           2  0.000000000000000E+000 -1.550967831778484E-017
         158           1  0.000000000000000E+000 -9.490321682214607E-018
         158           2  0.000000000000000E+000 -1.550967831778084E-017
         159           1  0.000000000000000E+000 -9.490321682216465E-018
         159           2  0.000000000000000E+000 -1.550967831778477E-017
         160           1  0.000000000000000E+000 -9.490321682218916E-018
         160           2  0.000000000000000E+000 -1.550967831778602E-017
         161           1  0.000000000000000E+000 -9.490321682223335E-018
         161           2  0.000000000000000E+000 -1.550967831779172E-017
         162           1  0.000000000000000E+000 -9.490321682221667E-018
         162           2  0.000000000000000E+000 -1.550967831778955E-017
         163           1  0.000000000000000E+000 -9.490321682220254E-018
         163           2  0.000000000000000E+000 -1.550967831778857E-017
         164           1  0.000000000000000E+000 -9.490321682219721E-018
         164           2  0.000000000000000E+000 -1.550967831779099E-017
         165           1  0.000000000000000E+000 -9.490321682220978E-018
         165           2  0.000000000000000E+000 -1.550967831779291E-017
         166           1  0.000000000000000E+000 -9.490321682216443E-018
         166           2  0.000000000000000E+000 -1.550967831778164E-017
         167           1  0.000000000000000E+000 -9.490321682220177E-018
         167           2  0.000000000000000E+000 -1.550967831778799E-017
         168           1  0.000000000000000E+000 -9.490321682213579E-018
         168           2  0.000000000000000E+000 -1.550967831777918E-017
         169           1  0.000000000000000E+000 -9.490321682212194E-018
         169           2  0.000000000000000E+000 -1.550967831777723E-017
         170           1  0.000000000000000E+000 -9.490321682218889E-018
         170           2  0.000000000000000E+000 -1.550967831778732E-017
         171           1  0.000000000000000E+000 -9.490321682222409E-018
         171           2  0.000000000000000E+000 -1.550967831779202E-017
         172           1  0.000000000000000E+000 -9.490321682221677E-018
         172           2  0.000000000000000E+000 -1.550967831779142E-017
         173           1  0.000000000000000E+000 -9.490321682215866E-018
         173           2  0.000000000000000E+000 -1.550967831778417E-017
         174           1  0.000000000000000E+000 -9.490321682215172E-018
         174           2  0.000000000000000E+000 -1.550967831778241E-017
         175           1  0.000000000000000E+000 -9.490321682215735E-018
         175           2  0.000000000000000E+000 -1.550967831778101E-017
         176           1  0.000000000000000E+000 -9.490321682211297E-018
         176           2  0.000000000000000E+000 -1.550967831777315E-017
         177           1  0.000000000000000E+000 -9.490321682208869E-018
         177           2  0.000000000000000E+000 -1.550967831776997E-017
         178           1  0.000000000000000E+000 -9.490321682226287E-018
         178           2  0.000000000000000E+000 -1.550967831779700E-017
         179           1  0.000000000000000E+000 -9.490321682219474E-018
         179           2  0.000000000000000E+000 -1.550967831779085E-017
         180           1  0.000000000000000E+000 -9.490321682222691E-018
         180           2  0.000000000000000E+000 -1.550967831779333E-017
         181           1  0.000000000000000E+000 -9.490321682221505E-018
         181           2  0.000000000000000E+000 -1.550967831779245E-017
         182           1  0.000000000000000E+000 -9.490321682218815E-018
         182           2  0.000000000000000E+000 -1.550967831778889E-017
         183           1  0.000000000000000E+000 -9.490321682216690E-018
         183           2  0.000000000000000E+000 -1.550967831778285E-017
         184           1  0.000000000000000E+000 -9.490321682214932E-018
         184           2  0.000000000000000E+000 -1.550967831777922E-017
         185           1  0.000000000000000E+000 -9.490321682224787E-018
         185           2  0.000000000000000E+000 -1.550967831779623E-017
         186           1  0.000000000000000E+000 -9.490321682220804E-018
         186           2  0.000000000000000E+000 -1.550967831779130E-017
         187           1  0.000000000000000E+000 -9.490321682223227E-018
         187           2  0.000000000000000E+000 -1.550967831779363E-017
         188           1  0.000000000000000E+000 -9.490321682214424E-018
         188           2  0.000000000000000E+000 -1.550967831778086E-017
         189           1  0.000000000000000E+000 -9.490321682222634E-018
         189           2  0.000000000000000E+000 -1.550967831779150E-017
         190           1  0.000000000000000E+000 -9.490321682221702E-018
         190           2  0.000000000000000E+000 -1.550967831778909E-017
         191           1  0.000000000000000E+000 -9.490321682211889E-018
         191           2  0.000000000000000E+000 -1.550967831777496E-017
         192           1  0.000000000000000E+000 -9.490321682213952E-018
         192           2  0.000000000000000E+000 -1.550967831777859E-017
         193           1  0.000000000000000E+000 -9.490321682224272E-018
         193           2  0.000000000000000E+000 -1.550967831779531E-017
         194           1  0.000000000000000E+000 -9.490321682222257E-018
         194           2  0.000000000000000E+000 -1.550967831779366E-017
         195           1  0.000000000000000E+000 -9.490321682222443E-018
         195           2  0.000000000000000E+000 -1.550967831779238E-017
         196           1  0.000000000000000E+000 -9.490321682217593E-018
         196           2  0.000000000000000E+000 -1.550967831779140E-017
         197           1  0.000000000000000E+000 -9.490321682217548E-018
         197           2  0.000000000000000E+000 -1.550967831779041E-017
         198           1  0.000000000000000E+000 -9.490321682219640E-018
         198           2  0.000000000000000E+000 -1.550967831778478E-017
         199           1  0.000000000000000E+000 -9.490321682215265E-018
         199           2  0.000000000000000E+000 -1.550967831777837E-017
         200           1  0.000000000000000E+000 -9.490321682219567E-018
         200           2  0.000000000000000E+000 -1.550967831778571E-017
         201           1  0.000000000000000E+000 -9.490321682217446E-018
         201           2  0.000000000000000E+000 -1.550967831778453E-017
         202           1  0.000000000000000E+000 -9.490321682212992E-018
         202           2  0.000000000000000E+000 -1.550967831777758E-017
         203           1  0.000000000000000E+000 -9.490321682218161E-018
         203           2  0.000000000000000E+000 -1.550967831778561E-017
         204           1  0.000000000000000E+000 -9.490321682221107E-018
         204           2  0.000000000000000E+000 -1.550967831779037E-017
         205           1  0.000000000000000E+000 -9.490321682224720E-018
         205           2  0.000000000000000E+000 -1.550967831779418E-017
         206           1  0.000000000000000E+000 -9.490321682222844E-018
         206           2  0.000000000000000E+000 -1.550967831779158E-017
         207           1  0.000000000000000E+000 -9.490321682217789E-018
         207           2  0.000000000000000E+000 -1.550967831778394E-017
         208           1  0.000000000000000E+000 -9.490321682219449E-018
         208           2  0.000000000000000E+000 -1.550967831778670E-017
         209           1  0.000000000000000E+000 -9.490321682217092E-018
         209           2  0.000000000000000E+000 -1.550967831778398E-017
         210           1  0.000000000000000E+000 -9.490321682216069E-018
         210           2  0.000000000000000E+000 -1.550967831778218E-017
         211           1  0.000000000000000E+000 -9.490321682220491E-018
         211           2  0.000000000000000E+000 -1.550967831779418E-017
         212           1  0.000000000000000E+000 -9.490321682219255E-018
         212           2  0.000000000000000E+000 -1.550967831779020E-017
         213           1  0.000000000000000E+000 -9.490321682218471E-018
         213           2  0.000000000000000E+000 -1.550967831778517E-017
         214           1  0.000000000000000E+000 -9.490321682218856E-018
         214           2  0.000000000000000E+000 -1.550967831778403E-017
         215           1  0.000000000000000E+000 -9.490321682224542E-018
         215           2  0.000000000000000E+000 -1.550967831779308E-017
         216           1  0.000000000000000E+000 -9.490321682221147E-018
         216           2  0.000000000000000E+000 -1.550967831778969E-017
         217           1  0.000000000000000E+000 -9.490321682214402E-018
         217           2  0.000000000000000E+000 -1.550967831777830E-017
         218           1  0.000000000000000E+000 -9.490321682219365E-018
         218           2  0.000000000000000E+000 -1.550967831778480E-017
         219           1  0.000000000000000E+000 -9.490321682220790E-018
         219           2  0.000000000000000E+000 -1.550967831779055E-017
         220           1  0.000000000000000E+000 -9.490321682222312E-018
         220           2  0.000000000000000E+000 -1.550967831779253E-017
         221           1  0.000000000000000E+000 -9.490321682221762E-018
         221           2  0.000000000000000E+000 -1.550967831779068E-017
         222           1  0.000000000000000E+000 -9.490321682226571E-018
         222           2  0.000000000000000E+000 -1.550967831779731E-017
         223           1  0.000000000000000E+000 -9.490321682218462E-018
         223           2  0.000000000000000E+000 -1.550967831778464E-017
         224           1  0.000000000000000E+000 -9.490321682216859E-018
         224           2  0.000000000000000E+000 -1.550967831778079E-017
         225           1  0.000000000000000E+000 -9.490321682223494E-018
         225           2  0.000000000000000E+000 -1.550967831779442E-017
