           1           1  0.000000000000000E+000 -2.249280230325446E-016
           1           2  0.000000000000000E+000 -7.197696737287467E-020
           2           1  0.000000000000000E+000 -2.249280230325958E-016
           2           2  0.000000000000000E+000 -7.197696736999935E-020
           3           1  0.000000000000000E+000 -2.249280230325935E-016
           3           2  0.000000000000000E+000 -7.197696736727950E-020
           4           1  0.000000000000000E+000 -2.249280230325477E-016
           4           2  0.000000000000000E+000 -7.197696735236165E-020
           5           1  0.000000000000000E+000 -2.249280230325191E-016
           5           2  0.000000000000000E+000 -7.197696734832301E-020
           6           1  0.000000000000000E+000 -2.249280230325688E-016
           6           2  0.000000000000000E+000 -7.197696737008584E-020
           7           1  0.000000000000000E+000 -2.249280230325767E-016
           7           2  0.000000000000000E+000 -7.197696736494910E-020
           8           1  0.000000000000000E+000 -2.249280230325699E-016
           8           2  0.000000000000000E+000 -7.197696736531345E-020
           9           1  0.000000000000000E+000 -2.249280230325071E-016
           9           2  0.000000000000000E+000 -7.197696737028576E-020
          10           1  0.000000000000000E+000 -2.249280230325106E-016
          10           2  0.000000000000000E+000 -7.197696733388424E-020
          11           1  0.000000000000000E+000 -2.249280230325226E-016
          11           2  0.000000000000000E+000 -7.197696734941433E-020
          12           1  0.000000000000000E+000 -2.249280230325746E-016
          12           2  0.000000000000000E+000 -7.197696736673234E-020
          13           1  0.000000000000000E+000 -2.249280230325684E-016
          13           2  0.000000000000000E+000 -7.197696736691045E-020
          14           1  0.000000000000000E+000 -2.249280230325688E-016
          14           2  0.000000000000000E+000 -7.197696736625394E-020
          15           1  0.000000000000000E+000 -2.249280230325713E-016
          15           2  0.000000000000000E+000 -7.197696736404021E-020
          16           1  0.000000000000000E+000 -2.249280230325872E-016
          16           2  0.000000000000000E+000 -7.197696736728909E-020
          17           1  0.000000000000000E+000 -2.249280230325938E-016
          17           2  0.000000000000000E+000 -7.197696736573574E-020
          18           1  0.000000000000000E+000 -2.249280230325907E-016
          18           2  0.000000000000000E+000 -7.197696736735198E-020
          19           1  0.000000000000000E+000 -2.249280230326018E-016
          19           2  0.000000000000000E+000 -7.197696736730808E-020
          20           1  0.000000000000000E+000 -2.249280230326019E-016
          20           2  0.000000000000000E+000 -7.197696736589953E-020
          21           1  0.000000000000000E+000 -2.249280230325559E-016
          21           2  0.000000000000000E+000 -7.197696738160410E-020
          22           1  0.000000000000000E+000 -2.249280230325545E-016
          22           2  0.000000000000000E+000 -7.197696738305232E-020
          23           1  0.000000000000000E+000 -2.249280230325503E-016
          23           2  0.000000000000000E+000 -7.197696736988625E-020
          24           1  0.000000000000000E+000 -2.249280230325604E-016
          24           2  0.000000000000000E+000 -7.197696737099978E-020
          25           1  0.000000000000000E+000 -2.249280230325404E-016
          25           2  0.000000000000000E+000 -7.197696735204656E-020
          26           1  0.000000000000000E+000 -2.249280230325736E-016
          26           2  0.000000000000000E+000 -7.197696737001385E-020
          27           1  0.000000000000000E+000 -2.249280230325693E-016
          27           2  0.000000000000000E+000 -7.197696737139207E-020
          28           1  0.000000000000000E+000 -2.249280230325701E-016
          28           2  0.000000000000000E+000 -7.197696737153213E-020
          29           1  0.000000000000000E+000 -2.249280230325687E-016
          29           2  0.000000000000000E+000 -7.197696736952675E-020
          30           1  0.000000000000000E+000 -2.249280230325049E-016
          30           2  0.000000000000000E+000 -7.197696733368809E-020
          31           1  0.000000000000000E+000 -2.249280230325350E-016
          31           2  0.000000000000000E+000 -7.197696734919131E-020
          32           1  0.000000000000000E+000 -2.249280230325222E-016
          32           2  0.000000000000000E+000 -7.197696736268293E-020
          33           1  0.000000000000000E+000 -2.249280230325278E-016
          33           2  0.000000000000000E+000 -7.197696737126368E-020
          34           1  0.000000000000000E+000 -2.249280230325170E-016
          34           2  0.000000000000000E+000 -7.197696735830424E-020
          35           1  0.000000000000000E+000 -2.249280230325133E-016
          35           2  0.000000000000000E+000 -7.197696734255169E-020
          36           1  0.000000000000000E+000 -2.249280230325811E-016
          36           2  0.000000000000000E+000 -7.197696736487800E-020
          37           1  0.000000000000000E+000 -2.249280230325563E-016
          37           2  0.000000000000000E+000 -7.197696734919766E-020
          38           1  0.000000000000000E+000 -2.249280230325919E-016
          38           2  0.000000000000000E+000 -7.197696736573225E-020
          39           1  0.000000000000000E+000 -2.249280230325944E-016
          39           2  0.000000000000000E+000 -7.197696736787706E-020
          40           1  0.000000000000000E+000 -2.249280230325924E-016
          40           2  0.000000000000000E+000 -7.197696736242332E-020
          41           1  0.000000000000000E+000 -2.249280230325515E-016
          41           2  0.000000000000000E+000 -7.197696737303102E-020
          42           1  0.000000000000000E+000 -2.249280230325440E-016
          42           2  0.000000000000000E+000 -7.197696736171643E-020
          43           1  0.000000000000000E+000 -2.249280230325434E-016
          43           2  0.000000000000000E+000 -7.197696735059952E-020
          44           1  0.000000000000000E+000 -2.249280230325436E-016
          44           2  0.000000000000000E+000 -7.197696735361611E-020
          45           1  0.000000000000000E+000 -2.249280230325394E-016
          45           2  0.000000000000000E+000 -7.197696735341919E-020
          46           1  0.000000000000000E+000 -2.249280230325613E-016
          46           2  0.000000000000000E+000 -7.197696736731463E-020
          47           1  0.000000000000000E+000 -2.249280230325623E-016
          47           2  0.000000000000000E+000 -7.197696736997515E-020
          48           1  0.000000000000000E+000 -2.249280230325601E-016
          48           2  0.000000000000000E+000 -7.197696736907209E-020
          49           1  0.000000000000000E+000 -2.249280230325014E-016
          49           2  0.000000000000000E+000 -7.197696734735692E-020
          50           1  0.000000000000000E+000 -2.249280230325296E-016
          50           2  0.000000000000000E+000 -7.197696734382607E-020
          51           1  0.000000000000000E+000 -2.249280230325283E-016
          51           2  0.000000000000000E+000 -7.197696734647060E-020
          52           1  0.000000000000000E+000 -2.249280230325026E-016
          52           2  0.000000000000000E+000 -7.197696735499676E-020
          53           1  0.000000000000000E+000 -2.249280230325056E-016
          53           2  0.000000000000000E+000 -7.197696735444429E-020
          54           1  0.000000000000000E+000 -2.249280230324979E-016
          54           2  0.000000000000000E+000 -7.197696734259837E-020
          55           1  0.000000000000000E+000 -2.249280230324979E-016
          55           2  0.000000000000000E+000 -7.197696733057678E-020
          56           1  0.000000000000000E+000 -2.249280230325202E-016
          56           2  0.000000000000000E+000 -7.197696733939450E-020
          57           1  0.000000000000000E+000 -2.249280230325819E-016
          57           2  0.000000000000000E+000 -7.197696736241431E-020
          58           1  0.000000000000000E+000 -2.249280230325337E-016
          58           2  0.000000000000000E+000 -7.197696734261196E-020
          59           1  0.000000000000000E+000 -2.249280230325540E-016
          59           2  0.000000000000000E+000 -7.197696734907570E-020
          60           1  0.000000000000000E+000 -2.249280230325914E-016
          60           2  0.000000000000000E+000 -7.197696736621757E-020
          61           1  0.000000000000000E+000 -2.249280230325359E-016
          61           2  0.000000000000000E+000 -7.197696735263632E-020
          62           1  0.000000000000000E+000 -2.249280230325406E-016
          62           2  0.000000000000000E+000 -7.197696734434131E-020
          63           1  0.000000000000000E+000 -2.249280230325491E-016
          63           2  0.000000000000000E+000 -7.197696734151171E-020
          64           1  0.000000000000000E+000 -2.249280230325413E-016
          64           2  0.000000000000000E+000 -7.197696735627952E-020
          65           1  0.000000000000000E+000 -2.249280230325206E-016
          65           2  0.000000000000000E+000 -7.197696732232100E-020
          66           1  0.000000000000000E+000 -2.249280230325082E-016
          66           2  0.000000000000000E+000 -7.197696731840116E-020
          67           1  0.000000000000000E+000 -2.249280230324959E-016
          67           2  0.000000000000000E+000 -7.197696733231678E-020
          68           1  0.000000000000000E+000 -2.249280230324986E-016
          68           2  0.000000000000000E+000 -7.197696733982719E-020
          69           1  0.000000000000000E+000 -2.249280230325076E-016
          69           2  0.000000000000000E+000 -7.197696734612466E-020
          70           1  0.000000000000000E+000 -2.249280230324990E-016
          70           2  0.000000000000000E+000 -7.197696733584041E-020
          71           1  0.000000000000000E+000 -2.249280230325270E-016
          71           2  0.000000000000000E+000 -7.197696733562859E-020
          72           1  0.000000000000000E+000 -2.249280230325083E-016
          72           2  0.000000000000000E+000 -7.197696734236370E-020
          73           1  0.000000000000000E+000 -2.249280230325030E-016
          73           2  0.000000000000000E+000 -7.197696734220693E-020
          74           1  0.000000000000000E+000 -2.249280230324962E-016
          74           2  0.000000000000000E+000 -7.197696733253266E-020
          75           1  0.000000000000000E+000 -2.249280230325526E-016
          75           2  0.000000000000000E+000 -7.197696736436183E-020
          76           1  0.000000000000000E+000 -2.249280230325651E-016
          76           2  0.000000000000000E+000 -7.197696736270931E-020
          77           1  0.000000000000000E+000 -2.249280230325700E-016
          77           2  0.000000000000000E+000 -7.197696736095513E-020
          78           1  0.000000000000000E+000 -2.249280230325854E-016
          78           2  0.000000000000000E+000 -7.197696736352006E-020
          79           1  0.000000000000000E+000 -2.249280230325896E-016
          79           2  0.000000000000000E+000 -7.197696736813769E-020
          80           1  0.000000000000000E+000 -2.249280230325910E-016
          80           2  0.000000000000000E+000 -7.197696736450269E-020
          81           1  0.000000000000000E+000 -2.249280230325453E-016
          81           2  0.000000000000000E+000 -7.197696736358161E-020
          82           1  0.000000000000000E+000 -2.249280230325472E-016
          82           2  0.000000000000000E+000 -7.197696736568782E-020
          83           1  0.000000000000000E+000 -2.249280230325457E-016
          83           2  0.000000000000000E+000 -7.197696735123162E-020
          84           1  0.000000000000000E+000 -2.249280230325307E-016
          84           2  0.000000000000000E+000 -7.197696734815714E-020
          85           1  0.000000000000000E+000 -2.249280230325097E-016
          85           2  0.000000000000000E+000 -7.197696732653414E-020
          86           1  0.000000000000000E+000 -2.249280230325353E-016
          86           2  0.000000000000000E+000 -7.197696736479423E-020
          87           1  0.000000000000000E+000 -2.249280230325409E-016
          87           2  0.000000000000000E+000 -7.197696736496624E-020
          88           1  0.000000000000000E+000 -2.249280230325388E-016
          88           2  0.000000000000000E+000 -7.197696736792220E-020
          89           1  0.000000000000000E+000 -2.249280230325363E-016
          89           2  0.000000000000000E+000 -7.197696736362533E-020
          90           1  0.000000000000000E+000 -2.249280230324965E-016
          90           2  0.000000000000000E+000 -7.197696733704510E-020
          91           1  0.000000000000000E+000 -2.249280230325234E-016
          91           2  0.000000000000000E+000 -7.197696733811012E-020
          92           1  0.000000000000000E+000 -2.249280230324901E-016
          92           2  0.000000000000000E+000 -7.197696732995176E-020
          93           1  0.000000000000000E+000 -2.249280230325112E-016
          93           2  0.000000000000000E+000 -7.197696733129081E-020
          94           1  0.000000000000000E+000 -2.249280230325379E-016
          94           2  0.000000000000000E+000 -7.197696736783190E-020
          95           1  0.000000000000000E+000 -2.249280230325394E-016
          95           2  0.000000000000000E+000 -7.197696736991785E-020
          96           1  0.000000000000000E+000 -2.249280230325633E-016
          96           2  0.000000000000000E+000 -7.197696736812276E-020
          97           1  0.000000000000000E+000 -2.249280230325752E-016
          97           2  0.000000000000000E+000 -7.197696736212176E-020
          98           1  0.000000000000000E+000 -2.249280230325786E-016
          98           2  0.000000000000000E+000 -7.197696736333524E-020
          99           1  0.000000000000000E+000 -2.249280230325811E-016
          99           2  0.000000000000000E+000 -7.197696736703101E-020
         100           1  0.000000000000000E+000 -2.249280230325796E-016
         100           2  0.000000000000000E+000 -7.197696736233685E-020
         101           1  0.000000000000000E+000 -2.249280230325727E-016
         101           2  0.000000000000000E+000 -7.197696736939779E-020
         102           1  0.000000000000000E+000 -2.249280230325190E-016
         102           2  0.000000000000000E+000 -7.197696735932386E-020
         103           1  0.000000000000000E+000 -2.249280230325119E-016
         103           2  0.000000000000000E+000 -7.197696735291283E-020
         104           1  0.000000000000000E+000 -2.249280230324980E-016
         104           2  0.000000000000000E+000 -7.197696732940056E-020
         105           1  0.000000000000000E+000 -2.249280230325399E-016
         105           2  0.000000000000000E+000 -7.197696736773462E-020
         106           1  0.000000000000000E+000 -2.249280230325146E-016
         106           2  0.000000000000000E+000 -7.197696736417528E-020
         107           1  0.000000000000000E+000 -2.249280230325228E-016
         107           2  0.000000000000000E+000 -7.197696736471511E-020
         108           1  0.000000000000000E+000 -2.249280230325143E-016
         108           2  0.000000000000000E+000 -7.197696736638248E-020
         109           1  0.000000000000000E+000 -2.249280230325169E-016
         109           2  0.000000000000000E+000 -7.197696736348322E-020
         110           1  0.000000000000000E+000 -2.249280230325194E-016
         110           2  0.000000000000000E+000 -7.197696736200281E-020
         111           1  0.000000000000000E+000 -2.249280230325169E-016
         111           2  0.000000000000000E+000 -7.197696736373451E-020
         112           1  0.000000000000000E+000 -2.249280230325173E-016
         112           2  0.000000000000000E+000 -7.197696736587237E-020
         113           1  0.000000000000000E+000 -2.249280230325239E-016
         113           2  0.000000000000000E+000 -7.197696736863848E-020
         114           1  0.000000000000000E+000 -2.249280230325192E-016
         114           2  0.000000000000000E+000 -7.197696736357411E-020
         115           1  0.000000000000000E+000 -2.249280230325266E-016
         115           2  0.000000000000000E+000 -7.197696736211874E-020
         116           1  0.000000000000000E+000 -2.249280230325362E-016
         116           2  0.000000000000000E+000 -7.197696736206843E-020
         117           1  0.000000000000000E+000 -2.249280230325489E-016
         117           2  0.000000000000000E+000 -7.197696736454608E-020
         118           1  0.000000000000000E+000 -2.249280230325647E-016
         118           2  0.000000000000000E+000 -7.197696736018082E-020
         119           1  0.000000000000000E+000 -2.249280230325708E-016
         119           2  0.000000000000000E+000 -7.197696736243009E-020
         120           1  0.000000000000000E+000 -2.249280230325763E-016
         120           2  0.000000000000000E+000 -7.197696736002277E-020
         121           1  0.000000000000000E+000 -2.249280230325751E-016
         121           2  0.000000000000000E+000 -7.197696737058736E-020
         122           1  0.000000000000000E+000 -2.249280230325659E-016
         122           2  0.000000000000000E+000 -7.197696737054031E-020
         123           1  0.000000000000000E+000 -2.249280230325136E-016
         123           2  0.000000000000000E+000 -7.197696735036942E-020
         124           1  0.000000000000000E+000 -2.249280230324985E-016
         124           2  0.000000000000000E+000 -7.197696733399485E-020
         125           1  0.000000000000000E+000 -2.249280230324921E-016
         125           2  0.000000000000000E+000 -7.197696735282396E-020
         126           1  0.000000000000000E+000 -2.249280230325192E-016
         126           2  0.000000000000000E+000 -7.197696736501311E-020
         127           1  0.000000000000000E+000 -2.249280230325107E-016
         127           2  0.000000000000000E+000 -7.197696736937846E-020
         128           1  0.000000000000000E+000 -2.249280230325166E-016
         128           2  0.000000000000000E+000 -7.197696736430319E-020
         129           1  0.000000000000000E+000 -2.249280230325142E-016
         129           2  0.000000000000000E+000 -7.197696736121563E-020
         130           1  0.000000000000000E+000 -2.249280230325152E-016
         130           2  0.000000000000000E+000 -7.197696736096010E-020
         131           1  0.000000000000000E+000 -2.249280230325219E-016
         131           2  0.000000000000000E+000 -7.197696736190942E-020
         132           1  0.000000000000000E+000 -2.249280230325165E-016
         132           2  0.000000000000000E+000 -7.197696735751454E-020
         133           1  0.000000000000000E+000 -2.249280230325199E-016
         133           2  0.000000000000000E+000 -7.197696736440492E-020
         134           1  0.000000000000000E+000 -2.249280230325217E-016
         134           2  0.000000000000000E+000 -7.197696736116438E-020
         135           1  0.000000000000000E+000 -2.249280230325280E-016
         135           2  0.000000000000000E+000 -7.197696736121019E-020
         136           1  0.000000000000000E+000 -2.249280230325526E-016
         136           2  0.000000000000000E+000 -7.197696736647750E-020
         137           1  0.000000000000000E+000 -2.249280230325439E-016
         137           2  0.000000000000000E+000 -7.197696736297235E-020
         138           1  0.000000000000000E+000 -2.249280230325629E-016
         138           2  0.000000000000000E+000 -7.197696736365517E-020
         139           1  0.000000000000000E+000 -2.249280230325629E-016
         139           2  0.000000000000000E+000 -7.197696736170263E-020
         140           1  0.000000000000000E+000 -2.249280230325731E-016
         140           2  0.000000000000000E+000 -7.197696736293243E-020
         141           1  0.000000000000000E+000 -2.249280230325092E-016
         141           2  0.000000000000000E+000 -7.197696734048880E-020
         142           1  0.000000000000000E+000 -2.249280230325634E-016
         142           2  0.000000000000000E+000 -7.197696737017156E-020
         143           1  0.000000000000000E+000 -2.249280230324946E-016
         143           2  0.000000000000000E+000 -7.197696735100613E-020
         144           1  0.000000000000000E+000 -2.249280230324899E-016
         144           2  0.000000000000000E+000 -7.197696734116156E-020
         145           1  0.000000000000000E+000 -2.249280230325365E-016
         145           2  0.000000000000000E+000 -7.197696736493059E-020
         146           1  0.000000000000000E+000 -2.249280230325173E-016
         146           2  0.000000000000000E+000 -7.197696736579605E-020
         147           1  0.000000000000000E+000 -2.249280230325128E-016
         147           2  0.000000000000000E+000 -7.197696736721788E-020
         148           1  0.000000000000000E+000 -2.249280230325165E-016
         148           2  0.000000000000000E+000 -7.197696736289738E-020
         149           1  0.000000000000000E+000 -2.249280230325187E-016
         149           2  0.000000000000000E+000 -7.197696735920636E-020
         150           1  0.000000000000000E+000 -2.249280230325130E-016
         150           2  0.000000000000000E+000 -7.197696736227426E-020
         151           1  0.000000000000000E+000 -2.249280230325173E-016
         151           2  0.000000000000000E+000 -7.197696735522207E-020
         152           1  0.000000000000000E+000 -2.249280230325263E-016
         152           2  0.000000000000000E+000 -7.197696735897283E-020
         153           1  0.000000000000000E+000 -2.249280230325260E-016
         153           2  0.000000000000000E+000 -7.197696736225541E-020
         154           1  0.000000000000000E+000 -2.249280230325319E-016
         154           2  0.000000000000000E+000 -7.197696736420162E-020
         155           1  0.000000000000000E+000 -2.249280230325212E-016
         155           2  0.000000000000000E+000 -7.197696736633656E-020
         156           1  0.000000000000000E+000 -2.249280230325460E-016
         156           2  0.000000000000000E+000 -7.197696736819143E-020
         157           1  0.000000000000000E+000 -2.249280230325497E-016
         157           2  0.000000000000000E+000 -7.197696736381234E-020
         158           1  0.000000000000000E+000 -2.249280230325577E-016
         158           2  0.000000000000000E+000 -7.197696736185298E-020
         159           1  0.000000000000000E+000 -2.249280230325696E-016
         159           2  0.000000000000000E+000 -7.197696736134070E-020
         160           1  0.000000000000000E+000 -2.249280230325767E-016
         160           2  0.000000000000000E+000 -7.197696736563936E-020
         161           1  0.000000000000000E+000 -2.249280230325100E-016
         161           2  0.000000000000000E+000 -7.197696733589872E-020
         162           1  0.000000000000000E+000 -2.249280230325363E-016
         162           2  0.000000000000000E+000 -7.197696734229099E-020
         163           1  0.000000000000000E+000 -2.249280230325293E-016
         163           2  0.000000000000000E+000 -7.197696735304888E-020
         164           1  0.000000000000000E+000 -2.249280230325523E-016
         164           2  0.000000000000000E+000 -7.197696736487571E-020
         165           1  0.000000000000000E+000 -2.249280230325365E-016
         165           2  0.000000000000000E+000 -7.197696736470943E-020
         166           1  0.000000000000000E+000 -2.249280230325224E-016
         166           2  0.000000000000000E+000 -7.197696736183248E-020
         167           1  0.000000000000000E+000 -2.249280230325125E-016
         167           2  0.000000000000000E+000 -7.197696736183439E-020
         168           1  0.000000000000000E+000 -2.249280230325162E-016
         168           2  0.000000000000000E+000 -7.197696736065366E-020
         169           1  0.000000000000000E+000 -2.249280230325210E-016
         169           2  0.000000000000000E+000 -7.197696736252382E-020
         170           1  0.000000000000000E+000 -2.249280230325186E-016
         170           2  0.000000000000000E+000 -7.197696735647039E-020
         171           1  0.000000000000000E+000 -2.249280230325236E-016
         171           2  0.000000000000000E+000 -7.197696735807900E-020
         172           1  0.000000000000000E+000 -2.249280230325220E-016
         172           2  0.000000000000000E+000 -7.197696735990607E-020
         173           1  0.000000000000000E+000 -2.249280230325180E-016
         173           2  0.000000000000000E+000 -7.197696735769502E-020
         174           1  0.000000000000000E+000 -2.249280230325312E-016
         174           2  0.000000000000000E+000 -7.197696735835995E-020
         175           1  0.000000000000000E+000 -2.249280230325295E-016
         175           2  0.000000000000000E+000 -7.197696736219220E-020
         176           1  0.000000000000000E+000 -2.249280230325373E-016
         176           2  0.000000000000000E+000 -7.197696736067487E-020
         177           1  0.000000000000000E+000 -2.249280230325514E-016
         177           2  0.000000000000000E+000 -7.197696736003492E-020
         178           1  0.000000000000000E+000 -2.249280230325592E-016
         178           2  0.000000000000000E+000 -7.197696736169228E-020
         179           1  0.000000000000000E+000 -2.249280230325674E-016
         179           2  0.000000000000000E+000 -7.197696736533927E-020
         180           1  0.000000000000000E+000 -2.249280230325765E-016
         180           2  0.000000000000000E+000 -7.197696736285382E-020
         181           1  0.000000000000000E+000 -2.249280230325688E-016
         181           2  0.000000000000000E+000 -7.197696736525076E-020
         182           1  0.000000000000000E+000 -2.249280230325633E-016
         182           2  0.000000000000000E+000 -7.197696736490868E-020
         183           1  0.000000000000000E+000 -2.249280230325559E-016
         183           2  0.000000000000000E+000 -7.197696736881520E-020
         184           1  0.000000000000000E+000 -2.249280230325436E-016
         184           2  0.000000000000000E+000 -7.197696736492860E-020
         185           1  0.000000000000000E+000 -2.249280230324889E-016
         185           2  0.000000000000000E+000 -7.197696732373977E-020
         186           1  0.000000000000000E+000 -2.249280230325119E-016
         186           2  0.000000000000000E+000 -7.197696735990351E-020
         187           1  0.000000000000000E+000 -2.249280230325009E-016
         187           2  0.000000000000000E+000 -7.197696735977442E-020
         188           1  0.000000000000000E+000 -2.249280230325228E-016
         188           2  0.000000000000000E+000 -7.197696735998624E-020
         189           1  0.000000000000000E+000 -2.249280230325107E-016
         189           2  0.000000000000000E+000 -7.197696736002034E-020
         190           1  0.000000000000000E+000 -2.249280230325140E-016
         190           2  0.000000000000000E+000 -7.197696735700957E-020
         191           1  0.000000000000000E+000 -2.249280230325247E-016
         191           2  0.000000000000000E+000 -7.197696736030511E-020
         192           1  0.000000000000000E+000 -2.249280230325212E-016
         192           2  0.000000000000000E+000 -7.197696736397105E-020
         193           1  0.000000000000000E+000 -2.249280230325271E-016
         193           2  0.000000000000000E+000 -7.197696736672943E-020
         194           1  0.000000000000000E+000 -2.249280230325326E-016
         194           2  0.000000000000000E+000 -7.197696736248321E-020
         195           1  0.000000000000000E+000 -2.249280230325314E-016
         195           2  0.000000000000000E+000 -7.197696735904452E-020
         196           1  0.000000000000000E+000 -2.249280230325311E-016
         196           2  0.000000000000000E+000 -7.197696735377756E-020
         197           1  0.000000000000000E+000 -2.249280230325480E-016
         197           2  0.000000000000000E+000 -7.197696735537131E-020
         198           1  0.000000000000000E+000 -2.249280230325598E-016
         198           2  0.000000000000000E+000 -7.197696735911810E-020
         199           1  0.000000000000000E+000 -2.249280230325686E-016
         199           2  0.000000000000000E+000 -7.197696736774272E-020
         200           1  0.000000000000000E+000 -2.249280230325754E-016
         200           2  0.000000000000000E+000 -7.197696736445488E-020
         201           1  0.000000000000000E+000 -2.249280230325718E-016
         201           2  0.000000000000000E+000 -7.197696736747858E-020
         202           1  0.000000000000000E+000 -2.249280230325122E-016
         202           2  0.000000000000000E+000 -7.197696736201209E-020
         203           1  0.000000000000000E+000 -2.249280230325147E-016
         203           2  0.000000000000000E+000 -7.197696736689454E-020
         204           1  0.000000000000000E+000 -2.249280230325061E-016
         204           2  0.000000000000000E+000 -7.197696734156971E-020
         205           1  0.000000000000000E+000 -2.249280230324936E-016
         205           2  0.000000000000000E+000 -7.197696733717908E-020
         206           1  0.000000000000000E+000 -2.249280230325188E-016
         206           2  0.000000000000000E+000 -7.197696735889220E-020
         207           1  0.000000000000000E+000 -2.249280230325285E-016
         207           2  0.000000000000000E+000 -7.197696736179505E-020
         208           1  0.000000000000000E+000 -2.249280230325094E-016
         208           2  0.000000000000000E+000 -7.197696736383687E-020
         209           1  0.000000000000000E+000 -2.249280230325131E-016
         209           2  0.000000000000000E+000 -7.197696735996751E-020
         210           1  0.000000000000000E+000 -2.249280230325167E-016
         210           2  0.000000000000000E+000 -7.197696735785012E-020
         211           1  0.000000000000000E+000 -2.249280230325169E-016
         211           2  0.000000000000000E+000 -7.197696735871479E-020
         212           1  0.000000000000000E+000 -2.249280230325154E-016
         212           2  0.000000000000000E+000 -7.197696736234300E-020
         213           1  0.000000000000000E+000 -2.249280230325284E-016
         213           2  0.000000000000000E+000 -7.197696736640610E-020
         214           1  0.000000000000000E+000 -2.249280230325314E-016
         214           2  0.000000000000000E+000 -7.197696736367585E-020
         215           1  0.000000000000000E+000 -2.249280230325206E-016
         215           2  0.000000000000000E+000 -7.197696736335794E-020
         216           1  0.000000000000000E+000 -2.249280230325338E-016
         216           2  0.000000000000000E+000 -7.197696736247597E-020
         217           1  0.000000000000000E+000 -2.249280230325574E-016
         217           2  0.000000000000000E+000 -7.197696736139121E-020
         218           1  0.000000000000000E+000 -2.249280230325606E-016
         218           2  0.000000000000000E+000 -7.197696735704147E-020
         219           1  0.000000000000000E+000 -2.249280230325578E-016
         219           2  0.000000000000000E+000 -7.197696736302638E-020
         220           1  0.000000000000000E+000 -2.249280230325728E-016
         220           2  0.000000000000000E+000 -7.197696736304026E-020
         221           1  0.000000000000000E+000 -2.249280230325321E-016
         221           2  0.000000000000000E+000 -7.197696735517286E-020
         222           1  0.000000000000000E+000 -2.249280230325045E-016
         222           2  0.000000000000000E+000 -7.197696735803690E-020
         223           1  0.000000000000000E+000 -2.249280230325161E-016
         223           2  0.000000000000000E+000 -7.197696734743318E-020
         224           1  0.000000000000000E+000 -2.249280230324993E-016
         224           2  0.000000000000000E+000 -7.197696734142476E-020
         225           1  0.000000000000000E+000 -2.249280230325360E-016
         225           2  0.000000000000000E+000 -7.197696736186657E-020
         226           1  0.000000000000000E+000 -2.249280230325236E-016
         226           2  0.000000000000000E+000 -7.197696736303738E-020
         227           1  0.000000000000000E+000 -2.249280230325264E-016
         227           2  0.000000000000000E+000 -7.197696736805146E-020
         228           1  0.000000000000000E+000 -2.249280230325295E-016
         228           2  0.000000000000000E+000 -7.197696736954436E-020
         229           1  0.000000000000000E+000 -2.249280230325256E-016
         229           2  0.000000000000000E+000 -7.197696736498467E-020
         230           1  0.000000000000000E+000 -2.249280230325174E-016
         230           2  0.000000000000000E+000 -7.197696736252074E-020
         231           1  0.000000000000000E+000 -2.249280230325136E-016
         231           2  0.000000000000000E+000 -7.197696735779050E-020
         232           1  0.000000000000000E+000 -2.249280230325316E-016
         232           2  0.000000000000000E+000 -7.197696736513353E-020
         233           1  0.000000000000000E+000 -2.249280230325210E-016
         233           2  0.000000000000000E+000 -7.197696736142854E-020
         234           1  0.000000000000000E+000 -2.249280230325167E-016
         234           2  0.000000000000000E+000 -7.197696735506613E-020
         235           1  0.000000000000000E+000 -2.249280230325263E-016
         235           2  0.000000000000000E+000 -7.197696736324894E-020
         236           1  0.000000000000000E+000 -2.249280230325386E-016
         236           2  0.000000000000000E+000 -7.197696736176511E-020
         237           1  0.000000000000000E+000 -2.249280230325516E-016
         237           2  0.000000000000000E+000 -7.197696736556699E-020
         238           1  0.000000000000000E+000 -2.249280230325612E-016
         238           2  0.000000000000000E+000 -7.197696736490699E-020
         239           1  0.000000000000000E+000 -2.249280230325574E-016
         239           2  0.000000000000000E+000 -7.197696736372302E-020
         240           1  0.000000000000000E+000 -2.249280230325786E-016
         240           2  0.000000000000000E+000 -7.197696736523835E-020
         241           1  0.000000000000000E+000 -2.249280230325065E-016
         241           2  0.000000000000000E+000 -7.197696735125310E-020
         242           1  0.000000000000000E+000 -2.249280230325643E-016
         242           2  0.000000000000000E+000 -7.197696737078944E-020
         243           1  0.000000000000000E+000 -2.249280230325580E-016
         243           2  0.000000000000000E+000 -7.197696736621044E-020
         244           1  0.000000000000000E+000 -2.249280230325154E-016
         244           2  0.000000000000000E+000 -7.197696732132238E-020
         245           1  0.000000000000000E+000 -2.249280230325350E-016
         245           2  0.000000000000000E+000 -7.197696736527788E-020
         246           1  0.000000000000000E+000 -2.249280230325166E-016
         246           2  0.000000000000000E+000 -7.197696736479328E-020
         247           1  0.000000000000000E+000 -2.249280230325137E-016
         247           2  0.000000000000000E+000 -7.197696736394967E-020
         248           1  0.000000000000000E+000 -2.249280230325222E-016
         248           2  0.000000000000000E+000 -7.197696737317117E-020
         249           1  0.000000000000000E+000 -2.249280230325197E-016
         249           2  0.000000000000000E+000 -7.197696736989309E-020
         250           1  0.000000000000000E+000 -2.249280230325171E-016
         250           2  0.000000000000000E+000 -7.197696736497648E-020
         251           1  0.000000000000000E+000 -2.249280230325220E-016
         251           2  0.000000000000000E+000 -7.197696735715605E-020
         252           1  0.000000000000000E+000 -2.249280230325201E-016
         252           2  0.000000000000000E+000 -7.197696736462446E-020
         253           1  0.000000000000000E+000 -2.249280230325179E-016
         253           2  0.000000000000000E+000 -7.197696736134567E-020
         254           1  0.000000000000000E+000 -2.249280230325268E-016
         254           2  0.000000000000000E+000 -7.197696736187148E-020
         255           1  0.000000000000000E+000 -2.249280230325288E-016
         255           2  0.000000000000000E+000 -7.197696735775450E-020
         256           1  0.000000000000000E+000 -2.249280230325434E-016
         256           2  0.000000000000000E+000 -7.197696735596466E-020
         257           1  0.000000000000000E+000 -2.249280230325471E-016
         257           2  0.000000000000000E+000 -7.197696736230496E-020
         258           1  0.000000000000000E+000 -2.249280230325607E-016
         258           2  0.000000000000000E+000 -7.197696736383657E-020
         259           1  0.000000000000000E+000 -2.249280230325710E-016
         259           2  0.000000000000000E+000 -7.197696736600343E-020
         260           1  0.000000000000000E+000 -2.249280230325774E-016
         260           2  0.000000000000000E+000 -7.197696736073511E-020
         261           1  0.000000000000000E+000 -2.249280230325704E-016
         261           2  0.000000000000000E+000 -7.197696736288174E-020
         262           1  0.000000000000000E+000 -2.249280230325692E-016
         262           2  0.000000000000000E+000 -7.197696736973350E-020
         263           1  0.000000000000000E+000 -2.249280230325150E-016
         263           2  0.000000000000000E+000 -7.197696733749319E-020
         264           1  0.000000000000000E+000 -2.249280230325384E-016
         264           2  0.000000000000000E+000 -7.197696732563628E-020
         265           1  0.000000000000000E+000 -2.249280230325377E-016
         265           2  0.000000000000000E+000 -7.197696736638647E-020
         266           1  0.000000000000000E+000 -2.249280230325099E-016
         266           2  0.000000000000000E+000 -7.197696735894105E-020
         267           1  0.000000000000000E+000 -2.249280230325179E-016
         267           2  0.000000000000000E+000 -7.197696737114759E-020
         268           1  0.000000000000000E+000 -2.249280230325238E-016
         268           2  0.000000000000000E+000 -7.197696737171287E-020
         269           1  0.000000000000000E+000 -2.249280230325249E-016
         269           2  0.000000000000000E+000 -7.197696736921443E-020
         270           1  0.000000000000000E+000 -2.249280230325251E-016
         270           2  0.000000000000000E+000 -7.197696736217115E-020
         271           1  0.000000000000000E+000 -2.249280230325132E-016
         271           2  0.000000000000000E+000 -7.197696735657840E-020
         272           1  0.000000000000000E+000 -2.249280230325211E-016
         272           2  0.000000000000000E+000 -7.197696736220459E-020
         273           1  0.000000000000000E+000 -2.249280230325208E-016
         273           2  0.000000000000000E+000 -7.197696736377793E-020
         274           1  0.000000000000000E+000 -2.249280230325278E-016
         274           2  0.000000000000000E+000 -7.197696736351859E-020
         275           1  0.000000000000000E+000 -2.249280230325277E-016
         275           2  0.000000000000000E+000 -7.197696736218439E-020
         276           1  0.000000000000000E+000 -2.249280230325427E-016
         276           2  0.000000000000000E+000 -7.197696735423214E-020
         277           1  0.000000000000000E+000 -2.249280230325464E-016
         277           2  0.000000000000000E+000 -7.197696736402821E-020
         278           1  0.000000000000000E+000 -2.249280230325638E-016
         278           2  0.000000000000000E+000 -7.197696736723659E-020
         279           1  0.000000000000000E+000 -2.249280230325710E-016
         279           2  0.000000000000000E+000 -7.197696737110467E-020
         280           1  0.000000000000000E+000 -2.249280230325751E-016
         280           2  0.000000000000000E+000 -7.197696736064676E-020
         281           1  0.000000000000000E+000 -2.249280230325714E-016
         281           2  0.000000000000000E+000 -7.197696736788229E-020
         282           1  0.000000000000000E+000 -2.249280230325670E-016
         282           2  0.000000000000000E+000 -7.197696736862011E-020
         283           1  0.000000000000000E+000 -2.249280230325078E-016
         283           2  0.000000000000000E+000 -7.197696735233067E-020
         284           1  0.000000000000000E+000 -2.249280230325157E-016
         284           2  0.000000000000000E+000 -7.197696734085216E-020
         285           1  0.000000000000000E+000 -2.249280230325444E-016
         285           2  0.000000000000000E+000 -7.197696736927035E-020
         286           1  0.000000000000000E+000 -2.249280230325203E-016
         286           2  0.000000000000000E+000 -7.197696736019240E-020
         287           1  0.000000000000000E+000 -2.249280230325218E-016
         287           2  0.000000000000000E+000 -7.197696736485085E-020
         288           1  0.000000000000000E+000 -2.249280230325242E-016
         288           2  0.000000000000000E+000 -7.197696737251561E-020
         289           1  0.000000000000000E+000 -2.249280230325300E-016
         289           2  0.000000000000000E+000 -7.197696736414388E-020
         290           1  0.000000000000000E+000 -2.249280230325163E-016
         290           2  0.000000000000000E+000 -7.197696736030180E-020
         291           1  0.000000000000000E+000 -2.249280230325103E-016
         291           2  0.000000000000000E+000 -7.197696735687810E-020
         292           1  0.000000000000000E+000 -2.249280230325104E-016
         292           2  0.000000000000000E+000 -7.197696736224723E-020
         293           1  0.000000000000000E+000 -2.249280230325235E-016
         293           2  0.000000000000000E+000 -7.197696736148617E-020
         294           1  0.000000000000000E+000 -2.249280230325241E-016
         294           2  0.000000000000000E+000 -7.197696736034601E-020
         295           1  0.000000000000000E+000 -2.249280230325299E-016
         295           2  0.000000000000000E+000 -7.197696735734064E-020
         296           1  0.000000000000000E+000 -2.249280230325491E-016
         296           2  0.000000000000000E+000 -7.197696736064849E-020
         297           1  0.000000000000000E+000 -2.249280230325484E-016
         297           2  0.000000000000000E+000 -7.197696736361751E-020
         298           1  0.000000000000000E+000 -2.249280230325637E-016
         298           2  0.000000000000000E+000 -7.197696736364357E-020
         299           1  0.000000000000000E+000 -2.249280230325702E-016
         299           2  0.000000000000000E+000 -7.197696736941688E-020
         300           1  0.000000000000000E+000 -2.249280230325769E-016
         300           2  0.000000000000000E+000 -7.197696737025653E-020
         301           1  0.000000000000000E+000 -2.249280230325811E-016
         301           2  0.000000000000000E+000 -7.197696736861006E-020
         302           1  0.000000000000000E+000 -2.249280230325370E-016
         302           2  0.000000000000000E+000 -7.197696736777516E-020
         303           1  0.000000000000000E+000 -2.249280230325339E-016
         303           2  0.000000000000000E+000 -7.197696734442004E-020
         304           1  0.000000000000000E+000 -2.249280230325399E-016
         304           2  0.000000000000000E+000 -7.197696734491910E-020
         305           1  0.000000000000000E+000 -2.249280230325521E-016
         305           2  0.000000000000000E+000 -7.197696736219692E-020
         306           1  0.000000000000000E+000 -2.249280230325461E-016
         306           2  0.000000000000000E+000 -7.197696736497536E-020
         307           1  0.000000000000000E+000 -2.249280230325354E-016
         307           2  0.000000000000000E+000 -7.197696736094313E-020
         308           1  0.000000000000000E+000 -2.249280230325381E-016
         308           2  0.000000000000000E+000 -7.197696736394195E-020
         309           1  0.000000000000000E+000 -2.249280230325360E-016
         309           2  0.000000000000000E+000 -7.197696735696956E-020
         310           1  0.000000000000000E+000 -2.249280230325381E-016
         310           2  0.000000000000000E+000 -7.197696736084123E-020
         311           1  0.000000000000000E+000 -2.249280230325284E-016
         311           2  0.000000000000000E+000 -7.197696735872609E-020
         312           1  0.000000000000000E+000 -2.249280230325445E-016
         312           2  0.000000000000000E+000 -7.197696736583117E-020
         313           1  0.000000000000000E+000 -2.249280230325449E-016
         313           2  0.000000000000000E+000 -7.197696736628858E-020
         314           1  0.000000000000000E+000 -2.249280230325445E-016
         314           2  0.000000000000000E+000 -7.197696735554982E-020
         315           1  0.000000000000000E+000 -2.249280230325372E-016
         315           2  0.000000000000000E+000 -7.197696735925353E-020
         316           1  0.000000000000000E+000 -2.249280230325568E-016
         316           2  0.000000000000000E+000 -7.197696736279198E-020
         317           1  0.000000000000000E+000 -2.249280230325729E-016
         317           2  0.000000000000000E+000 -7.197696736027327E-020
         318           1  0.000000000000000E+000 -2.249280230325743E-016
         318           2  0.000000000000000E+000 -7.197696736162773E-020
         319           1  0.000000000000000E+000 -2.249280230325831E-016
         319           2  0.000000000000000E+000 -7.197696736481918E-020
         320           1  0.000000000000000E+000 -2.249280230325835E-016
         320           2  0.000000000000000E+000 -7.197696736459277E-020
         321           1  0.000000000000000E+000 -2.249280230325418E-016
         321           2  0.000000000000000E+000 -7.197696735983948E-020
         322           1  0.000000000000000E+000 -2.249280230325442E-016
         322           2  0.000000000000000E+000 -7.197696734933624E-020
         323           1  0.000000000000000E+000 -2.249280230325388E-016
         323           2  0.000000000000000E+000 -7.197696736038078E-020
         324           1  0.000000000000000E+000 -2.249280230325752E-016
         324           2  0.000000000000000E+000 -7.197696736853512E-020
         325           1  0.000000000000000E+000 -2.249280230325665E-016
         325           2  0.000000000000000E+000 -7.197696736508444E-020
         326           1  0.000000000000000E+000 -2.249280230325525E-016
         326           2  0.000000000000000E+000 -7.197696736092689E-020
         327           1  0.000000000000000E+000 -2.249280230325501E-016
         327           2  0.000000000000000E+000 -7.197696736219839E-020
         328           1  0.000000000000000E+000 -2.249280230325486E-016
         328           2  0.000000000000000E+000 -7.197696736483149E-020
         329           1  0.000000000000000E+000 -2.249280230325527E-016
         329           2  0.000000000000000E+000 -7.197696736281465E-020
         330           1  0.000000000000000E+000 -2.249280230325526E-016
         330           2  0.000000000000000E+000 -7.197696736723127E-020
         331           1  0.000000000000000E+000 -2.249280230325501E-016
         331           2  0.000000000000000E+000 -7.197696735894171E-020
         332           1  0.000000000000000E+000 -2.249280230325538E-016
         332           2  0.000000000000000E+000 -7.197696736581966E-020
         333           1  0.000000000000000E+000 -2.249280230325501E-016
         333           2  0.000000000000000E+000 -7.197696736110682E-020
         334           1  0.000000000000000E+000 -2.249280230325510E-016
         334           2  0.000000000000000E+000 -7.197696735516476E-020
         335           1  0.000000000000000E+000 -2.249280230325604E-016
         335           2  0.000000000000000E+000 -7.197696736416701E-020
         336           1  0.000000000000000E+000 -2.249280230325606E-016
         336           2  0.000000000000000E+000 -7.197696736190790E-020
         337           1  0.000000000000000E+000 -2.249280230325763E-016
         337           2  0.000000000000000E+000 -7.197696735886470E-020
         338           1  0.000000000000000E+000 -2.249280230325801E-016
         338           2  0.000000000000000E+000 -7.197696736104817E-020
         339           1  0.000000000000000E+000 -2.249280230325823E-016
         339           2  0.000000000000000E+000 -7.197696736656455E-020
         340           1  0.000000000000000E+000 -2.249280230325877E-016
         340           2  0.000000000000000E+000 -7.197696735867029E-020
         341           1  0.000000000000000E+000 -2.249280230325409E-016
         341           2  0.000000000000000E+000 -7.197696735050141E-020
         342           1  0.000000000000000E+000 -2.249280230325387E-016
         342           2  0.000000000000000E+000 -7.197696734035651E-020
         343           1  0.000000000000000E+000 -2.249280230325434E-016
         343           2  0.000000000000000E+000 -7.197696736245473E-020
         344           1  0.000000000000000E+000 -2.249280230325830E-016
         344           2  0.000000000000000E+000 -7.197696736401354E-020
         345           1  0.000000000000000E+000 -2.249280230325718E-016
         345           2  0.000000000000000E+000 -7.197696736338859E-020
         346           1  0.000000000000000E+000 -2.249280230325583E-016
         346           2  0.000000000000000E+000 -7.197696736120090E-020
         347           1  0.000000000000000E+000 -2.249280230325560E-016
         347           2  0.000000000000000E+000 -7.197696736516374E-020
         348           1  0.000000000000000E+000 -2.249280230325652E-016
         348           2  0.000000000000000E+000 -7.197696736903641E-020
         349           1  0.000000000000000E+000 -2.249280230325635E-016
         349           2  0.000000000000000E+000 -7.197696736072095E-020
         350           1  0.000000000000000E+000 -2.249280230325581E-016
         350           2  0.000000000000000E+000 -7.197696735969239E-020
         351           1  0.000000000000000E+000 -2.249280230325551E-016
         351           2  0.000000000000000E+000 -7.197696735979587E-020
         352           1  0.000000000000000E+000 -2.249280230325623E-016
         352           2  0.000000000000000E+000 -7.197696735902438E-020
         353           1  0.000000000000000E+000 -2.249280230325615E-016
         353           2  0.000000000000000E+000 -7.197696736709952E-020
         354           1  0.000000000000000E+000 -2.249280230325638E-016
         354           2  0.000000000000000E+000 -7.197696736822714E-020
         355           1  0.000000000000000E+000 -2.249280230325695E-016
         355           2  0.000000000000000E+000 -7.197696736299730E-020
         356           1  0.000000000000000E+000 -2.249280230325810E-016
         356           2  0.000000000000000E+000 -7.197696736239516E-020
         357           1  0.000000000000000E+000 -2.249280230325811E-016
         357           2  0.000000000000000E+000 -7.197696735617198E-020
         358           1  0.000000000000000E+000 -2.249280230325872E-016
         358           2  0.000000000000000E+000 -7.197696736353366E-020
         359           1  0.000000000000000E+000 -2.249280230325872E-016
         359           2  0.000000000000000E+000 -7.197696736892631E-020
         360           1  0.000000000000000E+000 -2.249280230325952E-016
         360           2  0.000000000000000E+000 -7.197696736213336E-020
         361           1  0.000000000000000E+000 -2.249280230325411E-016
         361           2  0.000000000000000E+000 -7.197696735100245E-020
         362           1  0.000000000000000E+000 -2.249280230325501E-016
         362           2  0.000000000000000E+000 -7.197696736037868E-020
         363           1  0.000000000000000E+000 -2.249280230325513E-016
         363           2  0.000000000000000E+000 -7.197696736316556E-020
         364           1  0.000000000000000E+000 -2.249280230325837E-016
         364           2  0.000000000000000E+000 -7.197696736458366E-020
         365           1  0.000000000000000E+000 -2.249280230325775E-016
         365           2  0.000000000000000E+000 -7.197696736205517E-020
         366           1  0.000000000000000E+000 -2.249280230325643E-016
         366           2  0.000000000000000E+000 -7.197696736294801E-020
         367           1  0.000000000000000E+000 -2.249280230325710E-016
         367           2  0.000000000000000E+000 -7.197696736512793E-020
         368           1  0.000000000000000E+000 -2.249280230325648E-016
         368           2  0.000000000000000E+000 -7.197696736873006E-020
         369           1  0.000000000000000E+000 -2.249280230325647E-016
         369           2  0.000000000000000E+000 -7.197696736555999E-020
         370           1  0.000000000000000E+000 -2.249280230325716E-016
         370           2  0.000000000000000E+000 -7.197696736184648E-020
         371           1  0.000000000000000E+000 -2.249280230325690E-016
         371           2  0.000000000000000E+000 -7.197696735964180E-020
         372           1  0.000000000000000E+000 -2.249280230325721E-016
         372           2  0.000000000000000E+000 -7.197696736120978E-020
         373           1  0.000000000000000E+000 -2.249280230325696E-016
         373           2  0.000000000000000E+000 -7.197696736159084E-020
         374           1  0.000000000000000E+000 -2.249280230325749E-016
         374           2  0.000000000000000E+000 -7.197696736316188E-020
         375           1  0.000000000000000E+000 -2.249280230325814E-016
         375           2  0.000000000000000E+000 -7.197696736305404E-020
         376           1  0.000000000000000E+000 -2.249280230325797E-016
         376           2  0.000000000000000E+000 -7.197696735996850E-020
         377           1  0.000000000000000E+000 -2.249280230325798E-016
         377           2  0.000000000000000E+000 -7.197696736227123E-020
         378           1  0.000000000000000E+000 -2.249280230325941E-016
         378           2  0.000000000000000E+000 -7.197696736596912E-020
         379           1  0.000000000000000E+000 -2.249280230326003E-016
         379           2  0.000000000000000E+000 -7.197696736840498E-020
         380           1  0.000000000000000E+000 -2.249280230325968E-016
         380           2  0.000000000000000E+000 -7.197696736514707E-020
         381           1  0.000000000000000E+000 -2.249280230325493E-016
         381           2  0.000000000000000E+000 -7.197696733918053E-020
         382           1  0.000000000000000E+000 -2.249280230325432E-016
         382           2  0.000000000000000E+000 -7.197696734849024E-020
         383           1  0.000000000000000E+000 -2.249280230325934E-016
         383           2  0.000000000000000E+000 -7.197696736859743E-020
         384           1  0.000000000000000E+000 -2.249280230325917E-016
         384           2  0.000000000000000E+000 -7.197696736506978E-020
         385           1  0.000000000000000E+000 -2.249280230325196E-016
         385           2  0.000000000000000E+000 -7.197696733943674E-020
         386           1  0.000000000000000E+000 -2.249280230325772E-016
         386           2  0.000000000000000E+000 -7.197696736327598E-020
         387           1  0.000000000000000E+000 -2.249280230325792E-016
         387           2  0.000000000000000E+000 -7.197696736224928E-020
         388           1  0.000000000000000E+000 -2.249280230325754E-016
         388           2  0.000000000000000E+000 -7.197696736288372E-020
         389           1  0.000000000000000E+000 -2.249280230325718E-016
         389           2  0.000000000000000E+000 -7.197696736060444E-020
         390           1  0.000000000000000E+000 -2.249280230325788E-016
         390           2  0.000000000000000E+000 -7.197696736076025E-020
         391           1  0.000000000000000E+000 -2.249280230325792E-016
         391           2  0.000000000000000E+000 -7.197696735784467E-020
         392           1  0.000000000000000E+000 -2.249280230325848E-016
         392           2  0.000000000000000E+000 -7.197696736296207E-020
         393           1  0.000000000000000E+000 -2.249280230325797E-016
         393           2  0.000000000000000E+000 -7.197696736349966E-020
         394           1  0.000000000000000E+000 -2.249280230325793E-016
         394           2  0.000000000000000E+000 -7.197696736267527E-020
         395           1  0.000000000000000E+000 -2.249280230325761E-016
         395           2  0.000000000000000E+000 -7.197696736420261E-020
         396           1  0.000000000000000E+000 -2.249280230325902E-016
         396           2  0.000000000000000E+000 -7.197696736388146E-020
         397           1  0.000000000000000E+000 -2.249280230325895E-016
         397           2  0.000000000000000E+000 -7.197696736310776E-020
         398           1  0.000000000000000E+000 -2.249280230325927E-016
         398           2  0.000000000000000E+000 -7.197696736843106E-020
         399           1  0.000000000000000E+000 -2.249280230325987E-016
         399           2  0.000000000000000E+000 -7.197696736587542E-020
         400           1  0.000000000000000E+000 -2.249280230326031E-016
         400           2  0.000000000000000E+000 -7.197696736565233E-020
